1907	2011	0	0	0	0	0	0	1657647031224
1899	2000	0	0	0	0	0	0	1657647032244
1888	1987	0	0	0	0	0	0	1657647033264
1876	1979	0	0	0	0	0	0	1657647034284
1868	1974	0	0	0	0	0	0	1657647035304
1853	1971	0	0	0	0	0	0	1657647036324
1844	1969	0	0	0	0	0	0	1657647037344
1838	1964	0	0	0	0	0	0	1657647038364
1825	1955	0	0	0	0	0	0	1657647039384
1816	1949	0	0	0	0	0	0	1657647040404
1810	1945	0	0	0	0	0	0	1657647041424
1807	1943	0	0	0	0	0	0	1657647042444
1798	1941	0	0	0	0	0	0	1657647043464
1789	1941	0	0	0	0	0	0	1657647044484
1783	1941	0	0	0	0	0	0	1657647045504
1779	1940	0	0	0	0	0	0	1657647046524
1777	1940	0	0	0	0	0	0	1657647047544
1774	1940	0	0	0	0	0	0	1657647048564
1764	1940	0	0	0	0	0	0	1657647049584
1757	1940	0	0	0	0	0	0	1657647050604
1753	1940	0	0	0	0	0	0	1657647051624
1750	1940	0	0	0	0	0	0	1657647052644
1749	1940	0	0	0	0	0	0	1657647053664
1748	1940	0	0	0	0	0	0	1657647054684
1747	1940	0	0	0	0	0	0	1657647055704
1745	1939	0	0	0	0	0	0	1657647056724
1737	1939	0	0	0	0	0	0	1657647057744
1729	1939	0	0	0	0	0	0	1657647058764
1725	1938	0	0	0	0	0	0	1657647059784
1722	1935	0	0	0	0	0	0	1657647060804
1720	1934	0	0	0	0	0	0	1657647061824
1719	1930	0	0	0	0	0	0	1657647062844
1719	1926	0	0	0	0	0	0	1657647063864
1719	1921	0	0	0	0	0	0	1657647064884
1719	1919	0	0	0	0	0	0	1657647065904
1719	1916	0	0	0	0	0	0	1657647066924
1718	1914	0	0	0	0	0	0	1657647067944
1714	1913	0	0	0	0	0	0	1657647068964
1705	1913	0	0	0	0	0	0	1657647069984
1700	1912	0	0	0	0	0	0	1657647071004
1697	1912	0	0	0	0	0	0	1657647072024
1694	1912	0	0	0	0	0	0	1657647073044
1693	1912	0	0	0	0	0	0	1657647074064
1692	1912	0	0	0	0	0	0	1657647075084
1691	1912	0	0	0	0	0	0	1657647076104
1691	1912	0	0	0	0	0	0	1657647077124
1691	1912	0	0	0	0	0	0	1657647078144
1691	1912	0	0	0	0	0	0	1657647079164
1691	1912	0	0	0	0	0	0	1657647080184
1691	1912	0	0	0	0	0	0	1657647081204
1691	1912	0	0	0	0	0	0	1657647082224
1691	1912	0	0	0	0	0	0	1657647083244
1691	1912	0	0	0	0	0	0	1657647084264
1688	1912	0	0	0	0	0	0	1657647085284
1683	1912	0	0	0	0	0	0	1657647086304
1678	1912	0	0	0	0	0	0	1657647087324
1673	1912	0	0	0	0	0	0	1657647088344
1669	1912	0	0	0	0	0	0	1657647089364
1666	1912	0	0	0	0	0	0	1657647090384
1665	1911	0	0	0	0	0	0	1657647091404
1664	1910	0	0	0	0	0	0	1657647092424
1663	1909	0	0	0	0	0	0	1657647093444
1663	1907	0	0	0	0	0	0	1657647094464
1663	1904	0	0	0	0	0	0	1657647095484
1663	1900	0	0	0	0	0	0	1657647096504
1663	1896	0	0	0	0	0	0	1657647097524
1663	1892	0	0	0	0	0	0	1657647098544
1663	1889	0	0	0	0	0	0	1657647099564
1663	1887	0	0	0	0	0	0	1657647100584
1663	1886	0	0	0	0	0	0	1657647101604
1663	1886	0	0	0	0	0	0	1657647102624
1663	1885	0	0	0	0	0	0	1657647103644
1663	1885	0	0	0	0	0	0	1657647104664
1663	1885	0	0	0	0	0	0	1657647105684
1663	1885	0	0	0	0	0	0	1657647106704
1662	1885	0	0	0	0	0	0	1657647107724
1662	1884	0	0	0	0	0	0	1657647108744
1662	1884	0	0	0	0	0	0	1657647109764
1662	1884	0	0	0	0	0	0	1657647110784
1662	1884	0	0	0	0	0	0	1657647111804
1661	1884	0	0	0	0	0	0	1657647112824
1654	1884	0	0	0	0	0	0	1657647113844
1649	1884	0	0	0	0	0	0	1657647114864
1646	1884	0	0	0	0	0	0	1657647115884
1643	1884	0	0	0	0	0	0	1657647116904
1641	1884	0	0	0	0	0	0	1657647117924
1639	1884	0	0	0	0	0	0	1657647118944
1637	1884	0	0	0	0	0	0	1657647119964
1636	1884	0	0	0	0	0	0	1657647120984
1635	1884	0	0	0	0	0	0	1657647122004
1635	1884	0	0	0	0	0	0	1657647123024
1635	1884	0	0	0	0	0	0	1657647124044
1635	1884	0	0	0	0	0	0	1657647125064
1635	1884	0	0	0	0	0	0	1657647126084
1635	1884	0	0	0	0	0	0	1657647127104
1635	1884	0	0	0	0	0	0	1657647128124
1635	1885	0	0	0	0	0	0	1657647129144
1635	1885	0	0	0	0	0	0	1657647130164
1635	1884	0	0	0	0	0	0	1657647131184
1635	1884	0	0	0	0	0	0	1657647132204
1635	1884	0	0	0	0	0	0	1657647133224
1635	1884	0	0	0	0	0	0	1657647134244
1635	1884	0	0	0	0	0	0	1657647135264
1635	1884	0	0	0	0	0	0	1657647136284
1635	1884	0	0	0	0	0	0	1657647137304
1635	1884	0	0	0	0	0	0	1657647138324
1635	1884	0	0	0	0	0	0	1657647139344
1635	1884	0	0	0	0	0	0	1657647140364
1635	1884	0	0	0	0	0	0	1657647141384
1635	1884	0	0	0	0	0	0	1657647142404
1635	1884	0	0	0	0	0	0	1657647143424
1635	1884	0	0	0	0	0	0	1657647144444
1635	1884	0	0	0	0	0	0	1657647145464
1635	1884	0	0	0	0	0	0	1657647146484
1635	1884	0	0	0	0	0	0	1657647147504
1635	1884	0	0	0	0	0	0	1657647148524
1635	1884	0	0	0	0	0	0	1657647149544
1635	1884	0	0	0	0	0	0	1657647150564
1635	1884	0	0	0	0	0	0	1657647151584
1635	1884	0	0	0	0	0	0	1657647152604
1635	1884	0	0	0	0	0	0	1657647153624
1635	1884	0	0	0	0	0	0	1657647154644
1635	1884	0	0	0	0	0	0	1657647155664
1635	1883	0	0	0	0	0	0	1657647156684
1635	1881	0	0	0	0	0	0	1657647157704
1635	1876	0	0	0	0	0	0	1657647158724
1635	1873	0	0	0	0	0	0	1657647159744
1634	1869	0	0	0	0	0	0	1657647160764
1634	1865	0	0	0	0	0	0	1657647161784
1633	1862	0	0	0	0	0	0	1657647162804
1632	1860	0	0	0	0	0	0	1657647163824
1631	1858	0	0	0	0	0	0	1657647164844
1628	1857	0	0	0	0	0	0	1657647165864
1625	1857	0	0	0	0	0	0	1657647166884
1623	1857	0	0	0	0	0	0	1657647167904
1620	1857	0	0	0	0	0	0	1657647168924
1620	1857	0	0	0	0	0	0	1657647169944
1617	1856	0	0	0	0	0	0	1657647170964
1614	1856	0	0	0	0	0	0	1657647171984
1613	1856	0	0	0	0	0	0	1657647173004
1612	1856	0	0	0	0	0	0	1657647174024
1611	1856	0	0	0	0	0	0	1657647175044
1610	1856	0	0	0	0	0	0	1657647176064
1609	1856	0	0	0	0	0	0	1657647177084
1608	1856	0	0	0	0	0	0	1657647178104
1608	1856	0	0	0	0	0	0	1657647179124
1608	1856	0	0	0	0	0	0	1657647180144
1608	1856	0	0	0	0	0	0	1657647181164
1608	1856	0	0	0	0	0	0	1657647182184
1608	1856	0	0	0	0	0	0	1657647183204
1607	1856	0	0	0	0	0	0	1657647184224
1607	1856	0	0	0	0	0	0	1657647185244
1607	1856	0	0	0	0	0	0	1657647186264
1607	1856	0	0	0	0	0	0	1657647187284
1607	1856	0	0	0	0	0	0	1657647188304
1607	1856	0	0	0	0	0	0	1657647189324
1607	1856	0	0	0	0	0	0	1657647190344
1607	1856	0	0	0	0	0	0	1657647191364
1607	1855	0	0	0	0	0	0	1657647192384
1607	1855	0	0	0	0	0	0	1657647193404
1607	1854	0	0	0	0	0	0	1657647194424
1607	1852	0	0	0	0	0	0	1657647195444
1607	1846	0	0	0	0	0	0	1657647196464
1607	1842	0	0	0	0	0	0	1657647197484
1607	1839	0	0	0	0	0	0	1657647198504
1607	1837	0	0	0	0	0	0	1657647199524
1607	1833	0	0	0	0	0	0	1657647200544
1607	1832	0	0	0	0	0	0	1657647201564
1607	1831	0	0	0	0	0	0	1657647202584
1607	1830	0	0	0	0	0	0	1657647203604
1607	1829	0	0	0	0	0	0	1657647204624
1607	1829	0	0	0	0	0	0	1657647205644
1607	1829	0	0	0	0	0	0	1657647206664
1607	1828	0	0	0	0	0	0	1657647207684
1607	1828	0	0	0	0	0	0	1657647208704
1607	1828	0	0	0	0	0	0	1657647209724
1607	1828	0	0	0	0	0	0	1657647210744
1607	1828	0	0	0	0	0	0	1657647211764
1607	1828	0	0	0	0	0	0	1657647212784
1607	1828	0	0	0	0	0	0	1657647213804
1607	1828	0	0	0	0	0	0	1657647214824
1607	1828	0	0	0	0	0	0	1657647215844
1607	1828	0	0	0	0	0	0	1657647216864
1607	1828	0	0	0	0	0	0	1657647217884
1607	1828	0	0	0	0	0	0	1657647218904
1607	1828	0	0	0	0	0	0	1657647219924
1607	1828	0	0	0	0	0	0	1657647220944
1607	1828	0	0	0	0	0	0	1657647221964
1607	1828	0	0	0	0	0	0	1657647222984
1607	1828	0	0	0	0	0	0	1657647224004
1607	1828	0	0	0	0	0	0	1657647225024
1607	1828	0	0	0	0	0	0	1657647226044
1607	1828	0	0	0	0	0	0	1657647227064
1607	1828	0	0	0	0	0	0	1657647228084
1607	1828	0	0	0	0	0	0	1657647229104
1607	1828	0	0	0	0	0	0	1657647230124
1607	1828	0	0	0	0	0	0	1657647231144
1607	1828	0	0	0	0	0	0	1657647232164
1607	1828	0	0	0	0	0	0	1657647233184
1607	1826	0	0	0	0	0	0	1657647234204
1619	1825	0	0	0	0	0	0	1657647235224
1614	1824	0	0	0	0	0	0	1657647236244
1611	1822	0	0	0	0	0	0	1657647237264
1610	1817	0	0	0	0	0	0	1657647238284
1609	1814	0	0	0	0	0	0	1657647239304
1608	1810	0	0	0	0	0	0	1657647240324
1608	1808	0	0	0	0	0	0	1657647241344
1608	1805	0	0	0	0	0	0	1657647242364
1608	1803	0	0	0	0	0	0	1657647243384
1608	1802	0	0	0	0	0	0	1657647244404
1608	1801	0	0	0	0	0	0	1657647245424
1608	1801	0	0	0	0	0	0	1657647246444
1608	1801	0	0	0	0	0	0	1657647247464
1608	1801	0	0	0	0	0	0	1657647248484
1608	1801	0	0	0	0	0	0	1657647249504
1607	1801	0	0	0	0	0	0	1657647250524
1607	1801	0	0	0	0	0	0	1657647251544
1607	1801	0	0	0	0	0	0	1657647252564
1607	1801	0	0	0	0	0	0	1657647253584
1606	1801	0	0	0	0	0	0	1657647254604
1602	1801	0	0	0	0	0	0	1657647255624
1597	1800	0	0	0	0	0	0	1657647256644
1598	1800	0	0	0	0	0	0	1657647257664
1600	1800	0	0	0	0	0	0	1657647258684
1599	1800	0	0	0	0	0	0	1657647259704
1600	1800	0	0	0	0	0	0	1657647260724
1601	1800	0	0	0	0	0	0	1657647261744
1602	1800	0	0	0	0	0	0	1657647262764
1603	1800	0	0	0	0	0	0	1657647263784
1602	1800	0	0	0	0	0	0	1657647264804
1602	1800	0	0	0	0	0	0	1657647265824
1600	1800	0	0	0	0	0	0	1657647266844
1599	1800	0	0	0	0	0	0	1657647267864
1597	1800	0	0	0	0	0	0	1657647268884
1596	1800	0	0	0	0	0	0	1657647269904
1594	1800	0	0	0	0	0	0	1657647270924
1591	1800	0	0	0	0	0	0	1657647271944
1589	1800	0	0	0	0	0	0	1657647272964
1588	1800	0	0	0	0	0	0	1657647273984
1585	1800	0	0	0	0	0	0	1657647275004
1586	1800	0	0	0	0	0	0	1657647276024
1585	1800	0	0	0	0	0	0	1657647277044
1585	1799	0	0	0	0	0	0	1657647278064
1585	1798	0	0	0	0	0	0	1657647279084
1584	1796	0	0	0	0	0	0	1657647280104
1583	1794	0	0	0	0	0	0	1657647281124
1583	1792	0	0	0	0	0	0	1657647282144
1581	1788	0	0	0	0	0	0	1657647283164
1580	1785	0	0	0	0	0	0	1657647284184
1580	1782	0	0	0	0	0	0	1657647285204
1580	1778	0	0	0	0	0	0	1657647286224
1580	1776	0	0	0	0	0	0	1657647287244
1580	1775	0	0	0	0	0	0	1657647288264
1580	1774	0	0	0	0	0	0	1657647289284
1580	1773	0	0	0	0	0	0	1657647290304
1580	1773	0	0	0	0	0	0	1657647291324
1580	1772	0	0	0	0	0	0	1657647292344
1580	1772	0	0	0	0	0	0	1657647293364
1580	1772	0	0	0	0	0	0	1657647294384
1579	1772	0	0	0	0	0	0	1657647295404
1579	1772	0	0	0	0	0	0	1657647296424
1579	1772	0	0	0	0	0	0	1657647297444
1579	1772	0	0	0	0	0	0	1657647298464
1579	1772	0	0	0	0	0	0	1657647299484
1579	1772	0	0	0	0	0	0	1657647300504
1579	1772	0	0	0	0	0	0	1657647301524
1579	1772	0	0	0	0	0	0	1657647302544
1579	1772	0	0	0	0	0	0	1657647303564
1579	1772	0	0	0	0	0	0	1657647304584
1579	1772	0	0	0	0	0	0	1657647305604
1579	1772	0	0	0	0	0	0	1657647306624
1579	1772	0	0	0	0	0	0	1657647307644
1579	1772	0	0	0	0	0	0	1657647308664
1579	1772	0	0	0	0	0	0	1657647309684
1579	1772	0	0	0	0	0	0	1657647310704
1579	1772	0	0	0	0	0	0	1657647311724
1579	1772	0	0	0	0	0	0	1657647312744
1579	1772	0	0	0	0	0	0	1657647313764
1579	1772	0	0	0	0	0	0	1657647314784
1579	1772	0	0	0	0	0	0	1657647315804
1579	1772	0	0	0	0	0	0	1657647316824
1579	1772	0	0	0	0	0	0	1657647317844
1579	1772	0	0	0	0	0	0	1657647318864
1579	1772	0	0	0	0	0	0	1657647319884
1579	1772	0	0	0	0	0	0	1657647320904
1579	1772	0	0	0	0	0	0	1657647321924
1579	1772	0	0	0	0	0	0	1657647322944
1579	1772	0	0	0	0	0	0	1657647323964
1579	1771	0	0	0	0	0	0	1657647324984
1579	1770	0	0	0	0	0	0	1657647326004
1579	1768	0	0	0	0	0	0	1657647327024
1579	1767	0	0	0	0	0	0	1657647328044
1579	1763	0	0	0	0	0	0	1657647329064
1579	1759	0	0	0	0	0	0	1657647330084
1579	1755	0	0	0	0	0	0	1657647331104
1579	1751	0	0	0	0	0	0	1657647332124
1579	1749	0	0	0	0	0	0	1657647333144
1579	1748	0	0	0	0	0	0	1657647334164
1579	1747	0	0	0	0	0	0	1657647335184
1579	1746	0	0	0	0	0	0	1657647336204
1579	1745	0	0	0	0	0	0	1657647337224
1579	1745	0	0	0	0	0	0	1657647338244
1579	1745	0	0	0	0	0	0	1657647339264
1579	1744	0	0	0	0	0	0	1657647340284
1579	1744	0	0	0	0	0	0	1657647341304
1579	1744	0	0	0	0	0	0	1657647342324
1579	1744	0	0	0	0	0	0	1657647343344
1579	1744	0	0	0	0	0	0	1657647344364
1579	1744	0	0	0	0	0	0	1657647345384
1579	1744	0	0	0	0	0	0	1657647346404
1579	1744	0	0	0	0	0	0	1657647347424
1579	1744	0	0	0	0	0	0	1657647348444
1579	1744	0	0	0	0	0	0	1657647349464
1579	1744	0	0	0	0	0	0	1657647350484
1579	1744	0	0	0	0	0	0	1657647351504
1579	1744	0	0	0	0	0	0	1657647352524
1579	1744	0	0	0	0	0	0	1657647353544
1579	1744	0	0	0	0	0	0	1657647354564
1579	1744	0	0	0	0	0	0	1657647355584
1579	1744	0	0	0	0	0	0	1657647356604
1579	1744	0	0	0	0	0	0	1657647357624
1579	1744	0	0	0	0	0	0	1657647358644
1579	1744	0	0	0	0	0	0	1657647359664
1579	1744	0	0	0	0	0	0	1657647360684
1579	1744	0	0	0	0	0	0	1657647361704
1579	1744	0	0	0	0	0	0	1657647362724
1579	1744	0	0	0	0	0	0	1657647363744
1579	1744	0	0	0	0	0	0	1657647364764
1579	1744	0	0	0	0	0	0	1657647365784
1579	1744	0	0	0	0	0	0	1657647366804
1579	1744	0	0	0	0	0	0	1657647367824
1579	1744	0	0	0	0	0	0	1657647368844
1579	1744	0	0	0	0	0	0	1657647369864
1579	1744	0	0	0	0	0	0	1657647370884
1579	1744	0	0	0	0	0	0	1657647371904
1579	1744	0	0	0	0	0	0	1657647372924
1579	1743	0	0	0	0	0	0	1657647373944
1579	1742	0	0	0	0	0	0	1657647374964
1579	1740	0	0	0	0	0	0	1657647375984
1579	1739	0	0	0	0	0	0	1657647377004
1579	1735	0	0	0	0	0	0	1657647378024
1579	1733	0	0	0	0	0	0	1657647379044
1579	1729	0	0	0	0	0	0	1657647380064
1579	1725	0	0	0	0	0	0	1657647381084
1579	1723	0	0	0	0	0	0	1657647382104
1579	1721	0	0	0	0	0	0	1657647383124
1579	1719	0	0	0	0	0	0	1657647384144
1579	1718	0	0	0	0	0	0	1657647385164
1579	1717	0	0	0	0	0	0	1657647386184
1579	1717	0	0	0	0	0	0	1657647387204
1579	1717	0	0	0	0	0	0	1657647388224
1579	1717	0	0	0	0	0	0	1657647389244
1579	1717	0	0	0	0	0	0	1657647390264
1579	1717	0	0	0	0	0	0	1657647391284
1579	1716	0	0	0	0	0	0	1657647392304
1579	1716	0	0	0	0	0	0	1657647393324
1579	1716	0	0	0	0	0	0	1657647394344
1579	1716	0	0	0	0	0	0	1657647395364
1579	1716	0	0	0	0	0	0	1657647396384
1579	1716	0	0	0	0	0	0	1657647397404
1579	1716	0	0	0	0	0	0	1657647398424
1579	1716	0	0	0	0	0	0	1657647399444
1579	1716	0	0	0	0	0	0	1657647400464
1579	1716	0	0	0	0	0	0	1657647401484
1579	1716	0	0	0	0	0	0	1657647402504
1579	1716	0	0	0	0	0	0	1657647403524
1579	1716	0	0	0	0	0	0	1657647404544
1579	1716	0	0	0	0	0	0	1657647405564
1579	1716	0	0	0	0	0	0	1657647406584
1579	1716	0	0	0	0	0	0	1657647407604
1579	1716	0	0	0	0	0	0	1657647408624
1579	1716	0	0	0	0	0	0	1657647409644
1579	1716	0	0	0	0	0	0	1657647410664
1579	1716	0	0	0	0	0	0	1657647411684
1579	1716	0	0	0	0	0	0	1657647412704
1579	1716	0	0	0	0	0	0	1657647413724
1579	1716	0	0	0	0	0	0	1657647414744
1579	1716	0	0	0	0	0	0	1657647415764
1579	1716	0	0	0	0	0	0	1657647416784
1579	1716	0	0	0	0	0	0	1657647417804
1579	1716	0	0	0	0	0	0	1657647418824
1579	1716	0	0	0	0	0	0	1657647419844
1579	1716	0	0	0	0	0	0	1657647420864
1579	1716	0	0	0	0	0	0	1657647421884
1579	1716	0	0	0	0	0	0	1657647422904
1579	1716	0	0	0	0	0	0	1657647423924
1579	1716	0	0	0	0	0	0	1657647424944
1579	1716	0	0	0	0	0	0	1657647425964
1579	1716	0	0	0	0	0	0	1657647426984
1579	1716	0	0	0	0	0	0	1657647428004
1579	1715	0	0	0	0	0	0	1657647429024
1579	1715	0	0	0	0	0	0	1657647430044
1579	1714	0	0	0	0	0	0	1657647431064
1579	1711	0	0	0	0	0	0	1657647432084
1579	1709	0	0	0	0	0	0	1657647433104
1579	1707	0	0	0	0	0	0	1657647434124
1579	1708	0	0	0	0	0	0	1657647435144
1579	1704	0	0	0	0	0	0	1657647436164
1579	1701	0	0	0	0	0	0	1657647437184
1579	1697	0	0	0	0	0	0	1657647438204
1579	1695	0	0	0	0	0	0	1657647439224
1579	1693	0	0	0	0	0	0	1657647440244
1579	1691	0	0	0	0	0	0	1657647441264
1579	1691	0	0	0	0	0	0	1657647442284
1579	1690	0	0	0	0	0	0	1657647443304
1579	1690	0	0	0	0	0	0	1657647444324
1579	1689	0	0	0	0	0	0	1657647445344
1579	1689	0	0	0	0	0	0	1657647446364
1579	1689	0	0	0	0	0	0	1657647447384
1579	1689	0	0	0	0	0	0	1657647448404
1577	1689	0	0	0	0	0	0	1657647449424
1576	1689	0	0	0	0	0	0	1657647450444
1577	1689	0	0	0	0	0	0	1657647451464
1578	1689	0	0	0	0	0	0	1657647452484
1578	1689	0	0	0	0	0	0	1657647453504
1578	1689	0	0	0	0	0	0	1657647454524
1578	1689	0	0	0	0	0	0	1657647455544
1578	1689	0	0	0	0	0	0	1657647456564
1578	1689	0	0	0	0	0	0	1657647457584
1579	1689	0	0	0	0	0	0	1657647458604
1579	1689	0	0	0	0	0	0	1657647459624
1579	1689	0	0	0	0	0	0	1657647460644
1579	1689	0	0	0	0	0	0	1657647461664
1579	1689	0	0	0	0	0	0	1657647462684
1579	1689	0	0	0	0	0	0	1657647463704
1579	1689	0	0	0	0	0	0	1657647464724
1579	1689	0	0	0	0	0	0	1657647465744
1579	1689	0	0	0	0	0	0	1657647466764
1579	1689	0	0	0	0	0	0	1657647467784
1579	1689	0	0	0	0	0	0	1657647468804
1579	1689	0	0	0	0	0	0	1657647469824
1579	1689	0	0	0	0	0	0	1657647470844
1579	1689	0	0	0	0	0	0	1657647471864
1579	1689	0	0	0	0	0	0	1657647472884
1579	1689	0	0	0	0	0	0	1657647473904
1579	1688	0	0	0	0	0	0	1657647474924
1579	1688	0	0	0	0	0	0	1657647475944
1579	1688	0	0	0	0	0	0	1657647476964
1579	1688	0	0	0	0	0	0	1657647477984
1578	1688	0	0	0	0	0	0	1657647479004
1579	1688	0	0	0	0	0	0	1657647480024
1578	1688	0	0	0	0	0	0	1657647481044
1578	1688	0	0	0	0	0	0	1657647482064
1578	1688	0	0	0	0	0	0	1657647483084
1578	1688	0	0	0	0	0	0	1657647484104
1577	1688	0	0	0	0	0	0	1657647485124
1576	1688	0	0	0	0	0	0	1657647486144
1576	1688	0	0	0	0	0	0	1657647487164
1577	1688	0	0	0	0	0	0	1657647488184
1577	1688	0	0	0	0	0	0	1657647489204
1576	1688	0	0	0	0	0	0	1657647490224
1575	1687	0	0	0	0	0	0	1657647491244
1575	1687	0	0	0	0	0	0	1657647492264
1575	1685	0	0	0	0	0	0	1657647493284
1576	1683	0	0	0	0	0	0	1657647494304
1576	1682	0	0	0	0	0	0	1657647495324
1577	1680	0	0	0	0	0	0	1657647496344
1577	1677	0	0	0	0	0	0	1657647497364
1577	1674	0	0	0	0	0	0	1657647498384
1577	1671	0	0	0	0	0	0	1657647499404
1576	1667	0	0	0	0	0	0	1657647500424
1576	1667	0	0	0	0	0	0	1657647501444
1575	1665	0	0	0	0	0	0	1657647502464
1575	1664	0	0	0	0	0	0	1657647503484
1573	1663	0	0	0	0	0	0	1657647504504
1573	1662	0	0	0	0	0	0	1657647505524
1574	1661	0	0	0	0	0	0	1657647506544
1574	1661	0	0	0	0	0	0	1657647507564
1574	1661	0	0	0	0	0	0	1657647508584
1574	1661	0	0	0	0	0	0	1657647509604
1575	1661	0	0	0	0	0	0	1657647510624
1572	1661	0	0	0	0	0	0	1657647511644
1573	1661	0	0	0	0	0	0	1657647512664
1573	1661	0	0	0	0	0	0	1657647513684
1574	1661	0	0	0	0	0	0	1657647514704
1572	1661	0	0	0	0	0	0	1657647515724
1571	1661	0	0	0	0	0	0	1657647516744
1571	1661	0	0	0	0	0	0	1657647517764
1573	1661	0	0	0	0	0	0	1657647518784
1572	1661	0	0	0	0	0	0	1657647519804
1573	1661	0	0	0	0	0	0	1657647520824
1573	1661	0	0	0	0	0	0	1657647521844
1571	1661	0	0	0	0	0	0	1657647522864
1571	1661	0	0	0	0	0	0	1657647523884
1570	1661	0	0	0	0	0	0	1657647524904
1572	1661	0	0	0	0	0	0	1657647525924
1570	1661	0	0	0	0	0	0	1657647526944
1568	1661	0	0	0	0	0	0	1657647527964
1568	1661	0	0	0	0	0	0	1657647528984
1569	1661	0	0	0	0	0	0	1657647530004
1570	1661	0	0	0	0	0	0	1657647531024
1571	1661	0	0	0	0	0	0	1657647532044
1571	1661	0	0	0	0	0	0	1657647533064
1571	1661	0	0	0	0	0	0	1657647534084
1572	1661	0	0	0	0	0	0	1657647535104
1574	1661	0	0	0	0	0	0	1657647536124
1575	1661	0	0	0	0	0	0	1657647537144
1577	1661	0	0	0	0	0	0	1657647538164
1578	1660	0	0	0	0	0	0	1657647539184
1576	1660	0	0	0	0	0	0	1657647540204
1577	1660	0	0	0	0	0	0	1657647541224
1577	1660	0	0	0	0	0	0	1657647542244
1575	1660	0	0	0	0	0	0	1657647543264
1575	1660	0	0	0	0	0	0	1657647544284
1574	1660	0	0	0	0	0	0	1657647545304
1573	1660	0	0	0	0	0	0	1657647546324
1576	1660	0	0	0	0	0	0	1657647547344
1577	1658	0	0	0	0	0	0	1657647548364
1578	1658	0	0	0	0	0	0	1657647549384
1579	1656	0	0	0	0	0	0	1657647550404
1579	1655	0	0	0	0	0	0	1657647551424
1579	1653	0	0	0	0	0	0	1657647552444
1579	1653	0	0	0	0	0	0	1657647553464
1579	1653	0	0	0	0	0	0	1657647554484
1579	1652	0	0	0	0	0	0	1657647555504
1579	1652	0	0	0	0	0	0	1657647556524
1579	1647	0	0	0	0	0	0	1657647557544
1579	1642	0	0	0	0	0	0	1657647558564
1591	1638	0	0	0	0	0	0	1657647559584
1586	1636	0	0	0	0	0	0	1657647560604
1583	1635	0	0	0	0	0	0	1657647561624
1582	1634	0	0	0	0	0	0	1657647562644
1580	1633	0	0	0	0	0	0	1657647563664
1579	1633	0	0	0	0	0	0	1657647564684
1579	1633	0	0	0	0	0	0	1657647565704
1579	1633	0	0	0	0	0	0	1657647566724
1579	1633	0	0	0	0	0	0	1657647567744
1579	1633	0	0	0	0	0	0	1657647568764
1579	1633	0	0	0	0	0	0	1657647569784
1578	1633	0	0	0	0	0	0	1657647570804
1578	1633	0	0	0	0	0	0	1657647571824
1578	1633	0	0	0	0	0	0	1657647572844
1579	1633	0	0	0	0	0	0	1657647573864
1578	1633	0	0	0	0	0	0	1657647574884
1579	1633	0	0	0	0	0	0	1657647575904
1579	1633	0	0	0	0	0	0	1657647576924
1578	1633	0	0	0	0	0	0	1657647577944
1578	1633	0	0	0	0	0	0	1657647578964
1578	1633	0	0	0	0	0	0	1657647579984
1577	1633	0	0	0	0	0	0	1657647581004
1575	1633	0	0	0	0	0	0	1657647582024
1576	1633	0	0	0	0	0	0	1657647583044
1576	1633	0	0	0	0	0	0	1657647584064
1577	1633	0	0	0	0	0	0	1657647585084
1577	1633	0	0	0	0	0	0	1657647586104
1576	1633	0	0	0	0	0	0	1657647587124
1577	1633	0	0	0	0	0	0	1657647588144
1577	1633	0	0	0	0	0	0	1657647589164
1576	1633	0	0	0	0	0	0	1657647590184
1575	1633	0	0	0	0	0	0	1657647591204
1575	1633	0	0	0	0	0	0	1657647592224
1576	1633	0	0	0	0	0	0	1657647593244
1576	1632	0	0	0	0	0	0	1657647594264
1576	1632	0	0	0	0	0	0	1657647595284
1576	1632	0	0	0	0	0	0	1657647596304
1576	1632	0	0	0	0	0	0	1657647597324
1575	1632	0	0	0	0	0	0	1657647598344
1573	1632	0	0	0	0	0	0	1657647599364
1572	1632	0	0	0	0	0	0	1657647600384
1572	1632	0	0	0	0	0	0	1657647601404
1573	1632	0	0	0	0	0	0	1657647602424
1573	1632	0	0	0	0	0	0	1657647603444
1574	1632	0	0	0	0	0	0	1657647604464
1574	1632	0	0	0	0	0	0	1657647605484
1575	1632	0	0	0	0	0	0	1657647606504
1576	1632	0	0	0	0	0	0	1657647607524
1575	1632	0	0	0	0	0	0	1657647608544
1573	1632	0	0	0	0	0	0	1657647609564
1573	1632	0	0	0	0	0	0	1657647610584
1575	1632	0	0	0	0	0	0	1657647611604
1574	1632	0	0	0	0	0	0	1657647612624
1575	1632	0	0	0	0	0	0	1657647613644
1575	1632	0	0	0	0	0	0	1657647614664
1574	1632	0	0	0	0	0	0	1657647615684
1573	1632	0	0	0	0	0	0	1657647616704
1573	1632	0	0	0	0	0	0	1657647617724
1573	1632	0	0	0	0	0	0	1657647618744
1575	1632	0	0	0	0	0	0	1657647619764
1575	1632	0	0	0	0	0	0	1657647620784
1574	1632	0	0	0	0	0	0	1657647621804
1573	1632	0	0	0	0	0	0	1657647622824
1573	1632	0	0	0	0	0	0	1657647623844
1572	1632	0	0	0	0	0	0	1657647624864
1570	1632	0	0	0	0	0	0	1657647625884
1567	1632	0	0	0	0	0	0	1657647626904
1565	1632	0	0	0	0	0	0	1657647627924
1565	1632	0	0	0	0	0	0	1657647628944
1567	1632	0	0	0	0	0	0	1657647629964
1568	1633	0	0	0	0	0	0	1657647630984
1568	1632	0	0	0	0	0	0	1657647632004
1568	1632	0	0	0	0	0	0	1657647633024
1569	1632	0	0	0	0	0	0	1657647634044
1567	1632	0	0	0	0	0	0	1657647635064
1566	1632	0	0	0	0	0	0	1657647636084
1566	1632	0	0	0	0	0	0	1657647637104
1566	1632	0	0	0	0	0	0	1657647638124
1564	1632	0	0	0	0	0	0	1657647639144
1563	1632	0	0	0	0	0	0	1657647640164
1563	1631	0	0	0	0	0	0	1657647641184
1562	1631	0	0	0	0	0	0	1657647642204
1562	1631	0	0	0	0	0	0	1657647643224
1562	1630	0	0	0	0	0	0	1657647644244
1559	1631	0	0	0	0	0	0	1657647645264
1559	1631	0	0	0	0	0	0	1657647646284
1564	1631	0	0	0	0	0	0	1657647647304
1565	1631	0	0	0	0	0	0	1657647648324
1565	1631	0	0	0	0	0	0	1657647649344
1564	1630	0	0	0	0	0	0	1657647650364
1564	1629	0	0	0	0	0	0	1657647651384
1563	1628	0	0	0	0	0	0	1657647652404
1561	1625	0	0	0	0	0	0	1657647653424
1562	1624	0	0	0	0	0	0	1657647654444
1562	1622	0	0	0	0	0	0	1657647655464
1564	1620	0	0	0	0	0	0	1657647656484
1565	1619	0	0	0	0	0	0	1657647657504
1565	1617	0	0	0	0	0	0	1657647658524
1565	1618	0	0	0	0	0	0	1657647659544
1565	1616	0	0	0	0	0	0	1657647660564
1562	1615	0	0	0	0	0	0	1657647661584
1561	1613	0	0	0	0	0	0	1657647662604
1561	1612	0	0	0	0	0	0	1657647663624
1563	1610	0	0	0	0	0	0	1657647664644
1562	1609	0	0	0	0	0	0	1657647665664
1562	1610	0	0	0	0	0	0	1657647666684
1562	1609	0	0	0	0	0	0	1657647667704
1561	1608	0	0	0	0	0	0	1657647668724
1560	1607	0	0	0	0	0	0	1657647669744
1559	1607	0	0	0	0	0	0	1657647670764
1561	1606	0	0	0	0	0	0	1657647671784
1559	1605	0	0	0	0	0	0	1657647672804
1560	1605	0	0	0	0	0	0	1657647673824
1559	1605	0	0	0	0	0	0	1657647674844
1558	1605	0	0	0	0	0	0	1657647675864
1556	1605	0	0	0	0	0	0	1657647676884
1556	1605	0	0	0	0	0	0	1657647677904
1557	1605	0	0	0	0	0	0	1657647678924
1556	1605	0	0	0	0	0	0	1657647679944
1557	1605	0	0	0	0	0	0	1657647680964
1558	1605	0	0	0	0	0	0	1657647681984
1557	1605	0	0	0	0	0	0	1657647683004
1556	1605	0	0	0	0	0	0	1657647684024
1556	1605	0	0	0	0	0	0	1657647685044
1556	1605	0	0	0	0	0	0	1657647686064
1555	1605	0	0	0	0	0	0	1657647687084
1556	1605	0	0	0	0	0	0	1657647688104
1555	1605	0	0	0	0	0	0	1657647689124
1555	1605	0	0	0	0	0	0	1657647690144
1555	1605	0	0	0	0	0	0	1657647691164
1554	1605	0	0	0	0	0	0	1657647692184
1553	1608	0	0	0	0	0	0	1657647693204
1552	1607	0	0	0	0	0	0	1657647694224
1552	1606	0	0	0	0	0	0	1657647695244
1554	1606	0	0	0	0	0	0	1657647696264
1554	1605	0	0	0	0	0	0	1657647697284
1553	1605	0	0	0	0	0	0	1657647698304
1554	1605	0	0	0	0	0	0	1657647699324
1553	1605	0	0	0	0	0	0	1657647700344
1553	1605	0	0	0	0	0	0	1657647701364
1552	1605	0	0	0	0	0	0	1657647702384
1552	1605	0	0	0	0	0	0	1657647703404
1552	1605	0	0	0	0	0	0	1657647704424
1554	1605	0	0	0	0	0	0	1657647705444
1555	1605	0	0	0	0	0	0	1657647706464
1556	1605	0	0	0	0	0	0	1657647707484
1555	1605	0	0	0	0	0	0	1657647708504
1557	1605	0	0	0	0	0	0	1657647709524
1555	1605	0	0	0	0	0	0	1657647710544
1554	1605	0	0	0	0	0	0	1657647711564
1553	1605	0	0	0	0	0	0	1657647712584
1552	1605	0	0	0	0	0	0	1657647713604
1552	1605	0	0	0	0	0	0	1657647714624
1552	1605	0	0	0	0	0	0	1657647715644
1552	1605	0	0	0	0	0	0	1657647716664
1552	1605	0	0	0	0	0	0	1657647717684
1552	1605	0	0	0	0	0	0	1657647718704
1552	1605	0	0	0	0	0	0	1657647719724
1552	1605	0	0	0	0	0	0	1657647720744
1552	1605	0	0	0	0	0	0	1657647721764
1552	1605	0	0	0	0	0	0	1657647722784
1552	1605	0	0	0	0	0	0	1657647723804
1552	1605	0	0	0	0	0	0	1657647724824
1553	1605	0	0	0	0	0	0	1657647725844
1553	1605	0	0	0	0	0	0	1657647726864
1553	1605	0	0	0	0	0	0	1657647727884
1552	1605	0	0	0	0	0	0	1657647728904
1552	1605	0	0	0	0	0	0	1657647729924
1552	1605	0	0	0	0	0	0	1657647730944
1552	1605	0	0	0	0	0	0	1657647731964
1552	1605	0	0	0	0	0	0	1657647732984
1552	1605	0	0	0	0	0	0	1657647734004
1552	1605	0	0	0	0	0	0	1657647735024
1552	1605	0	0	0	0	0	0	1657647736044
1553	1605	0	0	0	0	0	0	1657647737064
1552	1605	0	0	0	0	0	0	1657647738084
1552	1605	0	0	0	0	0	0	1657647739104
1552	1605	0	0	0	0	0	0	1657647740124
1552	1605	0	0	0	0	0	0	1657647741144
1552	1605	0	0	0	0	0	0	1657647742164
1552	1605	0	0	0	0	0	0	1657647743184
1552	1605	0	0	0	0	0	0	1657647744204
1552	1605	0	0	0	0	0	0	1657647745224
1552	1605	0	0	0	0	0	0	1657647746244
1552	1605	0	0	0	0	0	0	1657647747264
1552	1605	0	0	0	0	0	0	1657647748284
1552	1605	0	0	0	0	0	0	1657647749304
1552	1605	0	0	0	0	0	0	1657647750324
1552	1605	0	0	0	0	0	0	1657647751344
1552	1605	0	0	0	0	0	0	1657647752364
1552	1605	0	0	0	0	0	0	1657647753384
1552	1605	0	0	0	0	0	0	1657647754404
1552	1605	0	0	0	0	0	0	1657647755424
1552	1605	0	0	0	0	0	0	1657647756444
1552	1605	0	0	0	0	0	0	1657647757464
1552	1605	0	0	0	0	0	0	1657647758484
1552	1605	0	0	0	0	0	0	1657647759504
1552	1605	0	0	0	0	0	0	1657647760524
1552	1605	0	0	0	0	0	0	1657647761544
1552	1605	0	0	0	0	0	0	1657647762564
1552	1605	0	0	0	0	0	0	1657647763584
1552	1605	0	0	0	0	0	0	1657647764604
1552	1605	0	0	0	0	0	0	1657647765624
1552	1605	0	0	0	0	0	0	1657647766644
1552	1605	0	0	0	0	0	0	1657647767664
1552	1605	0	0	0	0	0	0	1657647768684
1551	1605	0	0	0	0	0	0	1657647769704
1551	1605	0	0	0	0	0	0	1657647770724
1551	1605	0	0	0	0	0	0	1657647771744
1551	1605	0	0	0	0	0	0	1657647772764
1551	1605	0	0	0	0	0	0	1657647773784
1551	1605	0	0	0	0	0	0	1657647774804
1551	1605	0	0	0	0	0	0	1657647775824
1551	1605	0	0	0	0	0	0	1657647776844
1551	1605	0	0	0	0	0	0	1657647777864
1551	1605	0	0	0	0	0	0	1657647778884
1551	1605	0	0	0	0	0	0	1657647779904
1551	1605	0	0	0	0	0	0	1657647780924
1551	1605	0	0	0	0	0	0	1657647781944
1551	1605	0	0	0	0	0	0	1657647782964
1551	1605	0	0	0	0	0	0	1657647783984
1551	1605	0	0	0	0	0	0	1657647785004
1551	1605	0	0	0	0	0	0	1657647786024
1551	1605	0	0	0	0	0	0	1657647787044
1551	1605	0	0	0	0	0	0	1657647788064
1551	1605	0	0	0	0	0	0	1657647789084
1551	1605	0	0	0	0	0	0	1657647790104
1551	1605	0	0	0	0	0	0	1657647791124
1551	1605	0	0	0	0	0	0	1657647792144
1551	1605	0	0	0	0	0	0	1657647793164
1551	1605	0	0	0	0	0	0	1657647794184
1551	1605	0	0	0	0	0	0	1657647795204
1551	1604	0	0	0	0	0	0	1657647796224
1551	1603	0	0	0	0	0	0	1657647797244
1551	1603	0	0	0	0	0	0	1657647798264
1551	1602	0	0	0	0	0	0	1657647799284
1551	1601	0	0	0	0	0	0	1657647800304
1552	1600	0	0	0	0	0	0	1657647801324
1552	1598	0	0	0	0	0	0	1657647802344
1552	1597	0	0	0	0	0	0	1657647803364
1552	1594	0	0	0	0	0	0	1657647804384
1552	1591	0	0	0	0	0	0	1657647805404
1552	1592	0	0	0	0	0	0	1657647806424
1552	1591	0	0	0	0	0	0	1657647807444
1552	1592	0	0	0	0	0	0	1657647808464
1552	1590	0	0	0	0	0	0	1657647809484
1552	1590	0	0	0	0	0	0	1657647810504
1552	1590	0	0	0	0	0	0	1657647811524
1552	1589	0	0	0	0	0	0	1657647812544
1552	1588	0	0	0	0	0	0	1657647813564
1552	1588	0	0	0	0	0	0	1657647814584
1551	1587	0	0	0	0	0	0	1657647815604
1551	1586	0	0	0	0	0	0	1657647816624
1551	1585	0	0	0	0	0	0	1657647817644
1551	1584	0	0	0	0	0	0	1657647818664
1551	1582	0	0	0	0	0	0	1657647819684
1551	1580	0	0	0	0	0	0	1657647820704
1551	1580	0	0	0	0	0	0	1657647821724
1551	1580	0	0	0	0	0	0	1657647822744
1551	1580	0	0	0	0	0	0	1657647823764
1551	1579	0	0	0	0	0	0	1657647824784
1551	1579	0	0	0	0	0	0	1657647825804
1563	1579	0	0	0	0	0	0	1657647826824
1558	1578	0	0	0	0	0	0	1657647827844
1555	1578	0	0	0	0	0	0	1657647828864
1553	1578	0	0	0	0	0	0	1657647829884
1552	1577	0	0	0	0	0	0	1657647830904
1552	1577	0	0	0	0	0	0	1657647831924
1552	1577	0	0	0	0	0	0	1657647832944
1552	1577	0	0	0	0	0	0	1657647833964
1551	1577	0	0	0	0	0	0	1657647834984
1551	1577	0	0	0	0	0	0	1657647836004
1551	1577	0	0	0	0	0	0	1657647837024
1551	1577	0	0	0	0	0	0	1657647838044
1552	1577	0	0	0	0	0	0	1657647839064
1552	1577	0	0	0	0	0	0	1657647840084
1552	1577	0	0	0	0	0	0	1657647841104
1552	1577	0	0	0	0	0	0	1657647842124
1552	1577	0	0	0	0	0	0	1657647843144
1552	1577	0	0	0	0	0	0	1657647844164
1552	1577	0	0	0	0	0	0	1657647845184
1552	1577	0	0	0	0	0	0	1657647846204
1552	1577	0	0	0	0	0	0	1657647847224
1552	1577	0	0	0	0	0	0	1657647848244
1552	1577	0	0	0	0	0	0	1657647849264
1552	1577	0	0	0	0	0	0	1657647850284
1552	1577	0	0	0	0	0	0	1657647851304
1552	1577	0	0	0	0	0	0	1657647852324
1551	1577	0	0	0	0	0	0	1657647853344
1551	1577	0	0	0	0	0	0	1657647854364
1551	1577	0	0	0	0	0	0	1657647855384
1551	1577	0	0	0	0	0	0	1657647856404
1551	1577	0	0	0	0	0	0	1657647857424
1551	1577	0	0	0	0	0	0	1657647858444
1551	1577	0	0	0	0	0	0	1657647859464
1551	1577	0	0	0	0	0	0	1657647860484
1551	1577	0	0	0	0	0	0	1657647861504
1551	1577	0	0	0	0	0	0	1657647862524
1551	1577	0	0	0	0	0	0	1657647863544
1551	1577	0	0	0	0	0	0	1657647864564
1551	1577	0	0	0	0	0	0	1657647865584
1551	1577	0	0	0	0	0	0	1657647866604
1551	1577	0	0	0	0	0	0	1657647867624
1551	1577	0	0	0	0	0	0	1657647868644
1551	1577	0	0	0	0	0	0	1657647869664
1551	1577	0	0	0	0	0	0	1657647870684
1551	1577	0	0	0	0	0	0	1657647871704
1551	1577	0	0	0	0	0	0	1657647872724
1551	1577	0	0	0	0	0	0	1657647873744
1551	1577	0	0	0	0	0	0	1657647874764
1551	1577	0	0	0	0	0	0	1657647875784
1551	1577	0	0	0	0	0	0	1657647876804
1551	1577	0	0	0	0	0	0	1657647877824
1551	1577	0	0	0	0	0	0	1657647878844
1551	1577	0	0	0	0	0	0	1657647879864
1551	1577	0	0	0	0	0	0	1657647880884
1551	1577	0	0	0	0	0	0	1657647881904
1551	1577	0	0	0	0	0	0	1657647882924
1551	1577	0	0	0	0	0	0	1657647883944
1551	1577	0	0	0	0	0	0	1657647884964
1551	1577	0	0	0	0	0	0	1657647885984
1551	1577	0	0	0	0	0	0	1657647887004
1551	1577	0	0	0	0	0	0	1657647888024
1551	1577	0	0	0	0	0	0	1657647889044
1551	1577	0	0	0	0	0	0	1657647890064
1551	1577	0	0	0	0	0	0	1657647891084
1551	1577	0	0	0	0	0	0	1657647892104
1551	1577	0	0	0	0	0	0	1657647893124
1551	1577	0	0	0	0	0	0	1657647894144
1551	1577	0	0	0	0	0	0	1657647895164
1551	1577	0	0	0	0	0	0	1657647896184
1551	1577	0	0	0	0	0	0	1657647897204
1551	1577	0	0	0	0	0	0	1657647898224
1551	1577	0	0	0	0	0	0	1657647899244
1551	1577	0	0	0	0	0	0	1657647900264
1551	1577	0	0	0	0	0	0	1657647901284
1551	1577	0	0	0	0	0	0	1657647902304
1551	1577	0	0	0	0	0	0	1657647903324
1551	1577	0	0	0	0	0	0	1657647904344
1551	1577	0	0	0	0	0	0	1657647905364
1551	1577	0	0	0	0	0	0	1657647906384
1551	1577	0	0	0	0	0	0	1657647907404
1551	1577	0	0	0	0	0	0	1657647908424
1551	1577	0	0	0	0	0	0	1657647909444
1551	1577	0	0	0	0	0	0	1657647910464
1551	1577	0	0	0	0	0	0	1657647911484
1551	1577	0	0	0	0	0	0	1657647912504
1551	1577	0	0	0	0	0	0	1657647913524
1551	1577	0	0	0	0	0	0	1657647914544
1551	1577	0	0	0	0	0	0	1657647915564
1551	1577	0	0	0	0	0	0	1657647916584
1551	1577	0	0	0	0	0	0	1657647917604
1551	1577	0	0	0	0	0	0	1657647918624
1551	1577	0	0	0	0	0	0	1657647919644
1551	1577	0	0	0	0	0	0	1657647920664
1551	1577	0	0	0	0	0	0	1657647921684
1551	1577	0	0	0	0	0	0	1657647922704
1551	1577	0	0	0	0	0	0	1657647923724
1551	1577	0	0	0	0	0	0	1657647924744
1551	1577	0	0	0	0	0	0	1657647925764
1551	1577	0	0	0	0	0	0	1657647926784
1551	1577	0	0	0	0	0	0	1657647927804
1551	1577	0	0	0	0	0	0	1657647928824
1551	1577	0	0	0	0	0	0	1657647929844
1551	1577	0	0	0	0	0	0	1657647930864
1551	1577	0	0	0	0	0	0	1657647931884
1551	1577	0	0	0	0	0	0	1657647932904
1551	1577	0	0	0	0	0	0	1657647933924
1551	1577	0	0	0	0	0	0	1657647934944
1551	1577	0	0	0	0	0	0	1657647935964
1551	1577	0	0	0	0	0	0	1657647936984
1551	1577	0	0	0	0	0	0	1657647938004
1551	1577	0	0	0	0	0	0	1657647939024
1551	1577	0	0	0	0	0	0	1657647940044
1551	1577	0	0	0	0	0	0	1657647941064
1551	1577	0	0	0	0	0	0	1657647942084
1551	1577	0	0	0	0	0	0	1657647943104
1551	1577	0	0	0	0	0	0	1657647944124
1551	1577	0	0	0	0	0	0	1657647945144
1551	1577	0	0	0	0	0	0	1657647946164
1551	1577	0	0	0	0	0	0	1657647947184
1551	1577	0	0	0	0	0	0	1657647948204
1551	1577	0	0	0	0	0	0	1657647949224
1551	1577	0	0	0	0	0	0	1657647950244
1551	1577	0	0	0	0	0	0	1657647951264
1551	1577	0	0	0	0	0	0	1657647952284
1551	1577	0	0	0	0	0	0	1657647953304
1551	1577	0	0	0	0	0	0	1657647954324
1551	1577	0	0	0	0	0	0	1657647955344
1551	1577	0	0	0	0	0	0	1657647956364
1551	1576	0	0	0	0	0	0	1657647957384
1551	1576	0	0	0	0	0	0	1657647958404
1551	1576	0	0	0	0	0	0	1657647959424
1551	1576	0	0	0	0	0	0	1657647960444
1551	1576	0	0	0	0	0	0	1657647961464
1551	1576	0	0	0	0	0	0	1657647962484
1551	1577	0	0	0	0	0	0	1657647963504
1551	1577	0	0	0	0	0	0	1657647964524
1551	1577	0	0	0	0	0	0	1657647965544
1551	1577	0	0	0	0	0	0	1657647966564
1551	1577	0	0	0	0	0	0	1657647967584
1551	1576	0	0	0	0	0	0	1657647968604
1551	1576	0	0	0	0	0	0	1657647969624
1551	1576	0	0	0	0	0	0	1657647970644
1551	1575	0	0	0	0	0	0	1657647971664
1551	1575	0	0	0	0	0	0	1657647972684
1551	1576	0	0	0	0	0	0	1657647973704
1551	1576	0	0	0	0	0	0	1657647974724
1551	1576	0	0	0	0	0	0	1657647975744
1551	1576	0	0	0	0	0	0	1657647976764
1551	1576	0	0	0	0	0	0	1657647977784
1551	1575	0	0	0	0	0	0	1657647978804
1551	1575	0	0	0	0	0	0	1657647979824
1551	1575	0	0	0	0	0	0	1657647980844
1551	1575	0	0	0	0	0	0	1657647981864
1551	1573	0	0	0	0	0	0	1657647982884
1551	1573	0	0	0	0	0	0	1657647983904
1551	1573	0	0	0	0	0	0	1657647984924
1551	1573	0	0	0	0	0	0	1657647985944
1551	1572	0	0	0	0	0	0	1657647986964
1551	1572	0	0	0	0	0	0	1657647987984
1551	1573	0	0	0	0	0	0	1657647989004
1551	1572	0	0	0	0	0	0	1657647990024
1551	1573	0	0	0	0	0	0	1657647991044
1551	1572	0	0	0	0	0	0	1657647992064
1551	1572	0	0	0	0	0	0	1657647993084
1551	1570	0	0	0	0	0	0	1657647994104
1551	1567	0	0	0	0	0	0	1657647995124
1551	1565	0	0	0	0	0	0	1657647996144
1551	1565	0	0	0	0	0	0	1657647997164
1551	1564	0	0	0	0	0	0	1657647998184
1551	1563	0	0	0	0	0	0	1657647999204
1551	1564	0	0	0	0	0	0	1657648000224
1551	1565	0	0	0	0	0	0	1657648001244
1551	1566	0	0	0	0	0	0	1657648002264
1551	1565	0	0	0	0	0	0	1657648003284
1551	1564	0	0	0	0	0	0	1657648004304
1551	1563	0	0	0	0	0	0	1657648005324
1551	1560	0	0	0	0	0	0	1657648006344
1551	1559	0	0	0	0	0	0	1657648007364
1551	1557	0	0	0	0	0	0	1657648008384
1551	1558	0	0	0	0	0	0	1657648009404
1551	1558	0	0	0	0	0	0	1657648010424
1551	1557	0	0	0	0	0	0	1657648011444
1551	1556	0	0	0	0	0	0	1657648012464
1551	1554	0	0	0	0	0	0	1657648013484
1551	1553	0	0	0	0	0	0	1657648014504
1551	1555	0	0	0	0	0	0	1657648015524
1551	1553	0	0	0	0	0	0	1657648016544
1551	1553	0	0	0	0	0	0	1657648017564
1551	1552	0	0	0	0	0	0	1657648018584
1551	1552	0	0	0	0	0	0	1657648019604
1551	1551	0	0	0	0	0	0	1657648020624
1551	1551	0	0	0	0	0	0	1657648021644
1551	1551	0	0	0	0	0	0	1657648022664
1551	1550	0	0	0	0	0	0	1657648023684
1551	1550	0	0	0	0	0	0	1657648024704
1551	1550	0	0	0	0	0	0	1657648025724
1551	1550	0	0	0	0	0	0	1657648026744
1551	1550	0	0	0	0	0	0	1657648027764
1551	1550	0	0	0	0	0	0	1657648028784
1551	1550	0	0	0	0	0	0	1657648029804
1551	1550	0	0	0	0	0	0	1657648030824
1551	1550	0	0	0	0	0	0	1657648031844
1551	1550	0	0	0	0	0	0	1657648032864
1551	1550	0	0	0	0	0	0	1657648033884
1551	1550	0	0	0	0	0	0	1657648034904
1551	1550	0	0	0	0	0	0	1657648035924
1551	1550	0	0	0	0	0	0	1657648036944
1551	1550	0	0	0	0	0	0	1657648037964
1551	1550	0	0	0	0	0	0	1657648038984
10930	1549	0	0	0	0	0	0	1657648040004
7178	1549	0	0	0	0	0	0	1657648041024
4927	1549	0	0	0	0	0	0	1657648042044
3577	1549	0	0	0	0	0	0	1657648043064
2767	1549	0	0	0	0	0	0	1657648044084
2280	1549	0	0	0	0	0	0	1657648045104
1988	1549	0	0	0	0	0	0	1657648046124
1813	1549	0	0	0	0	0	0	1657648047144
1708	1549	0	0	0	0	0	0	1657648048164
1645	1549	0	0	0	0	0	0	1657648049184
1607	1549	0	0	0	0	0	0	1657648050204
1585	1549	0	0	0	0	0	0	1657648051224
1571	1549	0	0	0	0	0	0	1657648052244
1563	1549	0	0	0	0	0	0	1657648053264
1558	1549	0	0	0	0	0	0	1657648054284
1555	1549	0	0	0	0	0	0	1657648055304
1553	1549	0	0	0	0	0	0	1657648056324
1552	1552	0	0	0	0	0	0	1657648057344
1552	1555	0	0	0	0	0	0	1657648058364
1552	1555	0	0	0	0	0	0	1657648059384
1552	1558	0	0	0	0	0	0	1657648060404
1552	1559	0	0	0	0	0	0	1657648061424
1552	1560	0	0	0	0	0	0	1657648062444
1552	1562	0	0	0	0	0	0	1657648063464
1552	1562	0	0	0	0	0	0	1657648064484
1552	1562	0	0	0	0	0	0	1657648065504
1552	1560	0	0	0	0	0	0	1657648066524
1552	1558	0	0	0	0	0	0	1657648067544
1552	1558	0	0	0	0	0	0	1657648068564
1552	1557	0	0	0	0	0	0	1657648069584
1551	1558	0	0	0	0	0	0	1657648070604
1551	1557	0	0	0	0	0	0	1657648071624
1551	1556	0	0	0	0	0	0	1657648072644
1551	1555	0	0	0	0	0	0	1657648073664
1551	1555	0	0	0	0	0	0	1657648074684
1551	1555	0	0	0	0	0	0	1657648075704
1551	1556	0	0	0	0	0	0	1657648076724
1551	1555	0	0	0	0	0	0	1657648077744
1551	1555	0	0	0	0	0	0	1657648078764
1551	1553	0	0	0	0	0	0	1657648079784
1551	1552	0	0	0	0	0	0	1657648080804
1551	1552	0	0	0	0	0	0	1657648081824
1551	1552	0	0	0	0	0	0	1657648082844
1551	1552	0	0	0	0	0	0	1657648083864
1551	1551	0	0	0	0	0	0	1657648084884
1551	1550	0	0	0	0	0	0	1657648085904
1551	1550	0	0	0	0	0	0	1657648086924
1551	1550	0	0	0	0	0	0	1657648087944
1551	1551	0	0	0	0	0	0	1657648088964
1551	1551	0	0	0	0	0	0	1657648089984
1551	1551	0	0	0	0	0	0	1657648091004
1551	1552	0	0	0	0	0	0	1657648092024
1551	1551	0	0	0	0	0	0	1657648093044
1551	1550	0	0	0	0	0	0	1657648094064
1551	1550	0	0	0	0	0	0	1657648095084
1551	1550	0	0	0	0	0	0	1657648096104
1551	1550	0	0	0	0	0	0	1657648097124
1551	1550	0	0	0	0	0	0	1657648098144
1551	1550	0	0	0	0	0	0	1657648099164
1551	1550	0	0	0	0	0	0	1657648100184
1550	1550	0	0	0	0	0	0	1657648101204
1550	1550	0	0	0	0	0	0	1657648102224
1550	1550	0	0	0	0	0	0	1657648103244
1550	1550	0	0	0	0	0	0	1657648104264
1550	1550	0	0	0	0	0	0	1657648105284
1550	1550	0	0	0	0	0	0	1657648106304
1550	1550	0	0	0	0	0	0	1657648107324
1550	1550	0	0	0	0	0	0	1657648108344
1549	1550	0	0	0	0	0	0	1657648109364
1550	1550	0	0	0	0	0	0	1657648110384
1550	1550	0	0	0	0	0	0	1657648111404
1550	1550	0	0	0	0	0	0	1657648112424
1549	1550	0	0	0	0	0	0	1657648113444
1549	1550	0	0	0	0	0	0	1657648114464
1549	1550	0	0	0	0	0	0	1657648115484
1550	1550	0	0	0	0	0	0	1657648116504
1551	1549	0	0	0	0	0	0	1657648117524
1551	1549	0	0	0	0	0	0	1657648118544
1551	1549	0	0	0	0	0	0	1657648119564
1550	1549	0	0	0	0	0	0	1657648120584
1550	1549	0	0	0	0	0	0	1657648121604
1550	1549	0	0	0	0	0	0	1657648122624
1549	1549	0	0	0	0	0	0	1657648123644
1550	1549	0	0	0	0	0	0	1657648124664
1550	1549	0	0	0	0	0	0	1657648125684
1550	1549	0	0	0	0	0	0	1657648126704
1550	1549	0	0	0	0	0	0	1657648127724
1550	1549	0	0	0	0	0	0	1657648128744
1550	1549	0	0	0	0	0	0	1657648129764
1550	1549	0	0	0	0	0	0	1657648130784
1550	1549	0	0	0	0	0	0	1657648131804
1550	1549	0	0	0	0	0	0	1657648132824
1550	1549	0	0	0	0	0	0	1657648133844
1550	1549	0	0	0	0	0	0	1657648134864
1550	1549	0	0	0	0	0	0	1657648135884
1549	1549	0	0	0	0	0	0	1657648136904
1549	1549	0	0	0	0	0	0	1657648137924
1549	1549	0	0	0	0	0	0	1657648138944
1550	1549	0	0	0	0	0	0	1657648139964
1550	1549	0	0	0	0	0	0	1657648140984
1550	1549	0	0	0	0	0	0	1657648142004
1550	1549	0	0	0	0	0	0	1657648143024
1550	1549	0	0	0	0	0	0	1657648144044
1551	1549	0	0	0	0	0	0	1657648145064
1550	1549	0	0	0	0	0	0	1657648146084
1549	1549	0	0	0	0	0	0	1657648147104
1549	1549	0	0	0	0	0	0	1657648148124
1550	1549	0	0	0	0	0	0	1657648149144
1549	1549	0	0	0	0	0	0	1657648150164
1549	1549	0	0	0	0	0	0	1657648151184
1550	1549	0	0	0	0	0	0	1657648152204
1550	1549	0	0	0	0	0	0	1657648153224
1551	1549	0	0	0	0	0	0	1657648154244
1550	1549	0	0	0	0	0	0	1657648155264
1550	1549	0	0	0	0	0	0	1657648156284
1549	1549	0	0	0	0	0	0	1657648157304
1549	1549	0	0	0	0	0	0	1657648158324
1550	1549	0	0	0	0	0	0	1657648159344
1550	1549	0	0	0	0	0	0	1657648160364
1550	1549	0	0	0	0	0	0	1657648161384
1548	1549	0	0	0	0	0	0	1657648162404
1548	1549	0	0	0	0	0	0	1657648163424
1547	1549	0	0	0	0	0	0	1657648164444
1546	1549	0	0	0	0	0	0	1657648165464
1546	1549	0	0	0	0	0	0	1657648166484
1547	1549	0	0	0	0	0	0	1657648167504
1547	1549	0	0	0	0	0	0	1657648168524
1548	1549	0	0	0	0	0	0	1657648169544
1549	1549	0	0	0	0	0	0	1657648170564
1549	1549	0	0	0	0	0	0	1657648171584
1549	1549	0	0	0	0	0	0	1657648172604
1549	1549	0	0	0	0	0	0	1657648173624
1548	1549	0	0	0	0	0	0	1657648174644
1547	1549	0	0	0	0	0	0	1657648175664
1547	1549	0	0	0	0	0	0	1657648176684
1547	1549	0	0	0	0	0	0	1657648177704
1547	1549	0	0	0	0	0	0	1657648178724
1546	1549	0	0	0	0	0	0	1657648179744
1545	1549	0	0	0	0	0	0	1657648180764
1547	1549	0	0	0	0	0	0	1657648181784
1545	1549	0	0	0	0	0	0	1657648182804
1546	1549	0	0	0	0	0	0	1657648183824
1547	1549	0	0	0	0	0	0	1657648184844
1548	1549	0	0	0	0	0	0	1657648185864
1546	1549	0	0	0	0	0	0	1657648186884
1544	1549	0	0	0	0	0	0	1657648187904
1544	1549	0	0	0	0	0	0	1657648188924
1544	1549	0	0	0	0	0	0	1657648189944
1544	1549	0	0	0	0	0	0	1657648190964
1543	1549	0	0	0	0	0	0	1657648191984
1543	1549	0	0	0	0	0	0	1657648193004
1543	1549	0	0	0	0	0	0	1657648194024
1542	1549	0	0	0	0	0	0	1657648195044
1542	1549	0	0	0	0	0	0	1657648196064
1543	1549	0	0	0	0	0	0	1657648197084
1543	1549	0	0	0	0	0	0	1657648198104
1543	1549	0	0	0	0	0	0	1657648199124
1542	1549	0	0	0	0	0	0	1657648200144
1541	1549	0	0	0	0	0	0	1657648201164
1539	1549	0	0	0	0	0	0	1657648202184
1537	1549	0	0	0	0	0	0	1657648203204
1537	1549	0	0	0	0	0	0	1657648204224
1537	1549	0	0	0	0	0	0	1657648205244
1537	1549	0	0	0	0	0	0	1657648206264
1538	1549	0	0	0	0	0	0	1657648207284
1538	1549	0	0	0	0	0	0	1657648208304
1540	1549	0	0	0	0	0	0	1657648209324
1540	1549	0	0	0	0	0	0	1657648210344
1539	1549	0	0	0	0	0	0	1657648211364
1539	1549	0	0	0	0	0	0	1657648212384
1538	1549	0	0	0	0	0	0	1657648213404
1536	1549	0	0	0	0	0	0	1657648214424
1536	1549	0	0	0	0	0	0	1657648215444
1535	1549	0	0	0	0	0	0	1657648216464
1536	1549	0	0	0	0	0	0	1657648217484
1535	1549	0	0	0	0	0	0	1657648218504
1535	1549	0	0	0	0	0	0	1657648219524
1534	1549	0	0	0	0	0	0	1657648220544
1534	1549	0	0	0	0	0	0	1657648221564
1535	1549	0	0	0	0	0	0	1657648222584
1536	1549	0	0	0	0	0	0	1657648223604
1537	1549	0	0	0	0	0	0	1657648224624
1536	1549	0	0	0	0	0	0	1657648225644
1537	1549	0	0	0	0	0	0	1657648226664
1536	1549	0	0	0	0	0	0	1657648227684
1534	1549	0	0	0	0	0	0	1657648228704
1533	1549	0	0	0	0	0	0	1657648229724
