2091	1622	0	0	0	0	0	0	1663013945548
2087	1615	0	0	0	0	0	0	1663013946568
2075	1610	0	0	0	0	0	0	1663013947588
2067	1597	0	0	0	0	0	0	1663013948608
2062	1589	0	0	0	0	0	0	1663013949628
2055	1584	0	0	0	0	0	0	1663013950648
2044	1581	0	0	0	0	0	0	1663013951668
2036	1579	0	0	0	0	0	0	1663013952688
2032	1578	0	0	0	0	0	0	1663013953708
2027	1577	0	0	0	0	0	0	1663013954728
2016	1577	0	0	0	0	0	0	1663013955748
2009	1576	0	0	0	0	0	0	1663013956768
2004	1576	0	0	0	0	0	0	1663013957788
2001	1574	0	0	0	0	0	0	1663013958808
1999	1571	0	0	0	0	0	0	1663013959828
1991	1565	0	0	0	0	0	0	1663013960848
1982	1560	0	0	0	0	0	0	1663013961868
1977	1556	0	0	0	0	0	0	1663013962888
1974	1553	0	0	0	0	0	0	1663013963908
1972	1551	0	0	0	0	0	0	1663013964928
1971	1550	0	0	0	0	0	0	1663013965948
1969	1549	0	0	0	0	0	0	1663013966968
1959	1549	0	0	0	0	0	0	1663013967988
1952	1549	0	0	0	0	0	0	1663013969008
1948	1549	0	0	0	0	0	0	1663013970028
1945	1549	0	0	0	0	0	0	1663013971048
1944	1549	0	0	0	0	0	0	1663013972068
1943	1549	0	0	0	0	0	0	1663013973088
1942	1549	0	0	0	0	0	0	1663013974108
1937	1549	0	0	0	0	0	0	1663013975128
1928	1549	0	0	0	0	0	0	1663013976148
1922	1549	0	0	0	0	0	0	1663013977168
1919	1549	0	0	0	0	0	0	1663013978188
1917	1549	0	0	0	0	0	0	1663013979208
1916	1549	0	0	0	0	0	0	1663013980228
1915	1549	0	0	0	0	0	0	1663013981248
1915	1549	0	0	0	0	0	0	1663013982268
1914	1549	0	0	0	0	0	0	1663013983288
1914	1549	0	0	0	0	0	0	1663013984308
1913	1549	0	0	0	0	0	0	1663013985328
1906	1549	0	0	0	0	0	0	1663013986348
1899	1549	0	0	0	0	0	0	1663013987368
1894	1549	0	0	0	0	0	0	1663013988388
1891	1549	0	0	0	0	0	0	1663013989408
1889	1549	0	0	0	0	0	0	1663013990428
1888	1549	0	0	0	0	0	0	1663013991448
1887	1549	0	0	0	0	0	0	1663013992468
1887	1549	0	0	0	0	0	0	1663013993488
1887	1549	0	0	0	0	0	0	1663013994508
1886	1549	0	0	0	0	0	0	1663013995528
1886	1549	0	0	0	0	0	0	1663013996548
1886	1549	0	0	0	0	0	0	1663013997568
1886	1549	0	0	0	0	0	0	1663013998588
1883	1549	0	0	0	0	0	0	1663013999608
1877	1549	0	0	0	0	0	0	1663014000628
1871	1549	0	0	0	0	0	0	1663014001648
1866	1549	0	0	0	0	0	0	1663014002668
1863	1549	0	0	0	0	0	0	1663014003688
1861	1549	0	0	0	0	0	0	1663014004708
1860	1549	0	0	0	0	0	0	1663014005728
1859	1549	0	0	0	0	0	0	1663014006748
1859	1549	0	0	0	0	0	0	1663014007768
1859	1549	0	0	0	0	0	0	1663014008788
1859	1549	0	0	0	0	0	0	1663014009808
1858	1549	0	0	0	0	0	0	1663014010828
1858	1549	0	0	0	0	0	0	1663014011848
1858	1549	0	0	0	0	0	0	1663014012868
1858	1549	0	0	0	0	0	0	1663014013888
1858	1549	0	0	0	0	0	0	1663014014908
1857	1549	0	0	0	0	0	0	1663014015928
1853	1549	0	0	0	0	0	0	1663014016948
1846	1549	0	0	0	0	0	0	1663014017968
1840	1549	0	0	0	0	0	0	1663014018988
1836	1549	0	0	0	0	0	0	1663014020008
1834	1549	0	0	0	0	0	0	1663014021028
1832	1549	0	0	0	0	0	0	1663014022048
1831	1549	0	0	0	0	0	0	1663014023068
1831	1549	0	0	0	0	0	0	1663014024088
1830	1549	0	0	0	0	0	0	1663014025108
1830	1549	0	0	0	0	0	0	1663014026128
1830	1549	0	0	0	0	0	0	1663014027148
1830	1549	0	0	0	0	0	0	1663014028168
1830	1549	0	0	0	0	0	0	1663014029188
1830	1549	0	0	0	0	0	0	1663014030208
1830	1549	0	0	0	0	0	0	1663014031228
1830	1549	0	0	0	0	0	0	1663014032248
1830	1549	0	0	0	0	0	0	1663014033268
1830	1549	0	0	0	0	0	0	1663014034288
1829	1549	0	0	0	0	0	0	1663014035308
1827	1549	0	0	0	0	0	0	1663014036328
1821	1549	0	0	0	0	0	0	1663014037348
1815	1549	0	0	0	0	0	0	1663014038368
1811	1549	0	0	0	0	0	0	1663014039388
1807	1549	0	0	0	0	0	0	1663014040408
1805	1549	0	0	0	0	0	0	1663014041428
1804	1549	0	0	0	0	0	0	1663014042448
1803	1549	0	0	0	0	0	0	1663014043468
1803	1549	0	0	0	0	0	0	1663014044488
1803	1549	0	0	0	0	0	0	1663014045508
1803	1549	0	0	0	0	0	0	1663014046528
1803	1549	0	0	0	0	0	0	1663014047548
1802	1549	0	0	0	0	0	0	1663014048568
1802	1549	0	0	0	0	0	0	1663014049588
1802	1549	0	0	0	0	0	0	1663014050608
1802	1549	0	0	0	0	0	0	1663014051628
1802	1549	0	0	0	0	0	0	1663014052648
1802	1549	0	0	0	0	0	0	1663014053668
1799	1549	0	0	0	0	0	0	1663014054688
1796	1549	0	0	0	0	0	0	1663014055708
1791	1549	0	0	0	0	0	0	1663014056728
1787	1549	0	0	0	0	0	0	1663014057748
1782	1549	0	0	0	0	0	0	1663014058768
1780	1549	0	0	0	0	0	0	1663014059788
1777	1549	0	0	0	0	0	0	1663014060808
1776	1549	0	0	0	0	0	0	1663014061828
1775	1549	0	0	0	0	0	0	1663014062848
1775	1549	0	0	0	0	0	0	1663014063868
1774	1549	0	0	0	0	0	0	1663014064888
1774	1549	0	0	0	0	0	0	1663014065908
1774	1549	0	0	0	0	0	0	1663014066928
1774	1549	0	0	0	0	0	0	1663014067948
1774	1549	0	0	0	0	0	0	1663014068968
1774	1549	0	0	0	0	0	0	1663014069988
1774	1549	0	0	0	0	0	0	1663014071008
1774	1549	0	0	0	0	0	0	1663014072028
1774	1549	0	0	0	0	0	0	1663014073048
1774	1549	0	0	0	0	0	0	1663014074068
1774	1549	0	0	0	0	0	0	1663014075088
1774	1549	0	0	0	0	0	0	1663014076108
1773	1549	0	0	0	0	0	0	1663014077128
1771	1549	0	0	0	0	0	0	1663014078148
1767	1548	0	0	0	0	0	0	1663014079168
1761	1548	0	0	0	0	0	0	1663014080188
1756	1548	0	0	0	0	0	0	1663014081208
1753	1548	0	0	0	0	0	0	1663014082228
1750	1548	0	0	0	0	0	0	1663014083248
1749	1548	0	0	0	0	0	0	1663014084268
1748	1548	0	0	0	0	0	0	1663014085288
1748	1548	0	0	0	0	0	0	1663014086308
1747	1548	0	0	0	0	0	0	1663014087328
1746	1548	0	0	0	0	0	0	1663014088348
1746	1548	0	0	0	0	0	0	1663014089368
1746	1548	0	0	0	0	0	0	1663014090388
1746	1548	0	0	0	0	0	0	1663014091408
1746	1548	0	0	0	0	0	0	1663014092428
1746	1548	0	0	0	0	0	0	1663014093448
1746	1548	0	0	0	0	0	0	1663014094468
1746	1548	0	0	0	0	0	0	1663014095488
1746	1548	0	0	0	0	0	0	1663014096508
1746	1548	0	0	0	0	0	0	1663014097528
1746	1548	0	0	0	0	0	0	1663014098548
1746	1548	0	0	0	0	0	0	1663014099568
1746	1548	0	0	0	0	0	0	1663014100588
1746	1548	0	0	0	0	0	0	1663014101608
1746	1548	0	0	0	0	0	0	1663014102628
1744	1548	0	0	0	0	0	0	1663014103648
1739	1548	0	0	0	0	0	0	1663014104668
1734	1548	0	0	0	0	0	0	1663014105688
1729	1548	0	0	0	0	0	0	1663014106708
1725	1548	0	0	0	0	0	0	1663014107728
1722	1548	0	0	0	0	0	0	1663014108748
1720	1548	0	0	0	0	0	0	1663014109768
1719	1548	0	0	0	0	0	0	1663014110788
1719	1548	0	0	0	0	0	0	1663014111808
1719	1548	0	0	0	0	0	0	1663014112828
1719	1548	0	0	0	0	0	0	1663014113848
1719	1548	0	0	0	0	0	0	1663014114868
1719	1548	0	0	0	0	0	0	1663014115888
1719	1548	0	0	0	0	0	0	1663014116908
1719	1548	0	0	0	0	0	0	1663014117928
1719	1548	0	0	0	0	0	0	1663014118948
1719	1548	0	0	0	0	0	0	1663014119968
1719	1548	0	0	0	0	0	0	1663014120988
1719	1548	0	0	0	0	0	0	1663014122008
1719	1548	0	0	0	0	0	0	1663014123028
1718	1548	0	0	0	0	0	0	1663014124048
1718	1548	0	0	0	0	0	0	1663014125068
1718	1548	0	0	0	0	0	0	1663014126088
1718	1548	0	0	0	0	0	0	1663014127108
1718	1548	0	0	0	0	0	0	1663014128128
1718	1548	0	0	0	0	0	0	1663014129148
1718	1548	0	0	0	0	0	0	1663014130168
1718	1548	0	0	0	0	0	0	1663014131188
1718	1548	0	0	0	0	0	0	1663014132208
1714	1548	0	0	0	0	0	0	1663014133228
1707	1548	0	0	0	0	0	0	1663014134248
1704	1548	0	0	0	0	0	0	1663014135268
1701	1548	0	0	0	0	0	0	1663014136288
1697	1548	0	0	0	0	0	0	1663014137308
1695	1548	0	0	0	0	0	0	1663014138328
1693	1548	0	0	0	0	0	0	1663014139348
1692	1548	0	0	0	0	0	0	1663014140368
1691	1548	0	0	0	0	0	0	1663014141388
1691	1548	0	0	0	0	0	0	1663014142408
1691	1548	0	0	0	0	0	0	1663014143428
1691	1548	0	0	0	0	0	0	1663014144448
1691	1548	0	0	0	0	0	0	1663014145468
1691	1548	0	0	0	0	0	0	1663014146488
1691	1548	0	0	0	0	0	0	1663014147508
1691	1547	0	0	0	0	0	0	1663014148528
1691	1547	0	0	0	0	0	0	1663014149548
1691	10928	0	0	0	0	0	0	1663014150568
1691	7176	0	0	0	0	0	0	1663014151588
1691	4925	0	0	0	0	0	0	1663014152608
1691	3574	0	0	0	0	0	0	1663014153628
1691	2762	0	0	0	0	0	0	1663014154648
1691	2275	0	0	0	0	0	0	1663014155668
1691	1982	0	0	0	0	0	0	1663014156688
1691	1807	0	0	0	0	0	0	1663014157708
1691	1700	0	0	0	0	0	0	1663014158728
1691	1637	0	0	0	0	0	0	1663014159748
1691	1597	0	0	0	0	0	0	1663014160768
1691	1570	0	0	0	0	0	0	1663014161788
1691	1557	0	0	0	0	0	0	1663014162808
1690	1546	0	0	0	0	0	0	1663014163828
1690	1540	0	0	0	0	0	0	1663014164848
1688	1536	0	0	0	0	0	0	1663014165868
1684	1533	0	0	0	0	0	0	1663014166888
1678	1530	0	0	0	0	0	0	1663014167908
1676	1528	0	0	0	0	0	0	1663014168928
1671	1526	0	0	0	0	0	0	1663014169948
1668	1524	0	0	0	0	0	0	1663014170968
1666	1523	0	0	0	0	0	0	1663014171988
1666	1523	0	0	0	0	0	0	1663014173008
1664	1522	0	0	0	0	0	0	1663014174028
1664	1522	0	0	0	0	0	0	1663014175048
1663	1522	0	0	0	0	0	0	1663014176068
1663	1522	0	0	0	0	0	0	1663014177088
1663	1521	0	0	0	0	0	0	1663014178108
1663	1521	0	0	0	0	0	0	1663014179128
1663	1521	0	0	0	0	0	0	1663014180148
1663	1521	0	0	0	0	0	0	1663014181168
1663	1521	0	0	0	0	0	0	1663014182188
1663	1521	0	0	0	0	0	0	1663014183208
1663	1521	0	0	0	0	0	0	1663014184228
1663	1521	0	0	0	0	0	0	1663014185248
1663	1521	0	0	0	0	0	0	1663014186268
1663	1521	0	0	0	0	0	0	1663014187288
1663	1521	0	0	0	0	0	0	1663014188308
1663	1521	0	0	0	0	0	0	1663014189328
1663	1521	0	0	0	0	0	0	1663014190348
1663	1521	0	0	0	0	0	0	1663014191368
1663	1521	0	0	0	0	0	0	1663014192388
1663	1521	0	0	0	0	0	0	1663014193408
1663	1521	0	0	0	0	0	0	1663014194428
1663	1521	0	0	0	0	0	0	1663014195448
1663	1521	0	0	0	0	0	0	1663014196468
1663	1521	0	0	0	0	0	0	1663014197488
1663	1521	0	0	0	0	0	0	1663014198508
1663	1521	0	0	0	0	0	0	1663014199528
1662	1521	0	0	0	0	0	0	1663014200548
1660	1521	0	0	0	0	0	0	1663014201568
1656	1521	0	0	0	0	0	0	1663014202588
1651	1521	0	0	0	0	0	0	1663014203608
1646	1521	0	0	0	0	0	0	1663014204628
1642	1521	0	0	0	0	0	0	1663014205648
1640	1521	0	0	0	0	0	0	1663014206668
1638	1521	0	0	0	0	0	0	1663014207688
1637	1521	0	0	0	0	0	0	1663014208708
1636	1521	0	0	0	0	0	0	1663014209728
1635	1521	0	0	0	0	0	0	1663014210748
1635	1521	0	0	0	0	0	0	1663014211768
1635	1521	0	0	0	0	0	0	1663014212788
1635	1521	0	0	0	0	0	0	1663014213808
1635	1521	0	0	0	0	0	0	1663014214828
1635	1521	0	0	0	0	0	0	1663014215848
1635	1521	0	0	0	0	0	0	1663014216868
1635	1521	0	0	0	0	0	0	1663014217888
1635	1521	0	0	0	0	0	0	1663014218908
1635	1521	0	0	0	0	0	0	1663014219928
1635	1521	0	0	0	0	0	0	1663014220948
1635	1521	0	0	0	0	0	0	1663014221968
1635	1521	0	0	0	0	0	0	1663014222988
1635	1521	0	0	0	0	0	0	1663014224008
1635	1521	0	0	0	0	0	0	1663014225028
1635	1521	0	0	0	0	0	0	1663014226048
1635	1521	0	0	0	0	0	0	1663014227068
1635	1521	0	0	0	0	0	0	1663014228088
1635	1521	0	0	0	0	0	0	1663014229108
1635	1521	0	0	0	0	0	0	1663014230128
1635	1521	0	0	0	0	0	0	1663014231148
1635	1521	0	0	0	0	0	0	1663014232168
1635	1521	0	0	0	0	0	0	1663014233188
1635	1521	0	0	0	0	0	0	1663014234208
1635	1521	0	0	0	0	0	0	1663014235228
1635	1521	0	0	0	0	0	0	1663014236248
1634	1521	0	0	0	0	0	0	1663014237268
1630	1521	0	0	0	0	0	0	1663014238288
1626	1521	0	0	0	0	0	0	1663014239308
1620	1521	0	0	0	0	0	0	1663014240328
1615	1520	0	0	0	0	0	0	1663014241348
1612	1520	0	0	0	0	0	0	1663014242368
1610	1519	0	0	0	0	0	0	1663014243388
1609	1519	0	0	0	0	0	0	1663014244408
1608	1518	0	0	0	0	0	0	1663014245428
1608	1517	0	0	0	0	0	0	1663014246448
1608	1515	0	0	0	0	0	0	1663014247468
1608	1513	0	0	0	0	0	0	1663014248488
1608	1510	0	0	0	0	0	0	1663014249508
1608	1507	0	0	0	0	0	0	1663014250528
1608	1504	0	0	0	0	0	0	1663014251548
1608	1502	0	0	0	0	0	0	1663014252568
1608	1500	0	0	0	0	0	0	1663014253588
1608	1498	0	0	0	0	0	0	1663014254608
1608	1497	0	0	0	0	0	0	1663014255628
1608	1496	0	0	0	0	0	0	1663014256648
1608	1495	0	0	0	0	0	0	1663014257668
1608	1494	0	0	0	0	0	0	1663014258688
1607	1494	0	0	0	0	0	0	1663014259708
1607	1494	0	0	0	0	0	0	1663014260728
1607	1494	0	0	0	0	0	0	1663014261748
1607	1494	0	0	0	0	0	0	1663014262768
1607	1494	0	0	0	0	0	0	1663014263788
1607	1494	0	0	0	0	0	0	1663014264808
1607	1494	0	0	0	0	0	0	1663014265828
1607	1494	0	0	0	0	0	0	1663014266848
1607	1494	0	0	0	0	0	0	1663014267868
1607	1494	0	0	0	0	0	0	1663014268888
1607	1494	0	0	0	0	0	0	1663014269908
1607	1494	0	0	0	0	0	0	1663014270928
1607	1494	0	0	0	0	0	0	1663014271948
1607	1493	0	0	0	0	0	0	1663014272968
1607	1493	0	0	0	0	0	0	1663014273988
1607	1493	0	0	0	0	0	0	1663014275008
1607	1493	0	0	0	0	0	0	1663014276028
1606	1493	0	0	0	0	0	0	1663014277048
1605	1493	0	0	0	0	0	0	1663014278068
1604	1493	0	0	0	0	0	0	1663014279088
1600	1493	0	0	0	0	0	0	1663014280108
1595	1493	0	0	0	0	0	0	1663014281128
1591	1493	0	0	0	0	0	0	1663014282148
1589	1493	0	0	0	0	0	0	1663014283168
1585	1493	0	0	0	0	0	0	1663014284188
1583	1493	0	0	0	0	0	0	1663014285208
1582	1493	0	0	0	0	0	0	1663014286228
1581	1493	0	0	0	0	0	0	1663014287248
1580	1493	0	0	0	0	0	0	1663014288268
1580	1493	0	0	0	0	0	0	1663014289288
1580	1493	0	0	0	0	0	0	1663014290308
1580	1493	0	0	0	0	0	0	1663014291328
1580	1493	0	0	0	0	0	0	1663014292348
1580	1493	0	0	0	0	0	0	1663014293368
1579	1493	0	0	0	0	0	0	1663014294388
1579	1493	0	0	0	0	0	0	1663014295408
1579	1493	0	0	0	0	0	0	1663014296428
1579	1493	0	0	0	0	0	0	1663014297448
1579	1493	0	0	0	0	0	0	1663014298468
1579	1493	0	0	0	0	0	0	1663014299488
1579	1493	0	0	0	0	0	0	1663014300508
1579	1493	0	0	0	0	0	0	1663014301528
1579	1493	0	0	0	0	0	0	1663014302548
1579	1493	0	0	0	0	0	0	1663014303568
1579	1493	0	0	0	0	0	0	1663014304588
1579	1493	0	0	0	0	0	0	1663014305608
1579	1493	0	0	0	0	0	0	1663014306628
1579	1493	0	0	0	0	0	0	1663014307648
1579	1493	0	0	0	0	0	0	1663014308668
1579	1493	0	0	0	0	0	0	1663014309688
1579	1493	0	0	0	0	0	0	1663014310708
1579	1493	0	0	0	0	0	0	1663014311728
1579	1493	0	0	0	0	0	0	1663014312748
1579	1493	0	0	0	0	0	0	1663014313768
1579	1493	0	0	0	0	0	0	1663014314788
1578	1493	0	0	0	0	0	0	1663014315808
1577	1493	0	0	0	0	0	0	1663014316828
1574	1493	0	0	0	0	0	0	1663014317848
1571	1493	0	0	0	0	0	0	1663014318868
1570	1493	0	0	0	0	0	0	1663014319888
1567	1493	0	0	0	0	0	0	1663014320908
1563	1493	0	0	0	0	0	0	1663014321928
1560	1493	0	0	0	0	0	0	1663014322948
1558	1493	0	0	0	0	0	0	1663014323968
1556	1493	0	0	0	0	0	0	1663014324988
1554	1492	0	0	0	0	0	0	1663014326008
1553	1492	0	0	0	0	0	0	1663014327028
1552	1492	0	0	0	0	0	0	1663014328048
1552	1492	0	0	0	0	0	0	1663014329068
1552	1492	0	0	0	0	0	0	1663014330088
1552	1492	0	0	0	0	0	0	1663014331108
1552	1491	0	0	0	0	0	0	1663014332128
1552	1490	0	0	0	0	0	0	1663014333148
1552	1489	0	0	0	0	0	0	1663014334168
1552	1487	0	0	0	0	0	0	1663014335188
1552	1487	0	0	0	0	0	0	1663014336208
1552	1485	0	0	0	0	0	0	1663014337228
1552	1484	0	0	0	0	0	0	1663014338248
1552	1480	0	0	0	0	0	0	1663014339268
1552	1479	0	0	0	0	0	0	1663014340288
1551	1478	0	0	0	0	0	0	1663014341308
1551	1477	0	0	0	0	0	0	1663014342328
1551	1476	0	0	0	0	0	0	1663014343348
1551	1473	0	0	0	0	0	0	1663014344368
1551	1471	0	0	0	0	0	0	1663014345388
1551	1470	0	0	0	0	0	0	1663014346408
1552	1470	0	0	0	0	0	0	1663014347428
1552	1468	0	0	0	0	0	0	1663014348448
1551	1469	0	0	0	0	0	0	1663014349468
1551	1468	0	0	0	0	0	0	1663014350488
1551	1467	0	0	0	0	0	0	1663014351508
1551	1467	0	0	0	0	0	0	1663014352528
1551	1466	0	0	0	0	0	0	1663014353548
1551	1466	0	0	0	0	0	0	1663014354568
1551	1466	0	0	0	0	0	0	1663014355588
1551	1466	0	0	0	0	0	0	1663014356608
1551	1466	0	0	0	0	0	0	1663014357628
1551	1466	0	0	0	0	0	0	1663014358648
1551	1466	0	0	0	0	0	0	1663014359668
1551	1466	0	0	0	0	0	0	1663014360688
1551	1466	0	0	0	0	0	0	1663014361708
1551	1466	0	0	0	0	0	0	1663014362728
1551	1466	0	0	0	0	0	0	1663014363748
1551	1466	0	0	0	0	0	0	1663014364768
1551	1466	0	0	0	0	0	0	1663014365788
1551	1466	0	0	0	0	0	0	1663014366808
1551	1466	0	0	0	0	0	0	1663014367828
1551	1466	0	0	0	0	0	0	1663014368848
1550	1466	0	0	0	0	0	0	1663014369868
1549	1466	0	0	0	0	0	0	1663014370888
1547	1466	0	0	0	0	0	0	1663014371908
1544	1466	0	0	0	0	0	0	1663014372928
1539	1466	0	0	0	0	0	0	1663014373948
1537	1466	0	0	0	0	0	0	1663014374968
1535	1466	0	0	0	0	0	0	1663014375988
1532	1466	0	0	0	0	0	0	1663014377008
1529	1466	0	0	0	0	0	0	1663014378028
1527	1466	0	0	0	0	0	0	1663014379048
1526	1466	0	0	0	0	0	0	1663014380068
1525	1466	0	0	0	0	0	0	1663014381088
1524	1466	0	0	0	0	0	0	1663014382108
1524	1466	0	0	0	0	0	0	1663014383128
1524	1466	0	0	0	0	0	0	1663014384148
1524	1466	0	0	0	0	0	0	1663014385168
1524	1466	0	0	0	0	0	0	1663014386188
1524	1466	0	0	0	0	0	0	1663014387208
1524	1466	0	0	0	0	0	0	1663014388228
1523	1466	0	0	0	0	0	0	1663014389248
1523	1466	0	0	0	0	0	0	1663014390268
1523	1466	0	0	0	0	0	0	1663014391288
1523	1466	0	0	0	0	0	0	1663014392308
1523	1466	0	0	0	0	0	0	1663014393328
1523	1466	0	0	0	0	0	0	1663014394348
1523	1466	0	0	0	0	0	0	1663014395368
1523	1465	0	0	0	0	0	0	1663014396388
1523	1465	0	0	0	0	0	0	1663014397408
1523	1465	0	0	0	0	0	0	1663014398428
1523	1465	0	0	0	0	0	0	1663014399448
1523	1465	0	0	0	0	0	0	1663014400468
1523	1465	0	0	0	0	0	0	1663014401488
1523	1465	0	0	0	0	0	0	1663014402508
1523	1465	0	0	0	0	0	0	1663014403528
1523	1465	0	0	0	0	0	0	1663014404548
1523	1465	0	0	0	0	0	0	1663014405568
1523	1465	0	0	0	0	0	0	1663014406588
1523	1465	0	0	0	0	0	0	1663014407608
1523	1465	0	0	0	0	0	0	1663014408628
1523	1465	0	0	0	0	0	0	1663014409648
1523	1465	0	0	0	0	0	0	1663014410668
1523	1465	0	0	0	0	0	0	1663014411688
1523	1465	0	0	0	0	0	0	1663014412708
1523	1465	0	0	0	0	0	0	1663014413728
1523	1465	0	0	0	0	0	0	1663014414748
1523	1465	0	0	0	0	0	0	1663014415768
1523	1465	0	0	0	0	0	0	1663014416788
1523	1465	0	0	0	0	0	0	1663014417808
1523	1465	0	0	0	0	0	0	1663014418828
1523	1465	0	0	0	0	0	0	1663014419848
1523	1465	0	0	0	0	0	0	1663014420868
1523	1465	0	0	0	0	0	0	1663014421888
1523	1465	0	0	0	0	0	0	1663014422908
1523	1465	0	0	0	0	0	0	1663014423928
1523	1465	0	0	0	0	0	0	1663014424948
1523	1465	0	0	0	0	0	0	1663014425968
1522	1465	0	0	0	0	0	0	1663014426988
1522	1465	0	0	0	0	0	0	1663014428008
1522	1465	0	0	0	0	0	0	1663014429028
1521	1465	0	0	0	0	0	0	1663014430048
1520	1465	0	0	0	0	0	0	1663014431068
1519	1465	0	0	0	0	0	0	1663014432088
1517	1465	0	0	0	0	0	0	1663014433108
1513	1465	0	0	0	0	0	0	1663014434128
1510	1465	0	0	0	0	0	0	1663014435148
1508	1465	0	0	0	0	0	0	1663014436168
1506	1465	0	0	0	0	0	0	1663014437188
1503	1465	0	0	0	0	0	0	1663014438208
1500	1465	0	0	0	0	0	0	1663014439228
1498	1465	0	0	0	0	0	0	1663014440248
1497	1465	0	0	0	0	0	0	1663014441268
1496	1465	0	0	0	0	0	0	1663014442288
1496	1465	0	0	0	0	0	0	1663014443308
1496	1465	0	0	0	0	0	0	1663014444328
1496	1465	0	0	0	0	0	0	1663014445348
1496	1465	0	0	0	0	0	0	1663014446368
1496	1465	0	0	0	0	0	0	1663014447388
1496	1465	0	0	0	0	0	0	1663014448408
1496	1465	0	0	0	0	0	0	1663014449428
1496	1464	0	0	0	0	0	0	1663014450448
1496	1464	0	0	0	0	0	0	1663014451468
1496	1463	0	0	0	0	0	0	1663014452488
1496	1463	0	0	0	0	0	0	1663014453508
1496	1462	0	0	0	0	0	0	1663014454528
1496	1462	0	0	0	0	0	0	1663014455548
1496	1463	0	0	0	0	0	0	1663014456568
1496	1462	0	0	0	0	0	0	1663014457588
1495	1462	0	0	0	0	0	0	1663014458608
1496	1461	0	0	0	0	0	0	1663014459628
1496	1460	0	0	0	0	0	0	1663014460648
1496	1460	0	0	0	0	0	0	1663014461668
1496	1459	0	0	0	0	0	0	1663014462688
1496	1460	0	0	0	0	0	0	1663014463708
1496	1458	0	0	0	0	0	0	1663014464728
1508	1457	0	0	0	0	0	0	1663014465748
1503	1454	0	0	0	0	0	0	1663014466768
1500	1453	0	0	0	0	0	0	1663014467788
1498	1453	0	0	0	0	0	0	1663014468808
1497	1453	0	0	0	0	0	0	1663014469828
1496	1451	0	0	0	0	0	0	1663014470848
1495	1448	0	0	0	0	0	0	1663014471868
1495	1448	0	0	0	0	0	0	1663014472888
1495	1446	0	0	0	0	0	0	1663014473908
1495	1444	0	0	0	0	0	0	1663014474928
1495	1443	0	0	0	0	0	0	1663014475948
1496	1443	0	0	0	0	0	0	1663014476968
1496	1441	0	0	0	0	0	0	1663014477988
1496	1440	0	0	0	0	0	0	1663014479008
1496	1440	0	0	0	0	0	0	1663014480028
1496	1440	0	0	0	0	0	0	1663014481048
1496	1440	0	0	0	0	0	0	1663014482068
1495	1439	0	0	0	0	0	0	1663014483088
1495	1439	0	0	0	0	0	0	1663014484108
1495	1439	0	0	0	0	0	0	1663014485128
1495	1438	0	0	0	0	0	0	1663014486148
1495	1438	0	0	0	0	0	0	1663014487168
1495	1438	0	0	0	0	0	0	1663014488188
1495	1438	0	0	0	0	0	0	1663014489208
1495	1438	0	0	0	0	0	0	1663014490228
1494	1438	0	0	0	0	0	0	1663014491248
1491	1438	0	0	0	0	0	0	1663014492268
1489	1438	0	0	0	0	0	0	1663014493288
1490	1438	0	0	0	0	0	0	1663014494308
1490	1438	0	0	0	0	0	0	1663014495328
1488	1438	0	0	0	0	0	0	1663014496348
1484	1438	0	0	0	0	0	0	1663014497368
1483	1438	0	0	0	0	0	0	1663014498388
1481	1438	0	0	0	0	0	0	1663014499408
1479	1438	0	0	0	0	0	0	1663014500428
1476	1438	0	0	0	0	0	0	1663014501448
1474	1438	0	0	0	0	0	0	1663014502468
1472	1438	0	0	0	0	0	0	1663014503488
1470	1438	0	0	0	0	0	0	1663014504508
1470	1438	0	0	0	0	0	0	1663014505528
1469	1438	0	0	0	0	0	0	1663014506548
1469	1438	0	0	0	0	0	0	1663014507568
1469	1438	0	0	0	0	0	0	1663014508588
1469	1438	0	0	0	0	0	0	1663014509608
1469	1438	0	0	0	0	0	0	1663014510628
1469	1438	0	0	0	0	0	0	1663014511648
1469	1438	0	0	0	0	0	0	1663014512668
1468	1438	0	0	0	0	0	0	1663014513688
1469	1438	0	0	0	0	0	0	1663014514708
1468	1438	0	0	0	0	0	0	1663014515728
1468	1438	0	0	0	0	0	0	1663014516748
1468	1438	0	0	0	0	0	0	1663014517768
1468	1438	0	0	0	0	0	0	1663014518788
1468	1438	0	0	0	0	0	0	1663014519808
1468	1438	0	0	0	0	0	0	1663014520828
1468	1438	0	0	0	0	0	0	1663014521848
1468	1438	0	0	0	0	0	0	1663014522868
1468	1438	0	0	0	0	0	0	1663014523888
1467	1438	0	0	0	0	0	0	1663014524908
1467	1438	0	0	0	0	0	0	1663014525928
1467	1438	0	0	0	0	0	0	1663014526948
1467	1438	0	0	0	0	0	0	1663014527968
1467	1438	0	0	0	0	0	0	1663014528988
1467	1438	0	0	0	0	0	0	1663014530008
1467	1438	0	0	0	0	0	0	1663014531028
1467	1438	0	0	0	0	0	0	1663014532048
1467	1438	0	0	0	0	0	0	1663014533068
1467	1438	0	0	0	0	0	0	1663014534088
1468	1438	0	0	0	0	0	0	1663014535108
1468	1438	0	0	0	0	0	0	1663014536128
1468	1438	0	0	0	0	0	0	1663014537148
1468	1438	0	0	0	0	0	0	1663014538168
1468	1438	0	0	0	0	0	0	1663014539188
1468	1438	0	0	0	0	0	0	1663014540208
1468	1438	0	0	0	0	0	0	1663014541228
1468	1438	0	0	0	0	0	0	1663014542248
1468	1438	0	0	0	0	0	0	1663014543268
1468	1438	0	0	0	0	0	0	1663014544288
1468	1438	0	0	0	0	0	0	1663014545308
1468	1438	0	0	0	0	0	0	1663014546328
1468	1438	0	0	0	0	0	0	1663014547348
1468	1438	0	0	0	0	0	0	1663014548368
1468	1438	0	0	0	0	0	0	1663014549388
1468	1438	0	0	0	0	0	0	1663014550408
1468	1438	0	0	0	0	0	0	1663014551428
1468	1438	0	0	0	0	0	0	1663014552448
1468	1438	0	0	0	0	0	0	1663014553468
1468	1438	0	0	0	0	0	0	1663014554488
1468	1438	0	0	0	0	0	0	1663014555508
1468	1438	0	0	0	0	0	0	1663014556528
1468	1438	0	0	0	0	0	0	1663014557548
1468	1438	0	0	0	0	0	0	1663014558568
1468	1438	0	0	0	0	0	0	1663014559588
1468	1438	0	0	0	0	0	0	1663014560608
1468	1438	0	0	0	0	0	0	1663014561628
1468	1438	0	0	0	0	0	0	1663014562648
1468	1438	0	0	0	0	0	0	1663014563668
1468	1438	0	0	0	0	0	0	1663014564688
1467	1438	0	0	0	0	0	0	1663014565708
1467	1438	0	0	0	0	0	0	1663014566728
1467	1438	0	0	0	0	0	0	1663014567748
1467	1438	0	0	0	0	0	0	1663014568768
1467	1438	0	0	0	0	0	0	1663014569788
1466	1438	0	0	0	0	0	0	1663014570808
1466	1438	0	0	0	0	0	0	1663014571828
1464	1438	0	0	0	0	0	0	1663014572848
1461	1438	0	0	0	0	0	0	1663014573868
1459	1438	0	0	0	0	0	0	1663014574888
1458	1438	0	0	0	0	0	0	1663014575908
1457	1438	0	0	0	0	0	0	1663014576928
1454	1438	0	0	0	0	0	0	1663014577948
1450	1438	0	0	0	0	0	0	1663014578968
1446	1438	0	0	0	0	0	0	1663014579988
1445	1438	0	0	0	0	0	0	1663014581008
1444	1438	0	0	0	0	0	0	1663014582028
1442	1438	0	0	0	0	0	0	1663014583048
1441	1438	0	0	0	0	0	0	1663014584068
1441	1438	0	0	0	0	0	0	1663014585088
1440	1438	0	0	0	0	0	0	1663014586108
1440	1438	0	0	0	0	0	0	1663014587128
1440	1438	0	0	0	0	0	0	1663014588148
1440	1438	0	0	0	0	0	0	1663014589168
1440	1438	0	0	0	0	0	0	1663014590188
1440	1438	0	0	0	0	0	0	1663014591208
1440	1438	0	0	0	0	0	0	1663014592228
1440	1438	0	0	0	0	0	0	1663014593248
1440	1438	0	0	0	0	0	0	1663014594268
1440	1438	0	0	0	0	0	0	1663014595288
1440	1438	0	0	0	0	0	0	1663014596308
1440	1438	0	0	0	0	0	0	1663014597328
1440	1438	0	0	0	0	0	0	1663014598348
1440	1438	0	0	0	0	0	0	1663014599368
1440	1438	0	0	0	0	0	0	1663014600388
1440	1438	0	0	0	0	0	0	1663014601408
1440	1438	0	0	0	0	0	0	1663014602428
1440	1438	0	0	0	0	0	0	1663014603448
1440	1438	0	0	0	0	0	0	1663014604468
1440	1438	0	0	0	0	0	0	1663014605488
1440	1438	0	0	0	0	0	0	1663014606508
1440	1438	0	0	0	0	0	0	1663014607528
1440	1438	0	0	0	0	0	0	1663014608548
1440	1438	0	0	0	0	0	0	1663014609568
1440	1438	0	0	0	0	0	0	1663014610588
1440	1438	0	0	0	0	0	0	1663014611608
1440	1438	0	0	0	0	0	0	1663014612628
1440	1438	0	0	0	0	0	0	1663014613648
1439	1438	0	0	0	0	0	0	1663014614668
1439	1438	0	0	0	0	0	0	1663014615688
1439	1438	0	0	0	0	0	0	1663014616708
1439	1438	0	0	0	0	0	0	1663014617728
1439	1438	0	0	0	0	0	0	1663014618748
1439	1438	0	0	0	0	0	0	1663014619768
1439	1438	0	0	0	0	0	0	1663014620788
1439	1438	0	0	0	0	0	0	1663014621808
1439	1438	0	0	0	0	0	0	1663014622828
1439	1438	0	0	0	0	0	0	1663014623848
1439	1438	0	0	0	0	0	0	1663014624868
1439	1438	0	0	0	0	0	0	1663014625888
1439	1438	0	0	0	0	0	0	1663014626908
1439	1438	0	0	0	0	0	0	1663014627928
1439	1438	0	0	0	0	0	0	1663014628948
1439	1438	0	0	0	0	0	0	1663014629968
1439	1438	0	0	0	0	0	0	1663014630988
1439	1438	0	0	0	0	0	0	1663014632008
1439	1438	0	0	0	0	0	0	1663014633028
1439	1438	0	0	0	0	0	0	1663014634048
1439	1438	0	0	0	0	0	0	1663014635068
1439	1438	0	0	0	0	0	0	1663014636088
1439	1438	0	0	0	0	0	0	1663014637108
1439	1438	0	0	0	0	0	0	1663014638128
1439	1438	0	0	0	0	0	0	1663014639148
1439	1438	0	0	0	0	0	0	1663014640168
1439	1438	0	0	0	0	0	0	1663014641188
1439	1438	0	0	0	0	0	0	1663014642208
1439	1438	0	0	0	0	0	0	1663014643228
1439	1438	0	0	0	0	0	0	1663014644248
1439	1438	0	0	0	0	0	0	1663014645268
1439	1438	0	0	0	0	0	0	1663014646288
1440	1438	0	0	0	0	0	0	1663014647308
1440	1438	0	0	0	0	0	0	1663014648328
1439	1438	0	0	0	0	0	0	1663014649348
1438	1438	0	0	0	0	0	0	1663014650368
1437	1438	0	0	0	0	0	0	1663014651388
1436	1438	0	0	0	0	0	0	1663014652408
1434	1438	0	0	0	0	0	0	1663014653428
1432	1438	0	0	0	0	0	0	1663014654448
1431	1438	0	0	0	0	0	0	1663014655468
1430	1438	0	0	0	0	0	0	1663014656488
1428	1438	0	0	0	0	0	0	1663014657508
1425	1438	0	0	0	0	0	0	1663014658528
1424	1438	0	0	0	0	0	0	1663014659548
1421	1437	0	0	0	0	0	0	1663014660568
1419	1437	0	0	0	0	0	0	1663014661588
1419	1437	0	0	0	0	0	0	1663014662608
1419	1437	0	0	0	0	0	0	1663014663628
1416	1437	0	0	0	0	0	0	1663014664648
1414	1437	0	0	0	0	0	0	1663014665668
1413	1437	0	0	0	0	0	0	1663014666688
1412	1437	0	0	0	0	0	0	1663014667708
1412	1437	0	0	0	0	0	0	1663014668728
1412	1437	0	0	0	0	0	0	1663014669748
1412	1437	0	0	0	0	0	0	1663014670768
1412	1437	0	0	0	0	0	0	1663014671788
1412	1437	0	0	0	0	0	0	1663014672808
1412	1437	0	0	0	0	0	0	1663014673828
1412	1437	0	0	0	0	0	0	1663014674848
1412	1437	0	0	0	0	0	0	1663014675868
1412	1437	0	0	0	0	0	0	1663014676888
1412	1437	0	0	0	0	0	0	1663014677908
1412	1437	0	0	0	0	0	0	1663014678928
1412	1437	0	0	0	0	0	0	1663014679948
1412	1437	0	0	0	0	0	0	1663014680968
1412	1437	0	0	0	0	0	0	1663014681988
1412	1437	0	0	0	0	0	0	1663014683008
1412	1437	0	0	0	0	0	0	1663014684028
1412	1437	0	0	0	0	0	0	1663014685048
1412	1437	0	0	0	0	0	0	1663014686068
1412	1437	0	0	0	0	0	0	1663014687088
1412	1437	0	0	0	0	0	0	1663014688108
1412	1437	0	0	0	0	0	0	1663014689128
1412	1437	0	0	0	0	0	0	1663014690148
1412	1437	0	0	0	0	0	0	1663014691168
1412	1437	0	0	0	0	0	0	1663014692188
1412	1437	0	0	0	0	0	0	1663014693208
1412	1437	0	0	0	0	0	0	1663014694228
1412	1437	0	0	0	0	0	0	1663014695248
1412	1437	0	0	0	0	0	0	1663014696268
1412	1437	0	0	0	0	0	0	1663014697288
1412	1437	0	0	0	0	0	0	1663014698308
1412	1437	0	0	0	0	0	0	1663014699328
1412	1437	0	0	0	0	0	0	1663014700348
1412	1437	0	0	0	0	0	0	1663014701368
1412	1437	0	0	0	0	0	0	1663014702388
1412	1437	0	0	0	0	0	0	1663014703408
1412	1437	0	0	0	0	0	0	1663014704428
1411	1437	0	0	0	0	0	0	1663014705448
1411	1437	0	0	0	0	0	0	1663014706468
1411	1437	0	0	0	0	0	0	1663014707488
1411	1437	0	0	0	0	0	0	1663014708508
1411	1437	0	0	0	0	0	0	1663014709528
1411	1436	0	0	0	0	0	0	1663014710548
1411	1437	0	0	0	0	0	0	1663014711568
1411	1437	0	0	0	0	0	0	1663014712588
1411	1437	0	0	0	0	0	0	1663014713608
1411	1436	0	0	0	0	0	0	1663014714628
1411	1436	0	0	0	0	0	0	1663014715648
1411	1436	0	0	0	0	0	0	1663014716668
1411	1436	0	0	0	0	0	0	1663014717688
1411	1435	0	0	0	0	0	0	1663014718708
1411	1435	0	0	0	0	0	0	1663014719728
1411	1435	0	0	0	0	0	0	1663014720748
1411	1435	0	0	0	0	0	0	1663014721768
1412	1435	0	0	0	0	0	0	1663014722788
1412	1435	0	0	0	0	0	0	1663014723808
1412	1434	0	0	0	0	0	0	1663014724828
1412	1432	0	0	0	0	0	0	1663014725848
1412	1432	0	0	0	0	0	0	1663014726868
1412	1433	0	0	0	0	0	0	1663014727888
1412	1433	0	0	0	0	0	0	1663014728908
1412	1434	0	0	0	0	0	0	1663014729928
1412	1435	0	0	0	0	0	0	1663014730948
1412	1434	0	0	0	0	0	0	1663014731968
1411	1434	0	0	0	0	0	0	1663014732988
1411	1432	0	0	0	0	0	0	1663014734008
1411	1431	0	0	0	0	0	0	1663014735028
1410	1429	0	0	0	0	0	0	1663014736048
1410	1429	0	0	0	0	0	0	1663014737068
1411	1430	0	0	0	0	0	0	1663014738088
1411	1431	0	0	0	0	0	0	1663014739108
1411	1433	0	0	0	0	0	0	1663014740128
1411	1434	0	0	0	0	0	0	1663014741148
1411	1434	0	0	0	0	0	0	1663014742168
1411	1433	0	0	0	0	0	0	1663014743188
1411	1435	0	0	0	0	0	0	1663014744208
1411	1434	0	0	0	0	0	0	1663014745228
1411	1435	0	0	0	0	0	0	1663014746248
1411	1436	0	0	0	0	0	0	1663014747268
1412	1435	0	0	0	0	0	0	1663014748288
1412	1435	0	0	0	0	0	0	1663014749308
1412	1436	0	0	0	0	0	0	1663014750328
1412	1436	0	0	0	0	0	0	1663014751348
1412	1435	0	0	0	0	0	0	1663014752368
1411	1435	0	0	0	0	0	0	1663014753388
1411	1435	0	0	0	0	0	0	1663014754408
1411	1435	0	0	0	0	0	0	1663014755428
1410	1436	0	0	0	0	0	0	1663014756448
1409	1436	0	0	0	0	0	0	1663014757468
1408	1436	0	0	0	0	0	0	1663014758488
1406	1435	0	0	0	0	0	0	1663014759508
1404	1435	0	0	0	0	0	0	1663014760528
1402	1435	0	0	0	0	0	0	1663014761548
1399	1434	0	0	0	0	0	0	1663014762568
1398	1433	0	0	0	0	0	0	1663014763588
1397	1433	0	0	0	0	0	0	1663014764608
1394	1434	0	0	0	0	0	0	1663014765628
1392	1432	0	0	0	0	0	0	1663014766648
1391	1431	0	0	0	0	0	0	1663014767668
1388	1432	0	0	0	0	0	0	1663014768688
1386	1431	0	0	0	0	0	0	1663014769708
1386	1433	0	0	0	0	0	0	1663014770728
1385	1431	0	0	0	0	0	0	1663014771748
1385	1433	0	0	0	0	0	0	1663014772768
1384	1432	0	0	0	0	0	0	1663014773788
1384	1431	0	0	0	0	0	0	1663014774808
1384	1429	0	0	0	0	0	0	1663014775828
1384	1431	0	0	0	0	0	0	1663014776848
1384	1429	0	0	0	0	0	0	1663014777868
1384	1425	0	0	0	0	0	0	1663014778888
1384	1426	0	0	0	0	0	0	1663014779908
1384	1428	0	0	0	0	0	0	1663014780928
1384	1427	0	0	0	0	0	0	1663014781948
1384	1429	0	0	0	0	0	0	1663014782968
1384	1428	0	0	0	0	0	0	1663014783988
1384	1429	0	0	0	0	0	0	1663014785008
1384	1429	0	0	0	0	0	0	1663014786028
1384	1428	0	0	0	0	0	0	1663014787048
1384	1428	0	0	0	0	0	0	1663014788068
1384	1428	0	0	0	0	0	0	1663014789088
1384	1427	0	0	0	0	0	0	1663014790108
1384	1426	0	0	0	0	0	0	1663014791128
1384	1426	0	0	0	0	0	0	1663014792148
1384	1426	0	0	0	0	0	0	1663014793168
1384	1425	0	0	0	0	0	0	1663014794188
1384	1426	0	0	0	0	0	0	1663014795208
1384	1425	0	0	0	0	0	0	1663014796228
1384	1423	0	0	0	0	0	0	1663014797248
1384	1425	0	0	0	0	0	0	1663014798268
1384	1425	0	0	0	0	0	0	1663014799288
1384	1425	0	0	0	0	0	0	1663014800308
1384	1425	0	0	0	0	0	0	1663014801328
1384	1426	0	0	0	0	0	0	1663014802348
1384	1427	0	0	0	0	0	0	1663014803368
1384	1426	0	0	0	0	0	0	1663014804388
1384	1425	0	0	0	0	0	0	1663014805408
1384	1426	0	0	0	0	0	0	1663014806428
1384	1425	0	0	0	0	0	0	1663014807448
1384	1426	0	0	0	0	0	0	1663014808468
1384	1425	0	0	0	0	0	0	1663014809488
1384	1425	0	0	0	0	0	0	1663014810508
1384	1424	0	0	0	0	0	0	1663014811528
1384	1423	0	0	0	0	0	0	1663014812548
1384	1423	0	0	0	0	0	0	1663014813568
1384	1423	0	0	0	0	0	0	1663014814588
1384	1423	0	0	0	0	0	0	1663014815608
1384	1423	0	0	0	0	0	0	1663014816628
1384	1422	0	0	0	0	0	0	1663014817648
1384	1421	0	0	0	0	0	0	1663014818668
1384	1421	0	0	0	0	0	0	1663014819688
1384	1422	0	0	0	0	0	0	1663014820708
1384	1421	0	0	0	0	0	0	1663014821728
1384	1420	0	0	0	0	0	0	1663014822748
1384	1421	0	0	0	0	0	0	1663014823768
1384	1419	0	0	0	0	0	0	1663014824788
1384	1419	0	0	0	0	0	0	1663014825808
1384	1418	0	0	0	0	0	0	1663014826828
1384	1418	0	0	0	0	0	0	1663014827848
1384	1417	0	0	0	0	0	0	1663014828868
1384	1417	0	0	0	0	0	0	1663014829888
1384	1417	0	0	0	0	0	0	1663014830908
1384	1417	0	0	0	0	0	0	1663014831928
1384	1416	0	0	0	0	0	0	1663014832948
1384	1417	0	0	0	0	0	0	1663014833968
1384	1415	0	0	0	0	0	0	1663014834988
1384	1416	0	0	0	0	0	0	1663014836008
1384	1413	0	0	0	0	0	0	1663014837028
1384	1414	0	0	0	0	0	0	1663014838048
1384	1414	0	0	0	0	0	0	1663014839068
1384	1414	0	0	0	0	0	0	1663014840088
1384	1413	0	0	0	0	0	0	1663014841108
1384	1413	0	0	0	0	0	0	1663014842128
1384	1412	0	0	0	0	0	0	1663014843148
1384	1412	0	0	0	0	0	0	1663014844168
1384	1411	0	0	0	0	0	0	1663014845188
1384	1412	0	0	0	0	0	0	1663014846208
1384	1412	0	0	0	0	0	0	1663014847228
1384	1411	0	0	0	0	0	0	1663014848248
1383	1411	0	0	0	0	0	0	1663014849268
1383	1411	0	0	0	0	0	0	1663014850288
1383	1411	0	0	0	0	0	0	1663014851308
1383	1411	0	0	0	0	0	0	1663014852328
1382	1412	0	0	0	0	0	0	1663014853348
1383	1412	0	0	0	0	0	0	1663014854368
1383	1412	0	0	0	0	0	0	1663014855388
1381	1411	0	0	0	0	0	0	1663014856408
1382	1411	0	0	0	0	0	0	1663014857428
1383	1411	0	0	0	0	0	0	1663014858448
1384	1411	0	0	0	0	0	0	1663014859468
1384	1411	0	0	0	0	0	0	1663014860488
1384	1411	0	0	0	0	0	0	1663014861508
1384	1411	0	0	0	0	0	0	1663014862528
1384	1411	0	0	0	0	0	0	1663014863548
1383	1411	0	0	0	0	0	0	1663014864568
1382	1412	0	0	0	0	0	0	1663014865588
1381	1411	0	0	0	0	0	0	1663014866608
1381	1411	0	0	0	0	0	0	1663014867628
1380	1411	0	0	0	0	0	0	1663014868648
1377	1411	0	0	0	0	0	0	1663014869668
1377	1411	0	0	0	0	0	0	1663014870688
1379	1411	0	0	0	0	0	0	1663014871708
1379	1411	0	0	0	0	0	0	1663014872728
1378	1411	0	0	0	0	0	0	1663014873748
1375	1411	0	0	0	0	0	0	1663014874768
1373	1411	0	0	0	0	0	0	1663014875788
1373	1412	0	0	0	0	0	0	1663014876808
1372	1412	0	0	0	0	0	0	1663014877828
1368	1412	0	0	0	0	0	0	1663014878848
1364	1412	0	0	0	0	0	0	1663014879868
1362	1411	0	0	0	0	0	0	1663014880888
1360	1411	0	0	0	0	0	0	1663014881908
1359	1411	0	0	0	0	0	0	1663014882928
1358	1411	0	0	0	0	0	0	1663014883948
1358	1411	0	0	0	0	0	0	1663014884968
1357	1411	0	0	0	0	0	0	1663014885988
1357	1411	0	0	0	0	0	0	1663014887008
1357	1410	0	0	0	0	0	0	1663014888028
1357	1410	0	0	0	0	0	0	1663014889048
1357	1410	0	0	0	0	0	0	1663014890068
1358	1410	0	0	0	0	0	0	1663014891088
1357	1410	0	0	0	0	0	0	1663014892108
1357	1410	0	0	0	0	0	0	1663014893128
1357	1410	0	0	0	0	0	0	1663014894148
1357	1410	0	0	0	0	0	0	1663014895168
1357	1410	0	0	0	0	0	0	1663014896188
1358	1410	0	0	0	0	0	0	1663014897208
1358	1410	0	0	0	0	0	0	1663014898228
1357	1410	0	0	0	0	0	0	1663014899248
1358	1410	0	0	0	0	0	0	1663014900268
1358	1410	0	0	0	0	0	0	1663014901288
1358	1410	0	0	0	0	0	0	1663014902308
1358	1410	0	0	0	0	0	0	1663014903328
1358	1410	0	0	0	0	0	0	1663014904348
1357	1410	0	0	0	0	0	0	1663014905368
1357	1410	0	0	0	0	0	0	1663014906388
1357	1410	0	0	0	0	0	0	1663014907408
1357	1410	0	0	0	0	0	0	1663014908428
1357	1410	0	0	0	0	0	0	1663014909448
1357	1410	0	0	0	0	0	0	1663014910468
1357	1410	0	0	0	0	0	0	1663014911488
1356	1410	0	0	0	0	0	0	1663014912508
1356	1411	0	0	0	0	0	0	1663014913528
1356	1411	0	0	0	0	0	0	1663014914548
1356	1410	0	0	0	0	0	0	1663014915568
1356	1410	0	0	0	0	0	0	1663014916588
1356	1410	0	0	0	0	0	0	1663014917608
1356	1410	0	0	0	0	0	0	1663014918628
1356	1410	0	0	0	0	0	0	1663014919648
1356	1410	0	0	0	0	0	0	1663014920668
1356	1410	0	0	0	0	0	0	1663014921688
1356	1410	0	0	0	0	0	0	1663014922708
1356	1410	0	0	0	0	0	0	1663014923728
1356	1410	0	0	0	0	0	0	1663014924748
1356	1410	0	0	0	0	0	0	1663014925768
1356	1410	0	0	0	0	0	0	1663014926788
1356	1410	0	0	0	0	0	0	1663014927808
1356	1410	0	0	0	0	0	0	1663014928828
1356	1410	0	0	0	0	0	0	1663014929848
1356	1410	0	0	0	0	0	0	1663014930868
1356	1410	0	0	0	0	0	0	1663014931888
1356	1410	0	0	0	0	0	0	1663014932908
1356	1410	0	0	0	0	0	0	1663014933928
1356	1410	0	0	0	0	0	0	1663014934948
1356	1410	0	0	0	0	0	0	1663014935968
1356	1410	0	0	0	0	0	0	1663014936988
1356	1410	0	0	0	0	0	0	1663014938008
1356	1410	0	0	0	0	0	0	1663014939028
1356	1410	0	0	0	0	0	0	1663014940048
1356	1410	0	0	0	0	0	0	1663014941068
1356	1410	0	0	0	0	0	0	1663014942088
1356	1410	0	0	0	0	0	0	1663014943108
1356	1410	0	0	0	0	0	0	1663014944128
1356	1410	0	0	0	0	0	0	1663014945148
1356	1410	0	0	0	0	0	0	1663014946168
1356	1410	0	0	0	0	0	0	1663014947188
1356	1410	0	0	0	0	0	0	1663014948208
1356	1410	0	0	0	0	0	0	1663014949228
1356	1410	0	0	0	0	0	0	1663014950248
1356	1410	0	0	0	0	0	0	1663014951268
1356	1410	0	0	0	0	0	0	1663014952288
1356	1410	0	0	0	0	0	0	1663014953308
1356	1410	0	0	0	0	0	0	1663014954328
1356	1410	0	0	0	0	0	0	1663014955348
1356	1410	0	0	0	0	0	0	1663014956368
1356	1410	0	0	0	0	0	0	1663014957388
1356	1410	0	0	0	0	0	0	1663014958408
1356	1410	0	0	0	0	0	0	1663014959428
1356	1410	0	0	0	0	0	0	1663014960448
1356	1410	0	0	0	0	0	0	1663014961468
1356	1410	0	0	0	0	0	0	1663014962488
1356	1410	0	0	0	0	0	0	1663014963508
1356	1410	0	0	0	0	0	0	1663014964528
1356	1410	0	0	0	0	0	0	1663014965548
1356	1410	0	0	0	0	0	0	1663014966568
1356	1410	0	0	0	0	0	0	1663014967588
1356	1410	0	0	0	0	0	0	1663014968608
1356	1410	0	0	0	0	0	0	1663014969628
1356	1410	0	0	0	0	0	0	1663014970648
1356	1410	0	0	0	0	0	0	1663014971668
1356	1410	0	0	0	0	0	0	1663014972688
1356	1410	0	0	0	0	0	0	1663014973708
1356	1410	0	0	0	0	0	0	1663014974728
1356	1410	0	0	0	0	0	0	1663014975748
1356	1410	0	0	0	0	0	0	1663014976768
1356	1410	0	0	0	0	0	0	1663014977788
1356	1410	0	0	0	0	0	0	1663014978808
1356	1410	0	0	0	0	0	0	1663014979828
1356	1410	0	0	0	0	0	0	1663014980848
1356	1410	0	0	0	0	0	0	1663014981868
1356	1410	0	0	0	0	0	0	1663014982888
1356	1410	0	0	0	0	0	0	1663014983908
1356	1410	0	0	0	0	0	0	1663014984928
1356	1410	0	0	0	0	0	0	1663014985948
1356	1410	0	0	0	0	0	0	1663014986968
1356	1410	0	0	0	0	0	0	1663014987988
1356	1410	0	0	0	0	0	0	1663014989008
1356	1410	0	0	0	0	0	0	1663014990028
1356	1410	0	0	0	0	0	0	1663014991048
1356	1410	0	0	0	0	0	0	1663014992068
1356	1410	0	0	0	0	0	0	1663014993088
1356	1410	0	0	0	0	0	0	1663014994108
1356	10846	0	0	0	0	0	0	1663014995128
1356	7071	0	0	0	0	0	0	1663014996148
1356	4806	0	0	0	0	0	0	1663014997168
1356	3448	0	0	0	0	0	0	1663014998188
1356	2633	0	0	0	0	0	0	1663014999208
1356	2144	0	0	0	0	0	0	1663015000228
1356	1850	0	0	0	0	0	0	1663015001248
1356	1674	0	0	0	0	0	0	1663015002268
1356	1568	0	0	0	0	0	0	1663015003288
1356	1505	0	0	0	0	0	0	1663015004308
1356	1467	0	0	0	0	0	0	1663015005328
1356	1444	0	0	0	0	0	0	1663015006348
1356	1430	0	0	0	0	0	0	1663015007368
1356	1422	0	0	0	0	0	0	1663015008388
1356	1417	0	0	0	0	0	0	1663015009408
1356	1414	0	0	0	0	0	0	1663015010428
1356	1412	0	0	0	0	0	0	1663015011448
1356	1411	0	0	0	0	0	0	1663015012468
1356	1411	0	0	0	0	0	0	1663015013488
1356	1411	0	0	0	0	0	0	1663015014508
1356	1411	0	0	0	0	0	0	1663015015528
1356	1410	0	0	0	0	0	0	1663015016548
1356	1410	0	0	0	0	0	0	1663015017568
1356	1410	0	0	0	0	0	0	1663015018588
1356	1410	0	0	0	0	0	0	1663015019608
1356	1410	0	0	0	0	0	0	1663015020628
1356	1410	0	0	0	0	0	0	1663015021648
1356	1410	0	0	0	0	0	0	1663015022668
1356	1410	0	0	0	0	0	0	1663015023688
1356	1410	0	0	0	0	0	0	1663015024708
1356	1410	0	0	0	0	0	0	1663015025728
1356	1410	0	0	0	0	0	0	1663015026748
1356	1410	0	0	0	0	0	0	1663015027768
1356	1410	0	0	0	0	0	0	1663015028788
1356	1410	0	0	0	0	0	0	1663015029808
1356	1410	0	0	0	0	0	0	1663015030828
1356	1410	0	0	0	0	0	0	1663015031848
1356	1410	0	0	0	0	0	0	1663015032868
1356	1410	0	0	0	0	0	0	1663015033888
1356	1410	0	0	0	0	0	0	1663015034908
1356	1410	0	0	0	0	0	0	1663015035928
1356	1410	0	0	0	0	0	0	1663015036948
1356	1410	0	0	0	0	0	0	1663015037968
1356	1410	0	0	0	0	0	0	1663015038988
1356	1410	0	0	0	0	0	0	1663015040008
1356	1410	0	0	0	0	0	0	1663015041028
1356	1410	0	0	0	0	0	0	1663015042048
1356	1410	0	0	0	0	0	0	1663015043068
1356	1410	0	0	0	0	0	0	1663015044088
1356	1410	0	0	0	0	0	0	1663015045108
1356	1410	0	0	0	0	0	0	1663015046128
1356	1410	0	0	0	0	0	0	1663015047148
1356	1410	0	0	0	0	0	0	1663015048168
1356	1410	0	0	0	0	0	0	1663015049188
1356	1410	0	0	0	0	0	0	1663015050208
1355	1410	0	0	0	0	0	0	1663015051228
1355	1410	0	0	0	0	0	0	1663015052248
1355	1410	0	0	0	0	0	0	1663015053268
1355	1410	0	0	0	0	0	0	1663015054288
1355	1410	0	0	0	0	0	0	1663015055308
1355	1410	0	0	0	0	0	0	1663015056328
1355	1410	0	0	0	0	0	0	1663015057348
1355	1410	0	0	0	0	0	0	1663015058368
1355	1410	0	0	0	0	0	0	1663015059388
1355	1410	0	0	0	0	0	0	1663015060408
1355	1410	0	0	0	0	0	0	1663015061428
1355	1410	0	0	0	0	0	0	1663015062448
1355	1410	0	0	0	0	0	0	1663015063468
1355	1410	0	0	0	0	0	0	1663015064488
1355	1410	0	0	0	0	0	0	1663015065508
1355	1410	0	0	0	0	0	0	1663015066528
1356	1410	0	0	0	0	0	0	1663015067548
1356	1410	0	0	0	0	0	0	1663015068568
1356	1410	0	0	0	0	0	0	1663015069588
1355	1410	0	0	0	0	0	0	1663015070608
1355	1410	0	0	0	0	0	0	1663015071628
1354	1410	0	0	0	0	0	0	1663015072648
1354	1410	0	0	0	0	0	0	1663015073668
1353	1410	0	0	0	0	0	0	1663015074688
1352	1410	0	0	0	0	0	0	1663015075708
1351	1410	0	0	0	0	0	0	1663015076728
1350	1410	0	0	0	0	0	0	1663015077748
1350	1410	0	0	0	0	0	0	1663015078768
1349	1410	0	0	0	0	0	0	1663015079788
1349	1410	0	0	0	0	0	0	1663015080808
1350	1410	0	0	0	0	0	0	1663015081828
1349	1410	0	0	0	0	0	0	1663015082848
1348	1410	0	0	0	0	0	0	1663015083868
1349	1410	0	0	0	0	0	0	1663015084888
1348	1410	0	0	0	0	0	0	1663015085908
1348	1410	0	0	0	0	0	0	1663015086928
1348	1410	0	0	0	0	0	0	1663015087948
1347	1410	0	0	0	0	0	0	1663015088968
1346	1410	0	0	0	0	0	0	1663015089988
1344	1410	0	0	0	0	0	0	1663015091008
1343	1410	0	0	0	0	0	0	1663015092028
1341	1410	0	0	0	0	0	0	1663015093048
1339	1410	0	0	0	0	0	0	1663015094068
1336	1410	0	0	0	0	0	0	1663015095088
1336	1410	0	0	0	0	0	0	1663015096108
1335	1410	0	0	0	0	0	0	1663015097128
1334	1410	0	0	0	0	0	0	1663015098148
1333	1410	0	0	0	0	0	0	1663015099168
1332	1410	0	0	0	0	0	0	1663015100188
1331	1410	0	0	0	0	0	0	1663015101208
1331	1410	0	0	0	0	0	0	1663015102228
1332	1410	0	0	0	0	0	0	1663015103248
1332	1410	0	0	0	0	0	0	1663015104268
1332	1410	0	0	0	0	0	0	1663015105288
1333	1410	0	0	0	0	0	0	1663015106308
1332	1410	0	0	0	0	0	0	1663015107328
1332	1410	0	0	0	0	0	0	1663015108348
1334	1410	0	0	0	0	0	0	1663015109368
1337	1410	0	0	0	0	0	0	1663015110388
1341	1410	0	0	0	0	0	0	1663015111408
1339	1410	0	0	0	0	0	0	1663015112428
1338	1410	0	0	0	0	0	0	1663015113448
1336	1410	0	0	0	0	0	0	1663015114468
1335	1410	0	0	0	0	0	0	1663015115488
1334	1410	0	0	0	0	0	0	1663015116508
1334	1410	0	0	0	0	0	0	1663015117528
1335	1410	0	0	0	0	0	0	1663015118548
1333	1410	0	0	0	0	0	0	1663015119568
1331	1410	0	0	0	0	0	0	1663015120588
1330	1410	0	0	0	0	0	0	1663015121608
1330	1410	0	0	0	0	0	0	1663015122628
1330	1410	0	0	0	0	0	0	1663015123648
1330	1410	0	0	0	0	0	0	1663015124668
1329	1410	0	0	0	0	0	0	1663015125688
1328	1410	0	0	0	0	0	0	1663015126708
1329	1410	0	0	0	0	0	0	1663015127728
1329	1410	0	0	0	0	0	0	1663015128748
1329	1410	0	0	0	0	0	0	1663015129768
1329	1410	0	0	0	0	0	0	1663015130788
1330	1410	0	0	0	0	0	0	1663015131808
1330	1410	0	0	0	0	0	0	1663015132828
1330	1410	0	0	0	0	0	0	1663015133848
1330	1410	0	0	0	0	0	0	1663015134868
1329	1410	0	0	0	0	0	0	1663015135888
1329	1410	0	0	0	0	0	0	1663015136908
1329	1410	0	0	0	0	0	0	1663015137928
1329	1410	0	0	0	0	0	0	1663015138948
1328	1410	0	0	0	0	0	0	1663015139968
1328	1410	0	0	0	0	0	0	1663015140988
1328	1410	0	0	0	0	0	0	1663015142008
1328	1410	0	0	0	0	0	0	1663015143028
1328	1410	0	0	0	0	0	0	1663015144048
