2386	670	0	0	0	0	0	0	1660572221265
2375	666	0	0	0	0	0	0	1660572222285
2362	654	0	0	0	0	0	0	1660572223305
2349	646	0	0	0	0	0	0	1660572224325
2341	642	0	0	0	0	0	0	1660572225345
2327	639	0	0	0	0	0	0	1660572226365
2317	629	0	0	0	0	0	0	1660572227385
2311	620	0	0	0	0	0	0	1660572228405
2307	615	0	0	0	0	0	0	1660572229425
2298	612	0	0	0	0	0	0	1660572230445
2288	610	0	0	0	0	0	0	1660572231465
2282	609	0	0	0	0	0	0	1660572232485
2279	608	0	0	0	0	0	0	1660572233505
2277	607	0	0	0	0	0	0	1660572234525
2276	602	0	0	0	0	0	0	1660572235545
2273	595	0	0	0	0	0	0	1660572236565
2265	589	0	0	0	0	0	0	1660572237585
2257	585	0	0	0	0	0	0	1660572238605
2252	583	0	0	0	0	0	0	1660572239625
2249	582	0	0	0	0	0	0	1660572240645
2248	581	0	0	0	0	0	0	1660572241665
2247	580	0	0	0	0	0	0	1660572242685
2247	580	0	0	0	0	0	0	1660572243705
2246	580	0	0	0	0	0	0	1660572244725
2246	580	0	0	0	0	0	0	1660572245745
2246	580	0	0	0	0	0	0	1660572246765
2245	580	0	0	0	0	0	0	1660572247785
2241	580	0	0	0	0	0	0	1660572248805
2232	580	0	0	0	0	0	0	1660572249825
2226	580	0	0	0	0	0	0	1660572250845
2223	580	0	0	0	0	0	0	1660572251865
2221	580	0	0	0	0	0	0	1660572252885
2219	579	0	0	0	0	0	0	1660572253905
2218	578	0	0	0	0	0	0	1660572254925
2218	574	0	0	0	0	0	0	1660572255945
2218	571	0	0	0	0	0	0	1660572256965
2218	567	0	0	0	0	0	0	1660572257985
2218	563	0	0	0	0	0	0	1660572259005
2218	560	0	0	0	0	0	0	1660572260025
2218	557	0	0	0	0	0	0	1660572261045
2218	555	0	0	0	0	0	0	1660572262065
2218	554	0	0	0	0	0	0	1660572263085
2218	553	0	0	0	0	0	0	1660572264105
2217	552	0	0	0	0	0	0	1660572265125
2216	552	0	0	0	0	0	0	1660572266145
2214	552	0	0	0	0	0	0	1660572267165
2211	552	0	0	0	0	0	0	1660572268185
2209	552	0	0	0	0	0	0	1660572269205
2205	552	0	0	0	0	0	0	1660572270225
2200	552	0	0	0	0	0	0	1660572271245
2196	552	0	0	0	0	0	0	1660572272265
2194	552	0	0	0	0	0	0	1660572273285
2192	552	0	0	0	0	0	0	1660572274305
2191	552	0	0	0	0	0	0	1660572275325
2190	552	0	0	0	0	0	0	1660572276345
2190	552	0	0	0	0	0	0	1660572277365
2190	552	0	0	0	0	0	0	1660572278385
2190	552	0	0	0	0	0	0	1660572279405
2190	552	0	0	0	0	0	0	1660572280425
2190	552	0	0	0	0	0	0	1660572281445
2190	552	0	0	0	0	0	0	1660572282465
2190	552	0	0	0	0	0	0	1660572283485
2190	552	0	0	0	0	0	0	1660572284505
2190	552	0	0	0	0	0	0	1660572285525
2190	552	0	0	0	0	0	0	1660572286545
2190	552	0	0	0	0	0	0	1660572287565
2190	552	0	0	0	0	0	0	1660572288585
2190	552	0	0	0	0	0	0	1660572289605
2190	552	0	0	0	0	0	0	1660572290625
2190	552	0	0	0	0	0	0	1660572291645
2190	552	0	0	0	0	0	0	1660572292665
2190	552	0	0	0	0	0	0	1660572293685
2189	552	0	0	0	0	0	0	1660572294705
2188	552	0	0	0	0	0	0	1660572295725
2188	552	0	0	0	0	0	0	1660572296745
2186	552	0	0	0	0	0	0	1660572297765
2184	552	0	0	0	0	0	0	1660572298785
2178	552	0	0	0	0	0	0	1660572299805
2173	552	0	0	0	0	0	0	1660572300825
2169	552	0	0	0	0	0	0	1660572301845
2167	552	0	0	0	0	0	0	1660572302865
2165	552	0	0	0	0	0	0	1660572303885
2164	552	0	0	0	0	0	0	1660572304905
2163	552	0	0	0	0	0	0	1660572305925
2162	552	0	0	0	0	0	0	1660572306945
2162	552	0	0	0	0	0	0	1660572307965
2162	552	0	0	0	0	0	0	1660572308985
2162	552	0	0	0	0	0	0	1660572310005
2162	552	0	0	0	0	0	0	1660572311025
2162	552	0	0	0	0	0	0	1660572312045
2162	552	0	0	0	0	0	0	1660572313065
2162	552	0	0	0	0	0	0	1660572314085
2162	552	0	0	0	0	0	0	1660572315105
2162	552	0	0	0	0	0	0	1660572316125
2162	552	0	0	0	0	0	0	1660572317145
2162	552	0	0	0	0	0	0	1660572318165
2162	552	0	0	0	0	0	0	1660572319185
2178	552	0	0	0	0	0	0	1660572320205
2172	552	0	0	0	0	0	0	1660572321225
2168	552	0	0	0	0	0	0	1660572322245
2165	552	0	0	0	0	0	0	1660572323265
2164	552	0	0	0	0	0	0	1660572324285
2163	552	0	0	0	0	0	0	1660572325305
2162	552	0	0	0	0	0	0	1660572326325
2162	552	0	0	0	0	0	0	1660572327345
2162	552	0	0	0	0	0	0	1660572328365
2162	552	0	0	0	0	0	0	1660572329385
2162	552	0	0	0	0	0	0	1660572330405
2162	552	0	0	0	0	0	0	1660572331425
2162	552	0	0	0	0	0	0	1660572332445
2162	552	0	0	0	0	0	0	1660572333465
2162	552	0	0	0	0	0	0	1660572334485
2162	552	0	0	0	0	0	0	1660572335505
2160	552	0	0	0	0	0	0	1660572336525
2155	552	0	0	0	0	0	0	1660572337545
2149	552	0	0	0	0	0	0	1660572338565
2147	552	0	0	0	0	0	0	1660572339585
2143	552	0	0	0	0	0	0	1660572340605
2141	552	0	0	0	0	0	0	1660572341625
2138	552	0	0	0	0	0	0	1660572342645
2136	552	0	0	0	0	0	0	1660572343665
2135	552	0	0	0	0	0	0	1660572344685
2134	552	0	0	0	0	0	0	1660572345705
2134	552	0	0	0	0	0	0	1660572346725
2134	552	0	0	0	0	0	0	1660572347745
2134	552	0	0	0	0	0	0	1660572348765
2134	552	0	0	0	0	0	0	1660572349785
2134	552	0	0	0	0	0	0	1660572350805
2134	552	0	0	0	0	0	0	1660572351825
2134	552	0	0	0	0	0	0	1660572352845
2134	552	0	0	0	0	0	0	1660572353865
2134	552	0	0	0	0	0	0	1660572354885
2134	552	0	0	0	0	0	0	1660572355905
2134	552	0	0	0	0	0	0	1660572356925
2134	552	0	0	0	0	0	0	1660572357945
2134	552	0	0	0	0	0	0	1660572358965
2134	552	0	0	0	0	0	0	1660572359985
2134	552	0	0	0	0	0	0	1660572361005
2134	552	0	0	0	0	0	0	1660572362025
2134	552	0	0	0	0	0	0	1660572363045
2134	552	0	0	0	0	0	0	1660572364065
2134	552	0	0	0	0	0	0	1660572365085
2134	552	0	0	0	0	0	0	1660572366105
2134	552	0	0	0	0	0	0	1660572367125
2134	552	0	0	0	0	0	0	1660572368145
2134	552	0	0	0	0	0	0	1660572369165
2134	552	0	0	0	0	0	0	1660572370185
2134	552	0	0	0	0	0	0	1660572371205
2134	552	0	0	0	0	0	0	1660572372225
2134	552	0	0	0	0	0	0	1660572373245
2134	552	0	0	0	0	0	0	1660572374265
2134	552	0	0	0	0	0	0	1660572375285
2134	552	0	0	0	0	0	0	1660572376305
2133	552	0	0	0	0	0	0	1660572377325
2132	552	0	0	0	0	0	0	1660572378345
2130	552	0	0	0	0	0	0	1660572379365
2128	552	0	0	0	0	0	0	1660572380385
2123	552	0	0	0	0	0	0	1660572381405
2120	552	0	0	0	0	0	0	1660572382425
2117	552	0	0	0	0	0	0	1660572383445
2113	552	0	0	0	0	0	0	1660572384465
2111	552	0	0	0	0	0	0	1660572385485
2110	552	0	0	0	0	0	0	1660572386505
2109	552	0	0	0	0	0	0	1660572387525
2108	552	0	0	0	0	0	0	1660572388545
2107	552	0	0	0	0	0	0	1660572389565
2107	552	0	0	0	0	0	0	1660572390585
2107	552	0	0	0	0	0	0	1660572391605
2106	552	0	0	0	0	0	0	1660572392625
2106	552	0	0	0	0	0	0	1660572393645
2106	552	0	0	0	0	0	0	1660572394665
2106	552	0	0	0	0	0	0	1660572395685
2106	552	0	0	0	0	0	0	1660572396705
2106	552	0	0	0	0	0	0	1660572397725
2106	552	0	0	0	0	0	0	1660572398745
2106	552	0	0	0	0	0	0	1660572399765
2106	552	0	0	0	0	0	0	1660572400785
2106	552	0	0	0	0	0	0	1660572401805
2106	552	0	0	0	0	0	0	1660572402825
2106	552	0	0	0	0	0	0	1660572403845
2106	552	0	0	0	0	0	0	1660572404865
2106	552	0	0	0	0	0	0	1660572405885
2106	552	0	0	0	0	0	0	1660572406905
2106	552	0	0	0	0	0	0	1660572407925
2106	552	0	0	0	0	0	0	1660572408945
2106	552	0	0	0	0	0	0	1660572409965
2106	552	0	0	0	0	0	0	1660572410985
2106	552	0	0	0	0	0	0	1660572412005
2106	552	0	0	0	0	0	0	1660572413025
2106	552	0	0	0	0	0	0	1660572414045
2106	552	0	0	0	0	0	0	1660572415065
2106	552	0	0	0	0	0	0	1660572416085
2106	552	0	0	0	0	0	0	1660572417105
2106	552	0	0	0	0	0	0	1660572418125
2106	552	0	0	0	0	0	0	1660572419145
2106	552	0	0	0	0	0	0	1660572420165
2106	552	0	0	0	0	0	0	1660572421185
2106	552	0	0	0	0	0	0	1660572422205
2106	552	0	0	0	0	0	0	1660572423225
2106	552	0	0	0	0	0	0	1660572424245
2106	552	0	0	0	0	0	0	1660572425265
2106	552	0	0	0	0	0	0	1660572426285
2106	552	0	0	0	0	0	0	1660572427305
2106	552	0	0	0	0	0	0	1660572428325
2106	552	0	0	0	0	0	0	1660572429345
2106	552	0	0	0	0	0	0	1660572430365
2105	552	0	0	0	0	0	0	1660572431385
2103	552	0	0	0	0	0	0	1660572432405
2101	552	0	0	0	0	0	0	1660572433425
2098	552	0	0	0	0	0	0	1660572434445
2093	552	0	0	0	0	0	0	1660572435465
2089	552	0	0	0	0	0	0	1660572436485
2086	552	0	0	0	0	0	0	1660572437505
2084	552	0	0	0	0	0	0	1660572438525
2082	552	0	0	0	0	0	0	1660572439545
2081	552	0	0	0	0	0	0	1660572440565
2080	552	0	0	0	0	0	0	1660572441585
2079	552	0	0	0	0	0	0	1660572442605
2079	552	0	0	0	0	0	0	1660572443625
2079	552	0	0	0	0	0	0	1660572444645
2078	552	0	0	0	0	0	0	1660572445665
2078	552	0	0	0	0	0	0	1660572446685
2078	552	0	0	0	0	0	0	1660572447705
2078	552	0	0	0	0	0	0	1660572448725
2078	552	0	0	0	0	0	0	1660572449745
2078	552	0	0	0	0	0	0	1660572450765
2078	552	0	0	0	0	0	0	1660572451785
2078	552	0	0	0	0	0	0	1660572452805
2078	552	0	0	0	0	0	0	1660572453825
2078	552	0	0	0	0	0	0	1660572454845
2078	552	0	0	0	0	0	0	1660572455865
2078	552	0	0	0	0	0	0	1660572456885
2078	552	0	0	0	0	0	0	1660572457905
2078	552	0	0	0	0	0	0	1660572458925
2078	552	0	0	0	0	0	0	1660572459945
2078	552	0	0	0	0	0	0	1660572460965
2078	552	0	0	0	0	0	0	1660572461985
2078	552	0	0	0	0	0	0	1660572463005
2078	552	0	0	0	0	0	0	1660572464025
2078	552	0	0	0	0	0	0	1660572465045
2078	552	0	0	0	0	0	0	1660572466065
2078	552	0	0	0	0	0	0	1660572467085
2078	552	0	0	0	0	0	0	1660572468105
2078	552	0	0	0	0	0	0	1660572469125
2078	552	0	0	0	0	0	0	1660572470145
2078	552	0	0	0	0	0	0	1660572471165
2078	552	0	0	0	0	0	0	1660572472185
2078	552	0	0	0	0	0	0	1660572473205
2078	552	0	0	0	0	0	0	1660572474225
2078	552	0	0	0	0	0	0	1660572475245
2078	552	0	0	0	0	0	0	1660572476265
2078	552	0	0	0	0	0	0	1660572477285
2078	552	0	0	0	0	0	0	1660572478305
2078	552	0	0	0	0	0	0	1660572479325
2078	552	0	0	0	0	0	0	1660572480345
2078	552	0	0	0	0	0	0	1660572481365
2078	552	0	0	0	0	0	0	1660572482385
2078	552	0	0	0	0	0	0	1660572483405
2078	552	0	0	0	0	0	0	1660572484425
2078	552	0	0	0	0	0	0	1660572485445
2076	552	0	0	0	0	0	0	1660572486465
2075	552	0	0	0	0	0	0	1660572487485
2075	552	0	0	0	0	0	0	1660572488505
2072	552	0	0	0	0	0	0	1660572489525
2069	552	0	0	0	0	0	0	1660572490545
2065	552	0	0	0	0	0	0	1660572491565
2060	552	0	0	0	0	0	0	1660572492585
2057	552	0	0	0	0	0	0	1660572493605
2054	552	0	0	0	0	0	0	1660572494625
2052	552	0	0	0	0	0	0	1660572495645
2051	552	0	0	0	0	0	0	1660572496665
2051	552	0	0	0	0	0	0	1660572497685
2051	552	0	0	0	0	0	0	1660572498705
2051	552	0	0	0	0	0	0	1660572499725
2051	552	0	0	0	0	0	0	1660572500745
2051	552	0	0	0	0	0	0	1660572501765
2051	552	0	0	0	0	0	0	1660572502785
2051	552	0	0	0	0	0	0	1660572503805
2051	552	0	0	0	0	0	0	1660572504825
2051	552	0	0	0	0	0	0	1660572505845
2051	552	0	0	0	0	0	0	1660572506865
2051	552	0	0	0	0	0	0	1660572507885
2051	552	0	0	0	0	0	0	1660572508905
2051	552	0	0	0	0	0	0	1660572509925
2051	552	0	0	0	0	0	0	1660572510945
2051	552	0	0	0	0	0	0	1660572511965
2051	552	0	0	0	0	0	0	1660572512985
2051	552	0	0	0	0	0	0	1660572514005
2051	552	0	0	0	0	0	0	1660572515025
2051	552	0	0	0	0	0	0	1660572516045
2051	552	0	0	0	0	0	0	1660572517065
2051	552	0	0	0	0	0	0	1660572518085
2051	552	0	0	0	0	0	0	1660572519105
2051	552	0	0	0	0	0	0	1660572520125
2051	552	0	0	0	0	0	0	1660572521145
2051	552	0	0	0	0	0	0	1660572522165
2051	552	0	0	0	0	0	0	1660572523185
2051	552	0	0	0	0	0	0	1660572524205
2051	552	0	0	0	0	0	0	1660572525225
2051	552	0	0	0	0	0	0	1660572526245
2050	552	0	0	0	0	0	0	1660572527265
2050	552	0	0	0	0	0	0	1660572528285
2050	552	0	0	0	0	0	0	1660572529305
2050	552	0	0	0	0	0	0	1660572530325
2050	552	0	0	0	0	0	0	1660572531345
2050	552	0	0	0	0	0	0	1660572532365
2050	552	0	0	0	0	0	0	1660572533385
2050	552	0	0	0	0	0	0	1660572534405
2050	552	0	0	0	0	0	0	1660572535425
2050	552	0	0	0	0	0	0	1660572536445
2050	552	0	0	0	0	0	0	1660572537465
2050	552	0	0	0	0	0	0	1660572538485
2050	552	0	0	0	0	0	0	1660572539505
2050	552	0	0	0	0	0	0	1660572540525
2050	552	0	0	0	0	0	0	1660572541545
2050	552	0	0	0	0	0	0	1660572542565
2050	552	0	0	0	0	0	0	1660572543585
2050	552	0	0	0	0	0	0	1660572544605
2049	552	0	0	0	0	0	0	1660572545625
2049	552	0	0	0	0	0	0	1660572546645
2049	552	0	0	0	0	0	0	1660572547665
2048	552	0	0	0	0	0	0	1660572548685
2046	552	0	0	0	0	0	0	1660572549705
2044	552	0	0	0	0	0	0	1660572550725
2042	552	0	0	0	0	0	0	1660572551745
2038	552	0	0	0	0	0	0	1660572552765
2037	552	0	0	0	0	0	0	1660572553785
2034	552	0	0	0	0	0	0	1660572554805
2032	552	0	0	0	0	0	0	1660572555825
2030	552	0	0	0	0	0	0	1660572556845
2028	552	0	0	0	0	0	0	1660572557865
2026	552	0	0	0	0	0	0	1660572558885
2025	552	0	0	0	0	0	0	1660572559905
2024	552	0	0	0	0	0	0	1660572560925
2023	552	0	0	0	0	0	0	1660572561945
2023	552	0	0	0	0	0	0	1660572562965
2023	552	0	0	0	0	0	0	1660572563985
2023	552	0	0	0	0	0	0	1660572565005
2023	552	0	0	0	0	0	0	1660572566025
2023	552	0	0	0	0	0	0	1660572567045
2023	552	0	0	0	0	0	0	1660572568065
2023	552	0	0	0	0	0	0	1660572569085
2023	552	0	0	0	0	0	0	1660572570105
2023	552	0	0	0	0	0	0	1660572571125
2023	552	0	0	0	0	0	0	1660572572145
2022	552	0	0	0	0	0	0	1660572573165
2022	552	0	0	0	0	0	0	1660572574185
2022	552	0	0	0	0	0	0	1660572575205
2022	552	0	0	0	0	0	0	1660572576225
2022	552	0	0	0	0	0	0	1660572577245
2022	552	0	0	0	0	0	0	1660572578265
2022	552	0	0	0	0	0	0	1660572579285
2022	552	0	0	0	0	0	0	1660572580305
2022	552	0	0	0	0	0	0	1660572581325
2022	552	0	0	0	0	0	0	1660572582345
2022	552	0	0	0	0	0	0	1660572583365
1999	552	0	0	0	0	0	0	1660572584385
2008	552	0	0	0	0	0	0	1660572585405
2014	552	0	0	0	0	0	0	1660572586425
2017	552	0	0	0	0	0	0	1660572587445
2019	552	0	0	0	0	0	0	1660572588465
2020	552	0	0	0	0	0	0	1660572589485
2021	552	0	0	0	0	0	0	1660572590505
2021	552	0	0	0	0	0	0	1660572591525
2022	552	0	0	0	0	0	0	1660572592545
2022	552	0	0	0	0	0	0	1660572593565
2022	552	0	0	0	0	0	0	1660572594585
2022	552	0	0	0	0	0	0	1660572595605
2022	552	0	0	0	0	0	0	1660572596625
2022	552	0	0	0	0	0	0	1660572597645
2022	552	0	0	0	0	0	0	1660572598665
2022	552	0	0	0	0	0	0	1660572599685
2022	552	0	0	0	0	0	0	1660572600705
2022	552	0	0	0	0	0	0	1660572601725
2022	552	0	0	0	0	0	0	1660572602745
2022	552	0	0	0	0	0	0	1660572603765
2022	552	0	0	0	0	0	0	1660572604785
2022	552	0	0	0	0	0	0	1660572605805
2022	552	0	0	0	0	0	0	1660572606825
2022	552	0	0	0	0	0	0	1660572607845
2022	552	0	0	0	0	0	0	1660572608865
2022	552	0	0	0	0	0	0	1660572609885
2022	552	0	0	0	0	0	0	1660572610905
2022	552	0	0	0	0	0	0	1660572611925
2022	552	0	0	0	0	0	0	1660572612945
2022	552	0	0	0	0	0	0	1660572613965
2022	552	0	0	0	0	0	0	1660572614985
2021	552	0	0	0	0	0	0	1660572616005
2020	552	0	0	0	0	0	0	1660572617025
2018	552	0	0	0	0	0	0	1660572618045
2016	552	0	0	0	0	0	0	1660572619065
2014	552	0	0	0	0	0	0	1660572620085
2014	552	0	0	0	0	0	0	1660572621105
2010	552	0	0	0	0	0	0	1660572622125
2006	552	0	0	0	0	0	0	1660572623145
2005	552	0	0	0	0	0	0	1660572624165
2001	552	0	0	0	0	0	0	1660572625185
2000	552	0	0	0	0	0	0	1660572626205
1998	552	0	0	0	0	0	0	1660572627225
1997	552	0	0	0	0	0	0	1660572628245
1996	552	0	0	0	0	0	0	1660572629265
1996	552	0	0	0	0	0	0	1660572630285
1995	552	0	0	0	0	0	0	1660572631305
1995	552	0	0	0	0	0	0	1660572632325
1995	552	0	0	0	0	0	0	1660572633345
1995	552	0	0	0	0	0	0	1660572634365
1995	552	0	0	0	0	0	0	1660572635385
1995	552	0	0	0	0	0	0	1660572636405
1995	552	0	0	0	0	0	0	1660572637425
1995	552	0	0	0	0	0	0	1660572638445
1995	552	0	0	0	0	0	0	1660572639465
1995	552	0	0	0	0	0	0	1660572640485
1994	552	0	0	0	0	0	0	1660572641505
1994	552	0	0	0	0	0	0	1660572642525
1994	552	0	0	0	0	0	0	1660572643545
1994	552	0	0	0	0	0	0	1660572644565
1994	552	0	0	0	0	0	0	1660572645585
1994	552	0	0	0	0	0	0	1660572646605
1994	552	0	0	0	0	0	0	1660572647625
1994	552	0	0	0	0	0	0	1660572648645
1994	552	0	0	0	0	0	0	1660572649665
1994	552	0	0	0	0	0	0	1660572650685
1994	552	0	0	0	0	0	0	1660572651705
1994	552	0	0	0	0	0	0	1660572652725
1994	552	0	0	0	0	0	0	1660572653745
1994	552	0	0	0	0	0	0	1660572654765
1994	552	0	0	0	0	0	0	1660572655785
1994	552	0	0	0	0	0	0	1660572656805
1994	552	0	0	0	0	0	0	1660572657825
1994	552	0	0	0	0	0	0	1660572658845
1994	552	0	0	0	0	0	0	1660572659865
1994	552	0	0	0	0	0	0	1660572660885
1994	552	0	0	0	0	0	0	1660572661905
1994	552	0	0	0	0	0	0	1660572662925
1994	552	0	0	0	0	0	0	1660572663945
1994	552	0	0	0	0	0	0	1660572664965
1994	552	0	0	0	0	0	0	1660572665985
1994	552	0	0	0	0	0	0	1660572667005
1994	552	0	0	0	0	0	0	1660572668025
1994	552	0	0	0	0	0	0	1660572669045
1994	552	0	0	0	0	0	0	1660572670065
1994	552	0	0	0	0	0	0	1660572671085
1994	552	0	0	0	0	0	0	1660572672105
1994	552	0	0	0	0	0	0	1660572673125
1994	552	0	0	0	0	0	0	1660572674145
1994	552	0	0	0	0	0	0	1660572675165
1994	552	0	0	0	0	0	0	1660572676185
1994	552	0	0	0	0	0	0	1660572677205
1994	552	0	0	0	0	0	0	1660572678225
1994	552	0	0	0	0	0	0	1660572679245
1994	552	0	0	0	0	0	0	1660572680265
1994	552	0	0	0	0	0	0	1660572681285
1994	552	0	0	0	0	0	0	1660572682305
1994	552	0	0	0	0	0	0	1660572683325
1994	552	0	0	0	0	0	0	1660572684345
1994	552	0	0	0	0	0	0	1660572685365
1994	552	0	0	0	0	0	0	1660572686385
1994	552	0	0	0	0	0	0	1660572687405
1994	552	0	0	0	0	0	0	1660572688425
1993	552	0	0	0	0	0	0	1660572689445
1993	552	0	0	0	0	0	0	1660572690465
1993	552	0	0	0	0	0	0	1660572691485
1992	552	0	0	0	0	0	0	1660572692505
1992	552	0	0	0	0	0	0	1660572693525
1990	552	0	0	0	0	0	0	1660572694545
1989	552	0	0	0	0	0	0	1660572695565
1987	552	0	0	0	0	0	0	1660572696585
1985	552	0	0	0	0	0	0	1660572697605
1983	552	0	0	0	0	0	0	1660572698625
1981	552	0	0	0	0	0	0	1660572699645
1980	552	0	0	0	0	0	0	1660572700665
1977	552	0	0	0	0	0	0	1660572701685
1975	552	0	0	0	0	0	0	1660572702705
1973	552	0	0	0	0	0	0	1660572703725
1972	552	0	0	0	0	0	0	1660572704745
1970	552	0	0	0	0	0	0	1660572705765
1969	552	0	0	0	0	0	0	1660572706785
1969	552	0	0	0	0	0	0	1660572707805
1968	552	0	0	0	0	0	0	1660572708825
1967	552	0	0	0	0	0	0	1660572709845
1967	552	0	0	0	0	0	0	1660572710865
1967	552	0	0	0	0	0	0	1660572711885
1967	552	0	0	0	0	0	0	1660572712905
1967	552	0	0	0	0	0	0	1660572713925
1967	552	0	0	0	0	0	0	1660572714945
1967	552	0	0	0	0	0	0	1660572715965
1967	552	0	0	0	0	0	0	1660572716985
1967	552	0	0	0	0	0	0	1660572718005
1967	552	0	0	0	0	0	0	1660572719025
1967	552	0	0	0	0	0	0	1660572720045
1967	552	0	0	0	0	0	0	1660572721065
1967	552	0	0	0	0	0	0	1660572722085
1967	552	0	0	0	0	0	0	1660572723105
1967	552	0	0	0	0	0	0	1660572724125
1967	552	0	0	0	0	0	0	1660572725145
1967	552	0	0	0	0	0	0	1660572726165
1967	552	0	0	0	0	0	0	1660572727185
1967	552	0	0	0	0	0	0	1660572728205
1967	552	0	0	0	0	0	0	1660572729225
1967	552	0	0	0	0	0	0	1660572730245
1967	552	0	0	0	0	0	0	1660572731265
1967	552	0	0	0	0	0	0	1660572732285
1967	552	0	0	0	0	0	0	1660572733305
1967	552	0	0	0	0	0	0	1660572734325
1967	552	0	0	0	0	0	0	1660572735345
1967	552	0	0	0	0	0	0	1660572736365
1967	552	0	0	0	0	0	0	1660572737385
1967	552	0	0	0	0	0	0	1660572738405
1967	552	0	0	0	0	0	0	1660572739425
1967	552	0	0	0	0	0	0	1660572740445
1967	552	0	0	0	0	0	0	1660572741465
1967	552	0	0	0	0	0	0	1660572742485
1967	552	0	0	0	0	0	0	1660572743505
1967	552	0	0	0	0	0	0	1660572744525
1967	552	0	0	0	0	0	0	1660572745545
1966	552	0	0	0	0	0	0	1660572746565
1966	552	0	0	0	0	0	0	1660572747585
1966	552	0	0	0	0	0	0	1660572748605
1966	552	0	0	0	0	0	0	1660572749625
1966	552	0	0	0	0	0	0	1660572750645
1966	552	0	0	0	0	0	0	1660572751665
1966	551	0	0	0	0	0	0	1660572752685
1966	551	0	0	0	0	0	0	1660572753705
1966	551	0	0	0	0	0	0	1660572754725
1966	551	0	0	0	0	0	0	1660572755745
1966	551	0	0	0	0	0	0	1660572756765
1966	551	0	0	0	0	0	0	1660572757785
1966	551	0	0	0	0	0	0	1660572758805
1966	551	0	0	0	0	0	0	1660572759825
1966	551	0	0	0	0	0	0	1660572760845
1966	551	0	0	0	0	0	0	1660572761865
1966	551	0	0	0	0	0	0	1660572762885
1966	550	0	0	0	0	0	0	1660572763905
1966	550	0	0	0	0	0	0	1660572764925
1966	549	0	0	0	0	0	0	1660572765945
1966	549	0	0	0	0	0	0	1660572766965
1966	549	0	0	0	0	0	0	1660572767985
1966	549	0	0	0	0	0	0	1660572769005
1966	549	0	0	0	0	0	0	1660572770025
1966	549	0	0	0	0	0	0	1660572771045
1966	548	0	0	0	0	0	0	1660572772065
1966	547	0	0	0	0	0	0	1660572773085
1966	547	0	0	0	0	0	0	1660572774105
1966	548	0	0	0	0	0	0	1660572775125
1966	549	0	0	0	0	0	0	1660572776145
1966	549	0	0	0	0	0	0	1660572777165
1966	549	0	0	0	0	0	0	1660572778185
1966	549	0	0	0	0	0	0	1660572779205
1966	548	0	0	0	0	0	0	1660572780225
1966	548	0	0	0	0	0	0	1660572781245
1966	547	0	0	0	0	0	0	1660572782265
1966	548	0	0	0	0	0	0	1660572783285
1966	548	0	0	0	0	0	0	1660572784305
1966	548	0	0	0	0	0	0	1660572785325
1966	548	0	0	0	0	0	0	1660572786345
1966	548	0	0	0	0	0	0	1660572787365
1966	548	0	0	0	0	0	0	1660572788385
1964	546	0	0	0	0	0	0	1660572789405
1963	547	0	0	0	0	0	0	1660572790425
1962	546	0	0	0	0	0	0	1660572791445
1961	545	0	0	0	0	0	0	1660572792465
1960	547	0	0	0	0	0	0	1660572793485
1958	545	0	0	0	0	0	0	1660572794505
1958	546	0	0	0	0	0	0	1660572795525
1957	544	0	0	0	0	0	0	1660572796545
1955	543	0	0	0	0	0	0	1660572797565
1955	541	0	0	0	0	0	0	1660572798585
1952	542	0	0	0	0	0	0	1660572799605
1951	542	0	0	0	0	0	0	1660572800625
1949	543	0	0	0	0	0	0	1660572801645
1948	541	0	0	0	0	0	0	1660572802665
1946	541	0	0	0	0	0	0	1660572803685
1943	541	0	0	0	0	0	0	1660572804705
1943	542	0	0	0	0	0	0	1660572805725
1942	541	0	0	0	0	0	0	1660572806745
1941	542	0	0	0	0	0	0	1660572807765
1940	543	0	0	0	0	0	0	1660572808785
1939	543	0	0	0	0	0	0	1660572809805
1939	541	0	0	0	0	0	0	1660572810825
1939	543	0	0	0	0	0	0	1660572811845
1939	544	0	0	0	0	0	0	1660572812865
1939	544	0	0	0	0	0	0	1660572813885
1939	542	0	0	0	0	0	0	1660572814905
1939	545	0	0	0	0	0	0	1660572815925
1939	547	0	0	0	0	0	0	1660572816945
1939	549	0	0	0	0	0	0	1660572817965
1939	550	0	0	0	0	0	0	1660572818985
1939	551	0	0	0	0	0	0	1660572820005
1939	551	0	0	0	0	0	0	1660572821025
1939	551	0	0	0	0	0	0	1660572822045
1939	551	0	0	0	0	0	0	1660572823065
1939	551	0	0	0	0	0	0	1660572824085
1939	551	0	0	0	0	0	0	1660572825105
1939	551	0	0	0	0	0	0	1660572826125
1939	551	0	0	0	0	0	0	1660572827145
1939	551	0	0	0	0	0	0	1660572828165
1939	551	0	0	0	0	0	0	1660572829185
1939	551	0	0	0	0	0	0	1660572830205
1939	551	0	0	0	0	0	0	1660572831225
1939	551	0	0	0	0	0	0	1660572832245
1939	551	0	0	0	0	0	0	1660572833265
1939	551	0	0	0	0	0	0	1660572834285
1939	551	0	0	0	0	0	0	1660572835305
1939	551	0	0	0	0	0	0	1660572836325
1939	551	0	0	0	0	0	0	1660572837345
1939	551	0	0	0	0	0	0	1660572838365
1939	551	0	0	0	0	0	0	1660572839385
1939	551	0	0	0	0	0	0	1660572840405
1939	551	0	0	0	0	0	0	1660572841425
1939	551	0	0	0	0	0	0	1660572842445
1939	551	0	0	0	0	0	0	1660572843465
1939	551	0	0	0	0	0	0	1660572844485
1939	551	0	0	0	0	0	0	1660572845505
1939	551	0	0	0	0	0	0	1660572846525
1939	551	0	0	0	0	0	0	1660572847545
1939	551	0	0	0	0	0	0	1660572848565
1939	551	0	0	0	0	0	0	1660572849585
1939	551	0	0	0	0	0	0	1660572850605
1939	551	0	0	0	0	0	0	1660572851625
1939	551	0	0	0	0	0	0	1660572852645
1939	551	0	0	0	0	0	0	1660572853665
1939	551	0	0	0	0	0	0	1660572854685
1939	551	0	0	0	0	0	0	1660572855705
1939	551	0	0	0	0	0	0	1660572856725
1939	551	0	0	0	0	0	0	1660572857745
1939	551	0	0	0	0	0	0	1660572858765
1939	551	0	0	0	0	0	0	1660572859785
1939	551	0	0	0	0	0	0	1660572860805
1939	551	0	0	0	0	0	0	1660572861825
1939	551	0	0	0	0	0	0	1660572862845
1939	551	0	0	0	0	0	0	1660572863865
1939	551	0	0	0	0	0	0	1660572864885
1939	551	0	0	0	0	0	0	1660572865905
1939	551	0	0	0	0	0	0	1660572866925
1939	551	0	0	0	0	0	0	1660572867945
1939	551	0	0	0	0	0	0	1660572868965
1939	551	0	0	0	0	0	0	1660572869985
1939	551	0	0	0	0	0	0	1660572871005
1939	551	0	0	0	0	0	0	1660572872025
1939	551	0	0	0	0	0	0	1660572873045
1939	551	0	0	0	0	0	0	1660572874065
1939	551	0	0	0	0	0	0	1660572875085
1939	551	0	0	0	0	0	0	1660572876105
1939	551	0	0	0	0	0	0	1660572877125
1939	551	0	0	0	0	0	0	1660572878145
1939	551	0	0	0	0	0	0	1660572879165
1939	551	0	0	0	0	0	0	1660572880185
1939	551	0	0	0	0	0	0	1660572881205
1939	551	0	0	0	0	0	0	1660572882225
1939	551	0	0	0	0	0	0	1660572883245
1939	551	0	0	0	0	0	0	1660572884265
1939	551	0	0	0	0	0	0	1660572885285
1939	551	0	0	0	0	0	0	1660572886305
1939	551	0	0	0	0	0	0	1660572887325
1939	551	0	0	0	0	0	0	1660572888345
1939	551	0	0	0	0	0	0	1660572889365
1939	551	0	0	0	0	0	0	1660572890385
1939	551	0	0	0	0	0	0	1660572891405
1939	551	0	0	0	0	0	0	1660572892425
1939	551	0	0	0	0	0	0	1660572893445
1939	551	0	0	0	0	0	0	1660572894465
1939	551	0	0	0	0	0	0	1660572895485
1939	551	0	0	0	0	0	0	1660572896505
1939	551	0	0	0	0	0	0	1660572897525
1939	551	0	0	0	0	0	0	1660572898545
1939	551	0	0	0	0	0	0	1660572899565
1939	551	0	0	0	0	0	0	1660572900585
1938	551	0	0	0	0	0	0	1660572901605
1938	551	0	0	0	0	0	0	1660572902625
1938	551	0	0	0	0	0	0	1660572903645
1938	551	0	0	0	0	0	0	1660572904665
1938	551	0	0	0	0	0	0	1660572905685
1938	551	0	0	0	0	0	0	1660572906705
1937	551	0	0	0	0	0	0	1660572907725
1937	551	0	0	0	0	0	0	1660572908745
1937	551	0	0	0	0	0	0	1660572909765
1937	551	0	0	0	0	0	0	1660572910785
1936	551	0	0	0	0	0	0	1660572911805
1934	551	0	0	0	0	0	0	1660572912825
1934	551	0	0	0	0	0	0	1660572913845
1934	551	0	0	0	0	0	0	1660572914865
1933	551	0	0	0	0	0	0	1660572915885
1932	551	0	0	0	0	0	0	1660572916905
1929	551	0	0	0	0	0	0	1660572917925
1929	551	0	0	0	0	0	0	1660572918945
1929	551	0	0	0	0	0	0	1660572919965
1928	551	0	0	0	0	0	0	1660572920985
1924	551	0	0	0	0	0	0	1660572922005
1925	551	0	0	0	0	0	0	1660572923025
1922	551	0	0	0	0	0	0	1660572924045
1922	551	0	0	0	0	0	0	1660572925065
1919	551	0	0	0	0	0	0	1660572926085
1917	551	0	0	0	0	0	0	1660572927105
1917	551	0	0	0	0	0	0	1660572928125
1916	551	0	0	0	0	0	0	1660572929145
1915	551	0	0	0	0	0	0	1660572930165
1914	551	0	0	0	0	0	0	1660572931185
1915	551	0	0	0	0	0	0	1660572932205
1914	551	0	0	0	0	0	0	1660572933225
1913	551	0	0	0	0	0	0	1660572934245
1912	551	0	0	0	0	0	0	1660572935265
1913	551	0	0	0	0	0	0	1660572936285
1912	551	0	0	0	0	0	0	1660572937305
1911	551	0	0	0	0	0	0	1660572938325
1911	551	0	0	0	0	0	0	1660572939345
1911	551	0	0	0	0	0	0	1660572940365
1911	551	0	0	0	0	0	0	1660572941385
1911	551	0	0	0	0	0	0	1660572942405
1911	551	0	0	0	0	0	0	1660572943425
1911	551	0	0	0	0	0	0	1660572944445
1911	551	0	0	0	0	0	0	1660572945465
1911	551	0	0	0	0	0	0	1660572946485
1911	551	0	0	0	0	0	0	1660572947505
1911	551	0	0	0	0	0	0	1660572948525
1911	551	0	0	0	0	0	0	1660572949545
1911	551	0	0	0	0	0	0	1660572950565
1911	551	0	0	0	0	0	0	1660572951585
1911	551	0	0	0	0	0	0	1660572952605
1911	551	0	0	0	0	0	0	1660572953625
1911	551	0	0	0	0	0	0	1660572954645
1911	551	0	0	0	0	0	0	1660572955665
1911	551	0	0	0	0	0	0	1660572956685
1911	551	0	0	0	0	0	0	1660572957705
1911	551	0	0	0	0	0	0	1660572958725
1911	551	0	0	0	0	0	0	1660572959745
1911	551	0	0	0	0	0	0	1660572960765
1911	551	0	0	0	0	0	0	1660572961785
1911	551	0	0	0	0	0	0	1660572962805
1911	551	0	0	0	0	0	0	1660572963825
1911	550	0	0	0	0	0	0	1660572964845
1911	550	0	0	0	0	0	0	1660572965865
1911	551	0	0	0	0	0	0	1660572966885
1911	551	0	0	0	0	0	0	1660572967905
1911	550	0	0	0	0	0	0	1660572968925
1911	550	0	0	0	0	0	0	1660572969945
1911	551	0	0	0	0	0	0	1660572970965
1911	551	0	0	0	0	0	0	1660572971985
1911	551	0	0	0	0	0	0	1660572973005
1911	551	0	0	0	0	0	0	1660572974025
1911	550	0	0	0	0	0	0	1660572975045
1911	550	0	0	0	0	0	0	1660572976065
1911	551	0	0	0	0	0	0	1660572977085
1911	551	0	0	0	0	0	0	1660572978105
1911	551	0	0	0	0	0	0	1660572979125
1911	551	0	0	0	0	0	0	1660572980145
1911	551	0	0	0	0	0	0	1660572981165
1911	551	0	0	0	0	0	0	1660572982185
1911	551	0	0	0	0	0	0	1660572983205
1911	551	0	0	0	0	0	0	1660572984225
1911	551	0	0	0	0	0	0	1660572985245
1911	551	0	0	0	0	0	0	1660572986265
1911	551	0	0	0	0	0	0	1660572987285
1911	551	0	0	0	0	0	0	1660572988305
1911	551	0	0	0	0	0	0	1660572989325
1911	551	0	0	0	0	0	0	1660572990345
1911	551	0	0	0	0	0	0	1660572991365
1911	551	0	0	0	0	0	0	1660572992385
1911	551	0	0	0	0	0	0	1660572993405
1911	551	0	0	0	0	0	0	1660572994425
1911	551	0	0	0	0	0	0	1660572995445
1911	551	0	0	0	0	0	0	1660572996465
1911	551	0	0	0	0	0	0	1660572997485
1911	10330	0	0	0	0	0	0	1660572998505
1911	6418	0	0	0	0	0	0	1660572999525
1911	4071	0	0	0	0	0	0	1660573000545
1911	2663	0	0	0	0	0	0	1660573001565
1911	1818	0	0	0	0	0	0	1660573002585
1911	1311	0	0	0	0	0	0	1660573003605
1911	1007	0	0	0	0	0	0	1660573004625
1911	825	0	0	0	0	0	0	1660573005645
1911	716	0	0	0	0	0	0	1660573006665
1911	650	0	0	0	0	0	0	1660573007685
1911	611	0	0	0	0	0	0	1660573008705
1911	587	0	0	0	0	0	0	1660573009725
1911	573	0	0	0	0	0	0	1660573010745
1911	564	0	0	0	0	0	0	1660573011765
1911	559	0	0	0	0	0	0	1660573012785
1911	556	0	0	0	0	0	0	1660573013805
1911	554	0	0	0	0	0	0	1660573014825
1911	553	0	0	0	0	0	0	1660573015845
1911	552	0	0	0	0	0	0	1660573016865
1911	552	0	0	0	0	0	0	1660573017885
1911	552	0	0	0	0	0	0	1660573018905
1911	552	0	0	0	0	0	0	1660573019925
1911	552	0	0	0	0	0	0	1660573020945
1911	552	0	0	0	0	0	0	1660573021965
1911	552	0	0	0	0	0	0	1660573022985
1911	552	0	0	0	0	0	0	1660573024005
1911	552	0	0	0	0	0	0	1660573025025
1911	552	0	0	0	0	0	0	1660573026045
1911	552	0	0	0	0	0	0	1660573027065
1911	552	0	0	0	0	0	0	1660573028085
1911	552	0	0	0	0	0	0	1660573029105
1911	552	0	0	0	0	0	0	1660573030125
1911	552	0	0	0	0	0	0	1660573031145
1911	552	0	0	0	0	0	0	1660573032165
1910	552	0	0	0	0	0	0	1660573033185
1910	552	0	0	0	0	0	0	1660573034205
1910	551	0	0	0	0	0	0	1660573035225
1910	551	0	0	0	0	0	0	1660573036245
1910	551	0	0	0	0	0	0	1660573037265
1910	551	0	0	0	0	0	0	1660573038285
1910	551	0	0	0	0	0	0	1660573039305
1910	551	0	0	0	0	0	0	1660573040325
1910	550	0	0	0	0	0	0	1660573041345
1910	550	0	0	0	0	0	0	1660573042365
1910	550	0	0	0	0	0	0	1660573043385
1910	550	0	0	0	0	0	0	1660573044405
1910	550	0	0	0	0	0	0	1660573045425
1910	549	0	0	0	0	0	0	1660573046445
1910	549	0	0	0	0	0	0	1660573047465
1910	549	0	0	0	0	0	0	1660573048485
1910	549	0	0	0	0	0	0	1660573049505
1910	550	0	0	0	0	0	0	1660573050525
1910	550	0	0	0	0	0	0	1660573051545
1910	550	0	0	0	0	0	0	1660573052565
1910	550	0	0	0	0	0	0	1660573053585
1910	551	0	0	0	0	0	0	1660573054605
1910	551	0	0	0	0	0	0	1660573055625
1910	550	0	0	0	0	0	0	1660573056645
1910	550	0	0	0	0	0	0	1660573057665
1910	550	0	0	0	0	0	0	1660573058685
1909	550	0	0	0	0	0	0	1660573059705
1909	549	0	0	0	0	0	0	1660573060725
1909	548	0	0	0	0	0	0	1660573061745
1910	548	0	0	0	0	0	0	1660573062765
1910	548	0	0	0	0	0	0	1660573063785
1909	547	0	0	0	0	0	0	1660573064805
1908	547	0	0	0	0	0	0	1660573065825
1908	547	0	0	0	0	0	0	1660573066845
1908	547	0	0	0	0	0	0	1660573067865
1908	547	0	0	0	0	0	0	1660573068885
1907	547	0	0	0	0	0	0	1660573069905
1907	548	0	0	0	0	0	0	1660573070925
1907	547	0	0	0	0	0	0	1660573071945
1908	546	0	0	0	0	0	0	1660573072965
1908	547	0	0	0	0	0	0	1660573073985
1908	547	0	0	0	0	0	0	1660573075005
1906	545	0	0	0	0	0	0	1660573076025
1917	545	0	0	0	0	0	0	1660573077045
1912	544	0	0	0	0	0	0	1660573078065
1907	544	0	0	0	0	0	0	1660573079085
1904	544	0	0	0	0	0	0	1660573080105
1902	543	0	0	0	0	0	0	1660573081125
1900	544	0	0	0	0	0	0	1660573082145
1901	543	0	0	0	0	0	0	1660573083165
1900	542	0	0	0	0	0	0	1660573084185
1898	541	0	0	0	0	0	0	1660573085205
1896	540	0	0	0	0	0	0	1660573086225
1893	539	0	0	0	0	0	0	1660573087245
1892	539	0	0	0	0	0	0	1660573088265
1892	538	0	0	0	0	0	0	1660573089285
1891	538	0	0	0	0	0	0	1660573090305
1891	539	0	0	0	0	0	0	1660573091325
1890	539	0	0	0	0	0	0	1660573092345
1891	539	0	0	0	0	0	0	1660573093365
1889	539	0	0	0	0	0	0	1660573094385
1887	537	0	0	0	0	0	0	1660573095405
1886	538	0	0	0	0	0	0	1660573096425
1886	539	0	0	0	0	0	0	1660573097445
1885	542	0	0	0	0	0	0	1660573098465
1885	546	0	0	0	0	0	0	1660573099485
1885	548	0	0	0	0	0	0	1660573100505
1884	548	0	0	0	0	0	0	1660573101525
1883	548	0	0	0	0	0	0	1660573102545
1883	548	0	0	0	0	0	0	1660573103565
1883	548	0	0	0	0	0	0	1660573104585
1883	549	0	0	0	0	0	0	1660573105605
1883	549	0	0	0	0	0	0	1660573106625
1883	549	0	0	0	0	0	0	1660573107645
1883	549	0	0	0	0	0	0	1660573108665
1883	549	0	0	0	0	0	0	1660573109685
1883	548	0	0	0	0	0	0	1660573110705
1883	548	0	0	0	0	0	0	1660573111725
1883	549	0	0	0	0	0	0	1660573112745
1883	549	0	0	0	0	0	0	1660573113765
1883	549	0	0	0	0	0	0	1660573114785
1883	550	0	0	0	0	0	0	1660573115805
1883	550	0	0	0	0	0	0	1660573116825
1883	550	0	0	0	0	0	0	1660573117845
1883	550	0	0	0	0	0	0	1660573118865
1883	550	0	0	0	0	0	0	1660573119885
1883	550	0	0	0	0	0	0	1660573120905
1883	550	0	0	0	0	0	0	1660573121925
1883	550	0	0	0	0	0	0	1660573122945
1883	550	0	0	0	0	0	0	1660573123965
1883	550	0	0	0	0	0	0	1660573124985
1883	549	0	0	0	0	0	0	1660573126005
1883	549	0	0	0	0	0	0	1660573127025
1883	549	0	0	0	0	0	0	1660573128045
1883	548	0	0	0	0	0	0	1660573129065
1883	548	0	0	0	0	0	0	1660573130085
1883	548	0	0	0	0	0	0	1660573131105
1883	549	0	0	0	0	0	0	1660573132125
1883	548	0	0	0	0	0	0	1660573133145
1883	547	0	0	0	0	0	0	1660573134165
1883	548	0	0	0	0	0	0	1660573135185
1883	547	0	0	0	0	0	0	1660573136205
1883	547	0	0	0	0	0	0	1660573137225
1883	547	0	0	0	0	0	0	1660573138245
1883	547	0	0	0	0	0	0	1660573139265
1883	547	0	0	0	0	0	0	1660573140285
1883	547	0	0	0	0	0	0	1660573141305
1883	546	0	0	0	0	0	0	1660573142325
1883	547	0	0	0	0	0	0	1660573143345
1883	547	0	0	0	0	0	0	1660573144365
1883	547	0	0	0	0	0	0	1660573145385
1883	547	0	0	0	0	0	0	1660573146405
1882	548	0	0	0	0	0	0	1660573147425
1883	548	0	0	0	0	0	0	1660573148445
1883	546	0	0	0	0	0	0	1660573149465
1883	544	0	0	0	0	0	0	1660573150485
1883	544	0	0	0	0	0	0	1660573151505
1883	544	0	0	0	0	0	0	1660573152525
1883	545	0	0	0	0	0	0	1660573153545
1883	544	0	0	0	0	0	0	1660573154565
1883	543	0	0	0	0	0	0	1660573155585
1883	544	0	0	0	0	0	0	1660573156605
1883	545	0	0	0	0	0	0	1660573157625
1883	543	0	0	0	0	0	0	1660573158645
1883	544	0	0	0	0	0	0	1660573159665
1883	544	0	0	0	0	0	0	1660573160685
1883	543	0	0	0	0	0	0	1660573161705
1883	541	0	0	0	0	0	0	1660573162725
1883	542	0	0	0	0	0	0	1660573163745
1883	543	0	0	0	0	0	0	1660573164765
1883	542	0	0	0	0	0	0	1660573165785
1883	543	0	0	0	0	0	0	1660573166805
1883	543	0	0	0	0	0	0	1660573167825
1883	543	0	0	0	0	0	0	1660573168845
1883	541	0	0	0	0	0	0	1660573169865
1883	541	0	0	0	0	0	0	1660573170885
1883	540	0	0	0	0	0	0	1660573171905
1883	541	0	0	0	0	0	0	1660573172925
1883	540	0	0	0	0	0	0	1660573173945
1883	539	0	0	0	0	0	0	1660573174965
1883	539	0	0	0	0	0	0	1660573175985
1883	541	0	0	0	0	0	0	1660573177005
1883	541	0	0	0	0	0	0	1660573178025
1883	540	0	0	0	0	0	0	1660573179045
1883	540	0	0	0	0	0	0	1660573180065
1883	540	0	0	0	0	0	0	1660573181085
1883	539	0	0	0	0	0	0	1660573182105
1883	539	0	0	0	0	0	0	1660573183125
1883	539	0	0	0	0	0	0	1660573184145
1883	538	0	0	0	0	0	0	1660573185165
1883	537	0	0	0	0	0	0	1660573186185
1883	538	0	0	0	0	0	0	1660573187205
1883	537	0	0	0	0	0	0	1660573188225
1883	538	0	0	0	0	0	0	1660573189245
1883	538	0	0	0	0	0	0	1660573190265
1883	537	0	0	0	0	0	0	1660573191285
1883	538	0	0	0	0	0	0	1660573192305
1883	539	0	0	0	0	0	0	1660573193325
1883	540	0	0	0	0	0	0	1660573194345
1883	542	0	0	0	0	0	0	1660573195365
1883	541	0	0	0	0	0	0	1660573196385
1883	542	0	0	0	0	0	0	1660573197405
1883	542	0	0	0	0	0	0	1660573198425
1883	541	0	0	0	0	0	0	1660573199445
1883	540	0	0	0	0	0	0	1660573200465
1883	542	0	0	0	0	0	0	1660573201485
1883	541	0	0	0	0	0	0	1660573202505
1883	540	0	0	0	0	0	0	1660573203525
1883	540	0	0	0	0	0	0	1660573204545
1883	541	0	0	0	0	0	0	1660573205565
1883	541	0	0	0	0	0	0	1660573206585
1883	540	0	0	0	0	0	0	1660573207605
1883	539	0	0	0	0	0	0	1660573208625
1883	540	0	0	0	0	0	0	1660573209645
1883	541	0	0	0	0	0	0	1660573210665
1883	541	0	0	0	0	0	0	1660573211685
1883	541	0	0	0	0	0	0	1660573212705
1883	540	0	0	0	0	0	0	1660573213725
1883	540	0	0	0	0	0	0	1660573214745
1883	541	0	0	0	0	0	0	1660573215765
1883	539	0	0	0	0	0	0	1660573216785
1883	539	0	0	0	0	0	0	1660573217805
1883	538	0	0	0	0	0	0	1660573218825
1883	539	0	0	0	0	0	0	1660573219845
1883	539	0	0	0	0	0	0	1660573220865
1883	539	0	0	0	0	0	0	1660573221885
1883	537	0	0	0	0	0	0	1660573222905
1883	538	0	0	0	0	0	0	1660573223925
1883	540	0	0	0	0	0	0	1660573224945
1883	540	0	0	0	0	0	0	1660573225965
1883	540	0	0	0	0	0	0	1660573226985
1883	539	0	0	0	0	0	0	1660573228005
1883	540	0	0	0	0	0	0	1660573229025
1883	541	0	0	0	0	0	0	1660573230045
1883	541	0	0	0	0	0	0	1660573231065
1883	541	0	0	0	0	0	0	1660573232085
1883	539	0	0	0	0	0	0	1660573233105
1883	540	0	0	0	0	0	0	1660573234125
1883	539	0	0	0	0	0	0	1660573235145
1883	539	0	0	0	0	0	0	1660573236165
1883	540	0	0	0	0	0	0	1660573237185
1883	538	0	0	0	0	0	0	1660573238205
1883	540	0	0	0	0	0	0	1660573239225
1883	540	0	0	0	0	0	0	1660573240245
1883	540	0	0	0	0	0	0	1660573241265
1883	541	0	0	0	0	0	0	1660573242285
1883	541	0	0	0	0	0	0	1660573243305
1883	542	0	0	0	0	0	0	1660573244325
1883	540	0	0	0	0	0	0	1660573245345
1883	541	0	0	0	0	0	0	1660573246365
1883	541	0	0	0	0	0	0	1660573247385
1883	543	0	0	0	0	0	0	1660573248405
1883	543	0	0	0	0	0	0	1660573249425
1883	546	0	0	0	0	0	0	1660573250445
1883	544	0	0	0	0	0	0	1660573251465
1883	544	0	0	0	0	0	0	1660573252485
1883	543	0	0	0	0	0	0	1660573253505
1883	544	0	0	0	0	0	0	1660573254525
1883	544	0	0	0	0	0	0	1660573255545
1883	544	0	0	0	0	0	0	1660573256565
1883	544	0	0	0	0	0	0	1660573257585
1883	544	0	0	0	0	0	0	1660573258605
1883	542	0	0	0	0	0	0	1660573259625
1883	542	0	0	0	0	0	0	1660573260645
1883	542	0	0	0	0	0	0	1660573261665
1883	543	0	0	0	0	0	0	1660573262685
1883	543	0	0	0	0	0	0	1660573263705
1883	543	0	0	0	0	0	0	1660573264725
1883	544	0	0	0	0	0	0	1660573265745
1883	543	0	0	0	0	0	0	1660573266765
1883	542	0	0	0	0	0	0	1660573267785
1883	541	0	0	0	0	0	0	1660573268805
1882	545	0	0	0	0	0	0	1660573269825
1882	546	0	0	0	0	0	0	1660573270845
1882	548	0	0	0	0	0	0	1660573271865
1882	550	0	0	0	0	0	0	1660573272885
1882	551	0	0	0	0	0	0	1660573273905
1882	551	0	0	0	0	0	0	1660573274925
1882	551	0	0	0	0	0	0	1660573275945
1882	551	0	0	0	0	0	0	1660573276965
1882	551	0	0	0	0	0	0	1660573277985
1882	551	0	0	0	0	0	0	1660573279005
1882	551	0	0	0	0	0	0	1660573280025
1882	551	0	0	0	0	0	0	1660573281045
1882	551	0	0	0	0	0	0	1660573282065
1882	551	0	0	0	0	0	0	1660573283085
1882	551	0	0	0	0	0	0	1660573284105
1882	551	0	0	0	0	0	0	1660573285125
1882	551	0	0	0	0	0	0	1660573286145
1882	551	0	0	0	0	0	0	1660573287165
1882	551	0	0	0	0	0	0	1660573288185
1882	551	0	0	0	0	0	0	1660573289205
1882	551	0	0	0	0	0	0	1660573290225
1881	551	0	0	0	0	0	0	1660573291245
1882	551	0	0	0	0	0	0	1660573292265
1882	551	0	0	0	0	0	0	1660573293285
1882	551	0	0	0	0	0	0	1660573294305
1882	551	0	0	0	0	0	0	1660573295325
1882	551	0	0	0	0	0	0	1660573296345
1882	551	0	0	0	0	0	0	1660573297365
1882	551	0	0	0	0	0	0	1660573298385
1881	551	0	0	0	0	0	0	1660573299405
1882	551	0	0	0	0	0	0	1660573300425
1882	551	0	0	0	0	0	0	1660573301445
1882	551	0	0	0	0	0	0	1660573302465
1883	551	0	0	0	0	0	0	1660573303485
1882	551	0	0	0	0	0	0	1660573304505
1882	551	0	0	0	0	0	0	1660573305525
1881	551	0	0	0	0	0	0	1660573306545
1880	551	0	0	0	0	0	0	1660573307565
1881	551	0	0	0	0	0	0	1660573308585
1881	551	0	0	0	0	0	0	1660573309605
1881	551	0	0	0	0	0	0	1660573310625
1881	551	0	0	0	0	0	0	1660573311645
1879	551	0	0	0	0	0	0	1660573312665
1879	551	0	0	0	0	0	0	1660573313685
1879	551	0	0	0	0	0	0	1660573314705
1879	551	0	0	0	0	0	0	1660573315725
1879	551	0	0	0	0	0	0	1660573316745
1879	551	0	0	0	0	0	0	1660573317765
1878	551	0	0	0	0	0	0	1660573318785
1878	551	0	0	0	0	0	0	1660573319805
1878	551	0	0	0	0	0	0	1660573320825
1878	551	0	0	0	0	0	0	1660573321845
1878	551	0	0	0	0	0	0	1660573322865
1878	551	0	0	0	0	0	0	1660573323885
1878	551	0	0	0	0	0	0	1660573324905
1878	551	0	0	0	0	0	0	1660573325925
1876	551	0	0	0	0	0	0	1660573326945
1876	551	0	0	0	0	0	0	1660573327965
1876	551	0	0	0	0	0	0	1660573328985
1876	551	0	0	0	0	0	0	1660573330005
1875	551	0	0	0	0	0	0	1660573331025
1875	551	0	0	0	0	0	0	1660573332045
1874	551	0	0	0	0	0	0	1660573333065
1872	551	0	0	0	0	0	0	1660573334085
1871	551	0	0	0	0	0	0	1660573335105
1870	551	0	0	0	0	0	0	1660573336125
1870	551	0	0	0	0	0	0	1660573337145
1868	551	0	0	0	0	0	0	1660573338165
1868	551	0	0	0	0	0	0	1660573339185
1867	551	0	0	0	0	0	0	1660573340205
1866	551	0	0	0	0	0	0	1660573341225
1867	551	0	0	0	0	0	0	1660573342245
1865	551	0	0	0	0	0	0	1660573343265
1865	551	0	0	0	0	0	0	1660573344285
1866	551	0	0	0	0	0	0	1660573345305
1866	551	0	0	0	0	0	0	1660573346325
1868	551	0	0	0	0	0	0	1660573347345
1866	551	0	0	0	0	0	0	1660573348365
1864	551	0	0	0	0	0	0	1660573349385
1864	551	0	0	0	0	0	0	1660573350405
1863	551	0	0	0	0	0	0	1660573351425
1863	551	0	0	0	0	0	0	1660573352445
1860	551	0	0	0	0	0	0	1660573353465
1861	551	0	0	0	0	0	0	1660573354485
1861	551	0	0	0	0	0	0	1660573355505
1860	551	0	0	0	0	0	0	1660573356525
1858	551	0	0	0	0	0	0	1660573357545
1858	551	0	0	0	0	0	0	1660573358565
1857	551	0	0	0	0	0	0	1660573359585
1857	551	0	0	0	0	0	0	1660573360605
1857	551	0	0	0	0	0	0	1660573361625
1857	551	0	0	0	0	0	0	1660573362645
1857	551	0	0	0	0	0	0	1660573363665
1856	551	0	0	0	0	0	0	1660573364685
1856	551	0	0	0	0	0	0	1660573365705
1857	551	0	0	0	0	0	0	1660573366725
1856	551	0	0	0	0	0	0	1660573367745
1856	551	0	0	0	0	0	0	1660573368765
1855	551	0	0	0	0	0	0	1660573369785
1855	551	0	0	0	0	0	0	1660573370805
1855	551	0	0	0	0	0	0	1660573371825
1855	551	0	0	0	0	0	0	1660573372845
1855	551	0	0	0	0	0	0	1660573373865
1855	551	0	0	0	0	0	0	1660573374885
1855	551	0	0	0	0	0	0	1660573375905
1855	551	0	0	0	0	0	0	1660573376925
1856	551	0	0	0	0	0	0	1660573377945
1856	551	0	0	0	0	0	0	1660573378965
1855	551	0	0	0	0	0	0	1660573379985
1855	551	0	0	0	0	0	0	1660573381005
1855	551	0	0	0	0	0	0	1660573382025
1855	551	0	0	0	0	0	0	1660573383045
1855	551	0	0	0	0	0	0	1660573384065
1855	551	0	0	0	0	0	0	1660573385085
1855	551	0	0	0	0	0	0	1660573386105
1855	551	0	0	0	0	0	0	1660573387125
1855	551	0	0	0	0	0	0	1660573388145
1855	551	0	0	0	0	0	0	1660573389165
1855	551	0	0	0	0	0	0	1660573390185
1855	551	0	0	0	0	0	0	1660573391205
1855	551	0	0	0	0	0	0	1660573392225
1855	551	0	0	0	0	0	0	1660573393245
1855	551	0	0	0	0	0	0	1660573394265
1855	551	0	0	0	0	0	0	1660573395285
1855	551	0	0	0	0	0	0	1660573396305
1855	551	0	0	0	0	0	0	1660573397325
1855	551	0	0	0	0	0	0	1660573398345
1855	551	0	0	0	0	0	0	1660573399365
1855	551	0	0	0	0	0	0	1660573400385
1855	551	0	0	0	0	0	0	1660573401405
1855	551	0	0	0	0	0	0	1660573402425
1855	551	0	0	0	0	0	0	1660573403445
1855	551	0	0	0	0	0	0	1660573404465
1855	551	0	0	0	0	0	0	1660573405485
1855	551	0	0	0	0	0	0	1660573406505
1855	551	0	0	0	0	0	0	1660573407525
1855	551	0	0	0	0	0	0	1660573408545
1855	551	0	0	0	0	0	0	1660573409565
1855	551	0	0	0	0	0	0	1660573410585
1855	551	0	0	0	0	0	0	1660573411605
1855	551	0	0	0	0	0	0	1660573412625
1855	551	0	0	0	0	0	0	1660573413645
1855	551	0	0	0	0	0	0	1660573414665
1855	551	0	0	0	0	0	0	1660573415685
1855	551	0	0	0	0	0	0	1660573416705
1855	551	0	0	0	0	0	0	1660573417725
1855	551	0	0	0	0	0	0	1660573418745
1855	551	0	0	0	0	0	0	1660573419765
