1982	1751	0	0	0	0	0	0	1658928966754
1972	1744	0	0	0	0	0	0	1658928967774
1960	1733	0	0	0	0	0	0	1658928968794
1943	1726	0	0	0	0	0	0	1658928969814
1927	1722	0	0	0	0	0	0	1658928970834
1911	1719	0	0	0	0	0	0	1658928971854
1901	1717	0	0	0	0	0	0	1658928972874
1885	1716	0	0	0	0	0	0	1658928973894
1874	1715	0	0	0	0	0	0	1658928974914
1863	1713	0	0	0	0	0	0	1658928975934
1850	1708	0	0	0	0	0	0	1658928976954
1842	1701	0	0	0	0	0	0	1658928977974
1834	1696	0	0	0	0	0	0	1658928978994
1821	1693	0	0	0	0	0	0	1658928980014
1814	1691	0	0	0	0	0	0	1658928981034
1809	1690	0	0	0	0	0	0	1658928982054
1798	1689	0	0	0	0	0	0	1658928983074
1789	1688	0	0	0	0	0	0	1658928984094
1783	1688	0	0	0	0	0	0	1658928985114
1780	1688	0	0	0	0	0	0	1658928986134
1777	1688	0	0	0	0	0	0	1658928987154
1768	1688	0	0	0	0	0	0	1658928988174
1759	1688	0	0	0	0	0	0	1658928989194
1754	1688	0	0	0	0	0	0	1658928990214
1751	1688	0	0	0	0	0	0	1658928991234
1749	1688	0	0	0	0	0	0	1658928992254
1743	1688	0	0	0	0	0	0	1658928993274
1734	1688	0	0	0	0	0	0	1658928994294
1728	1688	0	0	0	0	0	0	1658928995314
1724	1688	0	0	0	0	0	0	1658928996334
1722	1688	0	0	0	0	0	0	1658928997354
1720	1688	0	0	0	0	0	0	1658928998374
1718	1687	0	0	0	0	0	0	1658928999394
1711	1686	0	0	0	0	0	0	1658929000414
1703	1686	0	0	0	0	0	0	1658929001434
1698	1684	0	0	0	0	0	0	1658929002454
1695	1683	0	0	0	0	0	0	1658929003474
1693	1682	0	0	0	0	0	0	1658929004494
1692	1675	0	0	0	0	0	0	1658929005514
1691	1671	0	0	0	0	0	0	1658929006534
1683	1667	0	0	0	0	0	0	1658929007554
1675	1664	0	0	0	0	0	0	1658929008574
1670	1662	0	0	0	0	0	0	1658929009594
1667	1661	0	0	0	0	0	0	1658929010614
1665	1661	0	0	0	0	0	0	1658929011634
1665	1661	0	0	0	0	0	0	1658929012654
1664	1661	0	0	0	0	0	0	1658929013674
1663	1660	0	0	0	0	0	0	1658929014694
1662	1660	0	0	0	0	0	0	1658929015714
1658	1660	0	0	0	0	0	0	1658929016734
1649	1660	0	0	0	0	0	0	1658929017754
1643	1660	0	0	0	0	0	0	1658929018774
1640	1660	0	0	0	0	0	0	1658929019794
1638	1660	0	0	0	0	0	0	1658929020814
1637	1660	0	0	0	0	0	0	1658929021834
1636	1660	0	0	0	0	0	0	1658929022854
1635	1660	0	0	0	0	0	0	1658929023874
1635	1660	0	0	0	0	0	0	1658929024894
1635	1660	0	0	0	0	0	0	1658929025914
1635	1660	0	0	0	0	0	0	1658929026934
1634	1660	0	0	0	0	0	0	1658929027954
1629	1660	0	0	0	0	0	0	1658929028974
1623	1660	0	0	0	0	0	0	1658929029994
1617	1660	0	0	0	0	0	0	1658929031014
1613	1660	0	0	0	0	0	0	1658929032034
1611	1660	0	0	0	0	0	0	1658929033054
1609	1660	0	0	0	0	0	0	1658929034074
1608	1660	0	0	0	0	0	0	1658929035094
1608	1660	0	0	0	0	0	0	1658929036114
1607	1660	0	0	0	0	0	0	1658929037134
1607	1660	0	0	0	0	0	0	1658929038154
1607	1660	0	0	0	0	0	0	1658929039174
1607	1660	0	0	0	0	0	0	1658929040194
1607	1660	0	0	0	0	0	0	1658929041214
1605	1660	0	0	0	0	0	0	1658929042234
1601	1660	0	0	0	0	0	0	1658929043254
1595	1660	0	0	0	0	0	0	1658929044274
1590	1660	0	0	0	0	0	0	1658929045294
1586	1660	0	0	0	0	0	0	1658929046314
1583	1660	0	0	0	0	0	0	1658929047334
1581	1660	0	0	0	0	0	0	1658929048354
1580	1660	0	0	0	0	0	0	1658929049374
1580	1660	0	0	0	0	0	0	1658929050394
1580	1660	0	0	0	0	0	0	1658929051414
1580	1660	0	0	0	0	0	0	1658929052434
1579	1660	0	0	0	0	0	0	1658929053454
1579	1660	0	0	0	0	0	0	1658929054474
1579	1660	0	0	0	0	0	0	1658929055494
1579	1660	0	0	0	0	0	0	1658929056514
1579	1660	0	0	0	0	0	0	1658929057534
1575	1660	0	0	0	0	0	0	1658929058554
1571	1660	0	0	0	0	0	0	1658929059574
1565	1659	0	0	0	0	0	0	1658929060594
1560	1657	0	0	0	0	0	0	1658929061614
1556	1657	0	0	0	0	0	0	1658929062634
1554	1656	0	0	0	0	0	0	1658929063654
1553	1654	0	0	0	0	0	0	1658929064674
1552	1652	0	0	0	0	0	0	1658929065694
1552	1650	0	0	0	0	0	0	1658929066714
1552	1647	0	0	0	0	0	0	1658929067734
1552	1643	0	0	0	0	0	0	1658929068754
1552	1640	0	0	0	0	0	0	1658929069774
1552	1637	0	0	0	0	0	0	1658929070794
1552	1636	0	0	0	0	0	0	1658929071814
1551	1634	0	0	0	0	0	0	1658929072834
1551	1634	0	0	0	0	0	0	1658929073854
1551	1633	0	0	0	0	0	0	1658929074874
1551	1633	0	0	0	0	0	0	1658929075894
1551	1633	0	0	0	0	0	0	1658929076914
1549	1632	0	0	0	0	0	0	1658929077934
1543	1632	0	0	0	0	0	0	1658929078954
1536	1632	0	0	0	0	0	0	1658929079974
1531	1632	0	0	0	0	0	0	1658929080994
1528	1632	0	0	0	0	0	0	1658929082014
1526	1632	0	0	0	0	0	0	1658929083034
1525	1632	0	0	0	0	0	0	1658929084054
1524	1632	0	0	0	0	0	0	1658929085074
1524	1632	0	0	0	0	0	0	1658929086094
1524	1632	0	0	0	0	0	0	1658929087114
1523	1632	0	0	0	0	0	0	1658929088134
1523	1632	0	0	0	0	0	0	1658929089154
1523	1632	0	0	0	0	0	0	1658929090174
1523	1632	0	0	0	0	0	0	1658929091194
1523	1632	0	0	0	0	0	0	1658929092214
1523	1632	0	0	0	0	0	0	1658929093234
1523	1632	0	0	0	0	0	0	1658929094254
1523	1632	0	0	0	0	0	0	1658929095274
1523	1632	0	0	0	0	0	0	1658929096294
1523	1632	0	0	0	0	0	0	1658929097314
1523	1632	0	0	0	0	0	0	1658929098334
1523	1632	0	0	0	0	0	0	1658929099354
1519	1632	0	0	0	0	0	0	1658929100374
1515	1632	0	0	0	0	0	0	1658929101394
1509	1632	0	0	0	0	0	0	1658929102414
1504	1632	0	0	0	0	0	0	1658929103434
1501	1632	0	0	0	0	0	0	1658929104454
1499	1632	0	0	0	0	0	0	1658929105474
1498	1632	0	0	0	0	0	0	1658929106494
1497	1632	0	0	0	0	0	0	1658929107514
1496	1632	0	0	0	0	0	0	1658929108534
1496	1632	0	0	0	0	0	0	1658929109554
1496	1632	0	0	0	0	0	0	1658929110574
1496	1632	0	0	0	0	0	0	1658929111594
1495	1632	0	0	0	0	0	0	1658929112614
1495	1632	0	0	0	0	0	0	1658929113634
1495	1632	0	0	0	0	0	0	1658929114654
1495	1632	0	0	0	0	0	0	1658929115674
1495	1632	0	0	0	0	0	0	1658929116694
1495	1632	0	0	0	0	0	0	1658929117714
1495	1632	0	0	0	0	0	0	1658929118734
1495	1632	0	0	0	0	0	0	1658929119754
1495	1632	0	0	0	0	0	0	1658929120774
1495	1632	0	0	0	0	0	0	1658929121794
1493	1632	0	0	0	0	0	0	1658929122814
1487	1632	0	0	0	0	0	0	1658929123834
1481	1632	0	0	0	0	0	0	1658929124854
1477	1632	0	0	0	0	0	0	1658929125874
1474	1631	0	0	0	0	0	0	1658929126894
1473	1630	0	0	0	0	0	0	1658929127914
1472	1627	0	0	0	0	0	0	1658929128934
1470	1626	0	0	0	0	0	0	1658929129954
1469	1625	0	0	0	0	0	0	1658929130974
1468	1623	0	0	0	0	0	0	1658929131994
1468	1622	0	0	0	0	0	0	1658929133014
1468	1620	0	0	0	0	0	0	1658929134034
1468	1616	0	0	0	0	0	0	1658929135054
1468	1614	0	0	0	0	0	0	1658929136074
1468	1611	0	0	0	0	0	0	1658929137094
1468	1609	0	0	0	0	0	0	1658929138114
1468	1608	0	0	0	0	0	0	1658929139134
1467	1608	0	0	0	0	0	0	1658929140154
1467	1607	0	0	0	0	0	0	1658929141174
1467	1606	0	0	0	0	0	0	1658929142194
1467	1605	0	0	0	0	0	0	1658929143214
1467	1605	0	0	0	0	0	0	1658929144234
1467	1604	0	0	0	0	0	0	1658929145254
1467	1604	0	0	0	0	0	0	1658929146274
1467	1604	0	0	0	0	0	0	1658929147294
1467	1604	0	0	0	0	0	0	1658929148314
1467	1604	0	0	0	0	0	0	1658929149334
1466	1601	0	0	0	0	0	0	1658929150354
1465	1602	0	0	0	0	0	0	1658929151374
1464	1603	0	0	0	0	0	0	1658929152394
1462	1603	0	0	0	0	0	0	1658929153414
1457	1604	0	0	0	0	0	0	1658929154434
1451	1604	0	0	0	0	0	0	1658929155454
1448	1604	0	0	0	0	0	0	1658929156474
1444	1604	0	0	0	0	0	0	1658929157494
1442	1604	0	0	0	0	0	0	1658929158514
1441	1604	0	0	0	0	0	0	1658929159534
1440	1604	0	0	0	0	0	0	1658929160554
1440	1604	0	0	0	0	0	0	1658929161574
1440	1604	0	0	0	0	0	0	1658929162594
1440	1604	0	0	0	0	0	0	1658929163614
1440	1604	0	0	0	0	0	0	1658929164634
1440	1604	0	0	0	0	0	0	1658929165654
1440	1604	0	0	0	0	0	0	1658929166674
1440	1604	0	0	0	0	0	0	1658929167694
1440	1604	0	0	0	0	0	0	1658929168714
1440	1604	0	0	0	0	0	0	1658929169734
1440	1604	0	0	0	0	0	0	1658929170754
1440	1604	0	0	0	0	0	0	1658929171774
1440	1604	0	0	0	0	0	0	1658929172794
1440	1604	0	0	0	0	0	0	1658929173814
1439	1604	0	0	0	0	0	0	1658929174834
1439	1604	0	0	0	0	0	0	1658929175854
1439	1604	0	0	0	0	0	0	1658929176874
1439	1604	0	0	0	0	0	0	1658929177894
1439	1604	0	0	0	0	0	0	1658929178914
1439	1604	0	0	0	0	0	0	1658929179934
1439	1604	0	0	0	0	0	0	1658929180954
1439	1604	0	0	0	0	0	0	1658929181974
1439	1604	0	0	0	0	0	0	1658929182994
1439	1604	0	0	0	0	0	0	1658929184014
1439	1604	0	0	0	0	0	0	1658929185034
1439	1604	0	0	0	0	0	0	1658929186054
1439	1604	0	0	0	0	0	0	1658929187074
1438	1604	0	0	0	0	0	0	1658929188094
1437	1604	0	0	0	0	0	0	1658929189114
1435	1604	0	0	0	0	0	0	1658929190134
1429	1604	0	0	0	0	0	0	1658929191154
1430	1604	0	0	0	0	0	0	1658929192174
1432	1604	0	0	0	0	0	0	1658929193194
1430	1604	0	0	0	0	0	0	1658929194214
1429	1603	0	0	0	0	0	0	1658929195234
1424	1603	0	0	0	0	0	0	1658929196254
1421	1602	0	0	0	0	0	0	1658929197274
1418	1602	0	0	0	0	0	0	1658929198294
1417	1600	0	0	0	0	0	0	1658929199314
1416	1598	0	0	0	0	0	0	1658929200334
1415	1596	0	0	0	0	0	0	1658929201354
1414	1594	0	0	0	0	0	0	1658929202374
1413	1593	0	0	0	0	0	0	1658929203394
1412	1591	0	0	0	0	0	0	1658929204414
1412	1589	0	0	0	0	0	0	1658929205434
1412	1588	0	0	0	0	0	0	1658929206454
1412	1585	0	0	0	0	0	0	1658929207474
1412	1583	0	0	0	0	0	0	1658929208494
1412	1581	0	0	0	0	0	0	1658929209514
1412	1579	0	0	0	0	0	0	1658929210534
1411	1579	0	0	0	0	0	0	1658929211554
1411	1578	0	0	0	0	0	0	1658929212574
1411	1578	0	0	0	0	0	0	1658929213594
1411	1578	0	0	0	0	0	0	1658929214614
1411	1577	0	0	0	0	0	0	1658929215634
1411	1577	0	0	0	0	0	0	1658929216654
1411	1577	0	0	0	0	0	0	1658929217674
1411	1577	0	0	0	0	0	0	1658929218694
1411	1577	0	0	0	0	0	0	1658929219714
1411	1577	0	0	0	0	0	0	1658929220734
1411	1577	0	0	0	0	0	0	1658929221754
1411	1577	0	0	0	0	0	0	1658929222774
1411	1577	0	0	0	0	0	0	1658929223794
1411	1577	0	0	0	0	0	0	1658929224814
1411	1577	0	0	0	0	0	0	1658929225834
1411	1577	0	0	0	0	0	0	1658929226854
1411	1577	0	0	0	0	0	0	1658929227874
1411	1577	0	0	0	0	0	0	1658929228894
1411	1577	0	0	0	0	0	0	1658929229914
1411	1577	0	0	0	0	0	0	1658929230934
1411	1577	0	0	0	0	0	0	1658929231954
1411	1577	0	0	0	0	0	0	1658929232974
1411	1577	0	0	0	0	0	0	1658929233994
1411	1577	0	0	0	0	0	0	1658929235014
1411	1577	0	0	0	0	0	0	1658929236034
1410	1577	0	0	0	0	0	0	1658929237054
1409	1577	0	0	0	0	0	0	1658929238074
1407	1577	0	0	0	0	0	0	1658929239094
1404	1577	0	0	0	0	0	0	1658929240114
1401	1577	0	0	0	0	0	0	1658929241134
1396	1577	0	0	0	0	0	0	1658929242154
1393	1577	0	0	0	0	0	0	1658929243174
1392	1577	0	0	0	0	0	0	1658929244194
1389	1577	0	0	0	0	0	0	1658929245214
1387	1577	0	0	0	0	0	0	1658929246234
1386	1577	0	0	0	0	0	0	1658929247254
1385	1577	0	0	0	0	0	0	1658929248274
1384	1577	0	0	0	0	0	0	1658929249294
1384	1577	0	0	0	0	0	0	1658929250314
1384	1577	0	0	0	0	0	0	1658929251334
1384	1577	0	0	0	0	0	0	1658929252354
1384	1577	0	0	0	0	0	0	1658929253374
1384	1577	0	0	0	0	0	0	1658929254394
1384	1577	0	0	0	0	0	0	1658929255414
1384	1577	0	0	0	0	0	0	1658929256434
1384	1577	0	0	0	0	0	0	1658929257454
1384	1577	0	0	0	0	0	0	1658929258474
1384	1577	0	0	0	0	0	0	1658929259494
1384	1577	0	0	0	0	0	0	1658929260514
1384	1577	0	0	0	0	0	0	1658929261534
1384	1577	0	0	0	0	0	0	1658929262554
1384	1577	0	0	0	0	0	0	1658929263574
1384	1577	0	0	0	0	0	0	1658929264594
1384	1577	0	0	0	0	0	0	1658929265614
1384	1577	0	0	0	0	0	0	1658929266634
1384	1577	0	0	0	0	0	0	1658929267654
1384	1577	0	0	0	0	0	0	1658929268674
1384	1577	0	0	0	0	0	0	1658929269694
1384	1577	0	0	0	0	0	0	1658929270714
1384	1577	0	0	0	0	0	0	1658929271734
1384	1576	0	0	0	0	0	0	1658929272754
1384	1576	0	0	0	0	0	0	1658929273774
1384	1576	0	0	0	0	0	0	1658929274794
1384	1575	0	0	0	0	0	0	1658929275814
1384	1574	0	0	0	0	0	0	1658929276834
1384	1574	0	0	0	0	0	0	1658929277854
1384	1575	0	0	0	0	0	0	1658929278874
1384	1573	0	0	0	0	0	0	1658929279894
1384	1572	0	0	0	0	0	0	1658929280914
1384	1570	0	0	0	0	0	0	1658929281934
1384	1567	0	0	0	0	0	0	1658929282954
1384	1563	0	0	0	0	0	0	1658929283974
1384	1563	0	0	0	0	0	0	1658929284994
1395	1560	0	0	0	0	0	0	1658929286014
1390	1560	0	0	0	0	0	0	1658929287034
1387	1556	0	0	0	0	0	0	1658929288054
1386	1556	0	0	0	0	0	0	1658929289074
1385	1554	0	0	0	0	0	0	1658929290094
1384	1552	0	0	0	0	0	0	1658929291114
1383	1551	0	0	0	0	0	0	1658929292134
1383	1550	0	0	0	0	0	0	1658929293154
1383	1550	0	0	0	0	0	0	1658929294174
1381	1550	0	0	0	0	0	0	1658929295194
1379	1550	0	0	0	0	0	0	1658929296214
1377	1550	0	0	0	0	0	0	1658929297234
1374	1550	0	0	0	0	0	0	1658929298254
1373	1549	0	0	0	0	0	0	1658929299274
1371	1549	0	0	0	0	0	0	1658929300294
1367	1549	0	0	0	0	0	0	1658929301314
1364	1549	0	0	0	0	0	0	1658929302334
1362	1549	0	0	0	0	0	0	1658929303354
1360	1549	0	0	0	0	0	0	1658929304374
1359	1549	0	0	0	0	0	0	1658929305394
1358	1549	0	0	0	0	0	0	1658929306414
1357	1549	0	0	0	0	0	0	1658929307434
1357	1549	0	0	0	0	0	0	1658929308454
1356	1549	0	0	0	0	0	0	1658929309474
1356	1549	0	0	0	0	0	0	1658929310494
1356	1549	0	0	0	0	0	0	1658929311514
1356	1549	0	0	0	0	0	0	1658929312534
1356	1549	0	0	0	0	0	0	1658929313554
1356	1549	0	0	0	0	0	0	1658929314574
1356	1549	0	0	0	0	0	0	1658929315594
1356	1549	0	0	0	0	0	0	1658929316614
1356	1549	0	0	0	0	0	0	1658929317634
1356	1549	0	0	0	0	0	0	1658929318654
1356	1549	0	0	0	0	0	0	1658929319674
1356	1549	0	0	0	0	0	0	1658929320694
1356	1549	0	0	0	0	0	0	1658929321714
1355	1549	0	0	0	0	0	0	1658929322734
1356	1549	0	0	0	0	0	0	1658929323754
1356	1549	0	0	0	0	0	0	1658929324774
1356	1549	0	0	0	0	0	0	1658929325794
1356	1549	0	0	0	0	0	0	1658929326814
1356	1549	0	0	0	0	0	0	1658929327834
1356	1549	0	0	0	0	0	0	1658929328854
1356	1549	0	0	0	0	0	0	1658929329874
1356	1549	0	0	0	0	0	0	1658929330894
1356	1549	0	0	0	0	0	0	1658929331914
1356	1549	0	0	0	0	0	0	1658929332934
1356	1549	0	0	0	0	0	0	1658929333954
1356	1549	0	0	0	0	0	0	1658929334974
1356	1549	0	0	0	0	0	0	1658929335994
1356	1549	0	0	0	0	0	0	1658929337014
1356	1549	0	0	0	0	0	0	1658929338034
1356	1549	0	0	0	0	0	0	1658929339054
1356	1549	0	0	0	0	0	0	1658929340074
1356	1549	0	0	0	0	0	0	1658929341094
1356	1549	0	0	0	0	0	0	1658929342114
1356	1549	0	0	0	0	0	0	1658929343134
1356	1549	0	0	0	0	0	0	1658929344154
1356	1549	0	0	0	0	0	0	1658929345174
1356	1549	0	0	0	0	0	0	1658929346194
1356	1549	0	0	0	0	0	0	1658929347214
1356	1549	0	0	0	0	0	0	1658929348234
1356	1549	0	0	0	0	0	0	1658929349254
1356	1549	0	0	0	0	0	0	1658929350274
1356	1549	0	0	0	0	0	0	1658929351294
1356	1549	0	0	0	0	0	0	1658929352314
1356	1549	0	0	0	0	0	0	1658929353334
1356	1549	0	0	0	0	0	0	1658929354354
1356	1549	0	0	0	0	0	0	1658929355374
1356	1549	0	0	0	0	0	0	1658929356394
1356	1549	0	0	0	0	0	0	1658929357414
1356	1549	0	0	0	0	0	0	1658929358434
1356	1549	0	0	0	0	0	0	1658929359454
1356	1549	0	0	0	0	0	0	1658929360474
1356	1549	0	0	0	0	0	0	1658929361494
1356	1548	0	0	0	0	0	0	1658929362514
1356	1548	0	0	0	0	0	0	1658929363534
1356	1548	0	0	0	0	0	0	1658929364554
1356	1548	0	0	0	0	0	0	1658929365574
1356	1548	0	0	0	0	0	0	1658929366594
1356	1548	0	0	0	0	0	0	1658929367614
1356	1548	0	0	0	0	0	0	1658929368634
1356	1548	0	0	0	0	0	0	1658929369654
1355	1548	0	0	0	0	0	0	1658929370674
1354	1548	0	0	0	0	0	0	1658929371694
1354	1548	0	0	0	0	0	0	1658929372714
1351	1548	0	0	0	0	0	0	1658929373734
1349	1547	0	0	0	0	0	0	1658929374754
1347	1547	0	0	0	0	0	0	1658929375774
1347	1547	0	0	0	0	0	0	1658929376794
1343	1544	0	0	0	0	0	0	1658929377814
1339	1545	0	0	0	0	0	0	1658929378834
1338	1543	0	0	0	0	0	0	1658929379854
1335	1541	0	0	0	0	0	0	1658929380874
1333	1539	0	0	0	0	0	0	1658929381894
1332	1537	0	0	0	0	0	0	1658929382914
1330	1535	0	0	0	0	0	0	1658929383934
1330	1532	0	0	0	0	0	0	1658929384954
1333	1531	0	0	0	0	0	0	1658929385974
1335	1532	0	0	0	0	0	0	1658929386994
1336	1531	0	0	0	0	0	0	1658929388014
1337	1536	0	0	0	0	0	0	1658929389034
1338	1536	0	0	0	0	0	0	1658929390054
1339	1534	0	0	0	0	0	0	1658929391074
1340	1533	0	0	0	0	0	0	1658929392094
1341	1532	0	0	0	0	0	0	1658929393114
1344	1530	0	0	0	0	0	0	1658929394134
1346	1528	0	0	0	0	0	0	1658929395154
1346	1528	0	0	0	0	0	0	1658929396174
1344	1528	0	0	0	0	0	0	1658929397194
1340	1526	0	0	0	0	0	0	1658929398214
1337	1525	0	0	0	0	0	0	1658929399234
1335	1525	0	0	0	0	0	0	1658929400254
1335	1524	0	0	0	0	0	0	1658929401274
1333	1523	0	0	0	0	0	0	1658929402294
1332	1523	0	0	0	0	0	0	1658929403314
1332	1523	0	0	0	0	0	0	1658929404334
1331	1522	0	0	0	0	0	0	1658929405354
1330	1522	0	0	0	0	0	0	1658929406374
1330	1522	0	0	0	0	0	0	1658929407394
1329	1522	0	0	0	0	0	0	1658929408414
1329	1521	0	0	0	0	0	0	1658929409434
1329	1521	0	0	0	0	0	0	1658929410454
1329	1521	0	0	0	0	0	0	1658929411474
1329	1521	0	0	0	0	0	0	1658929412494
1329	1521	0	0	0	0	0	0	1658929413514
1329	1521	0	0	0	0	0	0	1658929414534
1329	1521	0	0	0	0	0	0	1658929415554
1329	1521	0	0	0	0	0	0	1658929416574
1329	1521	0	0	0	0	0	0	1658929417594
1329	1521	0	0	0	0	0	0	1658929418614
1329	1521	0	0	0	0	0	0	1658929419634
1329	1521	0	0	0	0	0	0	1658929420654
1329	1521	0	0	0	0	0	0	1658929421674
1329	1521	0	0	0	0	0	0	1658929422694
1328	1521	0	0	0	0	0	0	1658929423714
1328	1521	0	0	0	0	0	0	1658929424734
1328	1521	0	0	0	0	0	0	1658929425754
1328	1521	0	0	0	0	0	0	1658929426774
1328	1521	0	0	0	0	0	0	1658929427794
1328	1521	0	0	0	0	0	0	1658929428814
1328	1521	0	0	0	0	0	0	1658929429834
1328	1521	0	0	0	0	0	0	1658929430854
1328	1521	0	0	0	0	0	0	1658929431874
1328	1521	0	0	0	0	0	0	1658929432894
1328	1521	0	0	0	0	0	0	1658929433914
1328	1521	0	0	0	0	0	0	1658929434934
1328	1521	0	0	0	0	0	0	1658929435954
1328	1521	0	0	0	0	0	0	1658929436974
1328	1521	0	0	0	0	0	0	1658929437994
1328	1521	0	0	0	0	0	0	1658929439014
1328	1521	0	0	0	0	0	0	1658929440034
1328	1521	0	0	0	0	0	0	1658929441054
1328	1521	0	0	0	0	0	0	1658929442074
1328	1521	0	0	0	0	0	0	1658929443094
1328	1521	0	0	0	0	0	0	1658929444114
1328	1521	0	0	0	0	0	0	1658929445134
1328	1521	0	0	0	0	0	0	1658929446154
1328	1521	0	0	0	0	0	0	1658929447174
1328	1521	0	0	0	0	0	0	1658929448194
1328	1521	0	0	0	0	0	0	1658929449214
1328	1521	0	0	0	0	0	0	1658929450234
1328	1521	0	0	0	0	0	0	1658929451254
1328	1521	0	0	0	0	0	0	1658929452274
1328	1521	0	0	0	0	0	0	1658929453294
1328	1521	0	0	0	0	0	0	1658929454314
1328	1521	0	0	0	0	0	0	1658929455334
1328	1521	0	0	0	0	0	0	1658929456354
1328	1521	0	0	0	0	0	0	1658929457374
1328	1521	0	0	0	0	0	0	1658929458394
1328	1521	0	0	0	0	0	0	1658929459414
1328	1521	0	0	0	0	0	0	1658929460434
1328	1521	0	0	0	0	0	0	1658929461454
1328	1521	0	0	0	0	0	0	1658929462474
1328	1521	0	0	0	0	0	0	1658929463494
1328	1521	0	0	0	0	0	0	1658929464514
1328	1521	0	0	0	0	0	0	1658929465534
1328	1521	0	0	0	0	0	0	1658929466554
1328	1521	0	0	0	0	0	0	1658929467574
1328	1521	0	0	0	0	0	0	1658929468594
1328	1521	0	0	0	0	0	0	1658929469614
1328	1521	0	0	0	0	0	0	1658929470634
1328	1521	0	0	0	0	0	0	1658929471654
1328	1521	0	0	0	0	0	0	1658929472674
1328	1521	0	0	0	0	0	0	1658929473694
1328	1521	0	0	0	0	0	0	1658929474714
1328	1521	0	0	0	0	0	0	1658929475734
1328	1521	0	0	0	0	0	0	1658929476754
1328	1521	0	0	0	0	0	0	1658929477774
1328	1521	0	0	0	0	0	0	1658929478794
1328	1521	0	0	0	0	0	0	1658929479814
1328	1521	0	0	0	0	0	0	1658929480834
1329	1521	0	0	0	0	0	0	1658929481854
1329	1521	0	0	0	0	0	0	1658929482874
1329	1521	0	0	0	0	0	0	1658929483894
1329	1521	0	0	0	0	0	0	1658929484914
1329	1521	0	0	0	0	0	0	1658929485934
1329	1521	0	0	0	0	0	0	1658929486954
1329	1521	0	0	0	0	0	0	1658929487974
1329	1521	0	0	0	0	0	0	1658929488994
1329	1521	0	0	0	0	0	0	1658929490014
1331	1521	0	0	0	0	0	0	1658929491034
1332	1521	0	0	0	0	0	0	1658929492054
1332	1521	0	0	0	0	0	0	1658929493074
1333	1521	0	0	0	0	0	0	1658929494094
1335	1521	0	0	0	0	0	0	1658929495114
1336	1521	0	0	0	0	0	0	1658929496134
1336	1521	0	0	0	0	0	0	1658929497154
1337	1521	0	0	0	0	0	0	1658929498174
1336	1521	0	0	0	0	0	0	1658929499194
1342	1521	0	0	0	0	0	0	1658929500214
1346	1521	0	0	0	0	0	0	1658929501234
1340	1521	0	0	0	0	0	0	1658929502254
1336	1521	0	0	0	0	0	0	1658929503274
1333	1521	0	0	0	0	0	0	1658929504294
1331	1521	0	0	0	0	0	0	1658929505314
1330	1521	0	0	0	0	0	0	1658929506334
1329	1521	0	0	0	0	0	0	1658929507354
1329	1521	0	0	0	0	0	0	1658929508374
1329	1521	0	0	0	0	0	0	1658929509394
1328	1521	0	0	0	0	0	0	1658929510414
1328	1521	0	0	0	0	0	0	1658929511434
1328	1521	0	0	0	0	0	0	1658929512454
1328	1521	0	0	0	0	0	0	1658929513474
1328	1521	0	0	0	0	0	0	1658929514494
1328	1521	0	0	0	0	0	0	1658929515514
1328	1521	0	0	0	0	0	0	1658929516534
1328	1521	0	0	0	0	0	0	1658929517554
1328	1521	0	0	0	0	0	0	1658929518574
1328	1521	0	0	0	0	0	0	1658929519594
1328	1521	0	0	0	0	0	0	1658929520614
1328	1521	0	0	0	0	0	0	1658929521634
1328	1521	0	0	0	0	0	0	1658929522654
1328	1521	0	0	0	0	0	0	1658929523674
1328	1521	0	0	0	0	0	0	1658929524694
1328	1521	0	0	0	0	0	0	1658929525714
1328	1521	0	0	0	0	0	0	1658929526734
1328	1521	0	0	0	0	0	0	1658929527754
1328	1521	0	0	0	0	0	0	1658929528774
1328	1521	0	0	0	0	0	0	1658929529794
1328	1521	0	0	0	0	0	0	1658929530814
1328	1521	0	0	0	0	0	0	1658929531834
1328	1521	0	0	0	0	0	0	1658929532854
1328	1521	0	0	0	0	0	0	1658929533874
1328	1521	0	0	0	0	0	0	1658929534894
1328	1521	0	0	0	0	0	0	1658929535914
1328	1521	0	0	0	0	0	0	1658929536934
1328	1521	0	0	0	0	0	0	1658929537954
1328	1521	0	0	0	0	0	0	1658929538974
1328	1521	0	0	0	0	0	0	1658929539994
1328	1520	0	0	0	0	0	0	1658929541014
1328	1520	0	0	0	0	0	0	1658929542034
1328	1520	0	0	0	0	0	0	1658929543054
1328	1519	0	0	0	0	0	0	1658929544074
1328	1519	0	0	0	0	0	0	1658929545094
1328	1519	0	0	0	0	0	0	1658929546114
1328	1520	0	0	0	0	0	0	1658929547134
1328	1520	0	0	0	0	0	0	1658929548154
1328	1520	0	0	0	0	0	0	1658929549174
1328	1520	0	0	0	0	0	0	1658929550194
1328	1520	0	0	0	0	0	0	1658929551214
1328	1519	0	0	0	0	0	0	1658929552234
1326	1519	0	0	0	0	0	0	1658929553254
1325	1518	0	0	0	0	0	0	1658929554274
1325	1518	0	0	0	0	0	0	1658929555294
1324	1518	0	0	0	0	0	0	1658929556314
1324	1518	0	0	0	0	0	0	1658929557334
1323	1516	0	0	0	0	0	0	1658929558354
1323	1515	0	0	0	0	0	0	1658929559374
1320	1514	0	0	0	0	0	0	1658929560394
1316	1514	0	0	0	0	0	0	1658929561414
1313	1514	0	0	0	0	0	0	1658929562434
1311	1514	0	0	0	0	0	0	1658929563454
1310	1512	0	0	0	0	0	0	1658929564474
1309	1512	0	0	0	0	0	0	1658929565494
1307	1510	0	0	0	0	0	0	1658929566514
1305	1510	0	0	0	0	0	0	1658929567534
1303	1508	0	0	0	0	0	0	1658929568554
1303	1507	0	0	0	0	0	0	1658929569574
1302	1506	0	0	0	0	0	0	1658929570594
1301	1506	0	0	0	0	0	0	1658929571614
1301	1507	0	0	0	0	0	0	1658929572634
1301	1507	0	0	0	0	0	0	1658929573654
1301	1504	0	0	0	0	0	0	1658929574674
1301	1503	0	0	0	0	0	0	1658929575694
1301	1501	0	0	0	0	0	0	1658929576714
1301	1500	0	0	0	0	0	0	1658929577734
1301	1501	0	0	0	0	0	0	1658929578754
1301	1501	0	0	0	0	0	0	1658929579774
1301	1500	0	0	0	0	0	0	1658929580794
1301	1499	0	0	0	0	0	0	1658929581814
1300	1499	0	0	0	0	0	0	1658929582834
1300	1497	0	0	0	0	0	0	1658929583854
1300	1498	0	0	0	0	0	0	1658929584874
1300	1497	0	0	0	0	0	0	1658929585894
1300	1497	0	0	0	0	0	0	1658929586914
1300	1496	0	0	0	0	0	0	1658929587934
1300	1496	0	0	0	0	0	0	1658929588954
1300	1496	0	0	0	0	0	0	1658929589974
1300	1495	0	0	0	0	0	0	1658929590994
1300	1495	0	0	0	0	0	0	1658929592014
1300	1495	0	0	0	0	0	0	1658929593034
1300	1494	0	0	0	0	0	0	1658929594054
1300	1494	0	0	0	0	0	0	1658929595074
1300	1494	0	0	0	0	0	0	1658929596094
1300	1494	0	0	0	0	0	0	1658929597114
1300	1494	0	0	0	0	0	0	1658929598134
1300	1494	0	0	0	0	0	0	1658929599154
1300	1494	0	0	0	0	0	0	1658929600174
1300	1494	0	0	0	0	0	0	1658929601194
1300	1494	0	0	0	0	0	0	1658929602214
1300	1494	0	0	0	0	0	0	1658929603234
1300	1494	0	0	0	0	0	0	1658929604254
1300	1494	0	0	0	0	0	0	1658929605274
1300	1494	0	0	0	0	0	0	1658929606294
1300	1494	0	0	0	0	0	0	1658929607314
1300	1494	0	0	0	0	0	0	1658929608334
1300	1494	0	0	0	0	0	0	1658929609354
1300	1494	0	0	0	0	0	0	1658929610374
1300	1494	0	0	0	0	0	0	1658929611394
1300	1494	0	0	0	0	0	0	1658929612414
1300	1494	0	0	0	0	0	0	1658929613434
1300	1494	0	0	0	0	0	0	1658929614454
1300	1494	0	0	0	0	0	0	1658929615474
1300	1494	0	0	0	0	0	0	1658929616494
1300	1494	0	0	0	0	0	0	1658929617514
1300	1494	0	0	0	0	0	0	1658929618534
1300	1494	0	0	0	0	0	0	1658929619554
1300	1494	0	0	0	0	0	0	1658929620574
1300	1494	0	0	0	0	0	0	1658929621594
1300	1494	0	0	0	0	0	0	1658929622614
1300	1494	0	0	0	0	0	0	1658929623634
1300	1494	0	0	0	0	0	0	1658929624654
1300	1494	0	0	0	0	0	0	1658929625674
1300	1494	0	0	0	0	0	0	1658929626694
1300	1494	0	0	0	0	0	0	1658929627714
1300	1494	0	0	0	0	0	0	1658929628734
1300	1494	0	0	0	0	0	0	1658929629754
1300	1494	0	0	0	0	0	0	1658929630774
1300	1494	0	0	0	0	0	0	1658929631794
1300	1494	0	0	0	0	0	0	1658929632814
1300	1494	0	0	0	0	0	0	1658929633834
1300	1494	0	0	0	0	0	0	1658929634854
1300	1494	0	0	0	0	0	0	1658929635874
1300	1494	0	0	0	0	0	0	1658929636894
1300	1494	0	0	0	0	0	0	1658929637914
1300	1494	0	0	0	0	0	0	1658929638934
1300	1494	0	0	0	0	0	0	1658929639954
1300	1494	0	0	0	0	0	0	1658929640974
1300	1494	0	0	0	0	0	0	1658929641994
1300	1494	0	0	0	0	0	0	1658929643014
1300	1494	0	0	0	0	0	0	1658929644034
1300	1494	0	0	0	0	0	0	1658929645054
1300	1494	0	0	0	0	0	0	1658929646074
1300	1494	0	0	0	0	0	0	1658929647094
1300	1494	0	0	0	0	0	0	1658929648114
1300	1494	0	0	0	0	0	0	1658929649134
1300	1494	0	0	0	0	0	0	1658929650154
1300	1494	0	0	0	0	0	0	1658929651174
1300	1494	0	0	0	0	0	0	1658929652194
1299	1494	0	0	0	0	0	0	1658929653214
1298	1494	0	0	0	0	0	0	1658929654234
1297	1494	0	0	0	0	0	0	1658929655254
1297	1494	0	0	0	0	0	0	1658929656274
1295	1494	0	0	0	0	0	0	1658929657294
1294	1494	0	0	0	0	0	0	1658929658314
1295	1494	0	0	0	0	0	0	1658929659334
1294	1494	0	0	0	0	0	0	1658929660354
1293	1494	0	0	0	0	0	0	1658929661374
1291	1494	0	0	0	0	0	0	1658929662394
1288	1494	0	0	0	0	0	0	1658929663414
1289	1494	0	0	0	0	0	0	1658929664434
1288	1494	0	0	0	0	0	0	1658929665454
1287	1494	0	0	0	0	0	0	1658929666474
1289	1494	0	0	0	0	0	0	1658929667494
1288	1494	0	0	0	0	0	0	1658929668514
1289	1494	0	0	0	0	0	0	1658929669534
1289	1494	0	0	0	0	0	0	1658929670554
1288	1494	0	0	0	0	0	0	1658929671574
1287	1494	0	0	0	0	0	0	1658929672594
1285	1494	0	0	0	0	0	0	1658929673614
1283	1494	0	0	0	0	0	0	1658929674634
1281	1494	0	0	0	0	0	0	1658929675654
1279	1494	0	0	0	0	0	0	1658929676674
1278	1494	0	0	0	0	0	0	1658929677694
1277	1494	0	0	0	0	0	0	1658929678714
1276	1494	0	0	0	0	0	0	1658929679734
1276	1494	0	0	0	0	0	0	1658929680754
1276	1494	0	0	0	0	0	0	1658929681774
1276	1494	0	0	0	0	0	0	1658929682794
1276	1494	0	0	0	0	0	0	1658929683814
1275	1494	0	0	0	0	0	0	1658929684834
1274	1494	0	0	0	0	0	0	1658929685854
1274	1494	0	0	0	0	0	0	1658929686874
1273	1494	0	0	0	0	0	0	1658929687894
1273	1494	0	0	0	0	0	0	1658929688914
1273	1494	0	0	0	0	0	0	1658929689934
1273	1494	0	0	0	0	0	0	1658929690954
1273	1494	0	0	0	0	0	0	1658929691974
1273	1494	0	0	0	0	0	0	1658929692994
1274	1494	0	0	0	0	0	0	1658929694014
1273	1494	0	0	0	0	0	0	1658929695034
1273	1494	0	0	0	0	0	0	1658929696054
1273	1494	0	0	0	0	0	0	1658929697074
1273	1494	0	0	0	0	0	0	1658929698094
1273	1494	0	0	0	0	0	0	1658929699114
1273	1494	0	0	0	0	0	0	1658929700134
1273	1494	0	0	0	0	0	0	1658929701154
1273	1494	0	0	0	0	0	0	1658929702174
1273	1494	0	0	0	0	0	0	1658929703194
1273	1493	0	0	0	0	0	0	1658929704214
1273	1493	0	0	0	0	0	0	1658929705234
1272	1493	0	0	0	0	0	0	1658929706254
1272	1493	0	0	0	0	0	0	1658929707274
1272	1493	0	0	0	0	0	0	1658929708294
1272	1493	0	0	0	0	0	0	1658929709314
1272	1493	0	0	0	0	0	0	1658929710334
1272	1493	0	0	0	0	0	0	1658929711354
1272	1493	0	0	0	0	0	0	1658929712374
1272	1493	0	0	0	0	0	0	1658929713394
1272	1493	0	0	0	0	0	0	1658929714414
1272	1493	0	0	0	0	0	0	1658929715434
1272	1493	0	0	0	0	0	0	1658929716454
1272	1493	0	0	0	0	0	0	1658929717474
1272	1493	0	0	0	0	0	0	1658929718494
1272	1493	0	0	0	0	0	0	1658929719514
1272	1493	0	0	0	0	0	0	1658929720534
1272	1493	0	0	0	0	0	0	1658929721554
1272	1493	0	0	0	0	0	0	1658929722574
1272	1493	0	0	0	0	0	0	1658929723594
1272	1493	0	0	0	0	0	0	1658929724614
1272	1493	0	0	0	0	0	0	1658929725634
1272	1493	0	0	0	0	0	0	1658929726654
1272	1493	0	0	0	0	0	0	1658929727674
1272	1493	0	0	0	0	0	0	1658929728694
1272	1493	0	0	0	0	0	0	1658929729714
1272	1493	0	0	0	0	0	0	1658929730734
1272	1493	0	0	0	0	0	0	1658929731754
1272	1493	0	0	0	0	0	0	1658929732774
1272	1493	0	0	0	0	0	0	1658929733794
1272	1493	0	0	0	0	0	0	1658929734814
1272	1493	0	0	0	0	0	0	1658929735834
1272	1493	0	0	0	0	0	0	1658929736854
1272	1493	0	0	0	0	0	0	1658929737874
1272	1493	0	0	0	0	0	0	1658929738894
1272	1493	0	0	0	0	0	0	1658929739914
1272	1493	0	0	0	0	0	0	1658929740934
1272	1493	0	0	0	0	0	0	1658929741954
1272	1493	0	0	0	0	0	0	1658929742974
1272	1493	0	0	0	0	0	0	1658929743994
1272	1493	0	0	0	0	0	0	1658929745014
1272	1493	0	0	0	0	0	0	1658929746034
1272	1493	0	0	0	0	0	0	1658929747054
1272	1493	0	0	0	0	0	0	1658929748074
1272	1493	0	0	0	0	0	0	1658929749094
1272	1493	0	0	0	0	0	0	1658929750114
1272	1493	0	0	0	0	0	0	1658929751134
1272	1493	0	0	0	0	0	0	1658929752154
1272	1493	0	0	0	0	0	0	1658929753174
1272	1493	0	0	0	0	0	0	1658929754194
1272	1493	0	0	0	0	0	0	1658929755214
1272	1493	0	0	0	0	0	0	1658929756234
1272	1493	0	0	0	0	0	0	1658929757254
1272	1493	0	0	0	0	0	0	1658929758274
1272	1493	0	0	0	0	0	0	1658929759294
1272	1493	0	0	0	0	0	0	1658929760314
1272	1493	0	0	0	0	0	0	1658929761334
1272	1493	0	0	0	0	0	0	1658929762354
1272	1493	0	0	0	0	0	0	1658929763374
1272	1493	0	0	0	0	0	0	1658929764394
1272	1493	0	0	0	0	0	0	1658929765414
1272	1493	0	0	0	0	0	0	1658929766434
1272	1503	0	0	0	0	0	0	1658929767454
1272	1500	0	0	0	0	0	0	1658929768474
1272	1498	0	0	0	0	0	0	1658929769494
1272	1497	0	0	0	0	0	0	1658929770514
1272	1497	0	0	0	0	0	0	1658929771534
1272	1496	0	0	0	0	0	0	1658929772554
1272	1495	0	0	0	0	0	0	1658929773574
1272	1495	0	0	0	0	0	0	1658929774594
1272	1495	0	0	0	0	0	0	1658929775614
1272	1495	0	0	0	0	0	0	1658929776634
1272	1494	0	0	0	0	0	0	1658929777654
1272	1494	0	0	0	0	0	0	1658929778674
1272	1494	0	0	0	0	0	0	1658929779694
1272	1494	0	0	0	0	0	0	1658929780714
1272	1494	0	0	0	0	0	0	1658929781734
1272	1494	0	0	0	0	0	0	1658929782754
1272	1494	0	0	0	0	0	0	1658929783774
1272	1494	0	0	0	0	0	0	1658929784794
1272	1494	0	0	0	0	0	0	1658929785814
1272	1494	0	0	0	0	0	0	1658929786834
1272	1494	0	0	0	0	0	0	1658929787854
1273	1494	0	0	0	0	0	0	1658929788874
1273	1494	0	0	0	0	0	0	1658929789894
1273	1494	0	0	0	0	0	0	1658929790914
1273	1494	0	0	0	0	0	0	1658929791934
1273	1494	0	0	0	0	0	0	1658929792954
1273	1494	0	0	0	0	0	0	1658929793974
1273	1494	0	0	0	0	0	0	1658929794994
1273	1494	0	0	0	0	0	0	1658929796014
1273	1494	0	0	0	0	0	0	1658929797034
1273	1494	0	0	0	0	0	0	1658929798054
1273	1494	0	0	0	0	0	0	1658929799074
1273	1494	0	0	0	0	0	0	1658929800094
1273	1494	0	0	0	0	0	0	1658929801114
1273	1494	0	0	0	0	0	0	1658929802134
1273	1494	0	0	0	0	0	0	1658929803154
1273	1494	0	0	0	0	0	0	1658929804174
1273	1494	0	0	0	0	0	0	1658929805194
1273	1494	0	0	0	0	0	0	1658929806214
1273	1494	0	0	0	0	0	0	1658929807234
1273	1494	0	0	0	0	0	0	1658929808254
1273	1494	0	0	0	0	0	0	1658929809274
1273	1494	0	0	0	0	0	0	1658929810294
1273	1494	0	0	0	0	0	0	1658929811314
1273	1494	0	0	0	0	0	0	1658929812334
1273	1494	0	0	0	0	0	0	1658929813354
1273	1494	0	0	0	0	0	0	1658929814374
1273	1494	0	0	0	0	0	0	1658929815394
1273	1494	0	0	0	0	0	0	1658929816414
1273	1494	0	0	0	0	0	0	1658929817434
1273	1494	0	0	0	0	0	0	1658929818454
1273	1494	0	0	0	0	0	0	1658929819474
1273	1494	0	0	0	0	0	0	1658929820494
1273	1494	0	0	0	0	0	0	1658929821514
1273	1494	0	0	0	0	0	0	1658929822534
1273	1494	0	0	0	0	0	0	1658929823554
1273	1494	0	0	0	0	0	0	1658929824574
1273	1494	0	0	0	0	0	0	1658929825594
1273	1494	0	0	0	0	0	0	1658929826614
1273	1494	0	0	0	0	0	0	1658929827634
1272	1494	0	0	0	0	0	0	1658929828654
1272	1494	0	0	0	0	0	0	1658929829674
1272	1494	0	0	0	0	0	0	1658929830694
1272	1494	0	0	0	0	0	0	1658929831714
1272	1494	0	0	0	0	0	0	1658929832734
1272	1494	0	0	0	0	0	0	1658929833754
1272	1493	0	0	0	0	0	0	1658929834774
1272	1493	0	0	0	0	0	0	1658929835794
1272	1493	0	0	0	0	0	0	1658929836814
1272	1493	0	0	0	0	0	0	1658929837834
1272	1493	0	0	0	0	0	0	1658929838854
1272	1494	0	0	0	0	0	0	1658929839874
1272	1494	0	0	0	0	0	0	1658929840894
1272	1494	0	0	0	0	0	0	1658929841914
1272	1494	0	0	0	0	0	0	1658929842934
1272	1494	0	0	0	0	0	0	1658929843954
1272	1494	0	0	0	0	0	0	1658929844974
1272	1494	0	0	0	0	0	0	1658929845994
1272	1494	0	0	0	0	0	0	1658929847014
1272	1494	0	0	0	0	0	0	1658929848034
1272	1494	0	0	0	0	0	0	1658929849054
1269	1494	0	0	0	0	0	0	1658929850074
1263	1494	0	0	0	0	0	0	1658929851094
1256	1494	0	0	0	0	0	0	1658929852114
1252	1494	0	0	0	0	0	0	1658929853134
1249	1494	0	0	0	0	0	0	1658929854154
1247	1494	0	0	0	0	0	0	1658929855174
1246	1494	0	0	0	0	0	0	1658929856194
1245	1494	0	0	0	0	0	0	1658929857214
1245	1494	0	0	0	0	0	0	1658929858234
1245	1494	0	0	0	0	0	0	1658929859254
1245	1494	0	0	0	0	0	0	1658929860274
1245	1494	0	0	0	0	0	0	1658929861294
1245	1494	0	0	0	0	0	0	1658929862314
1245	1494	0	0	0	0	0	0	1658929863334
1245	1494	0	0	0	0	0	0	1658929864354
1245	1494	0	0	0	0	0	0	1658929865374
1245	1494	0	0	0	0	0	0	1658929866394
1245	1494	0	0	0	0	0	0	1658929867414
1245	1494	0	0	0	0	0	0	1658929868434
1245	1494	0	0	0	0	0	0	1658929869454
1245	1494	0	0	0	0	0	0	1658929870474
1245	1494	0	0	0	0	0	0	1658929871494
1245	1494	0	0	0	0	0	0	1658929872514
1245	1494	0	0	0	0	0	0	1658929873534
1245	1494	0	0	0	0	0	0	1658929874554
1245	1494	0	0	0	0	0	0	1658929875574
1245	1494	0	0	0	0	0	0	1658929876594
1245	1494	0	0	0	0	0	0	1658929877614
1245	1494	0	0	0	0	0	0	1658929878634
1245	1494	0	0	0	0	0	0	1658929879654
1245	1494	0	0	0	0	0	0	1658929880674
1245	1494	0	0	0	0	0	0	1658929881694
1245	1494	0	0	0	0	0	0	1658929882714
1245	1494	0	0	0	0	0	0	1658929883734
1245	1494	0	0	0	0	0	0	1658929884754
1245	1494	0	0	0	0	0	0	1658929885774
1245	1494	0	0	0	0	0	0	1658929886794
1245	1494	0	0	0	0	0	0	1658929887814
1245	1494	0	0	0	0	0	0	1658929888834
1245	1494	0	0	0	0	0	0	1658929889854
1245	1494	0	0	0	0	0	0	1658929890874
1245	1494	0	0	0	0	0	0	1658929891894
1245	1494	0	0	0	0	0	0	1658929892914
1245	1494	0	0	0	0	0	0	1658929893934
1245	1494	0	0	0	0	0	0	1658929894954
1245	1494	0	0	0	0	0	0	1658929895974
1245	1494	0	0	0	0	0	0	1658929896994
1245	1494	0	0	0	0	0	0	1658929898014
1245	1494	0	0	0	0	0	0	1658929899034
1245	1494	0	0	0	0	0	0	1658929900054
1245	1494	0	0	0	0	0	0	1658929901074
1245	1494	0	0	0	0	0	0	1658929902094
1245	1494	0	0	0	0	0	0	1658929903114
1245	1494	0	0	0	0	0	0	1658929904134
1245	1494	0	0	0	0	0	0	1658929905154
1245	1494	0	0	0	0	0	0	1658929906174
1245	1494	0	0	0	0	0	0	1658929907194
1245	1494	0	0	0	0	0	0	1658929908214
1245	1494	0	0	0	0	0	0	1658929909234
1245	1493	0	0	0	0	0	0	1658929910254
1244	1493	0	0	0	0	0	0	1658929911274
1244	1493	0	0	0	0	0	0	1658929912294
1244	1493	0	0	0	0	0	0	1658929913314
1244	1493	0	0	0	0	0	0	1658929914334
1244	1493	0	0	0	0	0	0	1658929915354
1244	1493	0	0	0	0	0	0	1658929916374
1244	1493	0	0	0	0	0	0	1658929917394
1244	1493	0	0	0	0	0	0	1658929918414
1244	1493	0	0	0	0	0	0	1658929919434
1244	1493	0	0	0	0	0	0	1658929920454
1244	1493	0	0	0	0	0	0	1658929921474
1244	1493	0	0	0	0	0	0	1658929922494
1244	1493	0	0	0	0	0	0	1658929923514
1244	1493	0	0	0	0	0	0	1658929924534
1244	1493	0	0	0	0	0	0	1658929925554
1244	1493	0	0	0	0	0	0	1658929926574
1244	1493	0	0	0	0	0	0	1658929927594
1244	1493	0	0	0	0	0	0	1658929928614
1244	1493	0	0	0	0	0	0	1658929929634
1244	1493	0	0	0	0	0	0	1658929930654
1244	1493	0	0	0	0	0	0	1658929931674
1244	1493	0	0	0	0	0	0	1658929932694
1244	1493	0	0	0	0	0	0	1658929933714
1244	1493	0	0	0	0	0	0	1658929934734
1244	1493	0	0	0	0	0	0	1658929935754
1244	1493	0	0	0	0	0	0	1658929936774
1244	1493	0	0	0	0	0	0	1658929937794
1244	1493	0	0	0	0	0	0	1658929938814
1244	1493	0	0	0	0	0	0	1658929939834
1244	1493	0	0	0	0	0	0	1658929940854
1244	1493	0	0	0	0	0	0	1658929941874
1244	1493	0	0	0	0	0	0	1658929942894
1244	1493	0	0	0	0	0	0	1658929943914
1244	1493	0	0	0	0	0	0	1658929944934
1244	1493	0	0	0	0	0	0	1658929945954
1244	1493	0	0	0	0	0	0	1658929946974
1244	1493	0	0	0	0	0	0	1658929947994
1244	1493	0	0	0	0	0	0	1658929949014
1244	1493	0	0	0	0	0	0	1658929950034
1244	1493	0	0	0	0	0	0	1658929951054
1244	1493	0	0	0	0	0	0	1658929952074
1244	1493	0	0	0	0	0	0	1658929953094
1244	1493	0	0	0	0	0	0	1658929954114
1244	1493	0	0	0	0	0	0	1658929955134
1244	1493	0	0	0	0	0	0	1658929956154
1244	1493	0	0	0	0	0	0	1658929957174
1244	1493	0	0	0	0	0	0	1658929958194
1244	1493	0	0	0	0	0	0	1658929959214
1244	1493	0	0	0	0	0	0	1658929960234
1244	1493	0	0	0	0	0	0	1658929961254
1244	1493	0	0	0	0	0	0	1658929962274
1244	1493	0	0	0	0	0	0	1658929963294
1244	1493	0	0	0	0	0	0	1658929964314
1244	1493	0	0	0	0	0	0	1658929965334
1244	1493	0	0	0	0	0	0	1658929966354
1244	1493	0	0	0	0	0	0	1658929967374
1244	1493	0	0	0	0	0	0	1658929968394
1244	1493	0	0	0	0	0	0	1658929969414
1244	1493	0	0	0	0	0	0	1658929970434
1244	1493	0	0	0	0	0	0	1658929971454
1244	1493	0	0	0	0	0	0	1658929972474
1244	1493	0	0	0	0	0	0	1658929973494
1244	1493	0	0	0	0	0	0	1658929974514
1244	1493	0	0	0	0	0	0	1658929975534
1244	1493	0	0	0	0	0	0	1658929976554
1244	1493	0	0	0	0	0	0	1658929977574
1244	1493	0	0	0	0	0	0	1658929978594
1244	1493	0	0	0	0	0	0	1658929979614
1244	1493	0	0	0	0	0	0	1658929980634
1244	1493	0	0	0	0	0	0	1658929981654
1244	1493	0	0	0	0	0	0	1658929982674
1244	1493	0	0	0	0	0	0	1658929983694
1244	1493	0	0	0	0	0	0	1658929984714
1244	1493	0	0	0	0	0	0	1658929985734
1244	1493	0	0	0	0	0	0	1658929986754
1244	1493	0	0	0	0	0	0	1658929987774
1244	1493	0	0	0	0	0	0	1658929988794
1244	1493	0	0	0	0	0	0	1658929989814
1245	1493	0	0	0	0	0	0	1658929990834
1245	1493	0	0	0	0	0	0	1658929991854
1245	1493	0	0	0	0	0	0	1658929992874
1245	1493	0	0	0	0	0	0	1658929993894
1245	1493	0	0	0	0	0	0	1658929994914
1245	1493	0	0	0	0	0	0	1658929995934
1245	1493	0	0	0	0	0	0	1658929996954
1245	1493	0	0	0	0	0	0	1658929997974
1245	1493	0	0	0	0	0	0	1658929998994
1245	1493	0	0	0	0	0	0	1658930000014
1245	1493	0	0	0	0	0	0	1658930001034
1245	1493	0	0	0	0	0	0	1658930002054
1245	1493	0	0	0	0	0	0	1658930003074
1245	1493	0	0	0	0	0	0	1658930004094
1245	1493	0	0	0	0	0	0	1658930005114
1245	1493	0	0	0	0	0	0	1658930006134
1245	1493	0	0	0	0	0	0	1658930007154
1245	1493	0	0	0	0	0	0	1658930008174
1245	1493	0	0	0	0	0	0	1658930009194
1245	1493	0	0	0	0	0	0	1658930010214
1245	1493	0	0	0	0	0	0	1658930011234
1245	1493	0	0	0	0	0	0	1658930012254
1245	1493	0	0	0	0	0	0	1658930013274
1245	1493	0	0	0	0	0	0	1658930014294
1245	1493	0	0	0	0	0	0	1658930015314
1245	1493	0	0	0	0	0	0	1658930016334
1245	1493	0	0	0	0	0	0	1658930017354
1245	1493	0	0	0	0	0	0	1658930018374
1245	1493	0	0	0	0	0	0	1658930019394
1245	1493	0	0	0	0	0	0	1658930020414
1245	1493	0	0	0	0	0	0	1658930021434
1245	1493	0	0	0	0	0	0	1658930022454
1245	1493	0	0	0	0	0	0	1658930023474
1245	1493	0	0	0	0	0	0	1658930024494
1245	1493	0	0	0	0	0	0	1658930025514
1245	1493	0	0	0	0	0	0	1658930026534
1245	1493	0	0	0	0	0	0	1658930027554
1245	1493	0	0	0	0	0	0	1658930028574
1245	1493	0	0	0	0	0	0	1658930029594
1245	1493	0	0	0	0	0	0	1658930030614
1245	1493	0	0	0	0	0	0	1658930031634
1245	1493	0	0	0	0	0	0	1658930032654
1245	1493	0	0	0	0	0	0	1658930033674
1245	1493	0	0	0	0	0	0	1658930034694
1245	1493	0	0	0	0	0	0	1658930035714
1245	1493	0	0	0	0	0	0	1658930036734
1245	1493	0	0	0	0	0	0	1658930037754
1245	1493	0	0	0	0	0	0	1658930038774
1245	1493	0	0	0	0	0	0	1658930039794
1245	1493	0	0	0	0	0	0	1658930040814
1245	1493	0	0	0	0	0	0	1658930041834
1245	1493	0	0	0	0	0	0	1658930042854
1245	1493	0	0	0	0	0	0	1658930043874
1245	1493	0	0	0	0	0	0	1658930044894
1245	1493	0	0	0	0	0	0	1658930045914
1245	1493	0	0	0	0	0	0	1658930046934
1245	1493	0	0	0	0	0	0	1658930047954
1245	1493	0	0	0	0	0	0	1658930048974
1245	1493	0	0	0	0	0	0	1658930049994
1245	1493	0	0	0	0	0	0	1658930051014
1245	1493	0	0	0	0	0	0	1658930052034
1245	1493	0	0	0	0	0	0	1658930053054
1245	1493	0	0	0	0	0	0	1658930054074
1245	1493	0	0	0	0	0	0	1658930055094
1245	1493	0	0	0	0	0	0	1658930056114
1245	1493	0	0	0	0	0	0	1658930057134
1245	1493	0	0	0	0	0	0	1658930058154
1245	1493	0	0	0	0	0	0	1658930059174
1245	1493	0	0	0	0	0	0	1658930060194
1245	1493	0	0	0	0	0	0	1658930061214
1245	1493	0	0	0	0	0	0	1658930062234
1245	1493	0	0	0	0	0	0	1658930063254
1245	1493	0	0	0	0	0	0	1658930064274
1245	1493	0	0	0	0	0	0	1658930065294
1245	1493	0	0	0	0	0	0	1658930066314
1245	1493	0	0	0	0	0	0	1658930067334
1245	1493	0	0	0	0	0	0	1658930068354
1245	1493	0	0	0	0	0	0	1658930069374
1245	1493	0	0	0	0	0	0	1658930070394
1245	1493	0	0	0	0	0	0	1658930071414
1245	1493	0	0	0	0	0	0	1658930072434
1245	1493	0	0	0	0	0	0	1658930073454
1245	1493	0	0	0	0	0	0	1658930074474
1245	1493	0	0	0	0	0	0	1658930075494
1245	1493	0	0	0	0	0	0	1658930076514
1245	1493	0	0	0	0	0	0	1658930077534
1245	1493	0	0	0	0	0	0	1658930078554
1245	1493	0	0	0	0	0	0	1658930079574
1245	1493	0	0	0	0	0	0	1658930080594
1245	1493	0	0	0	0	0	0	1658930081614
1245	1493	0	0	0	0	0	0	1658930082634
1245	1493	0	0	0	0	0	0	1658930083654
1245	1493	0	0	0	0	0	0	1658930084674
1245	1493	0	0	0	0	0	0	1658930085694
1245	1493	0	0	0	0	0	0	1658930086714
1245	1493	0	0	0	0	0	0	1658930087734
1245	1493	0	0	0	0	0	0	1658930088754
1245	1493	0	0	0	0	0	0	1658930089774
1245	1493	0	0	0	0	0	0	1658930090794
1245	1493	0	0	0	0	0	0	1658930091814
1245	1493	0	0	0	0	0	0	1658930092834
1245	1493	0	0	0	0	0	0	1658930093854
1245	1493	0	0	0	0	0	0	1658930094874
1245	1493	0	0	0	0	0	0	1658930095894
1245	1493	0	0	0	0	0	0	1658930096914
1245	1493	0	0	0	0	0	0	1658930097934
1245	1493	0	0	0	0	0	0	1658930098954
1245	1493	0	0	0	0	0	0	1658930099974
1245	1493	0	0	0	0	0	0	1658930100994
1245	1493	0	0	0	0	0	0	1658930102014
1245	1493	0	0	0	0	0	0	1658930103034
1245	1493	0	0	0	0	0	0	1658930104054
1245	1493	0	0	0	0	0	0	1658930105074
1245	1493	0	0	0	0	0	0	1658930106094
1245	1493	0	0	0	0	0	0	1658930107114
1245	1493	0	0	0	0	0	0	1658930108134
1245	1493	0	0	0	0	0	0	1658930109154
1245	1493	0	0	0	0	0	0	1658930110174
1245	1493	0	0	0	0	0	0	1658930111194
1245	1493	0	0	0	0	0	0	1658930112214
1245	1493	0	0	0	0	0	0	1658930113234
1245	1493	0	0	0	0	0	0	1658930114254
1245	1493	0	0	0	0	0	0	1658930115274
1245	1493	0	0	0	0	0	0	1658930116294
1245	1493	0	0	0	0	0	0	1658930117314
1245	1493	0	0	0	0	0	0	1658930118334
1245	1493	0	0	0	0	0	0	1658930119354
1245	1493	0	0	0	0	0	0	1658930120374
1245	1493	0	0	0	0	0	0	1658930121394
1245	1493	0	0	0	0	0	0	1658930122414
1245	1493	0	0	0	0	0	0	1658930123434
1245	1493	0	0	0	0	0	0	1658930124454
1245	1493	0	0	0	0	0	0	1658930125474
1245	1493	0	0	0	0	0	0	1658930126494
1245	1493	0	0	0	0	0	0	1658930127514
1245	1493	0	0	0	0	0	0	1658930128534
1245	1493	0	0	0	0	0	0	1658930129554
1245	1493	0	0	0	0	0	0	1658930130574
1245	1493	0	0	0	0	0	0	1658930131594
1245	1493	0	0	0	0	0	0	1658930132614
1245	1493	0	0	0	0	0	0	1658930133634
1245	1493	0	0	0	0	0	0	1658930134654
1245	1493	0	0	0	0	0	0	1658930135674
1245	1494	0	0	0	0	0	0	1658930136694
1245	1494	0	0	0	0	0	0	1658930137714
1245	1494	0	0	0	0	0	0	1658930138734
1245	1494	0	0	0	0	0	0	1658930139754
1245	1494	0	0	0	0	0	0	1658930140774
1245	1494	0	0	0	0	0	0	1658930141794
1244	1494	0	0	0	0	0	0	1658930142814
1245	1494	0	0	0	0	0	0	1658930143834
1245	1494	0	0	0	0	0	0	1658930144854
1245	1494	0	0	0	0	0	0	1658930145874
1245	1494	0	0	0	0	0	0	1658930146894
1245	1494	0	0	0	0	0	0	1658930147914
1246	1494	0	0	0	0	0	0	1658930148934
1245	1494	0	0	0	0	0	0	1658930149954
1245	1494	0	0	0	0	0	0	1658930150974
1245	1494	0	0	0	0	0	0	1658930151994
1245	1494	0	0	0	0	0	0	1658930153014
1245	1494	0	0	0	0	0	0	1658930154034
1245	1494	0	0	0	0	0	0	1658930155054
1245	1494	0	0	0	0	0	0	1658930156074
1245	1494	0	0	0	0	0	0	1658930157094
1245	1494	0	0	0	0	0	0	1658930158114
1245	1494	0	0	0	0	0	0	1658930159134
1245	1494	0	0	0	0	0	0	1658930160154
1245	1494	0	0	0	0	0	0	1658930161174
1245	1494	0	0	0	0	0	0	1658930162194
1245	1494	0	0	0	0	0	0	1658930163214
1245	1494	0	0	0	0	0	0	1658930164234
1245	1494	0	0	0	0	0	0	1658930165254
