2596	1150	0	0	0	0	0	0	1657113415999
2581	1144	0	0	0	0	0	0	1657113417019
2568	1135	0	0	0	0	0	0	1657113418039
2551	1124	0	0	0	0	0	0	1657113419059
2540	1117	0	0	0	0	0	0	1657113420079
2533	1107	0	0	0	0	0	0	1657113421099
2519	1096	0	0	0	0	0	0	1657113422119
2511	1089	0	0	0	0	0	0	1657113423139
2506	1083	0	0	0	0	0	0	1657113424159
2499	1071	0	0	0	0	0	0	1657113425179
2487	1063	0	0	0	0	0	0	1657113426199
2480	1058	0	0	0	0	0	0	1657113427219
2475	1055	0	0	0	0	0	0	1657113428239
2472	1045	0	0	0	0	0	0	1657113429259
2463	1036	0	0	0	0	0	0	1657113430279
2454	1031	0	0	0	0	0	0	1657113431299
2449	1028	0	0	0	0	0	0	1657113432319
2446	1026	0	0	0	0	0	0	1657113433339
2444	1024	0	0	0	0	0	0	1657113434359
2442	1017	0	0	0	0	0	0	1657113435379
2436	1009	0	0	0	0	0	0	1657113436399
2427	1004	0	0	0	0	0	0	1657113437419
2422	1001	0	0	0	0	0	0	1657113438439
2418	999	0	0	0	0	0	0	1657113439459
2416	1014	0	0	0	0	0	0	1657113440479
2415	995	0	0	0	0	0	0	1657113441499
2414	995	0	0	0	0	0	0	1657113442519
2411	995	0	0	0	0	0	0	1657113443539
2402	994	0	0	0	0	0	0	1657113444559
2395	993	0	0	0	0	0	0	1657113445579
2391	987	0	0	0	0	0	0	1657113446599
2389	981	0	0	0	0	0	0	1657113447619
2388	976	0	0	0	0	0	0	1657113448639
2387	973	0	0	0	0	0	0	1657113449659
2386	971	0	0	0	0	0	0	1657113450679
2385	970	0	0	0	0	0	0	1657113451699
2384	969	0	0	0	0	0	0	1657113452719
2380	968	0	0	0	0	0	0	1657113453739
2372	968	0	0	0	0	0	0	1657113454759
2366	968	0	0	0	0	0	0	1657113455779
2363	968	0	0	0	0	0	0	1657113456799
2360	968	0	0	0	0	0	0	1657113457819
2359	968	0	0	0	0	0	0	1657113458839
2358	968	0	0	0	0	0	0	1657113459859
2358	968	0	0	0	0	0	0	1657113460879
2358	968	0	0	0	0	0	0	1657113461899
2357	968	0	0	0	0	0	0	1657113462919
2356	965	0	0	0	0	0	0	1657113463939
2349	960	0	0	0	0	0	0	1657113464959
2341	954	0	0	0	0	0	0	1657113465979
2336	949	0	0	0	0	0	0	1657113466999
2334	945	0	0	0	0	0	0	1657113468019
2332	943	0	0	0	0	0	0	1657113469039
2331	942	0	0	0	0	0	0	1657113470059
2330	941	0	0	0	0	0	0	1657113471079
2330	941	0	0	0	0	0	0	1657113472099
2330	940	0	0	0	0	0	0	1657113473119
2329	940	0	0	0	0	0	0	1657113474139
2329	940	0	0	0	0	0	0	1657113475159
2329	940	0	0	0	0	0	0	1657113476179
2327	940	0	0	0	0	0	0	1657113477199
2320	940	0	0	0	0	0	0	1657113478219
2313	940	0	0	0	0	0	0	1657113479239
2308	940	0	0	0	0	0	0	1657113480259
2305	940	0	0	0	0	0	0	1657113481279
2304	940	0	0	0	0	0	0	1657113482299
2303	940	0	0	0	0	0	0	1657113483319
2302	940	0	0	0	0	0	0	1657113484339
2302	940	0	0	0	0	0	0	1657113485359
2301	940	0	0	0	0	0	0	1657113486379
2301	939	0	0	0	0	0	0	1657113487399
2301	937	0	0	0	0	0	0	1657113488419
2301	935	0	0	0	0	0	0	1657113489439
2301	932	0	0	0	0	0	0	1657113490459
2301	927	0	0	0	0	0	0	1657113491479
2301	923	0	0	0	0	0	0	1657113492499
2299	919	0	0	0	0	0	0	1657113493519
2296	930	0	0	0	0	0	0	1657113494539
2287	946	0	0	0	0	0	0	1657113495559
2282	933	0	0	0	0	0	0	1657113496579
2279	931	0	0	0	0	0	0	1657113497599
2277	913	0	0	0	0	0	0	1657113498619
2276	905	0	0	0	0	0	0	1657113499639
2275	908	0	0	0	0	0	0	1657113500659
2274	910	0	0	0	0	0	0	1657113501679
2274	911	0	0	0	0	0	0	1657113502699
2274	911	0	0	0	0	0	0	1657113503719
2274	911	0	0	0	0	0	0	1657113504739
2273	911	0	0	0	0	0	0	1657113505759
2273	911	0	0	0	0	0	0	1657113506779
2273	911	0	0	0	0	0	0	1657113507799
2272	909	0	0	0	0	0	0	1657113508819
2271	904	0	0	0	0	0	0	1657113509839
2264	901	0	0	0	0	0	0	1657113510859
2259	897	0	0	0	0	0	0	1657113511879
2254	896	0	0	0	0	0	0	1657113512899
2251	892	0	0	0	0	0	0	1657113513919
2249	890	0	0	0	0	0	0	1657113514939
2247	888	0	0	0	0	0	0	1657113515959
2246	888	0	0	0	0	0	0	1657113516979
2246	887	0	0	0	0	0	0	1657113517999
2246	886	0	0	0	0	0	0	1657113519019
2246	886	0	0	0	0	0	0	1657113520039
2246	885	0	0	0	0	0	0	1657113521059
2246	885	0	0	0	0	0	0	1657113522079
2246	885	0	0	0	0	0	0	1657113523099
2246	885	0	0	0	0	0	0	1657113524119
2246	885	0	0	0	0	0	0	1657113525139
2245	885	0	0	0	0	0	0	1657113526159
2245	885	0	0	0	0	0	0	1657113527179
2245	885	0	0	0	0	0	0	1657113528199
2243	885	0	0	0	0	0	0	1657113529219
2236	885	0	0	0	0	0	0	1657113530239
2231	885	0	0	0	0	0	0	1657113531259
2225	885	0	0	0	0	0	0	1657113532279
2222	885	0	0	0	0	0	0	1657113533299
2220	885	0	0	0	0	0	0	1657113534319
2219	885	0	0	0	0	0	0	1657113535339
2218	885	0	0	0	0	0	0	1657113536359
2218	885	0	0	0	0	0	0	1657113537379
2217	885	0	0	0	0	0	0	1657113538399
2217	885	0	0	0	0	0	0	1657113539419
2217	885	0	0	0	0	0	0	1657113540439
2217	885	0	0	0	0	0	0	1657113541459
2217	885	0	0	0	0	0	0	1657113542479
2217	885	0	0	0	0	0	0	1657113543499
2217	885	0	0	0	0	0	0	1657113544519
2217	885	0	0	0	0	0	0	1657113545539
2217	885	0	0	0	0	0	0	1657113546559
2217	885	0	0	0	0	0	0	1657113547579
2216	885	0	0	0	0	0	0	1657113548599
2213	885	0	0	0	0	0	0	1657113549619
2210	885	0	0	0	0	0	0	1657113550639
2204	885	0	0	0	0	0	0	1657113551659
2199	885	0	0	0	0	0	0	1657113552679
2195	885	0	0	0	0	0	0	1657113553699
2193	885	0	0	0	0	0	0	1657113554719
2192	885	0	0	0	0	0	0	1657113555739
2191	885	0	0	0	0	0	0	1657113556759
2190	885	0	0	0	0	0	0	1657113557779
2190	885	0	0	0	0	0	0	1657113558799
2190	885	0	0	0	0	0	0	1657113559819
2190	885	0	0	0	0	0	0	1657113560839
2190	885	0	0	0	0	0	0	1657113561859
2190	885	0	0	0	0	0	0	1657113562879
2190	885	0	0	0	0	0	0	1657113563899
2190	885	0	0	0	0	0	0	1657113564919
2190	885	0	0	0	0	0	0	1657113565939
2190	884	0	0	0	0	0	0	1657113566959
2190	883	0	0	0	0	0	0	1657113567979
2190	883	0	0	0	0	0	0	1657113568999
2189	881	0	0	0	0	0	0	1657113570019
2186	882	0	0	0	0	0	0	1657113571039
2181	879	0	0	0	0	0	0	1657113572059
2175	876	0	0	0	0	0	0	1657113573079
2170	874	0	0	0	0	0	0	1657113574099
2167	872	0	0	0	0	0	0	1657113575119
2165	867	0	0	0	0	0	0	1657113576139
2164	864	0	0	0	0	0	0	1657113577159
2163	862	0	0	0	0	0	0	1657113578179
2162	861	0	0	0	0	0	0	1657113579199
2162	860	0	0	0	0	0	0	1657113580219
2162	859	0	0	0	0	0	0	1657113581239
2162	858	0	0	0	0	0	0	1657113582259
2162	858	0	0	0	0	0	0	1657113583279
2162	858	0	0	0	0	0	0	1657113584299
2162	858	0	0	0	0	0	0	1657113585319
2162	858	0	0	0	0	0	0	1657113586339
2162	857	0	0	0	0	0	0	1657113587359
2162	857	0	0	0	0	0	0	1657113588379
2162	857	0	0	0	0	0	0	1657113589399
2162	857	0	0	0	0	0	0	1657113590419
2161	857	0	0	0	0	0	0	1657113591439
2157	852	0	0	0	0	0	0	1657113592459
2150	852	0	0	0	0	0	0	1657113593479
2144	854	0	0	0	0	0	0	1657113594499
2140	855	0	0	0	0	0	0	1657113595519
2137	856	0	0	0	0	0	0	1657113596539
2136	856	0	0	0	0	0	0	1657113597559
2135	856	0	0	0	0	0	0	1657113598579
2135	856	0	0	0	0	0	0	1657113599599
2134	850	0	0	0	0	0	0	1657113600619
2134	842	0	0	0	0	0	0	1657113601639
2134	854	0	0	0	0	0	0	1657113602659
2134	869	0	0	0	0	0	0	1657113603679
2134	875	0	0	0	0	0	0	1657113604699
2134	879	0	0	0	0	0	0	1657113605719
2134	881	0	0	0	0	0	0	1657113606739
2134	883	0	0	0	0	0	0	1657113607759
2134	884	0	0	0	0	0	0	1657113608779
2134	884	0	0	0	0	0	0	1657113609799
2134	884	0	0	0	0	0	0	1657113610819
2134	884	0	0	0	0	0	0	1657113611839
2133	884	0	0	0	0	0	0	1657113612859
2132	884	0	0	0	0	0	0	1657113613879
2128	884	0	0	0	0	0	0	1657113614899
2124	884	0	0	0	0	0	0	1657113615919
2118	882	0	0	0	0	0	0	1657113616939
2114	882	0	0	0	0	0	0	1657113617959
2111	881	0	0	0	0	0	0	1657113618979
2109	880	0	0	0	0	0	0	1657113619999
2108	880	0	0	0	0	0	0	1657113621019
2107	880	0	0	0	0	0	0	1657113622039
2106	881	0	0	0	0	0	0	1657113623059
2106	879	0	0	0	0	0	0	1657113624079
2106	877	0	0	0	0	0	0	1657113625099
2106	875	0	0	0	0	0	0	1657113626119
2106	871	0	0	0	0	0	0	1657113627139
2106	870	0	0	0	0	0	0	1657113628159
2106	868	0	0	0	0	0	0	1657113629179
2105	866	0	0	0	0	0	0	1657113630199
2105	864	0	0	0	0	0	0	1657113631219
2105	863	0	0	0	0	0	0	1657113632239
2105	860	0	0	0	0	0	0	1657113633259
2105	860	0	0	0	0	0	0	1657113634279
2105	859	0	0	0	0	0	0	1657113635299
2105	858	0	0	0	0	0	0	1657113636319
2105	858	0	0	0	0	0	0	1657113637339
2104	858	0	0	0	0	0	0	1657113638359
2104	858	0	0	0	0	0	0	1657113639379
2102	857	0	0	0	0	0	0	1657113640399
2098	857	0	0	0	0	0	0	1657113641419
2093	857	0	0	0	0	0	0	1657113642439
2089	857	0	0	0	0	0	0	1657113643459
2085	857	0	0	0	0	0	0	1657113644479
2082	857	0	0	0	0	0	0	1657113645499
2080	857	0	0	0	0	0	0	1657113646519
2079	857	0	0	0	0	0	0	1657113647539
2079	857	0	0	0	0	0	0	1657113648559
2079	857	0	0	0	0	0	0	1657113649579
2078	857	0	0	0	0	0	0	1657113650599
2078	857	0	0	0	0	0	0	1657113651619
2078	857	0	0	0	0	0	0	1657113652639
2078	857	0	0	0	0	0	0	1657113653659
2078	857	0	0	0	0	0	0	1657113654679
2078	857	0	0	0	0	0	0	1657113655699
2078	857	0	0	0	0	0	0	1657113656719
2078	857	0	0	0	0	0	0	1657113657739
2078	857	0	0	0	0	0	0	1657113658759
2078	857	0	0	0	0	0	0	1657113659779
2078	857	0	0	0	0	0	0	1657113660799
2078	857	0	0	0	0	0	0	1657113661819
2078	857	0	0	0	0	0	0	1657113662839
2078	857	0	0	0	0	0	0	1657113663859
2078	857	0	0	0	0	0	0	1657113664879
2078	857	0	0	0	0	0	0	1657113665899
2078	857	0	0	0	0	0	0	1657113666919
2078	857	0	0	0	0	0	0	1657113667939
2078	857	0	0	0	0	0	0	1657113668959
2078	857	0	0	0	0	0	0	1657113669979
2078	857	0	0	0	0	0	0	1657113670999
2077	857	0	0	0	0	0	0	1657113672019
2077	857	0	0	0	0	0	0	1657113673039
2074	857	0	0	0	0	0	0	1657113674059
2070	857	0	0	0	0	0	0	1657113675079
2068	857	0	0	0	0	0	0	1657113676099
2064	857	0	0	0	0	0	0	1657113677119
2059	857	0	0	0	0	0	0	1657113678139
2057	857	0	0	0	0	0	0	1657113679159
2054	857	0	0	0	0	0	0	1657113680179
2052	857	0	0	0	0	0	0	1657113681199
2052	857	0	0	0	0	0	0	1657113682219
2051	857	0	0	0	0	0	0	1657113683239
2050	857	0	0	0	0	0	0	1657113684259
2050	857	0	0	0	0	0	0	1657113685279
2050	857	0	0	0	0	0	0	1657113686299
2050	857	0	0	0	0	0	0	1657113687319
2050	857	0	0	0	0	0	0	1657113688339
2050	857	0	0	0	0	0	0	1657113689359
2050	857	0	0	0	0	0	0	1657113690379
2050	857	0	0	0	0	0	0	1657113691399
2050	840	0	0	0	0	0	0	1657113692419
2050	837	0	0	0	0	0	0	1657113693439
2050	845	0	0	0	0	0	0	1657113694459
2050	850	0	0	0	0	0	0	1657113695479
2050	853	0	0	0	0	0	0	1657113696499
2050	855	0	0	0	0	0	0	1657113697519
2050	856	0	0	0	0	0	0	1657113698539
2050	856	0	0	0	0	0	0	1657113699559
2050	856	0	0	0	0	0	0	1657113700579
2050	848	0	0	0	0	0	0	1657113701599
2050	841	0	0	0	0	0	0	1657113702619
2050	837	0	0	0	0	0	0	1657113703639
2049	835	0	0	0	0	0	0	1657113704659
2048	833	0	0	0	0	0	0	1657113705679
2048	832	0	0	0	0	0	0	1657113706699
2046	831	0	0	0	0	0	0	1657113707719
2044	830	0	0	0	0	0	0	1657113708739
2041	830	0	0	0	0	0	0	1657113709759
2037	830	0	0	0	0	0	0	1657113710779
2032	830	0	0	0	0	0	0	1657113711799
2028	830	0	0	0	0	0	0	1657113712819
2026	830	0	0	0	0	0	0	1657113713839
2024	830	0	0	0	0	0	0	1657113714859
2023	830	0	0	0	0	0	0	1657113715879
2023	830	0	0	0	0	0	0	1657113716899
2023	830	0	0	0	0	0	0	1657113717919
2023	830	0	0	0	0	0	0	1657113718939
2022	830	0	0	0	0	0	0	1657113719959
2022	830	0	0	0	0	0	0	1657113720979
2022	830	0	0	0	0	0	0	1657113721999
2022	830	0	0	0	0	0	0	1657113723019
2022	830	0	0	0	0	0	0	1657113724039
2022	830	0	0	0	0	0	0	1657113725059
2022	830	0	0	0	0	0	0	1657113726079
2022	830	0	0	0	0	0	0	1657113727099
2022	830	0	0	0	0	0	0	1657113728119
2022	830	0	0	0	0	0	0	1657113729139
2022	830	0	0	0	0	0	0	1657113730159
2022	830	0	0	0	0	0	0	1657113731179
2022	830	0	0	0	0	0	0	1657113732199
2022	829	0	0	0	0	0	0	1657113733219
2022	829	0	0	0	0	0	0	1657113734239
2022	829	0	0	0	0	0	0	1657113735259
2022	829	0	0	0	0	0	0	1657113736279
2022	829	0	0	0	0	0	0	1657113737299
2022	829	0	0	0	0	0	0	1657113738319
2022	829	0	0	0	0	0	0	1657113739339
2022	829	0	0	0	0	0	0	1657113740359
2022	829	0	0	0	0	0	0	1657113741379
2022	829	0	0	0	0	0	0	1657113742399
2022	829	0	0	0	0	0	0	1657113743419
2022	829	0	0	0	0	0	0	1657113744439
2021	829	0	0	0	0	0	0	1657113745459
2021	829	0	0	0	0	0	0	1657113746479
2021	829	0	0	0	0	0	0	1657113747499
2021	829	0	0	0	0	0	0	1657113748519
2021	829	0	0	0	0	0	0	1657113749539
2020	829	0	0	0	0	0	0	1657113750559
2020	829	0	0	0	0	0	0	1657113751579
2020	829	0	0	0	0	0	0	1657113752599
2016	829	0	0	0	0	0	0	1657113753619
2012	829	0	0	0	0	0	0	1657113754639
2010	829	0	0	0	0	0	0	1657113755659
2008	829	0	0	0	0	0	0	1657113756679
2005	829	0	0	0	0	0	0	1657113757699
2002	829	0	0	0	0	0	0	1657113758719
1999	829	0	0	0	0	0	0	1657113759739
1997	829	0	0	0	0	0	0	1657113760759
1996	829	0	0	0	0	0	0	1657113761779
1996	829	0	0	0	0	0	0	1657113762799
1995	829	0	0	0	0	0	0	1657113763819
1995	829	0	0	0	0	0	0	1657113764839
1995	829	0	0	0	0	0	0	1657113765859
1995	829	0	0	0	0	0	0	1657113766879
1995	829	0	0	0	0	0	0	1657113767899
1995	829	0	0	0	0	0	0	1657113768919
1995	829	0	0	0	0	0	0	1657113769939
1995	829	0	0	0	0	0	0	1657113770959
1995	829	0	0	0	0	0	0	1657113771979
1995	829	0	0	0	0	0	0	1657113772999
1995	829	0	0	0	0	0	0	1657113774019
1995	829	0	0	0	0	0	0	1657113775039
1995	829	0	0	0	0	0	0	1657113776059
1994	829	0	0	0	0	0	0	1657113777079
1994	829	0	0	0	0	0	0	1657113778099
1994	829	0	0	0	0	0	0	1657113779119
1994	829	0	0	0	0	0	0	1657113780139
1994	829	0	0	0	0	0	0	1657113781159
1994	829	0	0	0	0	0	0	1657113782179
1994	829	0	0	0	0	0	0	1657113783199
1994	829	0	0	0	0	0	0	1657113784219
1994	829	0	0	0	0	0	0	1657113785239
1994	829	0	0	0	0	0	0	1657113786259
1994	829	0	0	0	0	0	0	1657113787279
1994	829	0	0	0	0	0	0	1657113788299
1994	814	0	0	0	0	0	0	1657113789319
1994	809	0	0	0	0	0	0	1657113790339
1994	806	0	0	0	0	0	0	1657113791359
1993	804	0	0	0	0	0	0	1657113792379
1993	803	0	0	0	0	0	0	1657113793399
1993	802	0	0	0	0	0	0	1657113794419
1992	802	0	0	0	0	0	0	1657113795439
1992	802	0	0	0	0	0	0	1657113796459
1991	802	0	0	0	0	0	0	1657113797479
1990	802	0	0	0	0	0	0	1657113798499
1989	802	0	0	0	0	0	0	1657113799519
1988	802	0	0	0	0	0	0	1657113800539
1987	802	0	0	0	0	0	0	1657113801559
1984	802	0	0	0	0	0	0	1657113802579
1982	802	0	0	0	0	0	0	1657113803599
1979	802	0	0	0	0	0	0	1657113804619
1977	802	0	0	0	0	0	0	1657113805639
1975	802	0	0	0	0	0	0	1657113806659
1972	802	0	0	0	0	0	0	1657113807679
1970	802	0	0	0	0	0	0	1657113808699
1969	802	0	0	0	0	0	0	1657113809719
1968	802	0	0	0	0	0	0	1657113810739
1967	802	0	0	0	0	0	0	1657113811759
1966	802	0	0	0	0	0	0	1657113812779
1966	802	0	0	0	0	0	0	1657113813799
1966	802	0	0	0	0	0	0	1657113814819
1966	802	0	0	0	0	0	0	1657113815839
1966	802	0	0	0	0	0	0	1657113816859
1966	802	0	0	0	0	0	0	1657113817879
1966	802	0	0	0	0	0	0	1657113818899
1966	802	0	0	0	0	0	0	1657113819919
1966	802	0	0	0	0	0	0	1657113820939
1966	802	0	0	0	0	0	0	1657113821959
1966	802	0	0	0	0	0	0	1657113822979
1966	802	0	0	0	0	0	0	1657113823999
1966	802	0	0	0	0	0	0	1657113825019
1966	802	0	0	0	0	0	0	1657113826039
1966	802	0	0	0	0	0	0	1657113827059
1966	802	0	0	0	0	0	0	1657113828079
1966	802	0	0	0	0	0	0	1657113829099
1966	802	0	0	0	0	0	0	1657113830119
1966	802	0	0	0	0	0	0	1657113831139
1966	802	0	0	0	0	0	0	1657113832159
1966	802	0	0	0	0	0	0	1657113833179
1966	802	0	0	0	0	0	0	1657113834199
1966	802	0	0	0	0	0	0	1657113835219
1966	802	0	0	0	0	0	0	1657113836239
1966	802	0	0	0	0	0	0	1657113837259
1966	802	0	0	0	0	0	0	1657113838279
1966	796	0	0	0	0	0	0	1657113839299
1966	787	0	0	0	0	0	0	1657113840319
1966	782	0	0	0	0	0	0	1657113841339
1966	784	0	0	0	0	0	0	1657113842359
1966	791	0	0	0	0	0	0	1657113843379
1966	795	0	0	0	0	0	0	1657113844399
1966	796	0	0	0	0	0	0	1657113845419
1966	802	0	0	0	0	0	0	1657113846439
1965	811	0	0	0	0	0	0	1657113847459
1964	813	0	0	0	0	0	0	1657113848479
1965	809	0	0	0	0	0	0	1657113849499
1965	807	0	0	0	0	0	0	1657113850519
1965	806	0	0	0	0	0	0	1657113851539
1964	805	0	0	0	0	0	0	1657113852559
1964	804	0	0	0	0	0	0	1657113853579
1964	804	0	0	0	0	0	0	1657113854599
1964	803	0	0	0	0	0	0	1657113855619
1963	802	0	0	0	0	0	0	1657113856639
1962	802	0	0	0	0	0	0	1657113857659
1962	802	0	0	0	0	0	0	1657113858679
1959	802	0	0	0	0	0	0	1657113859699
1956	802	0	0	0	0	0	0	1657113860719
1953	802	0	0	0	0	0	0	1657113861739
1953	802	0	0	0	0	0	0	1657113862759
1950	802	0	0	0	0	0	0	1657113863779
1948	802	0	0	0	0	0	0	1657113864799
1946	802	0	0	0	0	0	0	1657113865819
1944	802	0	0	0	0	0	0	1657113866839
1943	802	0	0	0	0	0	0	1657113867859
1943	802	0	0	0	0	0	0	1657113868879
1941	802	0	0	0	0	0	0	1657113869899
1941	802	0	0	0	0	0	0	1657113870919
1940	802	0	0	0	0	0	0	1657113871939
1940	802	0	0	0	0	0	0	1657113872959
1939	802	0	0	0	0	0	0	1657113873979
1939	802	0	0	0	0	0	0	1657113874999
1939	802	0	0	0	0	0	0	1657113876019
1939	802	0	0	0	0	0	0	1657113877039
1939	802	0	0	0	0	0	0	1657113878059
1938	802	0	0	0	0	0	0	1657113879079
1938	802	0	0	0	0	0	0	1657113880099
1938	802	0	0	0	0	0	0	1657113881119
1938	802	0	0	0	0	0	0	1657113882139
1938	802	0	0	0	0	0	0	1657113883159
1938	802	0	0	0	0	0	0	1657113884179
1938	802	0	0	0	0	0	0	1657113885199
1938	802	0	0	0	0	0	0	1657113886219
1938	802	0	0	0	0	0	0	1657113887239
1938	802	0	0	0	0	0	0	1657113888259
1938	802	0	0	0	0	0	0	1657113889279
1938	802	0	0	0	0	0	0	1657113890299
1938	802	0	0	0	0	0	0	1657113891319
1938	802	0	0	0	0	0	0	1657113892339
1938	802	0	0	0	0	0	0	1657113893359
1938	802	0	0	0	0	0	0	1657113894379
1938	802	0	0	0	0	0	0	1657113895399
1938	802	0	0	0	0	0	0	1657113896419
1938	802	0	0	0	0	0	0	1657113897439
1938	802	0	0	0	0	0	0	1657113898459
1938	802	0	0	0	0	0	0	1657113899479
1938	802	0	0	0	0	0	0	1657113900499
1938	802	0	0	0	0	0	0	1657113901519
1938	802	0	0	0	0	0	0	1657113902539
1938	802	0	0	0	0	0	0	1657113903559
1938	802	0	0	0	0	0	0	1657113904579
1938	802	0	0	0	0	0	0	1657113905599
1938	802	0	0	0	0	0	0	1657113906619
1938	802	0	0	0	0	0	0	1657113907639
1938	802	0	0	0	0	0	0	1657113908659
1938	802	0	0	0	0	0	0	1657113909679
1938	802	0	0	0	0	0	0	1657113910699
1938	802	0	0	0	0	0	0	1657113911719
1938	802	0	0	0	0	0	0	1657113912739
1938	802	0	0	0	0	0	0	1657113913759
1938	802	0	0	0	0	0	0	1657113914779
1938	802	0	0	0	0	0	0	1657113915799
1938	802	0	0	0	0	0	0	1657113916819
1938	802	0	0	0	0	0	0	1657113917839
1938	802	0	0	0	0	0	0	1657113918859
1938	802	0	0	0	0	0	0	1657113919879
1938	802	0	0	0	0	0	0	1657113920899
1938	802	0	0	0	0	0	0	1657113921919
1938	802	0	0	0	0	0	0	1657113922939
1938	802	0	0	0	0	0	0	1657113923959
1938	802	0	0	0	0	0	0	1657113924979
1938	802	0	0	0	0	0	0	1657113925999
1938	802	0	0	0	0	0	0	1657113927019
1938	802	0	0	0	0	0	0	1657113928039
1938	802	0	0	0	0	0	0	1657113929059
1938	802	0	0	0	0	0	0	1657113930079
1938	802	0	0	0	0	0	0	1657113931099
1938	802	0	0	0	0	0	0	1657113932119
1938	802	0	0	0	0	0	0	1657113933139
1938	802	0	0	0	0	0	0	1657113934159
1938	802	0	0	0	0	0	0	1657113935179
1938	802	0	0	0	0	0	0	1657113936199
1938	802	0	0	0	0	0	0	1657113937219
1938	802	0	0	0	0	0	0	1657113938239
1938	802	0	0	0	0	0	0	1657113939259
1938	802	0	0	0	0	0	0	1657113940279
1938	802	0	0	0	0	0	0	1657113941299
1938	802	0	0	0	0	0	0	1657113942319
1938	802	0	0	0	0	0	0	1657113943339
1938	802	0	0	0	0	0	0	1657113944359
1938	802	0	0	0	0	0	0	1657113945379
1938	802	0	0	0	0	0	0	1657113946399
1938	802	0	0	0	0	0	0	1657113947419
1938	802	0	0	0	0	0	0	1657113948439
1938	802	0	0	0	0	0	0	1657113949459
1938	802	0	0	0	0	0	0	1657113950479
1938	802	0	0	0	0	0	0	1657113951499
1938	802	0	0	0	0	0	0	1657113952519
1937	802	0	0	0	0	0	0	1657113953539
1937	802	0	0	0	0	0	0	1657113954559
1937	802	0	0	0	0	0	0	1657113955579
1938	802	0	0	0	0	0	0	1657113956599
1938	802	0	0	0	0	0	0	1657113957619
1938	802	0	0	0	0	0	0	1657113958639
1938	802	0	0	0	0	0	0	1657113959659
1938	802	0	0	0	0	0	0	1657113960679
1938	802	0	0	0	0	0	0	1657113961699
1938	802	0	0	0	0	0	0	1657113962719
1938	802	0	0	0	0	0	0	1657113963739
1938	802	0	0	0	0	0	0	1657113964759
1938	802	0	0	0	0	0	0	1657113965779
1938	802	0	0	0	0	0	0	1657113966799
1937	801	0	0	0	0	0	0	1657113967819
1936	790	0	0	0	0	0	0	1657113968839
1933	775	0	0	0	0	0	0	1657113969859
1931	773	0	0	0	0	0	0	1657113970879
1929	773	0	0	0	0	0	0	1657113971899
1928	773	0	0	0	0	0	0	1657113972919
1926	773	0	0	0	0	0	0	1657113973939
1925	773	0	0	0	0	0	0	1657113974959
1922	773	0	0	0	0	0	0	1657113975979
1920	773	0	0	0	0	0	0	1657113976999
1920	773	0	0	0	0	0	0	1657113978019
1920	773	0	0	0	0	0	0	1657113979039
1921	773	0	0	0	0	0	0	1657113980059
1919	773	0	0	0	0	0	0	1657113981079
1918	773	0	0	0	0	0	0	1657113982099
1917	773	0	0	0	0	0	0	1657113983119
1916	773	0	0	0	0	0	0	1657113984139
1915	773	0	0	0	0	0	0	1657113985159
1914	773	0	0	0	0	0	0	1657113986179
1913	773	0	0	0	0	0	0	1657113987199
1912	773	0	0	0	0	0	0	1657113988219
1911	773	0	0	0	0	0	0	1657113989239
1911	773	0	0	0	0	0	0	1657113990259
1911	773	0	0	0	0	0	0	1657113991279
1911	773	0	0	0	0	0	0	1657113992299
1911	773	0	0	0	0	0	0	1657113993319
1911	773	0	0	0	0	0	0	1657113994339
1911	773	0	0	0	0	0	0	1657113995359
1911	773	0	0	0	0	0	0	1657113996379
1911	773	0	0	0	0	0	0	1657113997399
1911	773	0	0	0	0	0	0	1657113998419
1911	773	0	0	0	0	0	0	1657113999439
1911	773	0	0	0	0	0	0	1657114000459
1917	773	0	0	0	0	0	0	1657114001479
1925	773	0	0	0	0	0	0	1657114002499
1929	773	0	0	0	0	0	0	1657114003519
1932	773	0	0	0	0	0	0	1657114004539
1934	773	0	0	0	0	0	0	1657114005559
1934	773	0	0	0	0	0	0	1657114006579
1935	773	0	0	0	0	0	0	1657114007599
1935	773	0	0	0	0	0	0	1657114008619
1935	773	0	0	0	0	0	0	1657114009639
1933	773	0	0	0	0	0	0	1657114010659
1934	773	0	0	0	0	0	0	1657114011679
1933	773	0	0	0	0	0	0	1657114012699
1933	773	0	0	0	0	0	0	1657114013719
1931	773	0	0	0	0	0	0	1657114014739
1931	773	0	0	0	0	0	0	1657114015759
1932	773	0	0	0	0	0	0	1657114016779
1931	773	0	0	0	0	0	0	1657114017799
1929	773	0	0	0	0	0	0	1657114018819
1928	773	0	0	0	0	0	0	1657114019839
1927	773	0	0	0	0	0	0	1657114020859
1927	773	0	0	0	0	0	0	1657114021879
1926	773	0	0	0	0	0	0	1657114022899
1922	773	0	0	0	0	0	0	1657114023919
1922	773	0	0	0	0	0	0	1657114024939
1919	773	0	0	0	0	0	0	1657114025959
1919	773	0	0	0	0	0	0	1657114026979
1919	773	0	0	0	0	0	0	1657114027999
1918	773	0	0	0	0	0	0	1657114029019
1917	773	0	0	0	0	0	0	1657114030039
1917	773	0	0	0	0	0	0	1657114031059
1915	773	0	0	0	0	0	0	1657114032079
1915	773	0	0	0	0	0	0	1657114033099
1914	773	0	0	0	0	0	0	1657114034119
1913	773	0	0	0	0	0	0	1657114035139
1913	773	0	0	0	0	0	0	1657114036159
1912	773	0	0	0	0	0	0	1657114037179
1911	773	0	0	0	0	0	0	1657114038199
1911	773	0	0	0	0	0	0	1657114039219
1911	773	0	0	0	0	0	0	1657114040239
1911	773	0	0	0	0	0	0	1657114041259
1911	773	0	0	0	0	0	0	1657114042279
1911	773	0	0	0	0	0	0	1657114043299
1911	773	0	0	0	0	0	0	1657114044319
1911	773	0	0	0	0	0	0	1657114045339
1911	773	0	0	0	0	0	0	1657114046359
1911	773	0	0	0	0	0	0	1657114047379
1911	773	0	0	0	0	0	0	1657114048399
1910	773	0	0	0	0	0	0	1657114049419
1910	773	0	0	0	0	0	0	1657114050439
1910	773	0	0	0	0	0	0	1657114051459
1910	773	0	0	0	0	0	0	1657114052479
1910	773	0	0	0	0	0	0	1657114053499
1910	773	0	0	0	0	0	0	1657114054519
1910	773	0	0	0	0	0	0	1657114055539
1910	773	0	0	0	0	0	0	1657114056559
1910	773	0	0	0	0	0	0	1657114057579
1910	773	0	0	0	0	0	0	1657114058599
1910	773	0	0	0	0	0	0	1657114059619
1910	773	0	0	0	0	0	0	1657114060639
1910	773	0	0	0	0	0	0	1657114061659
1910	773	0	0	0	0	0	0	1657114062679
1910	773	0	0	0	0	0	0	1657114063699
1910	773	0	0	0	0	0	0	1657114064719
1910	773	0	0	0	0	0	0	1657114065739
1910	773	0	0	0	0	0	0	1657114066759
1910	773	0	0	0	0	0	0	1657114067779
1910	773	0	0	0	0	0	0	1657114068799
1910	773	0	0	0	0	0	0	1657114069819
1910	773	0	0	0	0	0	0	1657114070839
1910	773	0	0	0	0	0	0	1657114071859
1910	773	0	0	0	0	0	0	1657114072879
1910	773	0	0	0	0	0	0	1657114073899
1910	773	0	0	0	0	0	0	1657114074919
1910	773	0	0	0	0	0	0	1657114075939
1910	773	0	0	0	0	0	0	1657114076959
1910	773	0	0	0	0	0	0	1657114077979
1910	773	0	0	0	0	0	0	1657114078999
1910	773	0	0	0	0	0	0	1657114080019
1910	773	0	0	0	0	0	0	1657114081039
1910	773	0	0	0	0	0	0	1657114082059
1910	773	0	0	0	0	0	0	1657114083079
1910	773	0	0	0	0	0	0	1657114084099
1910	773	0	0	0	0	0	0	1657114085119
1910	773	0	0	0	0	0	0	1657114086139
1910	773	0	0	0	0	0	0	1657114087159
1910	773	0	0	0	0	0	0	1657114088179
1910	773	0	0	0	0	0	0	1657114089199
1910	773	0	0	0	0	0	0	1657114090219
1910	773	0	0	0	0	0	0	1657114091239
1910	773	0	0	0	0	0	0	1657114092259
1910	773	0	0	0	0	0	0	1657114093279
1910	773	0	0	0	0	0	0	1657114094299
1910	773	0	0	0	0	0	0	1657114095319
1910	773	0	0	0	0	0	0	1657114096339
1910	773	0	0	0	0	0	0	1657114097359
1910	773	0	0	0	0	0	0	1657114098379
1910	773	0	0	0	0	0	0	1657114099399
1910	773	0	0	0	0	0	0	1657114100419
1910	773	0	0	0	0	0	0	1657114101439
1910	773	0	0	0	0	0	0	1657114102459
1910	773	0	0	0	0	0	0	1657114103479
1910	773	0	0	0	0	0	0	1657114104499
1910	773	0	0	0	0	0	0	1657114105519
1910	773	0	0	0	0	0	0	1657114106539
1910	773	0	0	0	0	0	0	1657114107559
1910	773	0	0	0	0	0	0	1657114108579
1910	780	0	0	0	0	0	0	1657114109599
1910	767	0	0	0	0	0	0	1657114110619
1910	761	0	0	0	0	0	0	1657114111639
1910	766	0	0	0	0	0	0	1657114112659
1910	769	0	0	0	0	0	0	1657114113679
1910	771	0	0	0	0	0	0	1657114114699
1910	772	0	0	0	0	0	0	1657114115719
1910	773	0	0	0	0	0	0	1657114116739
1910	773	0	0	0	0	0	0	1657114117759
1910	773	0	0	0	0	0	0	1657114118779
1910	773	0	0	0	0	0	0	1657114119799
1910	773	0	0	0	0	0	0	1657114120819
1910	773	0	0	0	0	0	0	1657114121839
1910	773	0	0	0	0	0	0	1657114122859
1910	773	0	0	0	0	0	0	1657114123879
1910	773	0	0	0	0	0	0	1657114124899
1910	773	0	0	0	0	0	0	1657114125919
1910	773	0	0	0	0	0	0	1657114126939
1910	773	0	0	0	0	0	0	1657114127959
1910	773	0	0	0	0	0	0	1657114128979
1910	773	0	0	0	0	0	0	1657114129999
1910	773	0	0	0	0	0	0	1657114131019
1910	773	0	0	0	0	0	0	1657114132039
1910	773	0	0	0	0	0	0	1657114133059
1910	773	0	0	0	0	0	0	1657114134079
1910	773	0	0	0	0	0	0	1657114135099
1910	773	0	0	0	0	0	0	1657114136119
1910	773	0	0	0	0	0	0	1657114137139
1910	773	0	0	0	0	0	0	1657114138159
1910	773	0	0	0	0	0	0	1657114139179
1910	773	0	0	0	0	0	0	1657114140199
1910	773	0	0	0	0	0	0	1657114141219
1910	773	0	0	0	0	0	0	1657114142239
1910	773	0	0	0	0	0	0	1657114143259
1910	773	0	0	0	0	0	0	1657114144279
1910	773	0	0	0	0	0	0	1657114145299
1910	773	0	0	0	0	0	0	1657114146319
1910	773	0	0	0	0	0	0	1657114147339
1910	773	0	0	0	0	0	0	1657114148359
1910	773	0	0	0	0	0	0	1657114149379
1910	773	0	0	0	0	0	0	1657114150399
1910	773	0	0	0	0	0	0	1657114151419
1910	773	0	0	0	0	0	0	1657114152439
1910	773	0	0	0	0	0	0	1657114153459
1910	773	0	0	0	0	0	0	1657114154479
1910	773	0	0	0	0	0	0	1657114155499
1910	773	0	0	0	0	0	0	1657114156519
1910	773	0	0	0	0	0	0	1657114157539
1910	773	0	0	0	0	0	0	1657114158559
1910	773	0	0	0	0	0	0	1657114159579
1910	773	0	0	0	0	0	0	1657114160599
1910	773	0	0	0	0	0	0	1657114161619
1910	773	0	0	0	0	0	0	1657114162639
1910	773	0	0	0	0	0	0	1657114163659
1910	773	0	0	0	0	0	0	1657114164679
1910	773	0	0	0	0	0	0	1657114165699
1910	773	0	0	0	0	0	0	1657114166719
1910	773	0	0	0	0	0	0	1657114167739
1910	773	0	0	0	0	0	0	1657114168759
1910	773	0	0	0	0	0	0	1657114169779
1910	773	0	0	0	0	0	0	1657114170799
1910	773	0	0	0	0	0	0	1657114171819
1910	773	0	0	0	0	0	0	1657114172839
1910	773	0	0	0	0	0	0	1657114173859
1910	773	0	0	0	0	0	0	1657114174879
1910	773	0	0	0	0	0	0	1657114175899
1910	773	0	0	0	0	0	0	1657114176919
1910	773	0	0	0	0	0	0	1657114177939
1910	773	0	0	0	0	0	0	1657114178959
1910	773	0	0	0	0	0	0	1657114179979
1910	773	0	0	0	0	0	0	1657114180999
1910	773	0	0	0	0	0	0	1657114182019
1910	773	0	0	0	0	0	0	1657114183039
1910	772	0	0	0	0	0	0	1657114184059
1910	772	0	0	0	0	0	0	1657114185079
1910	772	0	0	0	0	0	0	1657114186099
1910	771	0	0	0	0	0	0	1657114187119
1910	771	0	0	0	0	0	0	1657114188139
1910	770	0	0	0	0	0	0	1657114189159
1910	771	0	0	0	0	0	0	1657114190179
1910	768	0	0	0	0	0	0	1657114191199
1910	761	0	0	0	0	0	0	1657114192219
1910	756	0	0	0	0	0	0	1657114193239
1908	745	0	0	0	0	0	0	1657114194259
1907	745	0	0	0	0	0	0	1657114195279
1908	745	0	0	0	0	0	0	1657114196299
1908	745	0	0	0	0	0	0	1657114197319
1909	745	0	0	0	0	0	0	1657114198339
1908	745	0	0	0	0	0	0	1657114199359
1908	745	0	0	0	0	0	0	1657114200379
1906	745	0	0	0	0	0	0	1657114201399
1906	745	0	0	0	0	0	0	1657114202419
1906	745	0	0	0	0	0	0	1657114203439
1907	745	0	0	0	0	0	0	1657114204459
1906	746	0	0	0	0	0	0	1657114205479
1907	746	0	0	0	0	0	0	1657114206499
1907	746	0	0	0	0	0	0	1657114207519
1907	746	0	0	0	0	0	0	1657114208539
1906	746	0	0	0	0	0	0	1657114209559
1904	746	0	0	0	0	0	0	1657114210579
1904	746	0	0	0	0	0	0	1657114211599
1903	746	0	0	0	0	0	0	1657114212619
1902	746	0	0	0	0	0	0	1657114213639
1902	746	0	0	0	0	0	0	1657114214659
1900	746	0	0	0	0	0	0	1657114215679
1900	746	0	0	0	0	0	0	1657114216699
1899	746	0	0	0	0	0	0	1657114217719
1899	746	0	0	0	0	0	0	1657114218739
1898	746	0	0	0	0	0	0	1657114219759
1897	746	0	0	0	0	0	0	1657114220779
1897	746	0	0	0	0	0	0	1657114221799
1896	746	0	0	0	0	0	0	1657114222819
1894	746	0	0	0	0	0	0	1657114223839
1892	746	0	0	0	0	0	0	1657114224859
1890	746	0	0	0	0	0	0	1657114225879
1890	746	0	0	0	0	0	0	1657114226899
1890	746	0	0	0	0	0	0	1657114227919
1888	746	0	0	0	0	0	0	1657114228939
1886	746	0	0	0	0	0	0	1657114229959
1886	746	0	0	0	0	0	0	1657114230979
1885	746	0	0	0	0	0	0	1657114231999
1886	746	0	0	0	0	0	0	1657114233019
1886	746	0	0	0	0	0	0	1657114234039
1885	746	0	0	0	0	0	0	1657114235059
1885	746	0	0	0	0	0	0	1657114236079
1885	746	0	0	0	0	0	0	1657114237099
1884	746	0	0	0	0	0	0	1657114238119
1883	746	0	0	0	0	0	0	1657114239139
1883	746	0	0	0	0	0	0	1657114240159
1883	746	0	0	0	0	0	0	1657114241179
1883	746	0	0	0	0	0	0	1657114242199
1883	746	0	0	0	0	0	0	1657114243219
1883	746	0	0	0	0	0	0	1657114244239
1883	737	0	0	0	0	0	0	1657114245259
1883	732	0	0	0	0	0	0	1657114246279
1883	737	0	0	0	0	0	0	1657114247299
1883	740	0	0	0	0	0	0	1657114248319
1883	742	0	0	0	0	0	0	1657114249339
1883	743	0	0	0	0	0	0	1657114250359
1883	744	0	0	0	0	0	0	1657114251379
1883	745	0	0	0	0	0	0	1657114252399
1883	745	0	0	0	0	0	0	1657114253419
1883	745	0	0	0	0	0	0	1657114254439
1883	745	0	0	0	0	0	0	1657114255459
1883	745	0	0	0	0	0	0	1657114256479
1883	746	0	0	0	0	0	0	1657114257499
1883	746	0	0	0	0	0	0	1657114258519
1883	746	0	0	0	0	0	0	1657114259539
1883	746	0	0	0	0	0	0	1657114260559
1883	746	0	0	0	0	0	0	1657114261579
1883	746	0	0	0	0	0	0	1657114262599
1883	746	0	0	0	0	0	0	1657114263619
1883	746	0	0	0	0	0	0	1657114264639
1883	746	0	0	0	0	0	0	1657114265659
1883	746	0	0	0	0	0	0	1657114266679
1883	746	0	0	0	0	0	0	1657114267699
1883	746	0	0	0	0	0	0	1657114268719
1883	746	0	0	0	0	0	0	1657114269739
1883	746	0	0	0	0	0	0	1657114270759
1883	746	0	0	0	0	0	0	1657114271779
1883	746	0	0	0	0	0	0	1657114272799
1882	746	0	0	0	0	0	0	1657114273819
1882	746	0	0	0	0	0	0	1657114274839
1882	746	0	0	0	0	0	0	1657114275859
1882	746	0	0	0	0	0	0	1657114276879
1882	746	0	0	0	0	0	0	1657114277899
1882	746	0	0	0	0	0	0	1657114278919
1882	746	0	0	0	0	0	0	1657114279939
1882	746	0	0	0	0	0	0	1657114280959
1882	746	0	0	0	0	0	0	1657114281979
1882	746	0	0	0	0	0	0	1657114282999
1882	746	0	0	0	0	0	0	1657114284019
1882	746	0	0	0	0	0	0	1657114285039
1882	746	0	0	0	0	0	0	1657114286059
1882	746	0	0	0	0	0	0	1657114287079
1882	746	0	0	0	0	0	0	1657114288099
1882	746	0	0	0	0	0	0	1657114289119
1882	746	0	0	0	0	0	0	1657114290139
1882	746	0	0	0	0	0	0	1657114291159
1882	746	0	0	0	0	0	0	1657114292179
1882	746	0	0	0	0	0	0	1657114293199
1882	746	0	0	0	0	0	0	1657114294219
1882	746	0	0	0	0	0	0	1657114295239
1882	746	0	0	0	0	0	0	1657114296259
1882	746	0	0	0	0	0	0	1657114297279
1882	746	0	0	0	0	0	0	1657114298299
1882	746	0	0	0	0	0	0	1657114299319
1882	746	0	0	0	0	0	0	1657114300339
1882	746	0	0	0	0	0	0	1657114301359
1882	746	0	0	0	0	0	0	1657114302379
1882	746	0	0	0	0	0	0	1657114303399
1882	746	0	0	0	0	0	0	1657114304419
1882	746	0	0	0	0	0	0	1657114305439
1882	746	0	0	0	0	0	0	1657114306459
1882	746	0	0	0	0	0	0	1657114307479
1882	746	0	0	0	0	0	0	1657114308499
1882	746	0	0	0	0	0	0	1657114309519
1882	746	0	0	0	0	0	0	1657114310539
1882	746	0	0	0	0	0	0	1657114311559
1882	746	0	0	0	0	0	0	1657114312579
1882	746	0	0	0	0	0	0	1657114313599
1882	746	0	0	0	0	0	0	1657114314619
1882	746	0	0	0	0	0	0	1657114315639
1882	746	0	0	0	0	0	0	1657114316659
1882	746	0	0	0	0	0	0	1657114317679
1882	746	0	0	0	0	0	0	1657114318699
1882	746	0	0	0	0	0	0	1657114319719
1882	746	0	0	0	0	0	0	1657114320739
1882	746	0	0	0	0	0	0	1657114321759
1882	746	0	0	0	0	0	0	1657114322779
1882	746	0	0	0	0	0	0	1657114323799
1882	746	0	0	0	0	0	0	1657114324819
1882	746	0	0	0	0	0	0	1657114325839
1882	746	0	0	0	0	0	0	1657114326859
1882	746	0	0	0	0	0	0	1657114327879
1882	746	0	0	0	0	0	0	1657114328899
1882	746	0	0	0	0	0	0	1657114329919
1882	746	0	0	0	0	0	0	1657114330939
1882	746	0	0	0	0	0	0	1657114331959
1882	746	0	0	0	0	0	0	1657114332979
1882	746	0	0	0	0	0	0	1657114333999
1882	746	0	0	0	0	0	0	1657114335019
1882	746	0	0	0	0	0	0	1657114336039
1882	746	0	0	0	0	0	0	1657114337059
1882	746	0	0	0	0	0	0	1657114338079
1882	746	0	0	0	0	0	0	1657114339099
1882	746	0	0	0	0	0	0	1657114340119
1882	746	0	0	0	0	0	0	1657114341139
1882	746	0	0	0	0	0	0	1657114342159
1882	746	0	0	0	0	0	0	1657114343179
1882	746	0	0	0	0	0	0	1657114344199
1881	746	0	0	0	0	0	0	1657114345219
1882	746	0	0	0	0	0	0	1657114346239
1881	746	0	0	0	0	0	0	1657114347259
1881	746	0	0	0	0	0	0	1657114348279
1881	746	0	0	0	0	0	0	1657114349299
1881	746	0	0	0	0	0	0	1657114350319
1882	746	0	0	0	0	0	0	1657114351339
1882	746	0	0	0	0	0	0	1657114352359
1881	746	0	0	0	0	0	0	1657114353379
1881	746	0	0	0	0	0	0	1657114354399
1881	746	0	0	0	0	0	0	1657114355419
1881	746	0	0	0	0	0	0	1657114356439
1882	746	0	0	0	0	0	0	1657114357459
1882	746	0	0	0	0	0	0	1657114358479
1882	746	0	0	0	0	0	0	1657114359499
1882	746	0	0	0	0	0	0	1657114360519
1881	746	0	0	0	0	0	0	1657114361539
1881	746	0	0	0	0	0	0	1657114362559
1881	746	0	0	0	0	0	0	1657114363579
1881	746	0	0	0	0	0	0	1657114364599
1878	746	0	0	0	0	0	0	1657114365619
1878	746	0	0	0	0	0	0	1657114366639
1878	746	0	0	0	0	0	0	1657114367659
1877	746	0	0	0	0	0	0	1657114368679
1877	746	0	0	0	0	0	0	1657114369699
1877	746	0	0	0	0	0	0	1657114370719
1875	746	0	0	0	0	0	0	1657114371739
1875	746	0	0	0	0	0	0	1657114372759
1874	746	0	0	0	0	0	0	1657114373779
1873	746	0	0	0	0	0	0	1657114374799
1872	746	0	0	0	0	0	0	1657114375819
1872	746	0	0	0	0	0	0	1657114376839
1873	746	0	0	0	0	0	0	1657114377859
1872	746	0	0	0	0	0	0	1657114378879
1872	746	0	0	0	0	0	0	1657114379899
1871	746	0	0	0	0	0	0	1657114380919
1873	746	0	0	0	0	0	0	1657114381939
1873	746	0	0	0	0	0	0	1657114382959
1871	746	0	0	0	0	0	0	1657114383979
1872	746	0	0	0	0	0	0	1657114384999
1873	746	0	0	0	0	0	0	1657114386019
1873	746	0	0	0	0	0	0	1657114387039
1872	746	0	0	0	0	0	0	1657114388059
1869	746	0	0	0	0	0	0	1657114389079
1864	746	0	0	0	0	0	0	1657114390099
1861	746	0	0	0	0	0	0	1657114391119
1858	746	0	0	0	0	0	0	1657114392139
1857	746	0	0	0	0	0	0	1657114393159
1857	746	0	0	0	0	0	0	1657114394179
1857	746	0	0	0	0	0	0	1657114395199
1856	746	0	0	0	0	0	0	1657114396219
1856	746	0	0	0	0	0	0	1657114397239
1855	746	0	0	0	0	0	0	1657114398259
1855	746	0	0	0	0	0	0	1657114399279
1855	746	0	0	0	0	0	0	1657114400299
1855	746	0	0	0	0	0	0	1657114401319
1855	746	0	0	0	0	0	0	1657114402339
1855	746	0	0	0	0	0	0	1657114403359
1855	746	0	0	0	0	0	0	1657114404379
1855	746	0	0	0	0	0	0	1657114405399
1855	746	0	0	0	0	0	0	1657114406419
1855	746	0	0	0	0	0	0	1657114407439
1855	746	0	0	0	0	0	0	1657114408459
1855	746	0	0	0	0	0	0	1657114409479
1855	746	0	0	0	0	0	0	1657114410499
1855	746	0	0	0	0	0	0	1657114411519
1855	746	0	0	0	0	0	0	1657114412539
1855	746	0	0	0	0	0	0	1657114413559
1855	746	0	0	0	0	0	0	1657114414579
1855	746	0	0	0	0	0	0	1657114415599
1855	746	0	0	0	0	0	0	1657114416619
1855	746	0	0	0	0	0	0	1657114417639
1855	746	0	0	0	0	0	0	1657114418659
1855	746	0	0	0	0	0	0	1657114419679
1855	746	0	0	0	0	0	0	1657114420699
1855	746	0	0	0	0	0	0	1657114421719
1855	746	0	0	0	0	0	0	1657114422739
1855	746	0	0	0	0	0	0	1657114423759
1855	746	0	0	0	0	0	0	1657114424779
1855	746	0	0	0	0	0	0	1657114425799
1855	746	0	0	0	0	0	0	1657114426819
1855	746	0	0	0	0	0	0	1657114427839
1855	746	0	0	0	0	0	0	1657114428859
1855	746	0	0	0	0	0	0	1657114429879
1855	746	0	0	0	0	0	0	1657114430899
1855	746	0	0	0	0	0	0	1657114431919
1855	746	0	0	0	0	0	0	1657114432939
1855	746	0	0	0	0	0	0	1657114433959
1855	746	0	0	0	0	0	0	1657114434979
1855	746	0	0	0	0	0	0	1657114435999
1855	746	0	0	0	0	0	0	1657114437019
1855	736	0	0	0	0	0	0	1657114438039
1855	734	0	0	0	0	0	0	1657114439059
1855	739	0	0	0	0	0	0	1657114440079
1855	742	0	0	0	0	0	0	1657114441099
1855	744	0	0	0	0	0	0	1657114442119
1855	745	0	0	0	0	0	0	1657114443139
1855	745	0	0	0	0	0	0	1657114444159
1855	745	0	0	0	0	0	0	1657114445179
1855	745	0	0	0	0	0	0	1657114446199
1855	745	0	0	0	0	0	0	1657114447219
1855	745	0	0	0	0	0	0	1657114448239
1855	745	0	0	0	0	0	0	1657114449259
1855	745	0	0	0	0	0	0	1657114450279
1855	745	0	0	0	0	0	0	1657114451299
1855	745	0	0	0	0	0	0	1657114452319
1854	745	0	0	0	0	0	0	1657114453339
1854	745	0	0	0	0	0	0	1657114454359
1854	745	0	0	0	0	0	0	1657114455379
1854	745	0	0	0	0	0	0	1657114456399
1854	745	0	0	0	0	0	0	1657114457419
1854	745	0	0	0	0	0	0	1657114458439
1854	745	0	0	0	0	0	0	1657114459459
1854	745	0	0	0	0	0	0	1657114460479
1854	745	0	0	0	0	0	0	1657114461499
1854	745	0	0	0	0	0	0	1657114462519
1854	745	0	0	0	0	0	0	1657114463539
1854	745	0	0	0	0	0	0	1657114464559
1854	745	0	0	0	0	0	0	1657114465579
1854	745	0	0	0	0	0	0	1657114466599
1854	745	0	0	0	0	0	0	1657114467619
1854	745	0	0	0	0	0	0	1657114468639
1854	745	0	0	0	0	0	0	1657114469659
1854	745	0	0	0	0	0	0	1657114470679
1854	745	0	0	0	0	0	0	1657114471699
1854	745	0	0	0	0	0	0	1657114472719
1854	745	0	0	0	0	0	0	1657114473739
1854	745	0	0	0	0	0	0	1657114474759
1854	745	0	0	0	0	0	0	1657114475779
1854	745	0	0	0	0	0	0	1657114476799
1854	745	0	0	0	0	0	0	1657114477819
1854	745	0	0	0	0	0	0	1657114478839
1854	745	0	0	0	0	0	0	1657114479859
1854	745	0	0	0	0	0	0	1657114480879
1854	745	0	0	0	0	0	0	1657114481899
1854	745	0	0	0	0	0	0	1657114482919
1854	745	0	0	0	0	0	0	1657114483939
1854	745	0	0	0	0	0	0	1657114484959
1854	745	0	0	0	0	0	0	1657114485979
1854	745	0	0	0	0	0	0	1657114486999
1854	745	0	0	0	0	0	0	1657114488019
1854	745	0	0	0	0	0	0	1657114489039
1854	745	0	0	0	0	0	0	1657114490059
1854	745	0	0	0	0	0	0	1657114491079
1854	745	0	0	0	0	0	0	1657114492099
1854	745	0	0	0	0	0	0	1657114493119
1854	745	0	0	0	0	0	0	1657114494139
1854	745	0	0	0	0	0	0	1657114495159
1854	745	0	0	0	0	0	0	1657114496179
1854	745	0	0	0	0	0	0	1657114497199
1854	745	0	0	0	0	0	0	1657114498219
1854	745	0	0	0	0	0	0	1657114499239
1854	745	0	0	0	0	0	0	1657114500259
1854	745	0	0	0	0	0	0	1657114501279
1854	745	0	0	0	0	0	0	1657114502299
1854	745	0	0	0	0	0	0	1657114503319
1855	745	0	0	0	0	0	0	1657114504339
1855	745	0	0	0	0	0	0	1657114505359
1855	745	0	0	0	0	0	0	1657114506379
1855	745	0	0	0	0	0	0	1657114507399
1855	745	0	0	0	0	0	0	1657114508419
1855	745	0	0	0	0	0	0	1657114509439
1855	745	0	0	0	0	0	0	1657114510459
1855	745	0	0	0	0	0	0	1657114511479
1855	745	0	0	0	0	0	0	1657114512499
1855	745	0	0	0	0	0	0	1657114513519
1855	745	0	0	0	0	0	0	1657114514539
1855	745	0	0	0	0	0	0	1657114515559
1855	745	0	0	0	0	0	0	1657114516579
1855	745	0	0	0	0	0	0	1657114517599
1855	745	0	0	0	0	0	0	1657114518619
1855	745	0	0	0	0	0	0	1657114519639
1855	745	0	0	0	0	0	0	1657114520659
1855	745	0	0	0	0	0	0	1657114521679
1855	745	0	0	0	0	0	0	1657114522699
1855	745	0	0	0	0	0	0	1657114523719
1855	745	0	0	0	0	0	0	1657114524739
1855	745	0	0	0	0	0	0	1657114525759
1855	745	0	0	0	0	0	0	1657114526779
1855	745	0	0	0	0	0	0	1657114527799
1855	745	0	0	0	0	0	0	1657114528819
1855	745	0	0	0	0	0	0	1657114529839
1855	746	0	0	0	0	0	0	1657114530859
1855	746	0	0	0	0	0	0	1657114531879
1855	746	0	0	0	0	0	0	1657114532899
1855	746	0	0	0	0	0	0	1657114533919
1855	746	0	0	0	0	0	0	1657114534939
1855	746	0	0	0	0	0	0	1657114535959
1855	746	0	0	0	0	0	0	1657114536979
1855	746	0	0	0	0	0	0	1657114537999
1855	746	0	0	0	0	0	0	1657114539019
1855	746	0	0	0	0	0	0	1657114540039
1855	746	0	0	0	0	0	0	1657114541059
1855	746	0	0	0	0	0	0	1657114542079
1855	746	0	0	0	0	0	0	1657114543099
1855	746	0	0	0	0	0	0	1657114544119
1855	746	0	0	0	0	0	0	1657114545139
1855	746	0	0	0	0	0	0	1657114546159
1855	746	0	0	0	0	0	0	1657114547179
1855	746	0	0	0	0	0	0	1657114548199
1855	746	0	0	0	0	0	0	1657114549219
1855	746	0	0	0	0	0	0	1657114550239
1855	746	0	0	0	0	0	0	1657114551259
1855	746	0	0	0	0	0	0	1657114552279
1855	746	0	0	0	0	0	0	1657114553299
1855	746	0	0	0	0	0	0	1657114554319
1855	746	0	0	0	0	0	0	1657114555339
1855	746	0	0	0	0	0	0	1657114556359
1855	746	0	0	0	0	0	0	1657114557379
1855	740	0	0	0	0	0	0	1657114558399
1855	728	0	0	0	0	0	0	1657114559419
1855	724	0	0	0	0	0	0	1657114560439
1855	722	0	0	0	0	0	0	1657114561459
1855	721	0	0	0	0	0	0	1657114562479
1855	726	0	0	0	0	0	0	1657114563499
1855	734	0	0	0	0	0	0	1657114564519
1855	739	0	0	0	0	0	0	1657114565539
1855	742	0	0	0	0	0	0	1657114566559
1855	744	0	0	0	0	0	0	1657114567579
1855	745	0	0	0	0	0	0	1657114568599
1855	745	0	0	0	0	0	0	1657114569619
1855	745	0	0	0	0	0	0	1657114570639
1855	745	0	0	0	0	0	0	1657114571659
1855	745	0	0	0	0	0	0	1657114572679
1855	745	0	0	0	0	0	0	1657114573699
1855	745	0	0	0	0	0	0	1657114574719
1855	745	0	0	0	0	0	0	1657114575739
1855	745	0	0	0	0	0	0	1657114576759
1855	745	0	0	0	0	0	0	1657114577779
1855	745	0	0	0	0	0	0	1657114578799
1855	745	0	0	0	0	0	0	1657114579819
1855	745	0	0	0	0	0	0	1657114580839
1855	745	0	0	0	0	0	0	1657114581859
1855	745	0	0	0	0	0	0	1657114582879
1855	745	0	0	0	0	0	0	1657114583899
1855	745	0	0	0	0	0	0	1657114584919
1855	745	0	0	0	0	0	0	1657114585939
1855	745	0	0	0	0	0	0	1657114586959
1855	745	0	0	0	0	0	0	1657114587979
1855	745	0	0	0	0	0	0	1657114588999
1855	745	0	0	0	0	0	0	1657114590019
1855	745	0	0	0	0	0	0	1657114591039
1855	745	0	0	0	0	0	0	1657114592059
1855	745	0	0	0	0	0	0	1657114593079
1855	745	0	0	0	0	0	0	1657114594099
1855	745	0	0	0	0	0	0	1657114595119
1855	745	0	0	0	0	0	0	1657114596139
1855	745	0	0	0	0	0	0	1657114597159
1855	745	0	0	0	0	0	0	1657114598179
1855	745	0	0	0	0	0	0	1657114599199
1855	745	0	0	0	0	0	0	1657114600219
1855	745	0	0	0	0	0	0	1657114601239
1855	745	0	0	0	0	0	0	1657114602259
1855	745	0	0	0	0	0	0	1657114603279
1855	745	0	0	0	0	0	0	1657114604299
1855	745	0	0	0	0	0	0	1657114605319
1855	745	0	0	0	0	0	0	1657114606339
1855	745	0	0	0	0	0	0	1657114607359
1855	745	0	0	0	0	0	0	1657114608379
1855	745	0	0	0	0	0	0	1657114609399
1855	745	0	0	0	0	0	0	1657114610419
1855	745	0	0	0	0	0	0	1657114611439
1855	745	0	0	0	0	0	0	1657114612459
1855	745	0	0	0	0	0	0	1657114613479
1855	745	0	0	0	0	0	0	1657114614499
1855	745	0	0	0	0	0	0	1657114615519
