3738	1281	0	0	0	0	0	0	1655312479408
3719	1277	0	0	0	0	0	0	1655312480428
3698	1265	0	0	0	0	0	0	1655312481448
3681	1258	0	0	0	0	0	0	1655312482468
3661	1251	0	0	0	0	0	0	1655312483488
3646	1246	0	0	0	0	0	0	1655312484508
3628	1235	0	0	0	0	0	0	1655312485528
3616	1228	0	0	0	0	0	0	1655312486548
3603	1224	0	0	0	0	0	0	1655312487568
3589	1218	0	0	0	0	0	0	1655312488588
3582	1207	0	0	0	0	0	0	1655312489608
3574	1200	0	0	0	0	0	0	1655312490628
3561	1196	0	0	0	0	0	0	1655312491648
3553	1194	0	0	0	0	0	0	1655312492668
3548	1193	0	0	0	0	0	0	1655312493688
3540	1192	0	0	0	0	0	0	1655312494708
3530	1190	0	0	0	0	0	0	1655312495728
3523	1184	0	0	0	0	0	0	1655312496748
3518	1179	0	0	0	0	0	0	1655312497768
3516	1178	0	0	0	0	0	0	1655312498788
3506	1172	0	0	0	0	0	0	1655312499808
3497	1169	0	0	0	0	0	0	1655312500828
3492	1167	0	0	0	0	0	0	1655312501848
3489	1165	0	0	0	0	0	0	1655312502868
3487	1164	0	0	0	0	0	0	1655312503888
3486	1164	0	0	0	0	0	0	1655312504908
3487	1172	0	0	0	0	0	0	1655312505928
3481	1172	0	0	0	0	0	0	1655312506948
3471	1169	0	0	0	0	0	0	1655312507968
3465	1167	0	0	0	0	0	0	1655312508988
3462	1165	0	0	0	0	0	0	1655312510008
3460	1164	0	0	0	0	0	0	1655312511028
3458	1163	0	0	0	0	0	0	1655312512048
3454	1162	0	0	0	0	0	0	1655312513068
3444	1160	0	0	0	0	0	0	1655312514088
3437	1151	0	0	0	0	0	0	1655312515108
3434	1145	0	0	0	0	0	0	1655312516128
3431	1141	0	0	0	0	0	0	1655312517148
3430	1139	0	0	0	0	0	0	1655312518168
3429	1147	0	0	0	0	0	0	1655312519188
3429	1153	0	0	0	0	0	0	1655312520208
3426	1157	0	0	0	0	0	0	1655312521228
3417	1159	0	0	0	0	0	0	1655312522248
3410	1161	0	0	0	0	0	0	1655312523268
3406	1161	0	0	0	0	0	0	1655312524288
3403	1151	0	0	0	0	0	0	1655312525308
3401	1145	0	0	0	0	0	0	1655312526328
3400	1141	0	0	0	0	0	0	1655312527348
3400	1139	0	0	0	0	0	0	1655312528368
3400	1137	0	0	0	0	0	0	1655312529388
3400	1136	0	0	0	0	0	0	1655312530408
3399	1134	0	0	0	0	0	0	1655312531428
3399	1134	0	0	0	0	0	0	1655312532448
3397	1138	0	0	0	0	0	0	1655312533468
3390	1137	0	0	0	0	0	0	1655312534488
3383	1136	0	0	0	0	0	0	1655312535508
3378	1135	0	0	0	0	0	0	1655312536528
3375	1135	0	0	0	0	0	0	1655312537548
3373	1135	0	0	0	0	0	0	1655312538568
3372	1135	0	0	0	0	0	0	1655312539588
3371	1135	0	0	0	0	0	0	1655312540608
3371	1135	0	0	0	0	0	0	1655312541628
3371	1135	0	0	0	0	0	0	1655312542648
3371	1135	0	0	0	0	0	0	1655312543668
3371	1135	0	0	0	0	0	0	1655312544688
3371	1135	0	0	0	0	0	0	1655312545708
3369	1135	0	0	0	0	0	0	1655312546728
3359	1135	0	0	0	0	0	0	1655312547748
3353	1135	0	0	0	0	0	0	1655312548768
3349	1135	0	0	0	0	0	0	1655312549788
3347	1135	0	0	0	0	0	0	1655312550808
3345	1135	0	0	0	0	0	0	1655312551828
3344	1132	0	0	0	0	0	0	1655312552848
3343	1125	0	0	0	0	0	0	1655312553868
3343	1118	0	0	0	0	0	0	1655312554888
3343	1114	0	0	0	0	0	0	1655312555908
3343	1111	0	0	0	0	0	0	1655312556928
3343	1110	0	0	0	0	0	0	1655312557948
3342	1109	0	0	0	0	0	0	1655312558968
3341	1108	0	0	0	0	0	0	1655312559988
3340	1108	0	0	0	0	0	0	1655312561008
3332	1108	0	0	0	0	0	0	1655312562028
3325	1108	0	0	0	0	0	0	1655312563048
3321	1108	0	0	0	0	0	0	1655312564068
3319	1107	0	0	0	0	0	0	1655312565088
3317	1107	0	0	0	0	0	0	1655312566108
3316	1107	0	0	0	0	0	0	1655312567128
3316	1107	0	0	0	0	0	0	1655312568148
3316	1107	0	0	0	0	0	0	1655312569168
3316	1107	0	0	0	0	0	0	1655312570188
3316	1107	0	0	0	0	0	0	1655312571208
3316	1107	0	0	0	0	0	0	1655312572228
3315	1107	0	0	0	0	0	0	1655312573248
3315	1107	0	0	0	0	0	0	1655312574268
3315	1107	0	0	0	0	0	0	1655312575288
3315	1107	0	0	0	0	0	0	1655312576308
3315	1107	0	0	0	0	0	0	1655312577328
3312	1107	0	0	0	0	0	0	1655312578348
3305	1107	0	0	0	0	0	0	1655312579368
3299	1107	0	0	0	0	0	0	1655312580388
3294	1107	0	0	0	0	0	0	1655312581408
3291	1107	0	0	0	0	0	0	1655312582428
3290	1107	0	0	0	0	0	0	1655312583448
3289	1107	0	0	0	0	0	0	1655312584468
3288	1107	0	0	0	0	0	0	1655312585488
3287	1107	0	0	0	0	0	0	1655312586508
3287	1107	0	0	0	0	0	0	1655312587528
3287	1107	0	0	0	0	0	0	1655312588548
3287	1107	0	0	0	0	0	0	1655312589568
3287	1107	0	0	0	0	0	0	1655312590588
3287	1108	0	0	0	0	0	0	1655312591608
3287	1107	0	0	0	0	0	0	1655312592628
3287	1107	0	0	0	0	0	0	1655312593648
3287	1107	0	0	0	0	0	0	1655312594668
3287	1107	0	0	0	0	0	0	1655312595688
3286	1107	0	0	0	0	0	0	1655312596708
3279	1107	0	0	0	0	0	0	1655312597728
3273	1107	0	0	0	0	0	0	1655312598748
3267	1107	0	0	0	0	0	0	1655312599768
3264	1107	0	0	0	0	0	0	1655312600788
3262	1107	0	0	0	0	0	0	1655312601808
3261	1107	0	0	0	0	0	0	1655312602828
3260	1107	0	0	0	0	0	0	1655312603848
3260	1107	0	0	0	0	0	0	1655312604868
3260	1107	0	0	0	0	0	0	1655312605888
3259	1107	0	0	0	0	0	0	1655312606908
3259	1107	0	0	0	0	0	0	1655312607928
3259	1107	0	0	0	0	0	0	1655312608948
3259	1107	0	0	0	0	0	0	1655312609968
3258	1107	0	0	0	0	0	0	1655312610988
3258	1107	0	0	0	0	0	0	1655312612008
3258	1107	0	0	0	0	0	0	1655312613028
3258	1107	0	0	0	0	0	0	1655312614048
3258	1107	0	0	0	0	0	0	1655312615068
3258	1107	0	0	0	0	0	0	1655312616088
3258	1107	0	0	0	0	0	0	1655312617108
3256	1107	0	0	0	0	0	0	1655312618128
3251	1107	0	0	0	0	0	0	1655312619148
3249	1107	0	0	0	0	0	0	1655312620168
3248	1107	0	0	0	0	0	0	1655312621188
3252	1107	0	0	0	0	0	0	1655312622208
3247	1107	0	0	0	0	0	0	1655312623228
3241	1107	0	0	0	0	0	0	1655312624248
3237	1107	0	0	0	0	0	0	1655312625268
3235	1107	0	0	0	0	0	0	1655312626288
3234	1107	0	0	0	0	0	0	1655312627308
3233	1107	0	0	0	0	0	0	1655312628328
3232	1107	0	0	0	0	0	0	1655312629348
3231	1107	0	0	0	0	0	0	1655312630368
3231	1107	0	0	0	0	0	0	1655312631388
3231	1109	0	0	0	0	0	0	1655312632408
3231	1119	0	0	0	0	0	0	1655312633428
3231	1120	0	0	0	0	0	0	1655312634448
3231	1115	0	0	0	0	0	0	1655312635468
3231	1112	0	0	0	0	0	0	1655312636488
3231	1110	0	0	0	0	0	0	1655312637508
3231	1109	0	0	0	0	0	0	1655312638528
3230	1108	0	0	0	0	0	0	1655312639548
3227	1108	0	0	0	0	0	0	1655312640568
3221	1108	0	0	0	0	0	0	1655312641588
3216	1108	0	0	0	0	0	0	1655312642608
3211	1107	0	0	0	0	0	0	1655312643628
3208	1107	0	0	0	0	0	0	1655312644648
3206	1107	0	0	0	0	0	0	1655312645668
3205	1107	0	0	0	0	0	0	1655312646688
3204	1107	0	0	0	0	0	0	1655312647708
3203	1107	0	0	0	0	0	0	1655312648728
3203	1107	0	0	0	0	0	0	1655312649748
3203	1107	0	0	0	0	0	0	1655312650768
3202	1107	0	0	0	0	0	0	1655312651788
3202	1107	0	0	0	0	0	0	1655312652808
3202	1107	0	0	0	0	0	0	1655312653828
3202	1107	0	0	0	0	0	0	1655312654848
3202	1107	0	0	0	0	0	0	1655312655868
3202	1107	0	0	0	0	0	0	1655312656888
3202	1107	0	0	0	0	0	0	1655312657908
3202	1106	0	0	0	0	0	0	1655312658928
3202	1105	0	0	0	0	0	0	1655312659948
3202	1103	0	0	0	0	0	0	1655312660968
3202	1102	0	0	0	0	0	0	1655312661988
3202	1100	0	0	0	0	0	0	1655312663008
3202	1095	0	0	0	0	0	0	1655312664028
3202	1093	0	0	0	0	0	0	1655312665048
3202	1090	0	0	0	0	0	0	1655312666068
3201	1087	0	0	0	0	0	0	1655312667088
3200	1086	0	0	0	0	0	0	1655312668108
3197	1084	0	0	0	0	0	0	1655312669128
3194	1082	0	0	0	0	0	0	1655312670148
3187	1081	0	0	0	0	0	0	1655312671168
3182	1081	0	0	0	0	0	0	1655312672188
3179	1081	0	0	0	0	0	0	1655312673208
3177	1081	0	0	0	0	0	0	1655312674228
3176	1080	0	0	0	0	0	0	1655312675248
3175	1080	0	0	0	0	0	0	1655312676268
3175	1081	0	0	0	0	0	0	1655312677288
3175	1091	0	0	0	0	0	0	1655312678308
3175	1093	0	0	0	0	0	0	1655312679328
3175	1094	0	0	0	0	0	0	1655312680348
3175	1096	0	0	0	0	0	0	1655312681368
3175	1101	0	0	0	0	0	0	1655312682388
3175	1099	0	0	0	0	0	0	1655312683408
3175	1093	0	0	0	0	0	0	1655312684428
3175	1088	0	0	0	0	0	0	1655312685448
3175	1084	0	0	0	0	0	0	1655312686468
3175	1082	0	0	0	0	0	0	1655312687488
3175	1081	0	0	0	0	0	0	1655312688508
3175	1080	0	0	0	0	0	0	1655312689528
3175	1079	0	0	0	0	0	0	1655312690548
3174	1079	0	0	0	0	0	0	1655312691568
3172	1079	0	0	0	0	0	0	1655312692588
3168	1079	0	0	0	0	0	0	1655312693608
3165	1079	0	0	0	0	0	0	1655312694628
3161	1079	0	0	0	0	0	0	1655312695648
3156	1079	0	0	0	0	0	0	1655312696668
3152	1079	0	0	0	0	0	0	1655312697688
3150	1079	0	0	0	0	0	0	1655312698708
3149	1079	0	0	0	0	0	0	1655312699728
3148	1079	0	0	0	0	0	0	1655312700748
3147	1079	0	0	0	0	0	0	1655312701768
3148	1079	0	0	0	0	0	0	1655312702788
3148	1079	0	0	0	0	0	0	1655312703808
3147	1079	0	0	0	0	0	0	1655312704828
3147	1079	0	0	0	0	0	0	1655312705848
3146	1079	0	0	0	0	0	0	1655312706868
3146	1079	0	0	0	0	0	0	1655312707888
3146	1079	0	0	0	0	0	0	1655312708908
3146	1079	0	0	0	0	0	0	1655312709928
3146	1079	0	0	0	0	0	0	1655312710948
3146	1079	0	0	0	0	0	0	1655312711968
3146	1079	0	0	0	0	0	0	1655312712988
3146	1079	0	0	0	0	0	0	1655312714008
3146	1079	0	0	0	0	0	0	1655312715028
3146	1079	0	0	0	0	0	0	1655312716048
3146	1079	0	0	0	0	0	0	1655312717068
3146	1079	0	0	0	0	0	0	1655312718088
3146	1079	0	0	0	0	0	0	1655312719108
3145	1079	0	0	0	0	0	0	1655312720128
3142	1079	0	0	0	0	0	0	1655312721148
3136	1079	0	0	0	0	0	0	1655312722168
3131	1079	0	0	0	0	0	0	1655312723188
3126	1079	0	0	0	0	0	0	1655312724208
3123	1079	0	0	0	0	0	0	1655312725228
3121	1079	0	0	0	0	0	0	1655312726248
3120	1079	0	0	0	0	0	0	1655312727268
3119	1079	0	0	0	0	0	0	1655312728288
3119	1079	0	0	0	0	0	0	1655312729308
3119	1079	0	0	0	0	0	0	1655312730328
3119	1079	0	0	0	0	0	0	1655312731348
3118	1079	0	0	0	0	0	0	1655312732368
3118	1079	0	0	0	0	0	0	1655312733388
3118	1079	0	0	0	0	0	0	1655312734408
3118	1079	0	0	0	0	0	0	1655312735428
3117	1079	0	0	0	0	0	0	1655312736448
3117	1079	0	0	0	0	0	0	1655312737468
3117	1079	0	0	0	0	0	0	1655312738488
3118	1079	0	0	0	0	0	0	1655312739508
3118	1079	0	0	0	0	0	0	1655312740528
3118	1079	0	0	0	0	0	0	1655312741548
3118	1079	0	0	0	0	0	0	1655312742568
3118	1079	0	0	0	0	0	0	1655312743588
3118	1079	0	0	0	0	0	0	1655312744608
3118	1079	0	0	0	0	0	0	1655312745628
3118	1079	0	0	0	0	0	0	1655312746648
3118	1079	0	0	0	0	0	0	1655312747668
3118	1079	0	0	0	0	0	0	1655312748688
3118	1079	0	0	0	0	0	0	1655312749708
3118	1079	0	0	0	0	0	0	1655312750728
3115	1079	0	0	0	0	0	0	1655312751748
3114	1079	0	0	0	0	0	0	1655312752768
3114	1079	0	0	0	0	0	0	1655312753788
3113	1079	0	0	0	0	0	0	1655312754808
3110	1079	0	0	0	0	0	0	1655312755828
3104	1079	0	0	0	0	0	0	1655312756848
3098	1079	0	0	0	0	0	0	1655312757868
3095	1079	0	0	0	0	0	0	1655312758888
3093	1079	0	0	0	0	0	0	1655312759908
3092	1079	0	0	0	0	0	0	1655312760928
3091	1079	0	0	0	0	0	0	1655312761948
3091	1079	0	0	0	0	0	0	1655312762968
3090	1078	0	0	0	0	0	0	1655312763988
3090	1078	0	0	0	0	0	0	1655312765008
3090	1078	0	0	0	0	0	0	1655312766028
3090	1078	0	0	0	0	0	0	1655312767048
3090	1078	0	0	0	0	0	0	1655312768068
3090	1078	0	0	0	0	0	0	1655312769088
3090	1077	0	0	0	0	0	0	1655312770108
3090	1076	0	0	0	0	0	0	1655312771128
3090	1076	0	0	0	0	0	0	1655312772148
3090	1076	0	0	0	0	0	0	1655312773168
3090	1075	0	0	0	0	0	0	1655312774188
3090	1074	0	0	0	0	0	0	1655312775208
3090	1073	0	0	0	0	0	0	1655312776228
3090	1073	0	0	0	0	0	0	1655312777248
3090	1073	0	0	0	0	0	0	1655312778268
3090	1073	0	0	0	0	0	0	1655312779288
3090	1074	0	0	0	0	0	0	1655312780308
3090	1074	0	0	0	0	0	0	1655312781328
3090	1072	0	0	0	0	0	0	1655312782348
3090	1071	0	0	0	0	0	0	1655312783368
3090	1069	0	0	0	0	0	0	1655312784388
3090	1069	0	0	0	0	0	0	1655312785408
3090	1071	0	0	0	0	0	0	1655312786428
3089	1070	0	0	0	0	0	0	1655312787448
3087	1070	0	0	0	0	0	0	1655312788468
3086	1068	0	0	0	0	0	0	1655312789488
3083	1069	0	0	0	0	0	0	1655312790508
3079	1068	0	0	0	0	0	0	1655312791528
3075	1066	0	0	0	0	0	0	1655312792548
3070	1062	0	0	0	0	0	0	1655312793568
3067	1060	0	0	0	0	0	0	1655312794588
3065	1059	0	0	0	0	0	0	1655312795608
3064	1058	0	0	0	0	0	0	1655312796628
3063	1058	0	0	0	0	0	0	1655312797648
3063	1057	0	0	0	0	0	0	1655312798668
3062	1062	0	0	0	0	0	0	1655312799688
3062	1069	0	0	0	0	0	0	1655312800708
3061	1073	0	0	0	0	0	0	1655312801728
3061	1075	0	0	0	0	0	0	1655312802748
3061	1076	0	0	0	0	0	0	1655312803768
3061	1074	0	0	0	0	0	0	1655312804788
3061	1072	0	0	0	0	0	0	1655312805808
3061	1075	0	0	0	0	0	0	1655312806828
3061	1074	0	0	0	0	0	0	1655312807848
3061	1068	0	0	0	0	0	0	1655312808868
3062	1063	0	0	0	0	0	0	1655312809888
3062	1059	0	0	0	0	0	0	1655312810908
3062	1057	0	0	0	0	0	0	1655312811928
3062	1056	0	0	0	0	0	0	1655312812948
3062	1055	0	0	0	0	0	0	1655312813968
3062	1055	0	0	0	0	0	0	1655312814988
3062	1055	0	0	0	0	0	0	1655312816008
3062	1054	0	0	0	0	0	0	1655312817028
3062	1067	0	0	0	0	0	0	1655312818048
3065	1093	0	0	0	0	0	0	1655312819068
3068	1115	0	0	0	0	0	0	1655312820088
3067	1122	0	0	0	0	0	0	1655312821108
3066	1125	0	0	0	0	0	0	1655312822128
3064	1129	0	0	0	0	0	0	1655312823148
3063	1131	0	0	0	0	0	0	1655312824168
3062	1132	0	0	0	0	0	0	1655312825188
3062	1132	0	0	0	0	0	0	1655312826208
3062	1128	0	0	0	0	0	0	1655312827228
3062	1129	0	0	0	0	0	0	1655312828248
3062	1129	0	0	0	0	0	0	1655312829268
3062	1131	0	0	0	0	0	0	1655312830288
3062	1132	0	0	0	0	0	0	1655312831308
3062	1125	0	0	0	0	0	0	1655312832328
3062	1118	0	0	0	0	0	0	1655312833348
3062	1113	0	0	0	0	0	0	1655312834368
3062	1111	0	0	0	0	0	0	1655312835388
3062	1109	0	0	0	0	0	0	1655312836408
3061	1108	0	0	0	0	0	0	1655312837428
3060	1108	0	0	0	0	0	0	1655312838448
3060	1107	0	0	0	0	0	0	1655312839468
3060	1107	0	0	0	0	0	0	1655312840488
3059	1107	0	0	0	0	0	0	1655312841508
3054	1107	0	0	0	0	0	0	1655312842528
3050	1107	0	0	0	0	0	0	1655312843548
3045	1107	0	0	0	0	0	0	1655312844568
3042	1107	0	0	0	0	0	0	1655312845588
3038	1107	0	0	0	0	0	0	1655312846608
3036	1107	0	0	0	0	0	0	1655312847628
3036	1107	0	0	0	0	0	0	1655312848648
3035	1107	0	0	0	0	0	0	1655312849668
3034	1107	0	0	0	0	0	0	1655312850688
3033	1107	0	0	0	0	0	0	1655312851708
3033	1107	0	0	0	0	0	0	1655312852728
3033	1107	0	0	0	0	0	0	1655312853748
3033	1107	0	0	0	0	0	0	1655312854768
3033	1107	0	0	0	0	0	0	1655312855788
3033	1107	0	0	0	0	0	0	1655312856808
3033	1107	0	0	0	0	0	0	1655312857828
3033	1107	0	0	0	0	0	0	1655312858848
3033	1107	0	0	0	0	0	0	1655312859868
3033	1107	0	0	0	0	0	0	1655312860888
3033	1107	0	0	0	0	0	0	1655312861908
3033	1107	0	0	0	0	0	0	1655312862928
3033	1107	0	0	0	0	0	0	1655312863948
3033	1107	0	0	0	0	0	0	1655312864968
3033	1107	0	0	0	0	0	0	1655312865988
3033	1107	0	0	0	0	0	0	1655312867008
3033	1107	0	0	0	0	0	0	1655312868028
3033	1105	0	0	0	0	0	0	1655312869048
3033	1096	0	0	0	0	0	0	1655312870068
3033	1091	0	0	0	0	0	0	1655312871088
3033	1087	0	0	0	0	0	0	1655312872108
3033	1086	0	0	0	0	0	0	1655312873128
3033	1095	0	0	0	0	0	0	1655312874148
3033	1100	0	0	0	0	0	0	1655312875168
3033	1092	0	0	0	0	0	0	1655312876188
3033	1087	0	0	0	0	0	0	1655312877208
3033	1084	0	0	0	0	0	0	1655312878228
3033	1082	0	0	0	0	0	0	1655312879248
3033	1081	0	0	0	0	0	0	1655312880268
3033	1080	0	0	0	0	0	0	1655312881288
3033	1080	0	0	0	0	0	0	1655312882308
3033	1080	0	0	0	0	0	0	1655312883328
3033	1080	0	0	0	0	0	0	1655312884348
3032	1080	0	0	0	0	0	0	1655312885368
3031	1080	0	0	0	0	0	0	1655312886388
3026	1080	0	0	0	0	0	0	1655312887408
3024	1080	0	0	0	0	0	0	1655312888428
3021	1080	0	0	0	0	0	0	1655312889448
3017	1080	0	0	0	0	0	0	1655312890468
3014	1080	0	0	0	0	0	0	1655312891488
3011	1080	0	0	0	0	0	0	1655312892508
3009	1080	0	0	0	0	0	0	1655312893528
3007	1080	0	0	0	0	0	0	1655312894548
3008	1080	0	0	0	0	0	0	1655312895568
3007	1080	0	0	0	0	0	0	1655312896588
3006	1080	0	0	0	0	0	0	1655312897608
3006	1080	0	0	0	0	0	0	1655312898628
3006	1080	0	0	0	0	0	0	1655312899648
3006	1080	0	0	0	0	0	0	1655312900668
3005	1080	0	0	0	0	0	0	1655312901688
3004	1080	0	0	0	0	0	0	1655312902708
3004	1080	0	0	0	0	0	0	1655312903728
3004	1080	0	0	0	0	0	0	1655312904748
3004	1080	0	0	0	0	0	0	1655312905768
3005	1080	0	0	0	0	0	0	1655312906788
3005	1080	0	0	0	0	0	0	1655312907808
3005	1080	0	0	0	0	0	0	1655312908828
3005	1080	0	0	0	0	0	0	1655312909848
3005	1080	0	0	0	0	0	0	1655312910868
3005	1080	0	0	0	0	0	0	1655312911888
3005	1080	0	0	0	0	0	0	1655312912908
3005	1080	0	0	0	0	0	0	1655312913928
3005	1080	0	0	0	0	0	0	1655312914948
3005	1080	0	0	0	0	0	0	1655312915968
3005	1080	0	0	0	0	0	0	1655312916988
3004	1080	0	0	0	0	0	0	1655312918008
3004	1080	0	0	0	0	0	0	1655312919028
3004	1080	0	0	0	0	0	0	1655312920048
3004	1080	0	0	0	0	0	0	1655312921068
3005	1080	0	0	0	0	0	0	1655312922088
3005	1080	0	0	0	0	0	0	1655312923108
3005	1080	0	0	0	0	0	0	1655312924128
3005	1080	0	0	0	0	0	0	1655312925148
3005	1080	0	0	0	0	0	0	1655312926168
3005	1080	0	0	0	0	0	0	1655312927188
3005	1079	0	0	0	0	0	0	1655312928208
3005	1077	0	0	0	0	0	0	1655312929228
3004	1076	0	0	0	0	0	0	1655312930248
3004	1076	0	0	0	0	0	0	1655312931268
3004	1076	0	0	0	0	0	0	1655312932288
3004	1076	0	0	0	0	0	0	1655312933308
3005	1077	0	0	0	0	0	0	1655312934328
3005	1078	0	0	0	0	0	0	1655312935348
3005	1078	0	0	0	0	0	0	1655312936368
3005	1077	0	0	0	0	0	0	1655312937388
3005	1077	0	0	0	0	0	0	1655312938408
3005	1077	0	0	0	0	0	0	1655312939428
3005	1077	0	0	0	0	0	0	1655312940448
3005	1074	0	0	0	0	0	0	1655312941468
3005	1076	0	0	0	0	0	0	1655312942488
3005	1075	0	0	0	0	0	0	1655312943508
3005	1071	0	0	0	0	0	0	1655312944528
3005	1069	0	0	0	0	0	0	1655312945548
3005	1068	0	0	0	0	0	0	1655312946568
3005	1068	0	0	0	0	0	0	1655312947588
3005	1070	0	0	0	0	0	0	1655312948608
3005	1073	0	0	0	0	0	0	1655312949628
3005	1074	0	0	0	0	0	0	1655312950648
3005	1076	0	0	0	0	0	0	1655312951668
3005	1074	0	0	0	0	0	0	1655312952688
3005	1071	0	0	0	0	0	0	1655312953708
3004	1066	0	0	0	0	0	0	1655312954728
3003	1063	0	0	0	0	0	0	1655312955748
3002	1060	0	0	0	0	0	0	1655312956768
3000	1062	0	0	0	0	0	0	1655312957788
2995	1065	0	0	0	0	0	0	1655312958808
2993	1061	0	0	0	0	0	0	1655312959828
2988	1057	0	0	0	0	0	0	1655312960848
2984	1055	0	0	0	0	0	0	1655312961868
2981	1054	0	0	0	0	0	0	1655312962888
2979	1053	0	0	0	0	0	0	1655312963908
2978	1053	0	0	0	0	0	0	1655312964928
2978	1052	0	0	0	0	0	0	1655312965948
2977	1052	0	0	0	0	0	0	1655312966968
2977	1052	0	0	0	0	0	0	1655312967988
2977	1052	0	0	0	0	0	0	1655312969008
2977	1052	0	0	0	0	0	0	1655312970028
2977	1052	0	0	0	0	0	0	1655312971048
2977	1052	0	0	0	0	0	0	1655312972068
2977	1052	0	0	0	0	0	0	1655312973088
2977	1052	0	0	0	0	0	0	1655312974108
2977	1052	0	0	0	0	0	0	1655312975128
2977	1052	0	0	0	0	0	0	1655312976148
2977	1052	0	0	0	0	0	0	1655312977168
2976	1052	0	0	0	0	0	0	1655312978188
2976	1052	0	0	0	0	0	0	1655312979208
2976	1052	0	0	0	0	0	0	1655312980228
2976	1052	0	0	0	0	0	0	1655312981248
2976	1052	0	0	0	0	0	0	1655312982268
2976	1052	0	0	0	0	0	0	1655312983288
2976	1052	0	0	0	0	0	0	1655312984308
2976	1052	0	0	0	0	0	0	1655312985328
2976	1052	0	0	0	0	0	0	1655312986348
2976	1052	0	0	0	0	0	0	1655312987368
2976	1052	0	0	0	0	0	0	1655312988388
2976	1052	0	0	0	0	0	0	1655312989408
2976	1052	0	0	0	0	0	0	1655312990428
2976	1052	0	0	0	0	0	0	1655312991448
2976	1052	0	0	0	0	0	0	1655312992468
2976	1052	0	0	0	0	0	0	1655312993488
2976	1052	0	0	0	0	0	0	1655312994508
2976	1052	0	0	0	0	0	0	1655312995528
2976	1052	0	0	0	0	0	0	1655312996548
2976	1052	0	0	0	0	0	0	1655312997568
2976	1052	0	0	0	0	0	0	1655312998588
2976	1052	0	0	0	0	0	0	1655312999608
2976	1052	0	0	0	0	0	0	1655313000628
2976	1052	0	0	0	0	0	0	1655313001648
2976	1052	0	0	0	0	0	0	1655313002668
2976	1052	0	0	0	0	0	0	1655313003688
2976	1052	0	0	0	0	0	0	1655313004708
2977	1052	0	0	0	0	0	0	1655313005728
2976	1052	0	0	0	0	0	0	1655313006748
2976	1052	0	0	0	0	0	0	1655313007768
2976	1052	0	0	0	0	0	0	1655313008788
2976	1052	0	0	0	0	0	0	1655313009808
2976	1052	0	0	0	0	0	0	1655313010828
2976	1052	0	0	0	0	0	0	1655313011848
2976	1052	0	0	0	0	0	0	1655313012868
2976	1052	0	0	0	0	0	0	1655313013888
2976	1052	0	0	0	0	0	0	1655313014908
2975	1052	0	0	0	0	0	0	1655313015928
2975	1052	0	0	0	0	0	0	1655313016948
2975	1052	0	0	0	0	0	0	1655313017968
2973	1052	0	0	0	0	0	0	1655313018988
2973	1052	0	0	0	0	0	0	1655313020008
2969	1052	0	0	0	0	0	0	1655313021028
2964	1052	0	0	0	0	0	0	1655313022048
2962	1052	0	0	0	0	0	0	1655313023068
2961	1052	0	0	0	0	0	0	1655313024088
2962	1052	0	0	0	0	0	0	1655313025108
2960	1052	0	0	0	0	0	0	1655313026128
2957	1052	0	0	0	0	0	0	1655313027148
2956	1052	0	0	0	0	0	0	1655313028168
2955	1052	0	0	0	0	0	0	1655313029188
2953	1052	0	0	0	0	0	0	1655313030208
2951	1051	0	0	0	0	0	0	1655313031228
2950	1051	0	0	0	0	0	0	1655313032248
2949	1051	0	0	0	0	0	0	1655313033268
2949	1051	0	0	0	0	0	0	1655313034288
2949	1051	0	0	0	0	0	0	1655313035308
2949	1051	0	0	0	0	0	0	1655313036328
2949	1051	0	0	0	0	0	0	1655313037348
2949	1051	0	0	0	0	0	0	1655313038368
2949	1051	0	0	0	0	0	0	1655313039388
2949	1051	0	0	0	0	0	0	1655313040408
2949	1051	0	0	0	0	0	0	1655313041428
2949	1051	0	0	0	0	0	0	1655313042448
2949	1051	0	0	0	0	0	0	1655313043468
2948	1051	0	0	0	0	0	0	1655313044488
2948	1051	0	0	0	0	0	0	1655313045508
2948	1051	0	0	0	0	0	0	1655313046528
2948	1051	0	0	0	0	0	0	1655313047548
2948	1051	0	0	0	0	0	0	1655313048568
2948	1051	0	0	0	0	0	0	1655313049588
2948	1051	0	0	0	0	0	0	1655313050608
2948	1051	0	0	0	0	0	0	1655313051628
2948	1051	0	0	0	0	0	0	1655313052648
2948	1051	0	0	0	0	0	0	1655313053668
2948	1051	0	0	0	0	0	0	1655313054688
2948	1051	0	0	0	0	0	0	1655313055708
2948	1051	0	0	0	0	0	0	1655313056728
2948	1051	0	0	0	0	0	0	1655313057748
2948	1051	0	0	0	0	0	0	1655313058768
2948	1051	0	0	0	0	0	0	1655313059788
2948	1051	0	0	0	0	0	0	1655313060808
2948	1051	0	0	0	0	0	0	1655313061828
2948	1051	0	0	0	0	0	0	1655313062848
2948	1051	0	0	0	0	0	0	1655313063868
2948	1051	0	0	0	0	0	0	1655313064888
2948	1051	0	0	0	0	0	0	1655313065908
2948	1051	0	0	0	0	0	0	1655313066928
2948	1051	0	0	0	0	0	0	1655313067948
2948	1051	0	0	0	0	0	0	1655313068968
2948	1051	0	0	0	0	0	0	1655313069988
2948	1051	0	0	0	0	0	0	1655313071008
2948	1051	0	0	0	0	0	0	1655313072028
2948	1051	0	0	0	0	0	0	1655313073048
2948	1051	0	0	0	0	0	0	1655313074068
2949	1051	0	0	0	0	0	0	1655313075088
2948	1051	0	0	0	0	0	0	1655313076108
2948	1051	0	0	0	0	0	0	1655313077128
2948	1051	0	0	0	0	0	0	1655313078148
2948	1051	0	0	0	0	0	0	1655313079168
2947	1051	0	0	0	0	0	0	1655313080188
2947	1051	0	0	0	0	0	0	1655313081208
2947	1051	0	0	0	0	0	0	1655313082228
2946	1051	0	0	0	0	0	0	1655313083248
2946	1051	0	0	0	0	0	0	1655313084268
2946	1051	0	0	0	0	0	0	1655313085288
2946	1051	0	0	0	0	0	0	1655313086308
2945	1051	0	0	0	0	0	0	1655313087328
2943	1051	0	0	0	0	0	0	1655313088348
2939	1051	0	0	0	0	0	0	1655313089368
2934	1051	0	0	0	0	0	0	1655313090388
2932	1051	0	0	0	0	0	0	1655313091408
2928	1051	0	0	0	0	0	0	1655313092428
2927	1051	0	0	0	0	0	0	1655313093448
2925	1051	0	0	0	0	0	0	1655313094468
2923	1051	0	0	0	0	0	0	1655313095488
2925	1052	0	0	0	0	0	0	1655313096508
2927	1052	0	0	0	0	0	0	1655313097528
2927	1052	0	0	0	0	0	0	1655313098548
2924	1052	0	0	0	0	0	0	1655313099568
2923	1052	0	0	0	0	0	0	1655313100588
2922	1052	0	0	0	0	0	0	1655313101608
2921	1052	0	0	0	0	0	0	1655313102628
2921	1052	0	0	0	0	0	0	1655313103648
2921	1052	0	0	0	0	0	0	1655313104668
2921	1052	0	0	0	0	0	0	1655313105688
2921	1052	0	0	0	0	0	0	1655313106708
2921	1052	0	0	0	0	0	0	1655313107728
2921	1052	0	0	0	0	0	0	1655313108748
2921	1052	0	0	0	0	0	0	1655313109768
2921	1052	0	0	0	0	0	0	1655313110788
2921	1052	0	0	0	0	0	0	1655313111808
2921	1052	0	0	0	0	0	0	1655313112828
2921	1052	0	0	0	0	0	0	1655313113848
2921	1052	0	0	0	0	0	0	1655313114868
2920	1052	0	0	0	0	0	0	1655313115888
2920	1052	0	0	0	0	0	0	1655313116908
2920	1052	0	0	0	0	0	0	1655313117928
2920	1052	0	0	0	0	0	0	1655313118948
2920	1052	0	0	0	0	0	0	1655313119968
2920	1052	0	0	0	0	0	0	1655313120988
2920	1052	0	0	0	0	0	0	1655313122008
2920	1052	0	0	0	0	0	0	1655313123028
2920	1052	0	0	0	0	0	0	1655313124048
2920	1052	0	0	0	0	0	0	1655313125068
2920	1052	0	0	0	0	0	0	1655313126088
2920	1051	0	0	0	0	0	0	1655313127108
2920	1051	0	0	0	0	0	0	1655313128128
2920	1051	0	0	0	0	0	0	1655313129148
2920	1051	0	0	0	0	0	0	1655313130168
2920	1051	0	0	0	0	0	0	1655313131188
2920	1051	0	0	0	0	0	0	1655313132208
2920	1051	0	0	0	0	0	0	1655313133228
2920	1051	0	0	0	0	0	0	1655313134248
2920	1051	0	0	0	0	0	0	1655313135268
2920	1051	0	0	0	0	0	0	1655313136288
2920	1051	0	0	0	0	0	0	1655313137308
2920	1051	0	0	0	0	0	0	1655313138328
2920	1051	0	0	0	0	0	0	1655313139348
2920	1051	0	0	0	0	0	0	1655313140368
2920	1051	0	0	0	0	0	0	1655313141388
2920	1051	0	0	0	0	0	0	1655313142408
2920	1051	0	0	0	0	0	0	1655313143428
2920	1051	0	0	0	0	0	0	1655313144448
2920	1051	0	0	0	0	0	0	1655313145468
2920	1051	0	0	0	0	0	0	1655313146488
2920	1051	0	0	0	0	0	0	1655313147508
2920	1051	0	0	0	0	0	0	1655313148528
2920	1051	0	0	0	0	0	0	1655313149548
2920	1051	0	0	0	0	0	0	1655313150568
2920	1051	0	0	0	0	0	0	1655313151588
2921	1051	0	0	0	0	0	0	1655313152608
2921	1051	0	0	0	0	0	0	1655313153628
2920	1051	0	0	0	0	0	0	1655313154648
2920	1051	0	0	0	0	0	0	1655313155668
2920	1051	0	0	0	0	0	0	1655313156688
2920	1051	0	0	0	0	0	0	1655313157708
2921	1051	0	0	0	0	0	0	1655313158728
2920	1051	0	0	0	0	0	0	1655313159748
2920	1051	0	0	0	0	0	0	1655313160768
2920	1051	0	0	0	0	0	0	1655313161788
2919	1051	0	0	0	0	0	0	1655313162808
2918	1051	0	0	0	0	0	0	1655313163828
2917	1051	0	0	0	0	0	0	1655313164848
2918	1051	0	0	0	0	0	0	1655313165868
2917	1051	0	0	0	0	0	0	1655313166888
2917	1051	0	0	0	0	0	0	1655313167908
2917	1051	0	0	0	0	0	0	1655313168928
2915	1051	0	0	0	0	0	0	1655313169948
2910	1051	0	0	0	0	0	0	1655313170968
2909	1051	0	0	0	0	0	0	1655313171988
2905	1051	0	0	0	0	0	0	1655313173008
2903	1051	0	0	0	0	0	0	1655313174028
2901	1051	0	0	0	0	0	0	1655313175048
2902	1051	0	0	0	0	0	0	1655313176068
2901	1051	0	0	0	0	0	0	1655313177088
2898	1051	0	0	0	0	0	0	1655313178108
2897	1051	0	0	0	0	0	0	1655313179128
2896	1051	0	0	0	0	0	0	1655313180148
2895	1051	0	0	0	0	0	0	1655313181168
2896	1051	0	0	0	0	0	0	1655313182188
2895	1051	0	0	0	0	0	0	1655313183208
2897	1051	0	0	0	0	0	0	1655313184228
2903	1051	0	0	0	0	0	0	1655313185248
2906	1051	0	0	0	0	0	0	1655313186268
2908	1051	0	0	0	0	0	0	1655313187288
2909	1051	0	0	0	0	0	0	1655313188308
2906	1051	0	0	0	0	0	0	1655313189328
2904	1051	0	0	0	0	0	0	1655313190348
2900	1051	0	0	0	0	0	0	1655313191368
2896	1051	0	0	0	0	0	0	1655313192388
2895	1051	0	0	0	0	0	0	1655313193408
2895	1051	0	0	0	0	0	0	1655313194428
2894	1051	0	0	0	0	0	0	1655313195448
2893	1051	0	0	0	0	0	0	1655313196468
2892	1051	0	0	0	0	0	0	1655313197488
2893	1051	0	0	0	0	0	0	1655313198508
2893	1051	0	0	0	0	0	0	1655313199528
2892	1051	0	0	0	0	0	0	1655313200548
2895	1051	0	0	0	0	0	0	1655313201568
2894	1051	0	0	0	0	0	0	1655313202588
2894	1051	0	0	0	0	0	0	1655313203608
2893	1051	0	0	0	0	0	0	1655313204628
2893	1051	0	0	0	0	0	0	1655313205648
2893	1051	0	0	0	0	0	0	1655313206668
2893	1051	0	0	0	0	0	0	1655313207688
2893	1051	0	0	0	0	0	0	1655313208708
2893	1051	0	0	0	0	0	0	1655313209728
2901	1051	0	0	0	0	0	0	1655313210748
2907	1051	0	0	0	0	0	0	1655313211768
2909	1051	0	0	0	0	0	0	1655313212788
2909	1051	0	0	0	0	0	0	1655313213808
2908	1051	0	0	0	0	0	0	1655313214828
2904	1051	0	0	0	0	0	0	1655313215848
2900	1051	0	0	0	0	0	0	1655313216868
2900	1051	0	0	0	0	0	0	1655313217888
2899	1051	0	0	0	0	0	0	1655313218908
2897	1051	0	0	0	0	0	0	1655313219928
2896	1051	0	0	0	0	0	0	1655313220948
2895	1051	0	0	0	0	0	0	1655313221968
2894	1051	0	0	0	0	0	0	1655313222988
2893	1051	0	0	0	0	0	0	1655313224008
2893	1051	0	0	0	0	0	0	1655313225028
2893	1051	0	0	0	0	0	0	1655313226048
2892	1051	0	0	0	0	0	0	1655313227068
2893	1051	0	0	0	0	0	0	1655313228088
2892	1051	0	0	0	0	0	0	1655313229108
2892	1054	0	0	0	0	0	0	1655313230128
2892	1053	0	0	0	0	0	0	1655313231148
2898	1062	0	0	0	0	0	0	1655313232168
2907	1067	0	0	0	0	0	0	1655313233188
2909	1061	0	0	0	0	0	0	1655313234208
2910	1058	0	0	0	0	0	0	1655313235228
2905	1060	0	0	0	0	0	0	1655313236248
2900	1068	0	0	0	0	0	0	1655313237268
2897	1072	0	0	0	0	0	0	1655313238288
2895	1075	0	0	0	0	0	0	1655313239308
2894	1069	0	0	0	0	0	0	1655313240328
2896	1062	0	0	0	0	0	0	1655313241348
2895	1058	0	0	0	0	0	0	1655313242368
2894	1055	0	0	0	0	0	0	1655313243388
2893	1054	0	0	0	0	0	0	1655313244408
2893	1053	0	0	0	0	0	0	1655313245428
2893	1052	0	0	0	0	0	0	1655313246448
2893	1052	0	0	0	0	0	0	1655313247468
2892	1052	0	0	0	0	0	0	1655313248488
2892	1052	0	0	0	0	0	0	1655313249508
2892	1052	0	0	0	0	0	0	1655313250528
2892	1052	0	0	0	0	0	0	1655313251548
2892	1052	0	0	0	0	0	0	1655313252568
2892	1052	0	0	0	0	0	0	1655313253588
2892	1052	0	0	0	0	0	0	1655313254608
2892	1052	0	0	0	0	0	0	1655313255628
2892	1052	0	0	0	0	0	0	1655313256648
2892	1052	0	0	0	0	0	0	1655313257668
2892	1052	0	0	0	0	0	0	1655313258688
2892	1052	0	0	0	0	0	0	1655313259708
2892	1052	0	0	0	0	0	0	1655313260728
2892	1052	0	0	0	0	0	0	1655313261748
2892	1052	0	0	0	0	0	0	1655313262768
2892	1051	0	0	0	0	0	0	1655313263788
2892	1051	0	0	0	0	0	0	1655313264808
2892	1051	0	0	0	0	0	0	1655313265828
2892	1051	0	0	0	0	0	0	1655313266848
2892	1051	0	0	0	0	0	0	1655313267868
2892	1051	0	0	0	0	0	0	1655313268888
2892	1051	0	0	0	0	0	0	1655313269908
2892	1051	0	0	0	0	0	0	1655313270928
2892	1051	0	0	0	0	0	0	1655313271948
2892	1051	0	0	0	0	0	0	1655313272968
2892	1051	0	0	0	0	0	0	1655313273988
2892	1051	0	0	0	0	0	0	1655313275008
2892	1051	0	0	0	0	0	0	1655313276028
2892	1051	0	0	0	0	0	0	1655313277048
2892	1051	0	0	0	0	0	0	1655313278068
2892	1051	0	0	0	0	0	0	1655313279088
2892	1051	0	0	0	0	0	0	1655313280108
2892	1051	0	0	0	0	0	0	1655313281128
2892	1051	0	0	0	0	0	0	1655313282148
2892	1051	0	0	0	0	0	0	1655313283168
2892	1051	0	0	0	0	0	0	1655313284188
2892	1051	0	0	0	0	0	0	1655313285208
2891	1051	0	0	0	0	0	0	1655313286228
2891	1051	0	0	0	0	0	0	1655313287248
2892	1051	0	0	0	0	0	0	1655313288268
2892	1051	0	0	0	0	0	0	1655313289288
2892	1051	0	0	0	0	0	0	1655313290308
2892	1051	0	0	0	0	0	0	1655313291328
2892	1051	0	0	0	0	0	0	1655313292348
2892	1051	0	0	0	0	0	0	1655313293368
2892	1051	0	0	0	0	0	0	1655313294388
2892	1051	0	0	0	0	0	0	1655313295408
2892	1051	0	0	0	0	0	0	1655313296428
2892	1051	0	0	0	0	0	0	1655313297448
2892	1051	0	0	0	0	0	0	1655313298468
2892	1051	0	0	0	0	0	0	1655313299488
2893	1051	0	0	0	0	0	0	1655313300508
2893	1051	0	0	0	0	0	0	1655313301528
2892	1051	0	0	0	0	0	0	1655313302548
2892	1051	0	0	0	0	0	0	1655313303568
2891	1051	0	0	0	0	0	0	1655313304588
2891	1051	0	0	0	0	0	0	1655313305608
2891	1051	0	0	0	0	0	0	1655313306628
2891	1051	0	0	0	0	0	0	1655313307648
2891	1051	0	0	0	0	0	0	1655313308668
2891	1051	0	0	0	0	0	0	1655313309688
2891	1051	0	0	0	0	0	0	1655313310708
2891	1051	0	0	0	0	0	0	1655313311728
2891	1051	0	0	0	0	0	0	1655313312748
2891	1051	0	0	0	0	0	0	1655313313768
2891	1051	0	0	0	0	0	0	1655313314788
2890	1051	0	0	0	0	0	0	1655313315808
2889	1051	0	0	0	0	0	0	1655313316828
2889	1051	0	0	0	0	0	0	1655313317848
2890	1051	0	0	0	0	0	0	1655313318868
2890	1051	0	0	0	0	0	0	1655313319888
2889	1051	0	0	0	0	0	0	1655313320908
2889	1051	0	0	0	0	0	0	1655313321928
2888	1051	0	0	0	0	0	0	1655313322948
2887	1051	0	0	0	0	0	0	1655313323968
2884	1051	0	0	0	0	0	0	1655313324988
2882	1051	0	0	0	0	0	0	1655313326008
2879	1051	0	0	0	0	0	0	1655313327028
2880	1051	0	0	0	0	0	0	1655313328048
2885	1051	0	0	0	0	0	0	1655313329068
2888	1051	0	0	0	0	0	0	1655313330088
2889	1051	0	0	0	0	0	0	1655313331108
2890	1051	0	0	0	0	0	0	1655313332128
2891	1051	0	0	0	0	0	0	1655313333148
2891	1051	0	0	0	0	0	0	1655313334168
2891	1051	0	0	0	0	0	0	1655313335188
2891	1051	0	0	0	0	0	0	1655313336208
2890	1051	0	0	0	0	0	0	1655313337228
2890	1051	0	0	0	0	0	0	1655313338248
2888	1051	0	0	0	0	0	0	1655313339268
2888	1051	0	0	0	0	0	0	1655313340288
2887	1051	0	0	0	0	0	0	1655313341308
2885	1051	0	0	0	0	0	0	1655313342328
2883	1051	0	0	0	0	0	0	1655313343348
2883	1051	0	0	0	0	0	0	1655313344368
2880	1051	0	0	0	0	0	0	1655313345388
2878	1051	0	0	0	0	0	0	1655313346408
2876	1051	0	0	0	0	0	0	1655313347428
2873	1051	0	0	0	0	0	0	1655313348448
2871	1051	0	0	0	0	0	0	1655313349468
2870	1051	0	0	0	0	0	0	1655313350488
2869	1051	0	0	0	0	0	0	1655313351508
2872	1051	0	0	0	0	0	0	1655313352528
2872	1051	0	0	0	0	0	0	1655313353548
2876	1051	0	0	0	0	0	0	1655313354568
2887	1051	0	0	0	0	0	0	1655313355588
2900	1051	0	0	0	0	0	0	1655313356608
2904	1048	0	0	0	0	0	0	1655313357628
2900	1047	0	0	0	0	0	0	1655313358648
2897	1049	0	0	0	0	0	0	1655313359668
2895	1050	0	0	0	0	0	0	1655313360688
2894	1051	0	0	0	0	0	0	1655313361708
2893	1051	0	0	0	0	0	0	1655313362728
2893	1051	0	0	0	0	0	0	1655313363748
2893	1051	0	0	0	0	0	0	1655313364768
2892	1051	0	0	0	0	0	0	1655313365788
2892	1051	0	0	0	0	0	0	1655313366808
2892	1051	0	0	0	0	0	0	1655313367828
2892	1051	0	0	0	0	0	0	1655313368848
2892	1051	0	0	0	0	0	0	1655313369868
2892	1051	0	0	0	0	0	0	1655313370888
2892	1051	0	0	0	0	0	0	1655313371908
2892	1051	0	0	0	0	0	0	1655313372928
2892	1051	0	0	0	0	0	0	1655313373948
2892	1051	0	0	0	0	0	0	1655313374968
2892	1051	0	0	0	0	0	0	1655313375988
2892	1051	0	0	0	0	0	0	1655313377008
2892	1051	0	0	0	0	0	0	1655313378028
2892	1051	0	0	0	0	0	0	1655313379048
2892	1051	0	0	0	0	0	0	1655313380068
2892	1051	0	0	0	0	0	0	1655313381088
2892	1051	0	0	0	0	0	0	1655313382108
2892	1051	0	0	0	0	0	0	1655313383128
2892	1051	0	0	0	0	0	0	1655313384148
2892	1051	0	0	0	0	0	0	1655313385168
2892	1051	0	0	0	0	0	0	1655313386188
2892	1051	0	0	0	0	0	0	1655313387208
2891	1051	0	0	0	0	0	0	1655313388228
2891	1051	0	0	0	0	0	0	1655313389248
2891	1051	0	0	0	0	0	0	1655313390268
2891	1051	0	0	0	0	0	0	1655313391288
2891	1051	0	0	0	0	0	0	1655313392308
2891	1051	0	0	0	0	0	0	1655313393328
2891	1051	0	0	0	0	0	0	1655313394348
2891	1051	0	0	0	0	0	0	1655313395368
2892	1051	0	0	0	0	0	0	1655313396388
2892	1051	0	0	0	0	0	0	1655313397408
2892	1051	0	0	0	0	0	0	1655313398428
2892	1051	0	0	0	0	0	0	1655313399448
2892	1051	0	0	0	0	0	0	1655313400468
2892	1051	0	0	0	0	0	0	1655313401488
2892	1051	0	0	0	0	0	0	1655313402508
2892	1051	0	0	0	0	0	0	1655313403528
2892	1050	0	0	0	0	0	0	1655313404548
2892	1050	0	0	0	0	0	0	1655313405568
2892	1048	0	0	0	0	0	0	1655313406588
2892	1045	0	0	0	0	0	0	1655313407608
2892	1047	0	0	0	0	0	0	1655313408628
2892	1044	0	0	0	0	0	0	1655313409648
2891	1043	0	0	0	0	0	0	1655313410668
2890	1044	0	0	0	0	0	0	1655313411688
2890	1042	0	0	0	0	0	0	1655313412708
2889	1040	0	0	0	0	0	0	1655313413728
2886	1041	0	0	0	0	0	0	1655313414748
2886	1042	0	0	0	0	0	0	1655313415768
2884	1042	0	0	0	0	0	0	1655313416788
2883	1044	0	0	0	0	0	0	1655313417808
2881	1045	0	0	0	0	0	0	1655313418828
2879	1046	0	0	0	0	0	0	1655313419848
2880	1048	0	0	0	0	0	0	1655313420868
2878	1049	0	0	0	0	0	0	1655313421888
2875	1050	0	0	0	0	0	0	1655313422908
2872	1050	0	0	0	0	0	0	1655313423928
2870	1050	0	0	0	0	0	0	1655313424948
2870	1051	0	0	0	0	0	0	1655313425968
2869	1051	0	0	0	0	0	0	1655313426988
2868	1051	0	0	0	0	0	0	1655313428008
2867	1051	0	0	0	0	0	0	1655313429028
2866	1050	0	0	0	0	0	0	1655313430048
2866	1051	0	0	0	0	0	0	1655313431068
2865	1051	0	0	0	0	0	0	1655313432088
2866	1048	0	0	0	0	0	0	1655313433108
2876	1046	0	0	0	0	0	0	1655313434128
2882	1041	0	0	0	0	0	0	1655313435148
2886	1045	0	0	0	0	0	0	1655313436168
2886	1047	0	0	0	0	0	0	1655313437188
2883	1049	0	0	0	0	0	0	1655313438208
2882	1048	0	0	0	0	0	0	1655313439228
2879	1052	0	0	0	0	0	0	1655313440248
2873	1052	0	0	0	0	0	0	1655313441268
2870	1052	0	0	0	0	0	0	1655313442288
2868	1050	0	0	0	0	0	0	1655313443308
2868	1047	0	0	0	0	0	0	1655313444328
2868	1040	0	0	0	0	0	0	1655313445348
2867	1039	0	0	0	0	0	0	1655313446368
2868	1037	0	0	0	0	0	0	1655313447388
2867	1042	0	0	0	0	0	0	1655313448408
2874	1046	0	0	0	0	0	0	1655313449428
2874	1047	0	0	0	0	0	0	1655313450448
2871	1039	0	0	0	0	0	0	1655313451468
2869	1034	0	0	0	0	0	0	1655313452488
2867	1030	0	0	0	0	0	0	1655313453508
2866	1028	0	0	0	0	0	0	1655313454528
2865	1026	0	0	0	0	0	0	1655313455548
2865	1025	0	0	0	0	0	0	1655313456568
2865	1024	0	0	0	0	0	0	1655313457588
2864	1024	0	0	0	0	0	0	1655313458608
2864	1024	0	0	0	0	0	0	1655313459628
2864	1024	0	0	0	0	0	0	1655313460648
2864	1024	0	0	0	0	0	0	1655313461668
2864	1024	0	0	0	0	0	0	1655313462688
2864	1024	0	0	0	0	0	0	1655313463708
2869	1026	0	0	0	0	0	0	1655313464728
2875	1035	0	0	0	0	0	0	1655313465748
2871	1031	0	0	0	0	0	0	1655313466768
2868	1038	0	0	0	0	0	0	1655313467788
2866	1043	0	0	0	0	0	0	1655313468808
2865	1046	0	0	0	0	0	0	1655313469828
2864	1048	0	0	0	0	0	0	1655313470848
2864	1048	0	0	0	0	0	0	1655313471868
2864	1050	0	0	0	0	0	0	1655313472888
2864	1051	0	0	0	0	0	0	1655313473908
2864	1051	0	0	0	0	0	0	1655313474928
2864	1051	0	0	0	0	0	0	1655313475948
2863	1051	0	0	0	0	0	0	1655313476968
2863	1051	0	0	0	0	0	0	1655313477988
2863	1050	0	0	0	0	0	0	1655313479008
2863	1049	0	0	0	0	0	0	1655313480028
2863	1044	0	0	0	0	0	0	1655313481048
2864	1041	0	0	0	0	0	0	1655313482068
2864	1040	0	0	0	0	0	0	1655313483088
2864	1038	0	0	0	0	0	0	1655313484108
2864	1035	0	0	0	0	0	0	1655313485128
2864	1032	0	0	0	0	0	0	1655313486148
2864	1029	0	0	0	0	0	0	1655313487168
2864	1029	0	0	0	0	0	0	1655313488188
2864	1028	0	0	0	0	0	0	1655313489208
2864	1027	0	0	0	0	0	0	1655313490228
2864	1030	0	0	0	0	0	0	1655313491248
2864	1032	0	0	0	0	0	0	1655313492268
2864	1029	0	0	0	0	0	0	1655313493288
2864	1027	0	0	0	0	0	0	1655313494308
2864	1026	0	0	0	0	0	0	1655313495328
2864	1025	0	0	0	0	0	0	1655313496348
2864	1024	0	0	0	0	0	0	1655313497368
2864	1024	0	0	0	0	0	0	1655313498388
2864	1024	0	0	0	0	0	0	1655313499408
2864	1024	0	0	0	0	0	0	1655313500428
2865	1024	0	0	0	0	0	0	1655313501448
2865	1024	0	0	0	0	0	0	1655313502468
2864	1024	0	0	0	0	0	0	1655313503488
2864	1024	0	0	0	0	0	0	1655313504508
2864	1024	0	0	0	0	0	0	1655313505528
2864	1024	0	0	0	0	0	0	1655313506548
2864	1024	0	0	0	0	0	0	1655313507568
2864	1024	0	0	0	0	0	0	1655313508588
2864	1024	0	0	0	0	0	0	1655313509608
2864	1024	0	0	0	0	0	0	1655313510628
2864	1024	0	0	0	0	0	0	1655313511648
2864	1023	0	0	0	0	0	0	1655313512668
2867	1028	0	0	0	0	0	0	1655313513688
2877	1037	0	0	0	0	0	0	1655313514708
2883	1043	0	0	0	0	0	0	1655313515728
2886	1044	0	0	0	0	0	0	1655313516748
2887	1040	0	0	0	0	0	0	1655313517768
2886	1035	0	0	0	0	0	0	1655313518788
2877	1030	0	0	0	0	0	0	1655313519808
2872	1027	0	0	0	0	0	0	1655313520828
2869	1026	0	0	0	0	0	0	1655313521848
2867	1029	0	0	0	0	0	0	1655313522868
2866	1036	0	0	0	0	0	0	1655313523888
2866	1031	0	0	0	0	0	0	1655313524908
2865	1028	0	0	0	0	0	0	1655313525928
2864	1026	0	0	0	0	0	0	1655313526948
2864	1025	0	0	0	0	0	0	1655313527968
2864	1024	0	0	0	0	0	0	1655313528988
2864	1024	0	0	0	0	0	0	1655313530008
2864	1024	0	0	0	0	0	0	1655313531028
2864	1024	0	0	0	0	0	0	1655313532048
2864	1024	0	0	0	0	0	0	1655313533068
2864	1024	0	0	0	0	0	0	1655313534088
2864	1024	0	0	0	0	0	0	1655313535108
2864	1024	0	0	0	0	0	0	1655313536128
2864	1024	0	0	0	0	0	0	1655313537148
2864	1024	0	0	0	0	0	0	1655313538168
2864	1024	0	0	0	0	0	0	1655313539188
2864	1024	0	0	0	0	0	0	1655313540208
2864	1024	0	0	0	0	0	0	1655313541228
2864	1024	0	0	0	0	0	0	1655313542248
2864	1024	0	0	0	0	0	0	1655313543268
2864	1024	0	0	0	0	0	0	1655313544288
2864	1024	0	0	0	0	0	0	1655313545308
2864	1024	0	0	0	0	0	0	1655313546328
2864	1024	0	0	0	0	0	0	1655313547348
2864	1024	0	0	0	0	0	0	1655313548368
2864	1024	0	0	0	0	0	0	1655313549388
2864	1025	0	0	0	0	0	0	1655313550408
2864	1024	0	0	0	0	0	0	1655313551428
2864	1024	0	0	0	0	0	0	1655313552448
2864	1036	0	0	0	0	0	0	1655313553468
2865	1053	0	0	0	0	0	0	1655313554488
2866	1063	0	0	0	0	0	0	1655313555508
2867	1062	0	0	0	0	0	0	1655313556528
2866	1058	0	0	0	0	0	0	1655313557548
2865	1055	0	0	0	0	0	0	1655313558568
2865	1053	0	0	0	0	0	0	1655313559588
2865	1052	0	0	0	0	0	0	1655313560608
2865	1052	0	0	0	0	0	0	1655313561628
2865	1052	0	0	0	0	0	0	1655313562648
2864	1052	0	0	0	0	0	0	1655313563668
2864	1052	0	0	0	0	0	0	1655313564688
2864	1052	0	0	0	0	0	0	1655313565708
2864	1052	0	0	0	0	0	0	1655313566728
2864	1052	0	0	0	0	0	0	1655313567748
2864	1052	0	0	0	0	0	0	1655313568768
2864	1052	0	0	0	0	0	0	1655313569788
2864	1052	0	0	0	0	0	0	1655313570808
2864	1052	0	0	0	0	0	0	1655313571828
2864	1052	0	0	0	0	0	0	1655313572848
2864	1052	0	0	0	0	0	0	1655313573868
2864	1052	0	0	0	0	0	0	1655313574888
2864	1052	0	0	0	0	0	0	1655313575908
2864	1052	0	0	0	0	0	0	1655313576928
2864	1052	0	0	0	0	0	0	1655313577948
2864	1052	0	0	0	0	0	0	1655313578968
2864	1052	0	0	0	0	0	0	1655313579988
2864	1052	0	0	0	0	0	0	1655313581008
2864	1052	0	0	0	0	0	0	1655313582028
2864	1051	0	0	0	0	0	0	1655313583048
2864	1051	0	0	0	0	0	0	1655313584068
2864	1051	0	0	0	0	0	0	1655313585088
2864	1051	0	0	0	0	0	0	1655313586108
2864	1051	0	0	0	0	0	0	1655313587128
2864	1051	0	0	0	0	0	0	1655313588148
2864	1051	0	0	0	0	0	0	1655313589168
2864	1051	0	0	0	0	0	0	1655313590188
2864	1051	0	0	0	0	0	0	1655313591208
2864	1051	0	0	0	0	0	0	1655313592228
2864	1051	0	0	0	0	0	0	1655313593248
2864	1051	0	0	0	0	0	0	1655313594268
2864	1051	0	0	0	0	0	0	1655313595288
2864	1051	0	0	0	0	0	0	1655313596308
2864	1051	0	0	0	0	0	0	1655313597328
2864	1051	0	0	0	0	0	0	1655313598348
2864	1051	0	0	0	0	0	0	1655313599368
2864	1051	0	0	0	0	0	0	1655313600388
2864	1051	0	0	0	0	0	0	1655313601408
2864	1051	0	0	0	0	0	0	1655313602428
2864	1051	0	0	0	0	0	0	1655313603448
2864	1051	0	0	0	0	0	0	1655313604468
2864	1051	0	0	0	0	0	0	1655313605488
2864	1051	0	0	0	0	0	0	1655313606508
2863	1051	0	0	0	0	0	0	1655313607528
2863	1051	0	0	0	0	0	0	1655313608548
2863	1051	0	0	0	0	0	0	1655313609568
2863	1051	0	0	0	0	0	0	1655313610588
2863	1051	0	0	0	0	0	0	1655313611608
2863	1051	0	0	0	0	0	0	1655313612628
2863	1051	0	0	0	0	0	0	1655313613648
2863	1051	0	0	0	0	0	0	1655313614668
2863	1051	0	0	0	0	0	0	1655313615688
2863	1051	0	0	0	0	0	0	1655313616708
2863	1051	0	0	0	0	0	0	1655313617728
2863	1051	0	0	0	0	0	0	1655313618748
2863	1051	0	0	0	0	0	0	1655313619768
2864	1050	0	0	0	0	0	0	1655313620788
2864	1050	0	0	0	0	0	0	1655313621808
2864	1050	0	0	0	0	0	0	1655313622828
2863	1047	0	0	0	0	0	0	1655313623848
2864	1043	0	0	0	0	0	0	1655313624868
2864	1041	0	0	0	0	0	0	1655313625888
2864	1040	0	0	0	0	0	0	1655313626908
2864	1039	0	0	0	0	0	0	1655313627928
2864	1040	0	0	0	0	0	0	1655313628948
2863	1041	0	0	0	0	0	0	1655313629968
2863	1045	0	0	0	0	0	0	1655313630988
2862	1047	0	0	0	0	0	0	1655313632008
2860	1049	0	0	0	0	0	0	1655313633028
2861	1050	0	0	0	0	0	0	1655313634048
2857	1051	0	0	0	0	0	0	1655313635068
2855	1051	0	0	0	0	0	0	1655313636088
2852	1051	0	0	0	0	0	0	1655313637108
2853	1051	0	0	0	0	0	0	1655313638128
2852	1051	0	0	0	0	0	0	1655313639148
2852	1051	0	0	0	0	0	0	1655313640168
2853	1050	0	0	0	0	0	0	1655313641188
2853	1050	0	0	0	0	0	0	1655313642208
2851	1050	0	0	0	0	0	0	1655313643228
2847	1050	0	0	0	0	0	0	1655313644248
2845	1049	0	0	0	0	0	0	1655313645268
2845	1046	0	0	0	0	0	0	1655313646288
2845	1044	0	0	0	0	0	0	1655313647308
2845	1044	0	0	0	0	0	0	1655313648328
2846	1043	0	0	0	0	0	0	1655313649348
2846	1044	0	0	0	0	0	0	1655313650368
2844	1042	0	0	0	0	0	0	1655313651388
2842	1041	0	0	0	0	0	0	1655313652408
2840	1041	0	0	0	0	0	0	1655313653428
2839	1040	0	0	0	0	0	0	1655313654448
2838	1039	0	0	0	0	0	0	1655313655468
2837	1040	0	0	0	0	0	0	1655313656488
2837	1040	0	0	0	0	0	0	1655313657508
2837	1040	0	0	0	0	0	0	1655313658528
2836	1039	0	0	0	0	0	0	1655313659548
2836	1041	0	0	0	0	0	0	1655313660568
2836	1041	0	0	0	0	0	0	1655313661588
2836	1042	0	0	0	0	0	0	1655313662608
2836	1042	0	0	0	0	0	0	1655313663628
2836	1042	0	0	0	0	0	0	1655313664648
2836	1042	0	0	0	0	0	0	1655313665668
2842	1045	0	0	0	0	0	0	1655313666688
2846	1042	0	0	0	0	0	0	1655313667708
2845	1039	0	0	0	0	0	0	1655313668728
2842	1033	0	0	0	0	0	0	1655313669748
2840	1029	0	0	0	0	0	0	1655313670768
2839	1027	0	0	0	0	0	0	1655313671788
2838	1026	0	0	0	0	0	0	1655313672808
2837	1025	0	0	0	0	0	0	1655313673828
2836	1025	0	0	0	0	0	0	1655313674848
2836	1025	0	0	0	0	0	0	1655313675868
2836	1024	0	0	0	0	0	0	1655313676888
2836	1024	0	0	0	0	0	0	1655313677908
