1740	1652	0	0	0	0	0	0	1658182439024
1724	1643	0	0	0	0	0	0	1658182440044
1705	1631	0	0	0	0	0	0	1658182441064
1685	1620	0	0	0	0	0	0	1658182442084
1665	1614	0	0	0	0	0	0	1658182443104
1645	1610	0	0	0	0	0	0	1658182444124
1629	1608	0	0	0	0	0	0	1658182445144
1611	1607	0	0	0	0	0	0	1658182446164
1598	1606	0	0	0	0	0	0	1658182447184
1583	1600	0	0	0	0	0	0	1658182448204
1570	1592	0	0	0	0	0	0	1658182449224
1561	1586	0	0	0	0	0	0	1658182450244
1546	1583	0	0	0	0	0	0	1658182451264
1537	1580	0	0	0	0	0	0	1658182452284
1528	1578	0	0	0	0	0	0	1658182453304
1515	1577	0	0	0	0	0	0	1658182454324
1507	1577	0	0	0	0	0	0	1658182455344
1502	1577	0	0	0	0	0	0	1658182456364
1492	1577	0	0	0	0	0	0	1658182457384
1482	1577	0	0	0	0	0	0	1658182458404
1476	1577	0	0	0	0	0	0	1658182459424
1472	1577	0	0	0	0	0	0	1658182460444
1468	1577	0	0	0	0	0	0	1658182461464
1458	1577	0	0	0	0	0	0	1658182462484
1450	1577	0	0	0	0	0	0	1658182463504
1446	1577	0	0	0	0	0	0	1658182464524
1443	1577	0	0	0	0	0	0	1658182465544
1441	1577	0	0	0	0	0	0	1658182466564
1436	1577	0	0	0	0	0	0	1658182467584
1427	1577	0	0	0	0	0	0	1658182468604
1421	1577	0	0	0	0	0	0	1658182469624
1417	1577	0	0	0	0	0	0	1658182470644
1415	1576	0	0	0	0	0	0	1658182471664
1414	1576	0	0	0	0	0	0	1658182472684
1412	1576	0	0	0	0	0	0	1658182473704
1407	1575	0	0	0	0	0	0	1658182474724
1398	1574	0	0	0	0	0	0	1658182475744
1392	1571	0	0	0	0	0	0	1658182476764
1389	1569	0	0	0	0	0	0	1658182477784
1387	1563	0	0	0	0	0	0	1658182478804
1386	1558	0	0	0	0	0	0	1658182479824
1385	1555	0	0	0	0	0	0	1658182480844
1384	1553	0	0	0	0	0	0	1658182481864
1384	1552	0	0	0	0	0	0	1658182482884
1377	1551	0	0	0	0	0	0	1658182483904
1370	1550	0	0	0	0	0	0	1658182484924
1365	1549	0	0	0	0	0	0	1658182485944
1361	1549	0	0	0	0	0	0	1658182486964
1359	1549	0	0	0	0	0	0	1658182487984
1358	1549	0	0	0	0	0	0	1658182489004
1357	1549	0	0	0	0	0	0	1658182490024
1356	1549	0	0	0	0	0	0	1658182491044
1356	1549	0	0	0	0	0	0	1658182492064
1356	1549	0	0	0	0	0	0	1658182493084
1356	1549	0	0	0	0	0	0	1658182494104
1356	1549	0	0	0	0	0	0	1658182495124
1355	1549	0	0	0	0	0	0	1658182496144
1352	1549	0	0	0	0	0	0	1658182497164
1344	1549	0	0	0	0	0	0	1658182498184
1338	1549	0	0	0	0	0	0	1658182499204
1335	1549	0	0	0	0	0	0	1658182500224
1332	1549	0	0	0	0	0	0	1658182501244
1331	1549	0	0	0	0	0	0	1658182502264
1330	1549	0	0	0	0	0	0	1658182503284
1329	1549	0	0	0	0	0	0	1658182504304
1329	1549	0	0	0	0	0	0	1658182505324
1329	1549	0	0	0	0	0	0	1658182506344
1329	1549	0	0	0	0	0	0	1658182507364
1329	1549	0	0	0	0	0	0	1658182508384
1329	1549	0	0	0	0	0	0	1658182509404
1329	1549	0	0	0	0	0	0	1658182510424
1328	1549	0	0	0	0	0	0	1658182511444
1328	1550	0	0	0	0	0	0	1658182512464
1328	1576	0	0	0	0	0	0	1658182513484
1328	1587	0	0	0	0	0	0	1658182514504
1328	1594	0	0	0	0	0	0	1658182515524
1327	1598	0	0	0	0	0	0	1658182516544
1325	1601	0	0	0	0	0	0	1658182517564
1319	1602	0	0	0	0	0	0	1658182518584
1313	1603	0	0	0	0	0	0	1658182519604
1308	1603	0	0	0	0	0	0	1658182520624
1305	1604	0	0	0	0	0	0	1658182521644
1303	1604	0	0	0	0	0	0	1658182522664
1302	1604	0	0	0	0	0	0	1658182523684
1301	1604	0	0	0	0	0	0	1658182524704
1301	1604	0	0	0	0	0	0	1658182525724
1300	1604	0	0	0	0	0	0	1658182526744
1300	1604	0	0	0	0	0	0	1658182527764
1300	1605	0	0	0	0	0	0	1658182528784
1300	1605	0	0	0	0	0	0	1658182529804
1300	1604	0	0	0	0	0	0	1658182530824
1300	1604	0	0	0	0	0	0	1658182531844
1300	1603	0	0	0	0	0	0	1658182532864
1300	1601	0	0	0	0	0	0	1658182533884
1300	1594	0	0	0	0	0	0	1658182534904
1300	1590	0	0	0	0	0	0	1658182535924
1300	1585	0	0	0	0	0	0	1658182536944
1300	1582	0	0	0	0	0	0	1658182537964
1300	1580	0	0	0	0	0	0	1658182538984
1300	1578	0	0	0	0	0	0	1658182540004
1300	1578	0	0	0	0	0	0	1658182541024
1300	1577	0	0	0	0	0	0	1658182542044
1300	1577	0	0	0	0	0	0	1658182543064
1300	1577	0	0	0	0	0	0	1658182544084
1300	1577	0	0	0	0	0	0	1658182545104
1300	1577	0	0	0	0	0	0	1658182546124
1300	1577	0	0	0	0	0	0	1658182547144
1299	1577	0	0	0	0	0	0	1658182548164
1297	1577	0	0	0	0	0	0	1658182549184
1293	1577	0	0	0	0	0	0	1658182550204
1290	1577	0	0	0	0	0	0	1658182551224
1287	1577	0	0	0	0	0	0	1658182552244
1281	1577	0	0	0	0	0	0	1658182553264
1279	1577	0	0	0	0	0	0	1658182554284
1276	1577	0	0	0	0	0	0	1658182555304
1275	1577	0	0	0	0	0	0	1658182556324
1274	1577	0	0	0	0	0	0	1658182557344
1273	1577	0	0	0	0	0	0	1658182558364
1273	1577	0	0	0	0	0	0	1658182559384
1273	1577	0	0	0	0	0	0	1658182560404
1273	1577	0	0	0	0	0	0	1658182561424
1273	1577	0	0	0	0	0	0	1658182562444
1273	1577	0	0	0	0	0	0	1658182563464
1273	1577	0	0	0	0	0	0	1658182564484
1273	1577	0	0	0	0	0	0	1658182565504
1273	1577	0	0	0	0	0	0	1658182566524
1273	1577	0	0	0	0	0	0	1658182567544
1273	1576	0	0	0	0	0	0	1658182568564
1273	1576	0	0	0	0	0	0	1658182569584
1273	1575	0	0	0	0	0	0	1658182570604
1273	1571	0	0	0	0	0	0	1658182571624
1273	1571	0	0	0	0	0	0	1658182572644
1273	1569	0	0	0	0	0	0	1658182573664
1273	1565	0	0	0	0	0	0	1658182574684
1273	1559	0	0	0	0	0	0	1658182575704
1273	1557	0	0	0	0	0	0	1658182576724
1273	1554	0	0	0	0	0	0	1658182577744
1273	1552	0	0	0	0	0	0	1658182578764
1273	1551	0	0	0	0	0	0	1658182579784
1273	1550	0	0	0	0	0	0	1658182580804
1273	1550	0	0	0	0	0	0	1658182581824
1273	1549	0	0	0	0	0	0	1658182582844
1273	1549	0	0	0	0	0	0	1658182583864
1273	1549	0	0	0	0	0	0	1658182584884
1273	1549	0	0	0	0	0	0	1658182585904
1273	1549	0	0	0	0	0	0	1658182586924
1273	1549	0	0	0	0	0	0	1658182587944
1273	1549	0	0	0	0	0	0	1658182588964
1273	1549	0	0	0	0	0	0	1658182589984
1273	1549	0	0	0	0	0	0	1658182591004
1273	1549	0	0	0	0	0	0	1658182592024
1272	1549	0	0	0	0	0	0	1658182593044
1272	1549	0	0	0	0	0	0	1658182594064
1272	1549	0	0	0	0	0	0	1658182595084
1272	1549	0	0	0	0	0	0	1658182596104
1272	1549	0	0	0	0	0	0	1658182597124
1272	1549	0	0	0	0	0	0	1658182598144
1272	1549	0	0	0	0	0	0	1658182599164
1272	1549	0	0	0	0	0	0	1658182600184
1272	1549	0	0	0	0	0	0	1658182601204
1272	1549	0	0	0	0	0	0	1658182602224
1272	1549	0	0	0	0	0	0	1658182603244
1272	1549	0	0	0	0	0	0	1658182604264
1272	1549	0	0	0	0	0	0	1658182605284
1272	1549	0	0	0	0	0	0	1658182606304
1272	1549	0	0	0	0	0	0	1658182607324
1272	1549	0	0	0	0	0	0	1658182608344
1272	1549	0	0	0	0	0	0	1658182609364
1272	1549	0	0	0	0	0	0	1658182610384
1272	1549	0	0	0	0	0	0	1658182611404
1272	1549	0	0	0	0	0	0	1658182612424
1272	1549	0	0	0	0	0	0	1658182613444
1272	1549	0	0	0	0	0	0	1658182614464
1272	1549	0	0	0	0	0	0	1658182615484
1272	1549	0	0	0	0	0	0	1658182616504
1272	1549	0	0	0	0	0	0	1658182617524
1271	1548	0	0	0	0	0	0	1658182618544
1270	1547	0	0	0	0	0	0	1658182619564
1269	1546	0	0	0	0	0	0	1658182620584
1270	1544	0	0	0	0	0	0	1658182621604
1268	1542	0	0	0	0	0	0	1658182622624
1264	1540	0	0	0	0	0	0	1658182623644
1264	1537	0	0	0	0	0	0	1658182624664
1263	1533	0	0	0	0	0	0	1658182625684
1259	1529	0	0	0	0	0	0	1658182626704
1257	1528	0	0	0	0	0	0	1658182627724
1254	1526	0	0	0	0	0	0	1658182628744
1252	1525	0	0	0	0	0	0	1658182629764
1251	1524	0	0	0	0	0	0	1658182630784
1250	1523	0	0	0	0	0	0	1658182631804
1250	1522	0	0	0	0	0	0	1658182632824
1248	1522	0	0	0	0	0	0	1658182633844
1247	1521	0	0	0	0	0	0	1658182634864
1247	1521	0	0	0	0	0	0	1658182635884
1246	1521	0	0	0	0	0	0	1658182636904
1246	1521	0	0	0	0	0	0	1658182637924
1246	1521	0	0	0	0	0	0	1658182638944
1246	1521	0	0	0	0	0	0	1658182639964
1246	1521	0	0	0	0	0	0	1658182640984
1246	1521	0	0	0	0	0	0	1658182642004
1245	1521	0	0	0	0	0	0	1658182643024
1245	1521	0	0	0	0	0	0	1658182644044
1245	1521	0	0	0	0	0	0	1658182645064
1245	1521	0	0	0	0	0	0	1658182646084
1245	1521	0	0	0	0	0	0	1658182647104
1245	1521	0	0	0	0	0	0	1658182648124
1245	1521	0	0	0	0	0	0	1658182649144
1245	1521	0	0	0	0	0	0	1658182650164
1245	1521	0	0	0	0	0	0	1658182651184
1245	1521	0	0	0	0	0	0	1658182652204
1245	1521	0	0	0	0	0	0	1658182653224
1245	1521	0	0	0	0	0	0	1658182654244
1245	1521	0	0	0	0	0	0	1658182655264
1245	1521	0	0	0	0	0	0	1658182656284
1245	1521	0	0	0	0	0	0	1658182657304
1245	1521	0	0	0	0	0	0	1658182658324
1245	1521	0	0	0	0	0	0	1658182659344
1245	1521	0	0	0	0	0	0	1658182660364
1245	1521	0	0	0	0	0	0	1658182661384
1245	1521	0	0	0	0	0	0	1658182662404
1245	1521	0	0	0	0	0	0	1658182663424
1245	1521	0	0	0	0	0	0	1658182664444
1245	1521	0	0	0	0	0	0	1658182665464
1245	1521	0	0	0	0	0	0	1658182666484
1245	1521	0	0	0	0	0	0	1658182667504
1245	1521	0	0	0	0	0	0	1658182668524
1245	1521	0	0	0	0	0	0	1658182669544
1245	1521	0	0	0	0	0	0	1658182670564
1245	1521	0	0	0	0	0	0	1658182671584
1245	1521	0	0	0	0	0	0	1658182672604
1245	1521	0	0	0	0	0	0	1658182673624
1245	1521	0	0	0	0	0	0	1658182674644
1245	1521	0	0	0	0	0	0	1658182675664
1245	1521	0	0	0	0	0	0	1658182676684
1245	1521	0	0	0	0	0	0	1658182677704
1245	1521	0	0	0	0	0	0	1658182678724
1245	1521	0	0	0	0	0	0	1658182679744
1245	1520	0	0	0	0	0	0	1658182680764
1245	1520	0	0	0	0	0	0	1658182681784
1245	1520	0	0	0	0	0	0	1658182682804
1245	1520	0	0	0	0	0	0	1658182683824
1245	1520	0	0	0	0	0	0	1658182684844
1245	1519	0	0	0	0	0	0	1658182685864
1245	1517	0	0	0	0	0	0	1658182686884
1245	1516	0	0	0	0	0	0	1658182687904
1245	1514	0	0	0	0	0	0	1658182688924
1245	1514	0	0	0	0	0	0	1658182689944
1245	1510	0	0	0	0	0	0	1658182690964
1245	1509	0	0	0	0	0	0	1658182691984
1245	1509	0	0	0	0	0	0	1658182693004
1245	1507	0	0	0	0	0	0	1658182694024
1245	1505	0	0	0	0	0	0	1658182695044
1245	1503	0	0	0	0	0	0	1658182696064
1245	1502	0	0	0	0	0	0	1658182697084
1245	1500	0	0	0	0	0	0	1658182698104
1245	1499	0	0	0	0	0	0	1658182699124
1245	1498	0	0	0	0	0	0	1658182700144
1245	1497	0	0	0	0	0	0	1658182701164
1245	1496	0	0	0	0	0	0	1658182702184
1245	1495	0	0	0	0	0	0	1658182703204
1245	1495	0	0	0	0	0	0	1658182704224
1245	1495	0	0	0	0	0	0	1658182705244
1245	1494	0	0	0	0	0	0	1658182706264
1245	1494	0	0	0	0	0	0	1658182707284
1245	1494	0	0	0	0	0	0	1658182708304
1245	1494	0	0	0	0	0	0	1658182709324
1245	1494	0	0	0	0	0	0	1658182710344
1245	1494	0	0	0	0	0	0	1658182711364
1245	1494	0	0	0	0	0	0	1658182712384
1245	1494	0	0	0	0	0	0	1658182713404
1245	1494	0	0	0	0	0	0	1658182714424
1245	1494	0	0	0	0	0	0	1658182715444
1245	1494	0	0	0	0	0	0	1658182716464
1245	1494	0	0	0	0	0	0	1658182717484
1245	1494	0	0	0	0	0	0	1658182718504
1245	1494	0	0	0	0	0	0	1658182719524
1245	1494	0	0	0	0	0	0	1658182720544
1245	1494	0	0	0	0	0	0	1658182721564
1245	1494	0	0	0	0	0	0	1658182722584
1245	1494	0	0	0	0	0	0	1658182723604
1245	1494	0	0	0	0	0	0	1658182724624
1245	1494	0	0	0	0	0	0	1658182725644
1245	1494	0	0	0	0	0	0	1658182726664
1245	1494	0	0	0	0	0	0	1658182727684
1245	1494	0	0	0	0	0	0	1658182728704
1245	1494	0	0	0	0	0	0	1658182729724
1245	1493	0	0	0	0	0	0	1658182730744
1245	1493	0	0	0	0	0	0	1658182731764
1245	1493	0	0	0	0	0	0	1658182732784
1245	1493	0	0	0	0	0	0	1658182733804
1245	1493	0	0	0	0	0	0	1658182734824
1245	1493	0	0	0	0	0	0	1658182735844
1245	1493	0	0	0	0	0	0	1658182736864
1245	1493	0	0	0	0	0	0	1658182737884
1245	1493	0	0	0	0	0	0	1658182738904
1245	1493	0	0	0	0	0	0	1658182739924
1245	1493	0	0	0	0	0	0	1658182740944
1245	1493	0	0	0	0	0	0	1658182741964
1245	1493	0	0	0	0	0	0	1658182742984
1245	1493	0	0	0	0	0	0	1658182744004
1245	1493	0	0	0	0	0	0	1658182745024
1245	1493	0	0	0	0	0	0	1658182746044
1245	1493	0	0	0	0	0	0	1658182747064
1245	1493	0	0	0	0	0	0	1658182748084
1245	1493	0	0	0	0	0	0	1658182749104
1245	1493	0	0	0	0	0	0	1658182750124
1245	1493	0	0	0	0	0	0	1658182751144
1245	1493	0	0	0	0	0	0	1658182752164
1245	1493	0	0	0	0	0	0	1658182753184
1245	1493	0	0	0	0	0	0	1658182754204
1245	1493	0	0	0	0	0	0	1658182755224
1245	1493	0	0	0	0	0	0	1658182756244
1245	1493	0	0	0	0	0	0	1658182757264
1245	1493	0	0	0	0	0	0	1658182758284
1245	1493	0	0	0	0	0	0	1658182759304
1245	1493	0	0	0	0	0	0	1658182760324
1245	1493	0	0	0	0	0	0	1658182761344
1245	1493	0	0	0	0	0	0	1658182762364
1245	1493	0	0	0	0	0	0	1658182763384
1245	1493	0	0	0	0	0	0	1658182764404
1245	1493	0	0	0	0	0	0	1658182765424
1245	1493	0	0	0	0	0	0	1658182766444
1245	1493	0	0	0	0	0	0	1658182767464
1244	1493	0	0	0	0	0	0	1658182768484
1244	1493	0	0	0	0	0	0	1658182769504
1243	1493	0	0	0	0	0	0	1658182770524
1243	1493	0	0	0	0	0	0	1658182771544
1243	1493	0	0	0	0	0	0	1658182772564
1242	1493	0	0	0	0	0	0	1658182773584
1242	1493	0	0	0	0	0	0	1658182774604
1241	1493	0	0	0	0	0	0	1658182775624
1241	1493	0	0	0	0	0	0	1658182776644
1240	1493	0	0	0	0	0	0	1658182777664
1240	1492	0	0	0	0	0	0	1658182778684
1238	1492	0	0	0	0	0	0	1658182779704
1237	1490	0	0	0	0	0	0	1658182780724
1236	1489	0	0	0	0	0	0	1658182781744
1237	1488	0	0	0	0	0	0	1658182782764
1237	1487	0	0	0	0	0	0	1658182783784
1236	1486	0	0	0	0	0	0	1658182784804
1236	1486	0	0	0	0	0	0	1658182785824
1233	1483	0	0	0	0	0	0	1658182786844
1232	1482	0	0	0	0	0	0	1658182787864
1230	1479	0	0	0	0	0	0	1658182788884
1229	1477	0	0	0	0	0	0	1658182789904
1227	1475	0	0	0	0	0	0	1658182790924
1225	1473	0	0	0	0	0	0	1658182791944
1224	1472	0	0	0	0	0	0	1658182792964
1222	1471	0	0	0	0	0	0	1658182793984
1221	1469	0	0	0	0	0	0	1658182795004
1220	1468	0	0	0	0	0	0	1658182796024
1219	1468	0	0	0	0	0	0	1658182797044
1218	1468	0	0	0	0	0	0	1658182798064
1217	1468	0	0	0	0	0	0	1658182799084
1217	1467	0	0	0	0	0	0	1658182800104
1218	1466	0	0	0	0	0	0	1658182801124
1218	1466	0	0	0	0	0	0	1658182802144
1218	1466	0	0	0	0	0	0	1658182803164
1217	1466	0	0	0	0	0	0	1658182804184
1217	1466	0	0	0	0	0	0	1658182805204
1218	1466	0	0	0	0	0	0	1658182806224
1218	1466	0	0	0	0	0	0	1658182807244
1218	1466	0	0	0	0	0	0	1658182808264
1218	1466	0	0	0	0	0	0	1658182809284
1218	1466	0	0	0	0	0	0	1658182810304
1218	1466	0	0	0	0	0	0	1658182811324
1217	1466	0	0	0	0	0	0	1658182812344
1217	1466	0	0	0	0	0	0	1658182813364
1217	1466	0	0	0	0	0	0	1658182814384
1217	1466	0	0	0	0	0	0	1658182815404
1217	1466	0	0	0	0	0	0	1658182816424
1217	1466	0	0	0	0	0	0	1658182817444
1217	1466	0	0	0	0	0	0	1658182818464
1217	1466	0	0	0	0	0	0	1658182819484
1217	1466	0	0	0	0	0	0	1658182820504
1217	1466	0	0	0	0	0	0	1658182821524
1217	1466	0	0	0	0	0	0	1658182822544
1217	1466	0	0	0	0	0	0	1658182823564
1217	1466	0	0	0	0	0	0	1658182824584
1217	1466	0	0	0	0	0	0	1658182825604
1217	1466	0	0	0	0	0	0	1658182826624
1217	1466	0	0	0	0	0	0	1658182827644
1217	1466	0	0	0	0	0	0	1658182828664
1217	1466	0	0	0	0	0	0	1658182829684
1217	1466	0	0	0	0	0	0	1658182830704
1217	1466	0	0	0	0	0	0	1658182831724
1217	1466	0	0	0	0	0	0	1658182832744
1217	1466	0	0	0	0	0	0	1658182833764
1217	1466	0	0	0	0	0	0	1658182834784
1217	1466	0	0	0	0	0	0	1658182835804
1217	1466	0	0	0	0	0	0	1658182836824
1217	1466	0	0	0	0	0	0	1658182837844
1217	1466	0	0	0	0	0	0	1658182838864
1217	1466	0	0	0	0	0	0	1658182839884
1217	1466	0	0	0	0	0	0	1658182840904
1217	1466	0	0	0	0	0	0	1658182841924
1217	1466	0	0	0	0	0	0	1658182842944
1217	1466	0	0	0	0	0	0	1658182843964
1217	1466	0	0	0	0	0	0	1658182844984
1217	1466	0	0	0	0	0	0	1658182846004
1217	1466	0	0	0	0	0	0	1658182847024
1217	1466	0	0	0	0	0	0	1658182848044
1217	1466	0	0	0	0	0	0	1658182849064
1217	1466	0	0	0	0	0	0	1658182850084
1217	1466	0	0	0	0	0	0	1658182851104
1217	1466	0	0	0	0	0	0	1658182852124
1217	1466	0	0	0	0	0	0	1658182853144
1217	1466	0	0	0	0	0	0	1658182854164
1217	1466	0	0	0	0	0	0	1658182855184
1217	1466	0	0	0	0	0	0	1658182856204
1217	1466	0	0	0	0	0	0	1658182857224
1217	1466	0	0	0	0	0	0	1658182858244
1217	1466	0	0	0	0	0	0	1658182859264
1217	1466	0	0	0	0	0	0	1658182860284
1217	1466	0	0	0	0	0	0	1658182861304
1217	1466	0	0	0	0	0	0	1658182862324
1217	1466	0	0	0	0	0	0	1658182863344
1217	1466	0	0	0	0	0	0	1658182864364
1217	1466	0	0	0	0	0	0	1658182865384
1217	1465	0	0	0	0	0	0	1658182866404
1217	1465	0	0	0	0	0	0	1658182867424
1217	1465	0	0	0	0	0	0	1658182868444
1217	1465	0	0	0	0	0	0	1658182869464
1217	1465	0	0	0	0	0	0	1658182870484
1217	1465	0	0	0	0	0	0	1658182871504
1217	1465	0	0	0	0	0	0	1658182872524
1217	1465	0	0	0	0	0	0	1658182873544
1217	1465	0	0	0	0	0	0	1658182874564
1217	1465	0	0	0	0	0	0	1658182875584
1217	1465	0	0	0	0	0	0	1658182876604
1217	1465	0	0	0	0	0	0	1658182877624
1217	1465	0	0	0	0	0	0	1658182878644
1217	1465	0	0	0	0	0	0	1658182879664
1217	1465	0	0	0	0	0	0	1658182880684
1217	1465	0	0	0	0	0	0	1658182881704
1217	1464	0	0	0	0	0	0	1658182882724
1217	1464	0	0	0	0	0	0	1658182883744
1217	1463	0	0	0	0	0	0	1658182884764
1217	1463	0	0	0	0	0	0	1658182885784
1217	1463	0	0	0	0	0	0	1658182886804
1217	1463	0	0	0	0	0	0	1658182887824
1217	1462	0	0	0	0	0	0	1658182888844
1217	1460	0	0	0	0	0	0	1658182889864
1217	1458	0	0	0	0	0	0	1658182890884
1217	1457	0	0	0	0	0	0	1658182891904
1217	1456	0	0	0	0	0	0	1658182892924
1217	1455	0	0	0	0	0	0	1658182893944
1217	1452	0	0	0	0	0	0	1658182894964
1217	1451	0	0	0	0	0	0	1658182895984
1217	1449	0	0	0	0	0	0	1658182897004
1217	1448	0	0	0	0	0	0	1658182898024
1217	1445	0	0	0	0	0	0	1658182899044
1217	1445	0	0	0	0	0	0	1658182900064
1217	1443	0	0	0	0	0	0	1658182901084
1217	1442	0	0	0	0	0	0	1658182902104
1217	1440	0	0	0	0	0	0	1658182903124
1217	1440	0	0	0	0	0	0	1658182904144
1217	1439	0	0	0	0	0	0	1658182905164
1217	1439	0	0	0	0	0	0	1658182906184
1217	1439	0	0	0	0	0	0	1658182907204
1217	1438	0	0	0	0	0	0	1658182908224
1217	1438	0	0	0	0	0	0	1658182909244
1217	1438	0	0	0	0	0	0	1658182910264
1217	1438	0	0	0	0	0	0	1658182911284
1217	1438	0	0	0	0	0	0	1658182912304
1217	1438	0	0	0	0	0	0	1658182913324
1217	1438	0	0	0	0	0	0	1658182914344
1217	1438	0	0	0	0	0	0	1658182915364
1217	1438	0	0	0	0	0	0	1658182916384
1217	1438	0	0	0	0	0	0	1658182917404
1217	1438	0	0	0	0	0	0	1658182918424
1217	1438	0	0	0	0	0	0	1658182919444
1217	1438	0	0	0	0	0	0	1658182920464
1217	1438	0	0	0	0	0	0	1658182921484
1217	1438	0	0	0	0	0	0	1658182922504
1217	1438	0	0	0	0	0	0	1658182923524
1217	1438	0	0	0	0	0	0	1658182924544
1217	1438	0	0	0	0	0	0	1658182925564
1217	1438	0	0	0	0	0	0	1658182926584
1217	1440	0	0	0	0	0	0	1658182927604
1217	1439	0	0	0	0	0	0	1658182928624
1217	1438	0	0	0	0	0	0	1658182929644
1217	1438	0	0	0	0	0	0	1658182930664
1217	1438	0	0	0	0	0	0	1658182931684
1217	1438	0	0	0	0	0	0	1658182932704
1216	1438	0	0	0	0	0	0	1658182933724
1216	1438	0	0	0	0	0	0	1658182934744
1216	1438	0	0	0	0	0	0	1658182935764
1216	1438	0	0	0	0	0	0	1658182936784
1216	1438	0	0	0	0	0	0	1658182937804
1216	1438	0	0	0	0	0	0	1658182938824
1216	1438	0	0	0	0	0	0	1658182939844
1216	1438	0	0	0	0	0	0	1658182940864
1216	1438	0	0	0	0	0	0	1658182941884
1216	1438	0	0	0	0	0	0	1658182942904
1216	1438	0	0	0	0	0	0	1658182943924
1216	1438	0	0	0	0	0	0	1658182944944
1216	1438	0	0	0	0	0	0	1658182945964
1216	1438	0	0	0	0	0	0	1658182946984
1216	1438	0	0	0	0	0	0	1658182948004
1216	1438	0	0	0	0	0	0	1658182949024
1216	1438	0	0	0	0	0	0	1658182950044
1215	1438	0	0	0	0	0	0	1658182951064
1216	1438	0	0	0	0	0	0	1658182952084
1215	1438	0	0	0	0	0	0	1658182953104
1215	1438	0	0	0	0	0	0	1658182954124
1215	1438	0	0	0	0	0	0	1658182955144
1215	1438	0	0	0	0	0	0	1658182956164
1213	1438	0	0	0	0	0	0	1658182957184
1213	1438	0	0	0	0	0	0	1658182958204
1211	1438	0	0	0	0	0	0	1658182959224
1207	1438	0	0	0	0	0	0	1658182960244
1203	1438	0	0	0	0	0	0	1658182961264
1201	1438	0	0	0	0	0	0	1658182962284
1198	1438	0	0	0	0	0	0	1658182963304
1197	1438	0	0	0	0	0	0	1658182964324
1197	1438	0	0	0	0	0	0	1658182965344
1195	1438	0	0	0	0	0	0	1658182966364
1195	1438	0	0	0	0	0	0	1658182967384
1194	1438	0	0	0	0	0	0	1658182968404
1194	1438	0	0	0	0	0	0	1658182969424
1194	1438	0	0	0	0	0	0	1658182970444
1193	1438	0	0	0	0	0	0	1658182971464
1194	1438	0	0	0	0	0	0	1658182972484
1194	1438	0	0	0	0	0	0	1658182973504
1192	1438	0	0	0	0	0	0	1658182974524
1191	1438	0	0	0	0	0	0	1658182975544
1190	1438	0	0	0	0	0	0	1658182976564
1189	1438	0	0	0	0	0	0	1658182977584
1190	1438	0	0	0	0	0	0	1658182978604
1190	1438	0	0	0	0	0	0	1658182979624
1190	1438	0	0	0	0	0	0	1658182980644
1190	1438	0	0	0	0	0	0	1658182981664
1190	1438	0	0	0	0	0	0	1658182982684
1190	1438	0	0	0	0	0	0	1658182983704
1190	1438	0	0	0	0	0	0	1658182984724
1190	1438	0	0	0	0	0	0	1658182985744
1190	1438	0	0	0	0	0	0	1658182986764
1189	1438	0	0	0	0	0	0	1658182987784
1189	1438	0	0	0	0	0	0	1658182988804
1189	1438	0	0	0	0	0	0	1658182989824
1189	1438	0	0	0	0	0	0	1658182990844
1189	1438	0	0	0	0	0	0	1658182991864
1189	1438	0	0	0	0	0	0	1658182992884
1189	1438	0	0	0	0	0	0	1658182993904
1189	1438	0	0	0	0	0	0	1658182994924
1189	1438	0	0	0	0	0	0	1658182995944
1189	1438	0	0	0	0	0	0	1658182996964
1189	1438	0	0	0	0	0	0	1658182997984
1189	1438	0	0	0	0	0	0	1658182999004
1189	1438	0	0	0	0	0	0	1658183000024
1189	1438	0	0	0	0	0	0	1658183001044
1189	1438	0	0	0	0	0	0	1658183002064
1189	1438	0	0	0	0	0	0	1658183003084
1189	1438	0	0	0	0	0	0	1658183004104
1189	1438	0	0	0	0	0	0	1658183005124
1189	1438	0	0	0	0	0	0	1658183006144
1189	1438	0	0	0	0	0	0	1658183007164
1189	1438	0	0	0	0	0	0	1658183008184
1189	1438	0	0	0	0	0	0	1658183009204
1189	1437	0	0	0	0	0	0	1658183010224
1189	1437	0	0	0	0	0	0	1658183011244
1189	1436	0	0	0	0	0	0	1658183012264
1189	1436	0	0	0	0	0	0	1658183013284
1189	1436	0	0	0	0	0	0	1658183014304
1189	1435	0	0	0	0	0	0	1658183015324
1189	1435	0	0	0	0	0	0	1658183016344
1189	1435	0	0	0	0	0	0	1658183017364
1189	1434	0	0	0	0	0	0	1658183018384
1189	1434	0	0	0	0	0	0	1658183019404
1189	1432	0	0	0	0	0	0	1658183020424
1189	1431	0	0	0	0	0	0	1658183021444
1189	1431	0	0	0	0	0	0	1658183022464
1189	1431	0	0	0	0	0	0	1658183023484
1189	1429	0	0	0	0	0	0	1658183024504
1189	1428	0	0	0	0	0	0	1658183025524
1189	1426	0	0	0	0	0	0	1658183026544
1189	1426	0	0	0	0	0	0	1658183027564
1189	1425	0	0	0	0	0	0	1658183028584
1189	1423	0	0	0	0	0	0	1658183029604
1189	1421	0	0	0	0	0	0	1658183030624
1189	1420	0	0	0	0	0	0	1658183031644
1189	1418	0	0	0	0	0	0	1658183032664
1189	1418	0	0	0	0	0	0	1658183033684
1189	1417	0	0	0	0	0	0	1658183034704
1189	1417	0	0	0	0	0	0	1658183035724
1189	1415	0	0	0	0	0	0	1658183036744
1189	1414	0	0	0	0	0	0	1658183037764
1189	1413	0	0	0	0	0	0	1658183038784
1189	1413	0	0	0	0	0	0	1658183039804
1189	1414	0	0	0	0	0	0	1658183040824
1189	1413	0	0	0	0	0	0	1658183041844
1189	1412	0	0	0	0	0	0	1658183042864
1189	1411	0	0	0	0	0	0	1658183043884
1189	1411	0	0	0	0	0	0	1658183044904
1189	1411	0	0	0	0	0	0	1658183045924
1189	1411	0	0	0	0	0	0	1658183046944
1189	1411	0	0	0	0	0	0	1658183047964
1189	1411	0	0	0	0	0	0	1658183048984
1189	1411	0	0	0	0	0	0	1658183050004
1189	1411	0	0	0	0	0	0	1658183051024
1189	1411	0	0	0	0	0	0	1658183052044
1189	1411	0	0	0	0	0	0	1658183053064
1189	1411	0	0	0	0	0	0	1658183054084
1189	1411	0	0	0	0	0	0	1658183055104
1189	1411	0	0	0	0	0	0	1658183056124
1189	1410	0	0	0	0	0	0	1658183057144
1189	1410	0	0	0	0	0	0	1658183058164
1189	1410	0	0	0	0	0	0	1658183059184
1189	1410	0	0	0	0	0	0	1658183060204
1189	1410	0	0	0	0	0	0	1658183061224
1189	1410	0	0	0	0	0	0	1658183062244
1189	1410	0	0	0	0	0	0	1658183063264
1189	1410	0	0	0	0	0	0	1658183064284
1189	1410	0	0	0	0	0	0	1658183065304
1189	1410	0	0	0	0	0	0	1658183066324
1189	1410	0	0	0	0	0	0	1658183067344
1189	1410	0	0	0	0	0	0	1658183068364
1189	1410	0	0	0	0	0	0	1658183069384
1189	1410	0	0	0	0	0	0	1658183070404
1189	1410	0	0	0	0	0	0	1658183071424
1189	1410	0	0	0	0	0	0	1658183072444
1189	1410	0	0	0	0	0	0	1658183073464
1189	1410	0	0	0	0	0	0	1658183074484
1189	1410	0	0	0	0	0	0	1658183075504
1189	1410	0	0	0	0	0	0	1658183076524
1189	1410	0	0	0	0	0	0	1658183077544
1189	1410	0	0	0	0	0	0	1658183078564
1189	1410	0	0	0	0	0	0	1658183079584
1189	1410	0	0	0	0	0	0	1658183080604
1189	1410	0	0	0	0	0	0	1658183081624
1189	1410	0	0	0	0	0	0	1658183082644
1189	1410	0	0	0	0	0	0	1658183083664
1189	1410	0	0	0	0	0	0	1658183084684
1189	1410	0	0	0	0	0	0	1658183085704
1189	1412	0	0	0	0	0	0	1658183086724
1189	1411	0	0	0	0	0	0	1658183087744
1189	1411	0	0	0	0	0	0	1658183088764
1189	1411	0	0	0	0	0	0	1658183089784
1189	1411	0	0	0	0	0	0	1658183090804
1189	1411	0	0	0	0	0	0	1658183091824
1189	1410	0	0	0	0	0	0	1658183092844
1189	1410	0	0	0	0	0	0	1658183093864
1189	1410	0	0	0	0	0	0	1658183094884
1189	1410	0	0	0	0	0	0	1658183095904
1189	1410	0	0	0	0	0	0	1658183096924
1189	1410	0	0	0	0	0	0	1658183097944
1189	1410	0	0	0	0	0	0	1658183098964
1189	1410	0	0	0	0	0	0	1658183099984
1189	1410	0	0	0	0	0	0	1658183101004
1189	1410	0	0	0	0	0	0	1658183102024
1189	1410	0	0	0	0	0	0	1658183103044
1189	1410	0	0	0	0	0	0	1658183104064
1189	1410	0	0	0	0	0	0	1658183105084
1189	1410	0	0	0	0	0	0	1658183106104
1189	1410	0	0	0	0	0	0	1658183107124
1189	1410	0	0	0	0	0	0	1658183108144
1189	1410	0	0	0	0	0	0	1658183109164
1189	1410	0	0	0	0	0	0	1658183110184
1189	1410	0	0	0	0	0	0	1658183111204
1189	1410	0	0	0	0	0	0	1658183112224
1189	1410	0	0	0	0	0	0	1658183113244
1189	1410	0	0	0	0	0	0	1658183114264
1189	1410	0	0	0	0	0	0	1658183115284
1189	1410	0	0	0	0	0	0	1658183116304
1189	1410	0	0	0	0	0	0	1658183117324
1189	1410	0	0	0	0	0	0	1658183118344
1189	1410	0	0	0	0	0	0	1658183119364
1189	1410	0	0	0	0	0	0	1658183120384
1189	1410	0	0	0	0	0	0	1658183121404
1189	1410	0	0	0	0	0	0	1658183122424
1189	1410	0	0	0	0	0	0	1658183123444
1189	1410	0	0	0	0	0	0	1658183124464
1189	1410	0	0	0	0	0	0	1658183125484
1189	1410	0	0	0	0	0	0	1658183126504
1189	1410	0	0	0	0	0	0	1658183127524
1189	1410	0	0	0	0	0	0	1658183128544
1189	1410	0	0	0	0	0	0	1658183129564
1189	1410	0	0	0	0	0	0	1658183130584
1189	1410	0	0	0	0	0	0	1658183131604
1189	1410	0	0	0	0	0	0	1658183132624
1189	1410	0	0	0	0	0	0	1658183133644
1189	1410	0	0	0	0	0	0	1658183134664
1188	1410	0	0	0	0	0	0	1658183135684
1187	1410	0	0	0	0	0	0	1658183136704
1186	1410	0	0	0	0	0	0	1658183137724
1186	1410	0	0	0	0	0	0	1658183138744
1186	1410	0	0	0	0	0	0	1658183139764
1186	1410	0	0	0	0	0	0	1658183140784
1185	1410	0	0	0	0	0	0	1658183141804
1183	1410	0	0	0	0	0	0	1658183142824
1182	1410	0	0	0	0	0	0	1658183143844
1183	1410	0	0	0	0	0	0	1658183144864
1183	1410	0	0	0	0	0	0	1658183145884
1182	1410	0	0	0	0	0	0	1658183146904
1181	1410	0	0	0	0	0	0	1658183147924
1180	1410	0	0	0	0	0	0	1658183148944
1180	1410	0	0	0	0	0	0	1658183149964
1180	1410	0	0	0	0	0	0	1658183150984
1179	1410	0	0	0	0	0	0	1658183152004
1180	1410	0	0	0	0	0	0	1658183153024
1177	1410	0	0	0	0	0	0	1658183154044
1177	1410	0	0	0	0	0	0	1658183155064
1175	1410	0	0	0	0	0	0	1658183156084
1174	1410	0	0	0	0	0	0	1658183157104
1174	1410	0	0	0	0	0	0	1658183158124
1174	1410	0	0	0	0	0	0	1658183159144
1174	1410	0	0	0	0	0	0	1658183160164
1175	1410	0	0	0	0	0	0	1658183161184
1172	1410	0	0	0	0	0	0	1658183162204
1169	1410	0	0	0	0	0	0	1658183163224
1168	1410	0	0	0	0	0	0	1658183164244
1168	1410	0	0	0	0	0	0	1658183165264
1168	1410	0	0	0	0	0	0	1658183166284
1168	1410	0	0	0	0	0	0	1658183167304
1167	1410	0	0	0	0	0	0	1658183168324
1166	1410	0	0	0	0	0	0	1658183169344
1165	1410	0	0	0	0	0	0	1658183170364
1165	1410	0	0	0	0	0	0	1658183171384
1165	1410	0	0	0	0	0	0	1658183172404
1164	1410	0	0	0	0	0	0	1658183173424
1163	1410	0	0	0	0	0	0	1658183174444
1163	1410	0	0	0	0	0	0	1658183175464
1163	1410	0	0	0	0	0	0	1658183176484
1164	1410	0	0	0	0	0	0	1658183177504
1163	1410	0	0	0	0	0	0	1658183178524
1163	1410	0	0	0	0	0	0	1658183179544
1163	1410	0	0	0	0	0	0	1658183180564
1162	1410	0	0	0	0	0	0	1658183181584
1162	1410	0	0	0	0	0	0	1658183182604
1162	1410	0	0	0	0	0	0	1658183183624
1162	1410	0	0	0	0	0	0	1658183184644
1162	1410	0	0	0	0	0	0	1658183185664
1162	1410	0	0	0	0	0	0	1658183186684
1162	1410	0	0	0	0	0	0	1658183187704
1162	1410	0	0	0	0	0	0	1658183188724
1162	1410	0	0	0	0	0	0	1658183189744
1162	1410	0	0	0	0	0	0	1658183190764
1162	1410	0	0	0	0	0	0	1658183191784
1162	1410	0	0	0	0	0	0	1658183192804
1162	1410	0	0	0	0	0	0	1658183193824
1162	1410	0	0	0	0	0	0	1658183194844
1162	1410	0	0	0	0	0	0	1658183195864
1161	1410	0	0	0	0	0	0	1658183196884
1161	1410	0	0	0	0	0	0	1658183197904
1161	1410	0	0	0	0	0	0	1658183198924
1161	1410	0	0	0	0	0	0	1658183199944
1161	1410	0	0	0	0	0	0	1658183200964
1161	1410	0	0	0	0	0	0	1658183201984
1161	1410	0	0	0	0	0	0	1658183203004
1161	1410	0	0	0	0	0	0	1658183204024
1161	1410	0	0	0	0	0	0	1658183205044
1161	1410	0	0	0	0	0	0	1658183206064
1161	1410	0	0	0	0	0	0	1658183207084
1161	1410	0	0	0	0	0	0	1658183208104
1161	1410	0	0	0	0	0	0	1658183209124
1161	1410	0	0	0	0	0	0	1658183210144
1161	1410	0	0	0	0	0	0	1658183211164
1161	1410	0	0	0	0	0	0	1658183212184
1161	1410	0	0	0	0	0	0	1658183213204
1161	1410	0	0	0	0	0	0	1658183214224
1161	1410	0	0	0	0	0	0	1658183215244
1161	1410	0	0	0	0	0	0	1658183216264
1161	1410	0	0	0	0	0	0	1658183217284
1161	1410	0	0	0	0	0	0	1658183218304
1161	1410	0	0	0	0	0	0	1658183219324
1161	1410	0	0	0	0	0	0	1658183220344
1161	1410	0	0	0	0	0	0	1658183221364
1161	1410	0	0	0	0	0	0	1658183222384
1161	1410	0	0	0	0	0	0	1658183223404
1161	1410	0	0	0	0	0	0	1658183224424
1162	1410	0	0	0	0	0	0	1658183225444
1162	1410	0	0	0	0	0	0	1658183226464
1162	1410	0	0	0	0	0	0	1658183227484
1162	1410	0	0	0	0	0	0	1658183228504
1162	1410	0	0	0	0	0	0	1658183229524
1162	1410	0	0	0	0	0	0	1658183230544
1162	1410	0	0	0	0	0	0	1658183231564
1162	1410	0	0	0	0	0	0	1658183232584
1162	1410	0	0	0	0	0	0	1658183233604
1162	1410	0	0	0	0	0	0	1658183234624
1162	1410	0	0	0	0	0	0	1658183235644
1162	1410	0	0	0	0	0	0	1658183236664
1162	1410	0	0	0	0	0	0	1658183237684
1162	1410	0	0	0	0	0	0	1658183238704
1162	1410	0	0	0	0	0	0	1658183239724
1162	1410	0	0	0	0	0	0	1658183240744
1162	1410	0	0	0	0	0	0	1658183241764
1162	1410	0	0	0	0	0	0	1658183242784
1162	1410	0	0	0	0	0	0	1658183243804
1161	1410	0	0	0	0	0	0	1658183244824
1161	1410	0	0	0	0	0	0	1658183245844
1161	1410	0	0	0	0	0	0	1658183246864
1161	1410	0	0	0	0	0	0	1658183247884
1161	1410	0	0	0	0	0	0	1658183248904
1161	1410	0	0	0	0	0	0	1658183249924
1161	1410	0	0	0	0	0	0	1658183250944
1161	1410	0	0	0	0	0	0	1658183251964
1161	1410	0	0	0	0	0	0	1658183252984
1161	1410	0	0	0	0	0	0	1658183254004
1161	1410	0	0	0	0	0	0	1658183255024
1161	1410	0	0	0	0	0	0	1658183256044
1161	1410	0	0	0	0	0	0	1658183257064
1161	1410	0	0	0	0	0	0	1658183258084
1161	1410	0	0	0	0	0	0	1658183259104
1161	1410	0	0	0	0	0	0	1658183260124
1161	1410	0	0	0	0	0	0	1658183261144
1161	1410	0	0	0	0	0	0	1658183262164
1161	1410	0	0	0	0	0	0	1658183263184
1161	1410	0	0	0	0	0	0	1658183264204
1161	1410	0	0	0	0	0	0	1658183265224
1161	1410	0	0	0	0	0	0	1658183266244
1161	1410	0	0	0	0	0	0	1658183267264
1161	1410	0	0	0	0	0	0	1658183268284
1161	1410	0	0	0	0	0	0	1658183269304
1161	1410	0	0	0	0	0	0	1658183270324
1161	1410	0	0	0	0	0	0	1658183271344
1161	1409	0	0	0	0	0	0	1658183272364
1161	1409	0	0	0	0	0	0	1658183273384
1161	1409	0	0	0	0	0	0	1658183274404
1161	1409	0	0	0	0	0	0	1658183275424
1161	1409	0	0	0	0	0	0	1658183276444
1161	1409	0	0	0	0	0	0	1658183277464
1161	1409	0	0	0	0	0	0	1658183278484
1161	1409	0	0	0	0	0	0	1658183279504
1161	1409	0	0	0	0	0	0	1658183280524
1161	1409	0	0	0	0	0	0	1658183281544
1161	1409	0	0	0	0	0	0	1658183282564
1161	1409	0	0	0	0	0	0	1658183283584
1161	1409	0	0	0	0	0	0	1658183284604
1161	1408	0	0	0	0	0	0	1658183285624
1161	1408	0	0	0	0	0	0	1658183286644
1161	1407	0	0	0	0	0	0	1658183287664
1161	1406	0	0	0	0	0	0	1658183288684
1161	1405	0	0	0	0	0	0	1658183289704
1161	1405	0	0	0	0	0	0	1658183290724
1161	1406	0	0	0	0	0	0	1658183291744
1161	1404	0	0	0	0	0	0	1658183292764
1161	1405	0	0	0	0	0	0	1658183293784
1161	1404	0	0	0	0	0	0	1658183294804
1161	1405	0	0	0	0	0	0	1658183295824
1161	1405	0	0	0	0	0	0	1658183296844
1161	1405	0	0	0	0	0	0	1658183297864
1161	1404	0	0	0	0	0	0	1658183298884
1161	1404	0	0	0	0	0	0	1658183299904
1161	1404	0	0	0	0	0	0	1658183300924
1161	1404	0	0	0	0	0	0	1658183301944
1161	1404	0	0	0	0	0	0	1658183302964
1161	1404	0	0	0	0	0	0	1658183303984
1161	1404	0	0	0	0	0	0	1658183305004
1161	1401	0	0	0	0	0	0	1658183306024
1161	1401	0	0	0	0	0	0	1658183307044
1161	1401	0	0	0	0	0	0	1658183308064
1161	1400	0	0	0	0	0	0	1658183309084
1161	1400	0	0	0	0	0	0	1658183310104
1161	1399	0	0	0	0	0	0	1658183311124
1161	1401	0	0	0	0	0	0	1658183312144
1161	1399	0	0	0	0	0	0	1658183313164
1161	1399	0	0	0	0	0	0	1658183314184
1161	1399	0	0	0	0	0	0	1658183315204
1161	1399	0	0	0	0	0	0	1658183316224
1161	1399	0	0	0	0	0	0	1658183317244
1161	1398	0	0	0	0	0	0	1658183318264
1161	1397	0	0	0	0	0	0	1658183319284
1161	1396	0	0	0	0	0	0	1658183320304
1161	1397	0	0	0	0	0	0	1658183321324
1161	1396	0	0	0	0	0	0	1658183322344
1161	1395	0	0	0	0	0	0	1658183323364
1161	1395	0	0	0	0	0	0	1658183324384
1161	1395	0	0	0	0	0	0	1658183325404
1161	1394	0	0	0	0	0	0	1658183326424
1161	1392	0	0	0	0	0	0	1658183327444
1161	1394	0	0	0	0	0	0	1658183328464
1161	1394	0	0	0	0	0	0	1658183329484
1161	1394	0	0	0	0	0	0	1658183330504
1161	1393	0	0	0	0	0	0	1658183331524
1161	1392	0	0	0	0	0	0	1658183332544
1161	1393	0	0	0	0	0	0	1658183333564
1161	1393	0	0	0	0	0	0	1658183334584
1161	1392	0	0	0	0	0	0	1658183335604
1161	1391	0	0	0	0	0	0	1658183336624
1161	1391	0	0	0	0	0	0	1658183337644
1161	1390	0	0	0	0	0	0	1658183338664
1161	1388	0	0	0	0	0	0	1658183339684
1161	1388	0	0	0	0	0	0	1658183340704
1161	1388	0	0	0	0	0	0	1658183341724
1161	1387	0	0	0	0	0	0	1658183342744
1161	1388	0	0	0	0	0	0	1658183343764
1161	1387	0	0	0	0	0	0	1658183344784
1161	1387	0	0	0	0	0	0	1658183345804
1161	1387	0	0	0	0	0	0	1658183346824
1161	1386	0	0	0	0	0	0	1658183347844
1161	1386	0	0	0	0	0	0	1658183348864
1161	1386	0	0	0	0	0	0	1658183349884
1161	1386	0	0	0	0	0	0	1658183350904
1169	1387	0	0	0	0	0	0	1658183351924
1166	1386	0	0	0	0	0	0	1658183352944
1164	1386	0	0	0	0	0	0	1658183353964
1163	1386	0	0	0	0	0	0	1658183354984
1162	1385	0	0	0	0	0	0	1658183356004
1162	1385	0	0	0	0	0	0	1658183357024
1162	1385	0	0	0	0	0	0	1658183358044
1162	1385	0	0	0	0	0	0	1658183359064
1162	1385	0	0	0	0	0	0	1658183360084
1162	1385	0	0	0	0	0	0	1658183361104
1161	1385	0	0	0	0	0	0	1658183362124
1161	1385	0	0	0	0	0	0	1658183363144
1161	1385	0	0	0	0	0	0	1658183364164
1161	1385	0	0	0	0	0	0	1658183365184
1161	1384	0	0	0	0	0	0	1658183366204
1161	1383	0	0	0	0	0	0	1658183367224
1161	1383	0	0	0	0	0	0	1658183368244
1161	1383	0	0	0	0	0	0	1658183369264
1161	1383	0	0	0	0	0	0	1658183370284
1161	1383	0	0	0	0	0	0	1658183371304
1161	1383	0	0	0	0	0	0	1658183372324
1161	1383	0	0	0	0	0	0	1658183373344
1161	1383	0	0	0	0	0	0	1658183374364
1161	1383	0	0	0	0	0	0	1658183375384
1160	1383	0	0	0	0	0	0	1658183376404
1160	1387	0	0	0	0	0	0	1658183377424
1161	1389	0	0	0	0	0	0	1658183378444
1161	1388	0	0	0	0	0	0	1658183379464
1161	1386	0	0	0	0	0	0	1658183380484
1161	1384	0	0	0	0	0	0	1658183381504
1160	1383	0	0	0	0	0	0	1658183382524
1160	1383	0	0	0	0	0	0	1658183383544
1159	1384	0	0	0	0	0	0	1658183384564
1159	1385	0	0	0	0	0	0	1658183385584
1159	1384	0	0	0	0	0	0	1658183386604
1160	1384	0	0	0	0	0	0	1658183387624
1160	1384	0	0	0	0	0	0	1658183388644
1159	1383	0	0	0	0	0	0	1658183389664
1159	1383	0	0	0	0	0	0	1658183390684
1159	1383	0	0	0	0	0	0	1658183391704
1157	1383	0	0	0	0	0	0	1658183392724
1156	1383	0	0	0	0	0	0	1658183393744
1154	1383	0	0	0	0	0	0	1658183394764
1155	1383	0	0	0	0	0	0	1658183395784
1153	1383	0	0	0	0	0	0	1658183396804
1154	1383	0	0	0	0	0	0	1658183397824
1152	1383	0	0	0	0	0	0	1658183398844
1152	1383	0	0	0	0	0	0	1658183399864
1152	1383	0	0	0	0	0	0	1658183400884
1151	1383	0	0	0	0	0	0	1658183401904
1151	1383	0	0	0	0	0	0	1658183402924
1151	1383	0	0	0	0	0	0	1658183403944
1151	1383	0	0	0	0	0	0	1658183404964
1150	1383	0	0	0	0	0	0	1658183405984
1148	1383	0	0	0	0	0	0	1658183407004
1147	1383	0	0	0	0	0	0	1658183408024
1145	1383	0	0	0	0	0	0	1658183409044
1145	1383	0	0	0	0	0	0	1658183410064
1144	1383	0	0	0	0	0	0	1658183411084
1142	1383	0	0	0	0	0	0	1658183412104
1142	1383	0	0	0	0	0	0	1658183413124
1146	1383	0	0	0	0	0	0	1658183414144
1147	1383	0	0	0	0	0	0	1658183415164
1145	1383	0	0	0	0	0	0	1658183416184
1143	1383	0	0	0	0	0	0	1658183417204
1142	1383	0	0	0	0	0	0	1658183418224
1143	1383	0	0	0	0	0	0	1658183419244
1142	1383	0	0	0	0	0	0	1658183420264
1140	1383	0	0	0	0	0	0	1658183421284
1140	1383	0	0	0	0	0	0	1658183422304
1142	1383	0	0	0	0	0	0	1658183423324
1142	1383	0	0	0	0	0	0	1658183424344
1144	1383	0	0	0	0	0	0	1658183425364
1142	1383	0	0	0	0	0	0	1658183426384
1140	1383	0	0	0	0	0	0	1658183427404
1140	1383	0	0	0	0	0	0	1658183428424
1138	1383	0	0	0	0	0	0	1658183429444
1139	1383	0	0	0	0	0	0	1658183430464
1139	1383	0	0	0	0	0	0	1658183431484
1140	1383	0	0	0	0	0	0	1658183432504
1139	1383	0	0	0	0	0	0	1658183433524
1137	1383	0	0	0	0	0	0	1658183434544
1137	1383	0	0	0	0	0	0	1658183435564
1136	1383	0	0	0	0	0	0	1658183436584
1135	1383	0	0	0	0	0	0	1658183437604
1135	1383	0	0	0	0	0	0	1658183438624
1135	1383	0	0	0	0	0	0	1658183439644
1134	1383	0	0	0	0	0	0	1658183440664
1134	1383	0	0	0	0	0	0	1658183441684
1134	1383	0	0	0	0	0	0	1658183442704
1134	1383	0	0	0	0	0	0	1658183443724
1134	1383	0	0	0	0	0	0	1658183444744
1134	1383	0	0	0	0	0	0	1658183445764
1135	1383	0	0	0	0	0	0	1658183446784
1134	1383	0	0	0	0	0	0	1658183447804
1134	1383	0	0	0	0	0	0	1658183448824
1134	1383	0	0	0	0	0	0	1658183449844
1134	1383	0	0	0	0	0	0	1658183450864
1134	1383	0	0	0	0	0	0	1658183451884
1134	1383	0	0	0	0	0	0	1658183452904
1134	1383	0	0	0	0	0	0	1658183453924
1134	1383	0	0	0	0	0	0	1658183454944
1134	1383	0	0	0	0	0	0	1658183455964
1134	1383	0	0	0	0	0	0	1658183456984
1134	1383	0	0	0	0	0	0	1658183458004
1134	1383	0	0	0	0	0	0	1658183459024
1134	1383	0	0	0	0	0	0	1658183460044
1134	1383	0	0	0	0	0	0	1658183461064
1134	1383	0	0	0	0	0	0	1658183462084
1134	1383	0	0	0	0	0	0	1658183463104
1134	1383	0	0	0	0	0	0	1658183464124
1134	1383	0	0	0	0	0	0	1658183465144
1134	1383	0	0	0	0	0	0	1658183466164
1134	1383	0	0	0	0	0	0	1658183467184
1134	1383	0	0	0	0	0	0	1658183468204
1134	1383	0	0	0	0	0	0	1658183469224
1134	1383	0	0	0	0	0	0	1658183470244
1134	1383	0	0	0	0	0	0	1658183471264
1134	1383	0	0	0	0	0	0	1658183472284
1134	1383	0	0	0	0	0	0	1658183473304
1134	1383	0	0	0	0	0	0	1658183474324
1134	1383	0	0	0	0	0	0	1658183475344
1134	1383	0	0	0	0	0	0	1658183476364
1134	1383	0	0	0	0	0	0	1658183477384
1134	1383	0	0	0	0	0	0	1658183478404
1134	1383	0	0	0	0	0	0	1658183479424
1134	1383	0	0	0	0	0	0	1658183480444
1134	1383	0	0	0	0	0	0	1658183481464
1134	1383	0	0	0	0	0	0	1658183482484
1134	1383	0	0	0	0	0	0	1658183483504
1134	1383	0	0	0	0	0	0	1658183484524
1134	1383	0	0	0	0	0	0	1658183485544
1134	1383	0	0	0	0	0	0	1658183486564
1134	1383	0	0	0	0	0	0	1658183487584
1134	1383	0	0	0	0	0	0	1658183488604
1134	1383	0	0	0	0	0	0	1658183489624
1134	1383	0	0	0	0	0	0	1658183490644
1134	1383	0	0	0	0	0	0	1658183491664
1134	1383	0	0	0	0	0	0	1658183492684
1134	1383	0	0	0	0	0	0	1658183493704
1134	1383	0	0	0	0	0	0	1658183494724
1134	1383	0	0	0	0	0	0	1658183495744
1134	1383	0	0	0	0	0	0	1658183496764
1134	1383	0	0	0	0	0	0	1658183497784
1134	1383	0	0	0	0	0	0	1658183498804
1134	1383	0	0	0	0	0	0	1658183499824
1134	1383	0	0	0	0	0	0	1658183500844
1134	1383	0	0	0	0	0	0	1658183501864
1134	1383	0	0	0	0	0	0	1658183502884
1134	1383	0	0	0	0	0	0	1658183503904
1134	1383	0	0	0	0	0	0	1658183504924
1134	1383	0	0	0	0	0	0	1658183505944
1134	1383	0	0	0	0	0	0	1658183506964
1134	1383	0	0	0	0	0	0	1658183507984
1134	1383	0	0	0	0	0	0	1658183509004
1134	1383	0	0	0	0	0	0	1658183510024
1134	1383	0	0	0	0	0	0	1658183511044
1134	1383	0	0	0	0	0	0	1658183512064
1134	1383	0	0	0	0	0	0	1658183513084
1134	1383	0	0	0	0	0	0	1658183514104
1134	1383	0	0	0	0	0	0	1658183515124
1134	1383	0	0	0	0	0	0	1658183516144
1134	1383	0	0	0	0	0	0	1658183517164
1134	1383	0	0	0	0	0	0	1658183518184
1134	1383	0	0	0	0	0	0	1658183519204
1134	1383	0	0	0	0	0	0	1658183520224
1134	1383	0	0	0	0	0	0	1658183521244
1134	1383	0	0	0	0	0	0	1658183522264
1134	1383	0	0	0	0	0	0	1658183523284
1134	1383	0	0	0	0	0	0	1658183524304
1134	1383	0	0	0	0	0	0	1658183525324
1134	1383	0	0	0	0	0	0	1658183526344
1134	1383	0	0	0	0	0	0	1658183527364
1134	1383	0	0	0	0	0	0	1658183528384
1134	1383	0	0	0	0	0	0	1658183529404
1134	1383	0	0	0	0	0	0	1658183530424
1134	1383	0	0	0	0	0	0	1658183531444
1134	1383	0	0	0	0	0	0	1658183532464
1134	1383	0	0	0	0	0	0	1658183533484
1134	1383	0	0	0	0	0	0	1658183534504
1134	1383	0	0	0	0	0	0	1658183535524
1134	1383	0	0	0	0	0	0	1658183536544
1134	1383	0	0	0	0	0	0	1658183537564
1134	1383	0	0	0	0	0	0	1658183538584
1134	1383	0	0	0	0	0	0	1658183539604
1134	1383	0	0	0	0	0	0	1658183540624
1134	1383	0	0	0	0	0	0	1658183541644
1134	1383	0	0	0	0	0	0	1658183542664
1134	1383	0	0	0	0	0	0	1658183543684
1134	1383	0	0	0	0	0	0	1658183544704
1134	1383	0	0	0	0	0	0	1658183545724
1134	1383	0	0	0	0	0	0	1658183546744
1134	1383	0	0	0	0	0	0	1658183547764
1134	1383	0	0	0	0	0	0	1658183548784
1134	1383	0	0	0	0	0	0	1658183549804
1134	1383	0	0	0	0	0	0	1658183550824
1134	1383	0	0	0	0	0	0	1658183551844
1134	1383	0	0	0	0	0	0	1658183552864
1134	1383	0	0	0	0	0	0	1658183553884
1134	1383	0	0	0	0	0	0	1658183554904
1134	1383	0	0	0	0	0	0	1658183555924
1134	1383	0	0	0	0	0	0	1658183556944
1134	1383	0	0	0	0	0	0	1658183557964
1134	1383	0	0	0	0	0	0	1658183558984
1134	1383	0	0	0	0	0	0	1658183560004
1134	1383	0	0	0	0	0	0	1658183561024
1134	1383	0	0	0	0	0	0	1658183562044
1134	1383	0	0	0	0	0	0	1658183563064
1134	1383	0	0	0	0	0	0	1658183564084
1134	1383	0	0	0	0	0	0	1658183565104
1134	1383	0	0	0	0	0	0	1658183566124
1134	1383	0	0	0	0	0	0	1658183567144
1134	1383	0	0	0	0	0	0	1658183568164
1134	1383	0	0	0	0	0	0	1658183569184
1134	1383	0	0	0	0	0	0	1658183570204
1134	1383	0	0	0	0	0	0	1658183571224
1134	1383	0	0	0	0	0	0	1658183572244
1134	1383	0	0	0	0	0	0	1658183573264
1134	1383	0	0	0	0	0	0	1658183574284
1134	1383	0	0	0	0	0	0	1658183575304
1134	1383	0	0	0	0	0	0	1658183576324
1134	1383	0	0	0	0	0	0	1658183577344
1134	1383	0	0	0	0	0	0	1658183578364
1134	1383	0	0	0	0	0	0	1658183579384
1134	1383	0	0	0	0	0	0	1658183580404
1134	1383	0	0	0	0	0	0	1658183581424
1134	1383	0	0	0	0	0	0	1658183582444
1134	1383	0	0	0	0	0	0	1658183583464
1134	1383	0	0	0	0	0	0	1658183584484
1134	1383	0	0	0	0	0	0	1658183585504
1134	1383	0	0	0	0	0	0	1658183586524
1134	1383	0	0	0	0	0	0	1658183587544
1134	1383	0	0	0	0	0	0	1658183588564
1134	1383	0	0	0	0	0	0	1658183589584
1134	1383	0	0	0	0	0	0	1658183590604
1134	1383	0	0	0	0	0	0	1658183591624
1134	1383	0	0	0	0	0	0	1658183592644
1134	1383	0	0	0	0	0	0	1658183593664
1134	1383	0	0	0	0	0	0	1658183594684
1134	1383	0	0	0	0	0	0	1658183595704
1134	1383	0	0	0	0	0	0	1658183596724
1134	1383	0	0	0	0	0	0	1658183597744
1134	1383	0	0	0	0	0	0	1658183598764
1134	1383	0	0	0	0	0	0	1658183599784
1134	1383	0	0	0	0	0	0	1658183600804
1134	1383	0	0	0	0	0	0	1658183601824
1134	1400	0	0	0	0	0	0	1658183602844
1134	1414	0	0	0	0	0	0	1658183603864
1134	1421	0	0	0	0	0	0	1658183604884
1134	1429	0	0	0	0	0	0	1658183605904
1134	1433	0	0	0	0	0	0	1658183606924
1134	1435	0	0	0	0	0	0	1658183607944
1134	1436	0	0	0	0	0	0	1658183608964
1134	1437	0	0	0	0	0	0	1658183609984
1134	1437	0	0	0	0	0	0	1658183611004
1134	1437	0	0	0	0	0	0	1658183612024
1134	1437	0	0	0	0	0	0	1658183613044
1134	1437	0	0	0	0	0	0	1658183614064
1134	1437	0	0	0	0	0	0	1658183615084
1134	1437	0	0	0	0	0	0	1658183616104
1134	1437	0	0	0	0	0	0	1658183617124
1134	1437	0	0	0	0	0	0	1658183618144
1134	1437	0	0	0	0	0	0	1658183619164
1134	1437	0	0	0	0	0	0	1658183620184
1134	1438	0	0	0	0	0	0	1658183621204
1134	1438	0	0	0	0	0	0	1658183622224
1134	1438	0	0	0	0	0	0	1658183623244
1134	1438	0	0	0	0	0	0	1658183624264
1134	1438	0	0	0	0	0	0	1658183625284
1134	1438	0	0	0	0	0	0	1658183626304
1134	1438	0	0	0	0	0	0	1658183627324
1134	1438	0	0	0	0	0	0	1658183628344
1134	1438	0	0	0	0	0	0	1658183629364
1134	1438	0	0	0	0	0	0	1658183630384
1134	1438	0	0	0	0	0	0	1658183631404
1134	1438	0	0	0	0	0	0	1658183632424
1134	1438	0	0	0	0	0	0	1658183633444
1134	1438	0	0	0	0	0	0	1658183634464
1134	1438	0	0	0	0	0	0	1658183635484
1134	1438	0	0	0	0	0	0	1658183636504
1134	1438	0	0	0	0	0	0	1658183637524
