2203	2224	0	0	0	0	0	0	1658439925376
2186	2211	0	0	0	0	0	0	1658439926396
2166	2203	0	0	0	0	0	0	1658439927416
2144	2198	0	0	0	0	0	0	1658439928436
2120	2193	0	0	0	0	0	0	1658439929456
2100	2181	0	0	0	0	0	0	1658439930476
2082	2174	0	0	0	0	0	0	1658439931496
2063	2170	0	0	0	0	0	0	1658439932516
2048	2166	0	0	0	0	0	0	1658439933536
2032	2153	0	0	0	0	0	0	1658439934556
2018	2146	0	0	0	0	0	0	1658439935576
2009	2142	0	0	0	0	0	0	1658439936596
1994	2139	0	0	0	0	0	0	1658439937616
1985	2137	0	0	0	0	0	0	1658439938636
1979	2126	0	0	0	0	0	0	1658439939656
1965	2119	0	0	0	0	0	0	1658439940676
1956	2114	0	0	0	0	0	0	1658439941696
1951	2111	0	0	0	0	0	0	1658439942716
1945	2110	0	0	0	0	0	0	1658439943736
1933	2109	0	0	0	0	0	0	1658439944756
1925	2107	0	0	0	0	0	0	1658439945776
1920	2098	0	0	0	0	0	0	1658439946796
1917	2090	0	0	0	0	0	0	1658439947816
1915	2086	0	0	0	0	0	0	1658439948836
1906	2083	0	0	0	0	0	0	1658439949856
1898	2081	0	0	0	0	0	0	1658439950876
1893	2080	0	0	0	0	0	0	1658439951896
1890	2080	0	0	0	0	0	0	1658439952916
1888	2080	0	0	0	0	0	0	1658439953936
1887	2080	0	0	0	0	0	0	1658439954956
1883	2079	0	0	0	0	0	0	1658439955976
1874	2078	0	0	0	0	0	0	1658439956996
1868	2070	0	0	0	0	0	0	1658439958016
1864	2063	0	0	0	0	0	0	1658439959036
1862	2058	0	0	0	0	0	0	1658439960056
1861	2055	0	0	0	0	0	0	1658439961076
1860	2054	0	0	0	0	0	0	1658439962096
1859	2053	0	0	0	0	0	0	1658439963116
1858	2052	0	0	0	0	0	0	1658439964136
1854	2052	0	0	0	0	0	0	1658439965156
1846	2052	0	0	0	0	0	0	1658439966176
1840	2052	0	0	0	0	0	0	1658439967196
1836	2052	0	0	0	0	0	0	1658439968216
1834	2052	0	0	0	0	0	0	1658439969236
1832	2052	0	0	0	0	0	0	1658439970256
1831	2052	0	0	0	0	0	0	1658439971276
1831	2052	0	0	0	0	0	0	1658439972296
1831	2052	0	0	0	0	0	0	1658439973316
1831	2052	0	0	0	0	0	0	1658439974336
1831	2050	0	0	0	0	0	0	1658439975356
1830	2049	0	0	0	0	0	0	1658439976376
1825	2046	0	0	0	0	0	0	1658439977396
1818	2039	0	0	0	0	0	0	1658439978416
1812	2034	0	0	0	0	0	0	1658439979436
1808	2030	0	0	0	0	0	0	1658439980456
1806	2027	0	0	0	0	0	0	1658439981476
1805	2026	0	0	0	0	0	0	1658439982496
1804	2025	0	0	0	0	0	0	1658439983516
1803	2025	0	0	0	0	0	0	1658439984536
1803	2024	0	0	0	0	0	0	1658439985556
1802	2024	0	0	0	0	0	0	1658439986576
1802	2024	0	0	0	0	0	0	1658439987596
1802	2024	0	0	0	0	0	0	1658439988616
1799	2024	0	0	0	0	0	0	1658439989636
1794	2024	0	0	0	0	0	0	1658439990656
1787	2024	0	0	0	0	0	0	1658439991676
1783	2024	0	0	0	0	0	0	1658439992696
1779	2024	0	0	0	0	0	0	1658439993716
1777	2024	0	0	0	0	0	0	1658439994736
1776	2024	0	0	0	0	0	0	1658439995756
1775	2024	0	0	0	0	0	0	1658439996776
1775	2024	0	0	0	0	0	0	1658439997796
1774	2024	0	0	0	0	0	0	1658439998816
1774	2024	0	0	0	0	0	0	1658439999836
1774	2024	0	0	0	0	0	0	1658440000856
1774	2024	0	0	0	0	0	0	1658440001876
1775	2024	0	0	0	0	0	0	1658440002896
1773	2024	0	0	0	0	0	0	1658440003916
1771	2024	0	0	0	0	0	0	1658440004936
1766	2024	0	0	0	0	0	0	1658440005956
1760	2023	0	0	0	0	0	0	1658440006976
1755	2023	0	0	0	0	0	0	1658440007996
1752	2022	0	0	0	0	0	0	1658440009016
1750	2022	0	0	0	0	0	0	1658440010036
1748	2023	0	0	0	0	0	0	1658440011056
1747	2022	0	0	0	0	0	0	1658440012076
1747	2019	0	0	0	0	0	0	1658440013096
1747	2018	0	0	0	0	0	0	1658440014116
1747	2015	0	0	0	0	0	0	1658440015136
1747	2011	0	0	0	0	0	0	1658440016156
1747	2008	0	0	0	0	0	0	1658440017176
1747	2006	0	0	0	0	0	0	1658440018196
1747	2002	0	0	0	0	0	0	1658440019216
1746	2000	0	0	0	0	0	0	1658440020236
1746	1998	0	0	0	0	0	0	1658440021256
1746	1997	0	0	0	0	0	0	1658440022276
1746	1996	0	0	0	0	0	0	1658440023296
1745	1996	0	0	0	0	0	0	1658440024316
1743	1996	0	0	0	0	0	0	1658440025336
1739	1996	0	0	0	0	0	0	1658440026356
1733	1996	0	0	0	0	0	0	1658440027376
1728	1996	0	0	0	0	0	0	1658440028396
1724	1996	0	0	0	0	0	0	1658440029416
1722	1996	0	0	0	0	0	0	1658440030436
1720	1996	0	0	0	0	0	0	1658440031456
1719	1996	0	0	0	0	0	0	1658440032476
1719	1996	0	0	0	0	0	0	1658440033496
1719	1996	0	0	0	0	0	0	1658440034516
1719	1996	0	0	0	0	0	0	1658440035536
1719	1996	0	0	0	0	0	0	1658440036556
1719	1996	0	0	0	0	0	0	1658440037576
1719	1996	0	0	0	0	0	0	1658440038596
1719	1996	0	0	0	0	0	0	1658440039616
1719	1996	0	0	0	0	0	0	1658440040636
1718	1996	0	0	0	0	0	0	1658440041656
1718	1996	0	0	0	0	0	0	1658440042676
1718	1996	0	0	0	0	0	0	1658440043696
1717	1996	0	0	0	0	0	0	1658440044716
1713	1996	0	0	0	0	0	0	1658440045736
1709	1996	0	0	0	0	0	0	1658440046756
1703	1996	0	0	0	0	0	0	1658440047776
1698	1996	0	0	0	0	0	0	1658440048796
1695	1996	0	0	0	0	0	0	1658440049816
1693	1996	0	0	0	0	0	0	1658440050836
1692	1996	0	0	0	0	0	0	1658440051856
1691	1996	0	0	0	0	0	0	1658440052876
1691	1996	0	0	0	0	0	0	1658440053896
1691	1996	0	0	0	0	0	0	1658440054916
1691	1996	0	0	0	0	0	0	1658440055936
1691	1996	0	0	0	0	0	0	1658440056956
1691	1995	0	0	0	0	0	0	1658440057976
1691	1995	0	0	0	0	0	0	1658440058996
1691	1995	0	0	0	0	0	0	1658440060016
1691	1994	0	0	0	0	0	0	1658440061036
1691	1994	0	0	0	0	0	0	1658440062056
1691	1993	0	0	0	0	0	0	1658440063076
1690	1993	0	0	0	0	0	0	1658440064096
1686	1993	0	0	0	0	0	0	1658440065116
1683	1991	0	0	0	0	0	0	1658440066136
1679	1987	0	0	0	0	0	0	1658440067156
1673	1983	0	0	0	0	0	0	1658440068176
1669	1979	0	0	0	0	0	0	1658440069196
1667	1975	0	0	0	0	0	0	1658440070216
1665	1972	0	0	0	0	0	0	1658440071236
1664	1970	0	0	0	0	0	0	1658440072256
1663	1970	0	0	0	0	0	0	1658440073276
1663	1969	0	0	0	0	0	0	1658440074296
1663	1968	0	0	0	0	0	0	1658440075316
1663	1968	0	0	0	0	0	0	1658440076336
1663	1968	0	0	0	0	0	0	1658440077356
1663	1968	0	0	0	0	0	0	1658440078376
1663	1968	0	0	0	0	0	0	1658440079396
1663	1968	0	0	0	0	0	0	1658440080416
1663	1968	0	0	0	0	0	0	1658440081436
1663	1968	0	0	0	0	0	0	1658440082456
1663	1968	0	0	0	0	0	0	1658440083476
1663	1968	0	0	0	0	0	0	1658440084496
1663	1968	0	0	0	0	0	0	1658440085516
1663	1968	0	0	0	0	0	0	1658440086536
1662	1968	0	0	0	0	0	0	1658440087556
1659	1968	0	0	0	0	0	0	1658440088576
1655	1968	0	0	0	0	0	0	1658440089596
1648	1968	0	0	0	0	0	0	1658440090616
1643	1968	0	0	0	0	0	0	1658440091636
1640	1968	0	0	0	0	0	0	1658440092656
1639	1968	0	0	0	0	0	0	1658440093676
1637	1968	0	0	0	0	0	0	1658440094696
1636	1968	0	0	0	0	0	0	1658440095716
1635	1968	0	0	0	0	0	0	1658440096736
1635	1968	0	0	0	0	0	0	1658440097756
1635	1968	0	0	0	0	0	0	1658440098776
1635	1968	0	0	0	0	0	0	1658440099796
1635	1968	0	0	0	0	0	0	1658440100816
1635	1968	0	0	0	0	0	0	1658440101836
1635	1968	0	0	0	0	0	0	1658440102856
1635	1968	0	0	0	0	0	0	1658440103876
1635	1968	0	0	0	0	0	0	1658440104896
1635	1968	0	0	0	0	0	0	1658440105916
1635	1968	0	0	0	0	0	0	1658440106936
1635	1968	0	0	0	0	0	0	1658440107956
1635	1968	0	0	0	0	0	0	1658440108976
1635	1968	0	0	0	0	0	0	1658440109996
1634	1968	0	0	0	0	0	0	1658440111016
1632	1968	0	0	0	0	0	0	1658440112036
1629	1968	0	0	0	0	0	0	1658440113056
1626	1968	0	0	0	0	0	0	1658440114076
1622	1968	0	0	0	0	0	0	1658440115096
1618	1968	0	0	0	0	0	0	1658440116116
1614	1968	0	0	0	0	0	0	1658440117136
1611	1967	0	0	0	0	0	0	1658440118156
1609	1966	0	0	0	0	0	0	1658440119176
1608	1965	0	0	0	0	0	0	1658440120196
1608	1963	0	0	0	0	0	0	1658440121216
1608	1962	0	0	0	0	0	0	1658440122236
1608	1962	0	0	0	0	0	0	1658440123256
1608	1960	0	0	0	0	0	0	1658440124276
1607	1957	0	0	0	0	0	0	1658440125296
1607	1952	0	0	0	0	0	0	1658440126316
1607	1948	0	0	0	0	0	0	1658440127336
1607	1945	0	0	0	0	0	0	1658440128356
1607	1944	0	0	0	0	0	0	1658440129376
1607	1942	0	0	0	0	0	0	1658440130396
1607	1942	0	0	0	0	0	0	1658440131416
1607	1941	0	0	0	0	0	0	1658440132436
1607	1941	0	0	0	0	0	0	1658440133456
1607	1940	0	0	0	0	0	0	1658440134476
1607	1940	0	0	0	0	0	0	1658440135496
1607	1940	0	0	0	0	0	0	1658440136516
1607	1940	0	0	0	0	0	0	1658440137536
1606	1940	0	0	0	0	0	0	1658440138556
1605	1940	0	0	0	0	0	0	1658440139576
1601	1940	0	0	0	0	0	0	1658440140596
1600	1940	0	0	0	0	0	0	1658440141616
1594	1940	0	0	0	0	0	0	1658440142636
1591	1940	0	0	0	0	0	0	1658440143656
1588	1940	0	0	0	0	0	0	1658440144676
1587	1940	0	0	0	0	0	0	1658440145696
1584	1940	0	0	0	0	0	0	1658440146716
1582	1940	0	0	0	0	0	0	1658440147736
1581	1940	0	0	0	0	0	0	1658440148756
1580	1940	0	0	0	0	0	0	1658440149776
1580	1940	0	0	0	0	0	0	1658440150796
1580	1940	0	0	0	0	0	0	1658440151816
1580	1940	0	0	0	0	0	0	1658440152836
1579	1940	0	0	0	0	0	0	1658440153856
1579	1940	0	0	0	0	0	0	1658440154876
1579	1940	0	0	0	0	0	0	1658440155896
1579	1940	0	0	0	0	0	0	1658440156916
1579	1940	0	0	0	0	0	0	1658440157936
1579	1940	0	0	0	0	0	0	1658440158956
1579	1940	0	0	0	0	0	0	1658440159976
1579	1940	0	0	0	0	0	0	1658440160996
1579	1940	0	0	0	0	0	0	1658440162016
1579	1940	0	0	0	0	0	0	1658440163036
1579	1940	0	0	0	0	0	0	1658440164056
1579	1940	0	0	0	0	0	0	1658440165076
1579	1940	0	0	0	0	0	0	1658440166096
1579	1940	0	0	0	0	0	0	1658440167116
1579	1940	0	0	0	0	0	0	1658440168136
1579	1940	0	0	0	0	0	0	1658440169156
1579	1940	0	0	0	0	0	0	1658440170176
1579	1940	0	0	0	0	0	0	1658440171196
1579	1940	0	0	0	0	0	0	1658440172216
1579	1940	0	0	0	0	0	0	1658440173236
1579	1940	0	0	0	0	0	0	1658440174256
1579	1940	0	0	0	0	0	0	1658440175276
1579	1939	0	0	0	0	0	0	1658440176296
1578	1939	0	0	0	0	0	0	1658440177316
1575	1937	0	0	0	0	0	0	1658440178336
1572	1936	0	0	0	0	0	0	1658440179356
1568	1933	0	0	0	0	0	0	1658440180376
1564	1930	0	0	0	0	0	0	1658440181396
1560	1926	0	0	0	0	0	0	1658440182416
1557	1923	0	0	0	0	0	0	1658440183436
1555	1920	0	0	0	0	0	0	1658440184456
1553	1917	0	0	0	0	0	0	1658440185476
1552	1916	0	0	0	0	0	0	1658440186496
1552	1914	0	0	0	0	0	0	1658440187516
1552	1913	0	0	0	0	0	0	1658440188536
1552	1913	0	0	0	0	0	0	1658440189556
1552	1913	0	0	0	0	0	0	1658440190576
1552	1913	0	0	0	0	0	0	1658440191596
1552	1913	0	0	0	0	0	0	1658440192616
1552	1913	0	0	0	0	0	0	1658440193636
1552	1913	0	0	0	0	0	0	1658440194656
1552	1913	0	0	0	0	0	0	1658440195676
1551	1913	0	0	0	0	0	0	1658440196696
1551	1913	0	0	0	0	0	0	1658440197716
1551	1913	0	0	0	0	0	0	1658440198736
1551	1913	0	0	0	0	0	0	1658440199756
1551	1913	0	0	0	0	0	0	1658440200776
1551	1913	0	0	0	0	0	0	1658440201796
1551	1913	0	0	0	0	0	0	1658440202816
1551	1912	0	0	0	0	0	0	1658440203836
1551	1912	0	0	0	0	0	0	1658440204856
1551	1912	0	0	0	0	0	0	1658440205876
1551	1912	0	0	0	0	0	0	1658440206896
1551	1912	0	0	0	0	0	0	1658440207916
1551	1912	0	0	0	0	0	0	1658440208936
1551	1912	0	0	0	0	0	0	1658440209956
1551	1912	0	0	0	0	0	0	1658440210976
1551	1912	0	0	0	0	0	0	1658440211996
1550	1912	0	0	0	0	0	0	1658440213016
1549	1912	0	0	0	0	0	0	1658440214036
1548	1912	0	0	0	0	0	0	1658440215056
1547	1912	0	0	0	0	0	0	1658440216076
1545	1912	0	0	0	0	0	0	1658440217096
1540	1912	0	0	0	0	0	0	1658440218116
1536	1912	0	0	0	0	0	0	1658440219136
1534	1912	0	0	0	0	0	0	1658440220156
1532	1912	0	0	0	0	0	0	1658440221176
1529	1912	0	0	0	0	0	0	1658440222196
1527	1912	0	0	0	0	0	0	1658440223216
1525	1912	0	0	0	0	0	0	1658440224236
1525	1912	0	0	0	0	0	0	1658440225256
1524	1912	0	0	0	0	0	0	1658440226276
1524	1912	0	0	0	0	0	0	1658440227296
1524	1912	0	0	0	0	0	0	1658440228316
1536	11147	0	0	0	0	0	0	1658440229336
1531	7453	0	0	0	0	0	0	1658440230356
1528	5236	0	0	0	0	0	0	1658440231376
1526	3906	0	0	0	0	0	0	1658440232396
1525	3108	0	0	0	0	0	0	1658440233416
1524	2629	0	0	0	0	0	0	1658440234436
1524	2342	0	0	0	0	0	0	1658440235456
1523	2169	0	0	0	0	0	0	1658440236476
1523	2064	0	0	0	0	0	0	1658440237496
1523	2001	0	0	0	0	0	0	1658440238516
1523	1961	0	0	0	0	0	0	1658440239536
1523	1937	0	0	0	0	0	0	1658440240556
1523	1921	0	0	0	0	0	0	1658440241576
1523	1909	0	0	0	0	0	0	1658440242596
1523	1901	0	0	0	0	0	0	1658440243616
1523	1896	0	0	0	0	0	0	1658440244636
1523	1892	0	0	0	0	0	0	1658440245656
1523	1889	0	0	0	0	0	0	1658440246676
1523	1887	0	0	0	0	0	0	1658440247696
1523	1886	0	0	0	0	0	0	1658440248716
1523	1885	0	0	0	0	0	0	1658440249736
1523	1885	0	0	0	0	0	0	1658440250756
1523	1884	0	0	0	0	0	0	1658440251776
1523	1884	0	0	0	0	0	0	1658440252796
1523	1884	0	0	0	0	0	0	1658440253816
1523	1884	0	0	0	0	0	0	1658440254836
1523	1884	0	0	0	0	0	0	1658440255856
1523	1884	0	0	0	0	0	0	1658440256876
1523	1884	0	0	0	0	0	0	1658440257896
1523	1884	0	0	0	0	0	0	1658440258916
1523	1884	0	0	0	0	0	0	1658440259936
1523	1884	0	0	0	0	0	0	1658440260956
1523	1884	0	0	0	0	0	0	1658440261976
1522	1884	0	0	0	0	0	0	1658440262996
1520	1884	0	0	0	0	0	0	1658440264016
1518	1884	0	0	0	0	0	0	1658440265036
1513	1884	0	0	0	0	0	0	1658440266056
1511	1884	0	0	0	0	0	0	1658440267076
1507	1884	0	0	0	0	0	0	1658440268096
1505	1884	0	0	0	0	0	0	1658440269116
1503	1884	0	0	0	0	0	0	1658440270136
1502	1884	0	0	0	0	0	0	1658440271156
1500	1884	0	0	0	0	0	0	1658440272176
1499	1884	0	0	0	0	0	0	1658440273196
1498	1884	0	0	0	0	0	0	1658440274216
1497	1884	0	0	0	0	0	0	1658440275236
1496	1884	0	0	0	0	0	0	1658440276256
1496	1884	0	0	0	0	0	0	1658440277276
1496	1884	0	0	0	0	0	0	1658440278296
1496	1884	0	0	0	0	0	0	1658440279316
1496	1884	0	0	0	0	0	0	1658440280336
1496	1884	0	0	0	0	0	0	1658440281356
1496	1884	0	0	0	0	0	0	1658440282376
1496	1884	0	0	0	0	0	0	1658440283396
1496	1884	0	0	0	0	0	0	1658440284416
1496	1884	0	0	0	0	0	0	1658440285436
1496	1884	0	0	0	0	0	0	1658440286456
1496	1884	0	0	0	0	0	0	1658440287476
1496	1884	0	0	0	0	0	0	1658440288496
1496	1884	0	0	0	0	0	0	1658440289516
1496	1884	0	0	0	0	0	0	1658440290536
1495	1884	0	0	0	0	0	0	1658440291556
1495	1884	0	0	0	0	0	0	1658440292576
1495	1884	0	0	0	0	0	0	1658440293596
1495	1884	0	0	0	0	0	0	1658440294616
1495	1884	0	0	0	0	0	0	1658440295636
1495	1883	0	0	0	0	0	0	1658440296656
1495	1884	0	0	0	0	0	0	1658440297676
1495	1884	0	0	0	0	0	0	1658440298696
1495	1884	0	0	0	0	0	0	1658440299716
1495	1884	0	0	0	0	0	0	1658440300736
1495	1884	0	0	0	0	0	0	1658440301756
1495	1883	0	0	0	0	0	0	1658440302776
1495	1883	0	0	0	0	0	0	1658440303796
1495	1882	0	0	0	0	0	0	1658440304816
1495	1882	0	0	0	0	0	0	1658440305836
1495	1882	0	0	0	0	0	0	1658440306856
1495	1881	0	0	0	0	0	0	1658440307876
1495	1879	0	0	0	0	0	0	1658440308896
1495	1878	0	0	0	0	0	0	1658440309916
1495	1878	0	0	0	0	0	0	1658440310936
1495	1877	0	0	0	0	0	0	1658440311956
1495	1875	0	0	0	0	0	0	1658440312976
1495	1873	0	0	0	0	0	0	1658440313996
1495	1871	0	0	0	0	0	0	1658440315016
1495	1867	0	0	0	0	0	0	1658440316036
1494	1865	0	0	0	0	0	0	1658440317056
1494	1863	0	0	0	0	0	0	1658440318076
1494	1862	0	0	0	0	0	0	1658440319096
1494	1860	0	0	0	0	0	0	1658440320116
1494	1859	0	0	0	0	0	0	1658440321136
1492	1859	0	0	0	0	0	0	1658440322156
1488	1858	0	0	0	0	0	0	1658440323176
1486	1857	0	0	0	0	0	0	1658440324196
1483	1857	0	0	0	0	0	0	1658440325216
1481	1857	0	0	0	0	0	0	1658440326236
1478	1857	0	0	0	0	0	0	1658440327256
1475	1857	0	0	0	0	0	0	1658440328276
1472	1857	0	0	0	0	0	0	1658440329296
1471	1857	0	0	0	0	0	0	1658440330316
1471	1857	0	0	0	0	0	0	1658440331336
1470	1857	0	0	0	0	0	0	1658440332356
1470	1857	0	0	0	0	0	0	1658440333376
1469	1857	0	0	0	0	0	0	1658440334396
1468	1857	0	0	0	0	0	0	1658440335416
1468	1857	0	0	0	0	0	0	1658440336436
1468	1857	0	0	0	0	0	0	1658440337456
1468	1857	0	0	0	0	0	0	1658440338476
1468	1857	0	0	0	0	0	0	1658440339496
1468	1857	0	0	0	0	0	0	1658440340516
1468	1857	0	0	0	0	0	0	1658440341536
1468	1857	0	0	0	0	0	0	1658440342556
1468	1857	0	0	0	0	0	0	1658440343576
1468	1857	0	0	0	0	0	0	1658440344596
1468	1857	0	0	0	0	0	0	1658440345616
1470	1857	0	0	0	0	0	0	1658440346636
1470	1857	0	0	0	0	0	0	1658440347656
1469	1857	0	0	0	0	0	0	1658440348676
1469	1857	0	0	0	0	0	0	1658440349696
1468	1857	0	0	0	0	0	0	1658440350716
1468	1857	0	0	0	0	0	0	1658440351736
1468	1857	0	0	0	0	0	0	1658440352756
1468	1857	0	0	0	0	0	0	1658440353776
1468	1857	0	0	0	0	0	0	1658440354796
1468	1857	0	0	0	0	0	0	1658440355816
1468	1857	0	0	0	0	0	0	1658440356836
1468	1857	0	0	0	0	0	0	1658440357856
1468	1857	0	0	0	0	0	0	1658440358876
1467	1857	0	0	0	0	0	0	1658440359896
1467	1857	0	0	0	0	0	0	1658440360916
1467	1857	0	0	0	0	0	0	1658440361936
1467	1857	0	0	0	0	0	0	1658440362956
1467	1857	0	0	0	0	0	0	1658440363976
1467	1857	0	0	0	0	0	0	1658440364996
1467	1857	0	0	0	0	0	0	1658440366016
1467	1857	0	0	0	0	0	0	1658440367036
1467	1857	0	0	0	0	0	0	1658440368056
1467	1857	0	0	0	0	0	0	1658440369076
1467	1857	0	0	0	0	0	0	1658440370096
1467	1857	0	0	0	0	0	0	1658440371116
1467	1857	0	0	0	0	0	0	1658440372136
1467	1857	0	0	0	0	0	0	1658440373156
1467	1857	0	0	0	0	0	0	1658440374176
1467	1857	0	0	0	0	0	0	1658440375196
1467	1857	0	0	0	0	0	0	1658440376216
1467	1857	0	0	0	0	0	0	1658440377236
1467	1857	0	0	0	0	0	0	1658440378256
1467	1857	0	0	0	0	0	0	1658440379276
1467	1857	0	0	0	0	0	0	1658440380296
1467	1857	0	0	0	0	0	0	1658440381316
1467	1857	0	0	0	0	0	0	1658440382336
1467	1856	0	0	0	0	0	0	1658440383356
1467	1856	0	0	0	0	0	0	1658440384376
1467	1856	0	0	0	0	0	0	1658440385396
1467	1856	0	0	0	0	0	0	1658440386416
1467	1856	0	0	0	0	0	0	1658440387436
1467	1856	0	0	0	0	0	0	1658440388456
1467	1856	0	0	0	0	0	0	1658440389476
1467	1856	0	0	0	0	0	0	1658440390496
1467	1856	0	0	0	0	0	0	1658440391516
1467	1856	0	0	0	0	0	0	1658440392536
1467	1855	0	0	0	0	0	0	1658440393556
1467	1853	0	0	0	0	0	0	1658440394576
1467	1853	0	0	0	0	0	0	1658440395596
1467	1853	0	0	0	0	0	0	1658440396616
1467	1852	0	0	0	0	0	0	1658440397636
1467	1852	0	0	0	0	0	0	1658440398656
1467	1850	0	0	0	0	0	0	1658440399676
1467	1849	0	0	0	0	0	0	1658440400696
1467	1844	0	0	0	0	0	0	1658440401716
1467	1843	0	0	0	0	0	0	1658440402736
1467	1842	0	0	0	0	0	0	1658440403756
1467	1840	0	0	0	0	0	0	1658440404776
1467	1838	0	0	0	0	0	0	1658440405796
1467	1835	0	0	0	0	0	0	1658440406816
1467	1833	0	0	0	0	0	0	1658440407836
1467	1831	0	0	0	0	0	0	1658440408856
1465	1830	0	0	0	0	0	0	1658440409876
1465	1829	0	0	0	0	0	0	1658440410896
1464	1829	0	0	0	0	0	0	1658440411916
1462	1829	0	0	0	0	0	0	1658440412936
1461	1829	0	0	0	0	0	0	1658440413956
1460	1829	0	0	0	0	0	0	1658440414976
1458	1829	0	0	0	0	0	0	1658440415996
1455	1829	0	0	0	0	0	0	1658440417016
1454	1829	0	0	0	0	0	0	1658440418036
1452	1829	0	0	0	0	0	0	1658440419056
1450	1829	0	0	0	0	0	0	1658440420076
1446	1829	0	0	0	0	0	0	1658440421096
1445	1828	0	0	0	0	0	0	1658440422116
1444	1828	0	0	0	0	0	0	1658440423136
1443	1828	0	0	0	0	0	0	1658440424156
1442	1828	0	0	0	0	0	0	1658440425176
1442	1828	0	0	0	0	0	0	1658440426196
1441	1828	0	0	0	0	0	0	1658440427216
1441	1828	0	0	0	0	0	0	1658440428236
1441	1828	0	0	0	0	0	0	1658440429256
1440	1828	0	0	0	0	0	0	1658440430276
1440	1828	0	0	0	0	0	0	1658440431296
1440	1828	0	0	0	0	0	0	1658440432316
1440	1828	0	0	0	0	0	0	1658440433336
1440	1828	0	0	0	0	0	0	1658440434356
1440	1828	0	0	0	0	0	0	1658440435376
1440	1828	0	0	0	0	0	0	1658440436396
1440	1828	0	0	0	0	0	0	1658440437416
1440	1828	0	0	0	0	0	0	1658440438436
1440	1828	0	0	0	0	0	0	1658440439456
1440	1828	0	0	0	0	0	0	1658440440476
1440	1828	0	0	0	0	0	0	1658440441496
1440	1828	0	0	0	0	0	0	1658440442516
1440	1828	0	0	0	0	0	0	1658440443536
1440	1828	0	0	0	0	0	0	1658440444556
1440	1828	0	0	0	0	0	0	1658440445576
1440	1828	0	0	0	0	0	0	1658440446596
1440	1828	0	0	0	0	0	0	1658440447616
1440	1828	0	0	0	0	0	0	1658440448636
1440	1828	0	0	0	0	0	0	1658440449656
1440	1828	0	0	0	0	0	0	1658440450676
1440	1828	0	0	0	0	0	0	1658440451696
1440	1828	0	0	0	0	0	0	1658440452716
1440	1828	0	0	0	0	0	0	1658440453736
1440	1828	0	0	0	0	0	0	1658440454756
1440	1828	0	0	0	0	0	0	1658440455776
1440	1828	0	0	0	0	0	0	1658440456796
1440	1828	0	0	0	0	0	0	1658440457816
1440	1828	0	0	0	0	0	0	1658440458836
1440	1828	0	0	0	0	0	0	1658440459856
1439	1828	0	0	0	0	0	0	1658440460876
1439	1828	0	0	0	0	0	0	1658440461896
1439	1828	0	0	0	0	0	0	1658440462916
1439	1828	0	0	0	0	0	0	1658440463936
1439	1828	0	0	0	0	0	0	1658440464956
1439	1828	0	0	0	0	0	0	1658440465976
1439	1828	0	0	0	0	0	0	1658440466996
1439	1828	0	0	0	0	0	0	1658440468016
1439	1828	0	0	0	0	0	0	1658440469036
1439	1828	0	0	0	0	0	0	1658440470056
1439	1828	0	0	0	0	0	0	1658440471076
1439	1828	0	0	0	0	0	0	1658440472096
1439	1828	0	0	0	0	0	0	1658440473116
1439	1828	0	0	0	0	0	0	1658440474136
1439	1828	0	0	0	0	0	0	1658440475156
1439	1828	0	0	0	0	0	0	1658440476176
1439	1828	0	0	0	0	0	0	1658440477196
1439	1828	0	0	0	0	0	0	1658440478216
1439	1828	0	0	0	0	0	0	1658440479236
1439	1828	0	0	0	0	0	0	1658440480256
1439	1828	0	0	0	0	0	0	1658440481276
1439	1828	0	0	0	0	0	0	1658440482296
1439	1828	0	0	0	0	0	0	1658440483316
1439	1828	0	0	0	0	0	0	1658440484336
1439	1828	0	0	0	0	0	0	1658440485356
1439	1828	0	0	0	0	0	0	1658440486376
1439	1829	0	0	0	0	0	0	1658440487396
1439	1829	0	0	0	0	0	0	1658440488416
1439	1829	0	0	0	0	0	0	1658440489436
1439	1829	0	0	0	0	0	0	1658440490456
1439	1829	0	0	0	0	0	0	1658440491476
1438	1829	0	0	0	0	0	0	1658440492496
1438	1829	0	0	0	0	0	0	1658440493516
1438	1828	0	0	0	0	0	0	1658440494536
1437	1828	0	0	0	0	0	0	1658440495556
1435	1828	0	0	0	0	0	0	1658440496576
1431	1828	0	0	0	0	0	0	1658440497596
1429	1828	0	0	0	0	0	0	1658440498616
1427	1828	0	0	0	0	0	0	1658440499636
1425	1828	0	0	0	0	0	0	1658440500656
1424	1828	0	0	0	0	0	0	1658440501676
1423	1826	0	0	0	0	0	0	1658440502696
1421	1826	0	0	0	0	0	0	1658440503716
1419	1825	0	0	0	0	0	0	1658440504736
1417	1824	0	0	0	0	0	0	1658440505756
1416	1823	0	0	0	0	0	0	1658440506776
1415	1822	0	0	0	0	0	0	1658440507796
1414	1822	0	0	0	0	0	0	1658440508816
1413	1823	0	0	0	0	0	0	1658440509836
1413	1823	0	0	0	0	0	0	1658440510856
1412	1821	0	0	0	0	0	0	1658440511876
1412	1820	0	0	0	0	0	0	1658440512896
1412	1819	0	0	0	0	0	0	1658440513916
1412	1816	0	0	0	0	0	0	1658440514936
1412	1812	0	0	0	0	0	0	1658440515956
1412	1810	0	0	0	0	0	0	1658440516976
1412	1810	0	0	0	0	0	0	1658440517996
1411	1809	0	0	0	0	0	0	1658440519016
1411	1807	0	0	0	0	0	0	1658440520036
1411	1806	0	0	0	0	0	0	1658440521056
1411	1805	0	0	0	0	0	0	1658440522076
1411	1803	0	0	0	0	0	0	1658440523096
1411	1803	0	0	0	0	0	0	1658440524116
1411	1802	0	0	0	0	0	0	1658440525136
1412	1801	0	0	0	0	0	0	1658440526156
1411	1801	0	0	0	0	0	0	1658440527176
1411	1801	0	0	0	0	0	0	1658440528196
1411	1801	0	0	0	0	0	0	1658440529216
1411	1801	0	0	0	0	0	0	1658440530236
1411	1801	0	0	0	0	0	0	1658440531256
1411	1801	0	0	0	0	0	0	1658440532276
1411	1801	0	0	0	0	0	0	1658440533296
1411	1801	0	0	0	0	0	0	1658440534316
1411	1801	0	0	0	0	0	0	1658440535336
1411	1801	0	0	0	0	0	0	1658440536356
1411	1801	0	0	0	0	0	0	1658440537376
1411	1801	0	0	0	0	0	0	1658440538396
1411	1801	0	0	0	0	0	0	1658440539416
1411	1801	0	0	0	0	0	0	1658440540436
1411	1801	0	0	0	0	0	0	1658440541456
1411	1801	0	0	0	0	0	0	1658440542476
1411	1801	0	0	0	0	0	0	1658440543496
1411	1801	0	0	0	0	0	0	1658440544516
1411	1801	0	0	0	0	0	0	1658440545536
1411	1801	0	0	0	0	0	0	1658440546556
1411	1801	0	0	0	0	0	0	1658440547576
1411	1801	0	0	0	0	0	0	1658440548596
1411	1801	0	0	0	0	0	0	1658440549616
1411	1801	0	0	0	0	0	0	1658440550636
1411	1801	0	0	0	0	0	0	1658440551656
1411	1801	0	0	0	0	0	0	1658440552676
1411	1801	0	0	0	0	0	0	1658440553696
1411	1800	0	0	0	0	0	0	1658440554716
1411	1800	0	0	0	0	0	0	1658440555736
1411	1800	0	0	0	0	0	0	1658440556756
1411	1800	0	0	0	0	0	0	1658440557776
1411	1800	0	0	0	0	0	0	1658440558796
1411	1800	0	0	0	0	0	0	1658440559816
1411	1800	0	0	0	0	0	0	1658440560836
1411	1800	0	0	0	0	0	0	1658440561856
1411	1800	0	0	0	0	0	0	1658440562876
1411	1800	0	0	0	0	0	0	1658440563896
1411	1800	0	0	0	0	0	0	1658440564916
1411	1800	0	0	0	0	0	0	1658440565936
1411	1800	0	0	0	0	0	0	1658440566956
1411	1800	0	0	0	0	0	0	1658440567976
1411	1800	0	0	0	0	0	0	1658440568996
1411	1800	0	0	0	0	0	0	1658440570016
1411	1800	0	0	0	0	0	0	1658440571036
1411	1800	0	0	0	0	0	0	1658440572056
1411	1800	0	0	0	0	0	0	1658440573076
1411	1800	0	0	0	0	0	0	1658440574096
1411	1800	0	0	0	0	0	0	1658440575116
1411	1800	0	0	0	0	0	0	1658440576136
1411	1800	0	0	0	0	0	0	1658440577156
1411	1800	0	0	0	0	0	0	1658440578176
1411	1800	0	0	0	0	0	0	1658440579196
1411	1800	0	0	0	0	0	0	1658440580216
1411	1800	0	0	0	0	0	0	1658440581236
1411	1800	0	0	0	0	0	0	1658440582256
1411	1800	0	0	0	0	0	0	1658440583276
1411	1800	0	0	0	0	0	0	1658440584296
1411	1800	0	0	0	0	0	0	1658440585316
1411	1800	0	0	0	0	0	0	1658440586336
1411	1800	0	0	0	0	0	0	1658440587356
1411	1800	0	0	0	0	0	0	1658440588376
1410	1800	0	0	0	0	0	0	1658440589396
1409	1800	0	0	0	0	0	0	1658440590416
1408	1800	0	0	0	0	0	0	1658440591436
1409	1800	0	0	0	0	0	0	1658440592456
1409	1800	0	0	0	0	0	0	1658440593476
1409	1800	0	0	0	0	0	0	1658440594496
1409	1800	0	0	0	0	0	0	1658440595516
1408	1800	0	0	0	0	0	0	1658440596536
1409	1800	0	0	0	0	0	0	1658440597556
1408	1800	0	0	0	0	0	0	1658440598576
1408	1800	0	0	0	0	0	0	1658440599596
1405	1800	0	0	0	0	0	0	1658440600616
1404	1800	0	0	0	0	0	0	1658440601636
1404	1800	0	0	0	0	0	0	1658440602656
1405	1800	0	0	0	0	0	0	1658440603676
1402	1800	0	0	0	0	0	0	1658440604696
1400	1800	0	0	0	0	0	0	1658440605716
1397	1800	0	0	0	0	0	0	1658440606736
1393	1800	0	0	0	0	0	0	1658440607756
1391	1800	0	0	0	0	0	0	1658440608776
1388	1800	0	0	0	0	0	0	1658440609796
1387	1800	0	0	0	0	0	0	1658440610816
1387	1800	0	0	0	0	0	0	1658440611836
1387	1800	0	0	0	0	0	0	1658440612856
1387	1800	0	0	0	0	0	0	1658440613876
1388	1800	0	0	0	0	0	0	1658440614896
1387	1800	0	0	0	0	0	0	1658440615916
1386	1800	0	0	0	0	0	0	1658440616936
1387	1800	0	0	0	0	0	0	1658440617956
1387	1800	0	0	0	0	0	0	1658440618976
1386	1800	0	0	0	0	0	0	1658440619996
1385	1800	0	0	0	0	0	0	1658440621016
1385	1800	0	0	0	0	0	0	1658440622036
1385	1800	0	0	0	0	0	0	1658440623056
1385	1800	0	0	0	0	0	0	1658440624076
1385	1800	0	0	0	0	0	0	1658440625096
1385	1800	0	0	0	0	0	0	1658440626116
1385	1800	0	0	0	0	0	0	1658440627136
1385	1800	0	0	0	0	0	0	1658440628156
1385	1800	0	0	0	0	0	0	1658440629176
1384	1800	0	0	0	0	0	0	1658440630196
1384	1800	0	0	0	0	0	0	1658440631216
1384	1800	0	0	0	0	0	0	1658440632236
1384	1800	0	0	0	0	0	0	1658440633256
1384	1800	0	0	0	0	0	0	1658440634276
1384	1800	0	0	0	0	0	0	1658440635296
1384	1800	0	0	0	0	0	0	1658440636316
1384	1799	0	0	0	0	0	0	1658440637336
1384	1799	0	0	0	0	0	0	1658440638356
1384	1798	0	0	0	0	0	0	1658440639376
1384	1798	0	0	0	0	0	0	1658440640396
1384	1799	0	0	0	0	0	0	1658440641416
1384	1798	0	0	0	0	0	0	1658440642436
1384	1796	0	0	0	0	0	0	1658440643456
1384	1796	0	0	0	0	0	0	1658440644476
1384	1795	0	0	0	0	0	0	1658440645496
1384	1794	0	0	0	0	0	0	1658440646516
1384	1792	0	0	0	0	0	0	1658440647536
1384	1792	0	0	0	0	0	0	1658440648556
1384	1790	0	0	0	0	0	0	1658440649576
1384	1790	0	0	0	0	0	0	1658440650596
1384	1788	0	0	0	0	0	0	1658440651616
1384	1788	0	0	0	0	0	0	1658440652636
1384	1785	0	0	0	0	0	0	1658440653656
1384	1783	0	0	0	0	0	0	1658440654676
1384	1781	0	0	0	0	0	0	1658440655696
1384	1780	0	0	0	0	0	0	1658440656716
1384	1779	0	0	0	0	0	0	1658440657736
1384	1779	0	0	0	0	0	0	1658440658756
1384	1778	0	0	0	0	0	0	1658440659776
1384	1776	0	0	0	0	0	0	1658440660796
1384	1777	0	0	0	0	0	0	1658440661816
1384	1776	0	0	0	0	0	0	1658440662836
1384	1775	0	0	0	0	0	0	1658440663856
1384	1774	0	0	0	0	0	0	1658440664876
1384	1773	0	0	0	0	0	0	1658440665896
1384	1773	0	0	0	0	0	0	1658440666916
1384	1773	0	0	0	0	0	0	1658440667936
1384	1773	0	0	0	0	0	0	1658440668956
1384	1773	0	0	0	0	0	0	1658440669976
1384	1773	0	0	0	0	0	0	1658440670996
1384	1773	0	0	0	0	0	0	1658440672016
1384	1773	0	0	0	0	0	0	1658440673036
1384	1773	0	0	0	0	0	0	1658440674056
1384	1773	0	0	0	0	0	0	1658440675076
1384	1773	0	0	0	0	0	0	1658440676096
1384	1773	0	0	0	0	0	0	1658440677116
1384	1773	0	0	0	0	0	0	1658440678136
1384	1773	0	0	0	0	0	0	1658440679156
1384	1773	0	0	0	0	0	0	1658440680176
1384	1773	0	0	0	0	0	0	1658440681196
1384	1773	0	0	0	0	0	0	1658440682216
1384	1773	0	0	0	0	0	0	1658440683236
1384	1773	0	0	0	0	0	0	1658440684256
1384	1773	0	0	0	0	0	0	1658440685276
1384	1773	0	0	0	0	0	0	1658440686296
1384	1773	0	0	0	0	0	0	1658440687316
1384	1773	0	0	0	0	0	0	1658440688336
1384	1773	0	0	0	0	0	0	1658440689356
1384	1773	0	0	0	0	0	0	1658440690376
1384	1773	0	0	0	0	0	0	1658440691396
1384	1773	0	0	0	0	0	0	1658440692416
1384	1773	0	0	0	0	0	0	1658440693436
1384	1773	0	0	0	0	0	0	1658440694456
1384	1773	0	0	0	0	0	0	1658440695476
1384	1773	0	0	0	0	0	0	1658440696496
1384	1773	0	0	0	0	0	0	1658440697516
1384	1773	0	0	0	0	0	0	1658440698536
1384	1773	0	0	0	0	0	0	1658440699556
1384	1773	0	0	0	0	0	0	1658440700576
1384	1773	0	0	0	0	0	0	1658440701596
1384	1773	0	0	0	0	0	0	1658440702616
1384	1773	0	0	0	0	0	0	1658440703636
1384	1773	0	0	0	0	0	0	1658440704656
1384	1773	0	0	0	0	0	0	1658440705676
1384	1773	0	0	0	0	0	0	1658440706696
1384	1773	0	0	0	0	0	0	1658440707716
1384	1773	0	0	0	0	0	0	1658440708736
1384	1773	0	0	0	0	0	0	1658440709756
1384	1773	0	0	0	0	0	0	1658440710776
1384	1773	0	0	0	0	0	0	1658440711796
1384	1773	0	0	0	0	0	0	1658440712816
1384	1773	0	0	0	0	0	0	1658440713836
1384	1773	0	0	0	0	0	0	1658440714856
1384	1773	0	0	0	0	0	0	1658440715876
1384	1773	0	0	0	0	0	0	1658440716896
1384	1773	0	0	0	0	0	0	1658440717916
1384	1773	0	0	0	0	0	0	1658440718936
1384	1773	0	0	0	0	0	0	1658440719956
1384	1773	0	0	0	0	0	0	1658440720976
1384	1773	0	0	0	0	0	0	1658440721996
1384	1773	0	0	0	0	0	0	1658440723016
1384	1773	0	0	0	0	0	0	1658440724036
1384	1773	0	0	0	0	0	0	1658440725056
1384	1773	0	0	0	0	0	0	1658440726076
1384	1773	0	0	0	0	0	0	1658440727096
1384	1773	0	0	0	0	0	0	1658440728116
1384	1773	0	0	0	0	0	0	1658440729136
1384	1773	0	0	0	0	0	0	1658440730156
1384	1773	0	0	0	0	0	0	1658440731176
1384	1773	0	0	0	0	0	0	1658440732196
1384	1773	0	0	0	0	0	0	1658440733216
1383	1773	0	0	0	0	0	0	1658440734236
1383	1773	0	0	0	0	0	0	1658440735256
1383	1773	0	0	0	0	0	0	1658440736276
1383	1773	0	0	0	0	0	0	1658440737296
1382	1773	0	0	0	0	0	0	1658440738316
1381	1773	0	0	0	0	0	0	1658440739336
1380	1773	0	0	0	0	0	0	1658440740356
1380	1773	0	0	0	0	0	0	1658440741376
1380	1773	0	0	0	0	0	0	1658440742396
1379	1773	0	0	0	0	0	0	1658440743416
1377	1773	0	0	0	0	0	0	1658440744436
1375	1773	0	0	0	0	0	0	1658440745456
1373	1773	0	0	0	0	0	0	1658440746476
1373	1773	0	0	0	0	0	0	1658440747496
1373	1773	0	0	0	0	0	0	1658440748516
1371	1773	0	0	0	0	0	0	1658440749536
1368	1773	0	0	0	0	0	0	1658440750556
1368	1773	0	0	0	0	0	0	1658440751576
1368	1773	0	0	0	0	0	0	1658440752596
1368	1773	0	0	0	0	0	0	1658440753616
1368	1773	0	0	0	0	0	0	1658440754636
1367	1773	0	0	0	0	0	0	1658440755656
1367	1773	0	0	0	0	0	0	1658440756676
1365	1773	0	0	0	0	0	0	1658440757696
1362	1773	0	0	0	0	0	0	1658440758716
1360	1773	0	0	0	0	0	0	1658440759736
1359	1773	0	0	0	0	0	0	1658440760756
1359	1773	0	0	0	0	0	0	1658440761776
1358	1773	0	0	0	0	0	0	1658440762796
1357	1773	0	0	0	0	0	0	1658440763816
1357	1773	0	0	0	0	0	0	1658440764836
1356	1773	0	0	0	0	0	0	1658440765856
1356	1773	0	0	0	0	0	0	1658440766876
1356	1773	0	0	0	0	0	0	1658440767896
1356	1773	0	0	0	0	0	0	1658440768916
1356	1773	0	0	0	0	0	0	1658440769936
1356	1773	0	0	0	0	0	0	1658440770956
1356	1773	0	0	0	0	0	0	1658440771976
1356	1773	0	0	0	0	0	0	1658440772996
1356	1773	0	0	0	0	0	0	1658440774016
1356	1773	0	0	0	0	0	0	1658440775036
1356	1773	0	0	0	0	0	0	1658440776056
1356	1773	0	0	0	0	0	0	1658440777076
1356	1773	0	0	0	0	0	0	1658440778096
1356	1773	0	0	0	0	0	0	1658440779116
1356	1773	0	0	0	0	0	0	1658440780136
1356	1773	0	0	0	0	0	0	1658440781156
1356	1773	0	0	0	0	0	0	1658440782176
1356	1773	0	0	0	0	0	0	1658440783196
1356	1773	0	0	0	0	0	0	1658440784216
1356	1773	0	0	0	0	0	0	1658440785236
1356	1773	0	0	0	0	0	0	1658440786256
1356	1773	0	0	0	0	0	0	1658440787276
1356	1772	0	0	0	0	0	0	1658440788296
1356	1773	0	0	0	0	0	0	1658440789316
1356	1773	0	0	0	0	0	0	1658440790336
1356	1773	0	0	0	0	0	0	1658440791356
1356	1773	0	0	0	0	0	0	1658440792376
1356	1773	0	0	0	0	0	0	1658440793396
1356	1773	0	0	0	0	0	0	1658440794416
1356	1773	0	0	0	0	0	0	1658440795436
1356	1773	0	0	0	0	0	0	1658440796456
1356	1773	0	0	0	0	0	0	1658440797476
1356	1773	0	0	0	0	0	0	1658440798496
1356	1773	0	0	0	0	0	0	1658440799516
1356	1773	0	0	0	0	0	0	1658440800536
1356	1773	0	0	0	0	0	0	1658440801556
1356	1773	0	0	0	0	0	0	1658440802576
1356	1773	0	0	0	0	0	0	1658440803596
1356	1773	0	0	0	0	0	0	1658440804616
1356	1773	0	0	0	0	0	0	1658440805636
1356	1773	0	0	0	0	0	0	1658440806656
1356	1773	0	0	0	0	0	0	1658440807676
1356	1773	0	0	0	0	0	0	1658440808696
1356	1773	0	0	0	0	0	0	1658440809716
1356	1773	0	0	0	0	0	0	1658440810736
1356	1773	0	0	0	0	0	0	1658440811756
1356	1773	0	0	0	0	0	0	1658440812776
1356	1773	0	0	0	0	0	0	1658440813796
1356	1773	0	0	0	0	0	0	1658440814816
1356	1773	0	0	0	0	0	0	1658440815836
1356	1773	0	0	0	0	0	0	1658440816856
1356	1773	0	0	0	0	0	0	1658440817876
1356	1773	0	0	0	0	0	0	1658440818896
1356	1773	0	0	0	0	0	0	1658440819916
1356	1773	0	0	0	0	0	0	1658440820936
1356	1773	0	0	0	0	0	0	1658440821956
1356	1773	0	0	0	0	0	0	1658440822976
1356	1773	0	0	0	0	0	0	1658440823996
1356	1773	0	0	0	0	0	0	1658440825016
1356	1773	0	0	0	0	0	0	1658440826036
1356	1773	0	0	0	0	0	0	1658440827056
1356	1773	0	0	0	0	0	0	1658440828076
1356	1773	0	0	0	0	0	0	1658440829096
1356	1773	0	0	0	0	0	0	1658440830116
1356	1773	0	0	0	0	0	0	1658440831136
1356	1773	0	0	0	0	0	0	1658440832156
1356	1773	0	0	0	0	0	0	1658440833176
1356	1773	0	0	0	0	0	0	1658440834196
1356	1773	0	0	0	0	0	0	1658440835216
1356	1773	0	0	0	0	0	0	1658440836236
1356	1773	0	0	0	0	0	0	1658440837256
1356	1773	0	0	0	0	0	0	1658440838276
1356	1773	0	0	0	0	0	0	1658440839296
1356	1773	0	0	0	0	0	0	1658440840316
1356	1773	0	0	0	0	0	0	1658440841336
1356	1773	0	0	0	0	0	0	1658440842356
1356	1773	0	0	0	0	0	0	1658440843376
1356	1773	0	0	0	0	0	0	1658440844396
1356	1773	0	0	0	0	0	0	1658440845416
1356	1773	0	0	0	0	0	0	1658440846436
1356	1773	0	0	0	0	0	0	1658440847456
1356	1773	0	0	0	0	0	0	1658440848476
1356	1773	0	0	0	0	0	0	1658440849496
1356	1773	0	0	0	0	0	0	1658440850516
1356	1773	0	0	0	0	0	0	1658440851536
1356	1773	0	0	0	0	0	0	1658440852556
1356	1773	0	0	0	0	0	0	1658440853576
1356	1773	0	0	0	0	0	0	1658440854596
1356	1773	0	0	0	0	0	0	1658440855616
1356	1773	0	0	0	0	0	0	1658440856636
1356	1773	0	0	0	0	0	0	1658440857656
1356	1773	0	0	0	0	0	0	1658440858676
1356	1773	0	0	0	0	0	0	1658440859696
1356	1773	0	0	0	0	0	0	1658440860716
1356	1773	0	0	0	0	0	0	1658440861736
1355	1773	0	0	0	0	0	0	1658440862756
1354	1773	0	0	0	0	0	0	1658440863776
1352	1773	0	0	0	0	0	0	1658440864796
1348	1773	0	0	0	0	0	0	1658440865816
1347	1773	0	0	0	0	0	0	1658440866836
1346	1773	0	0	0	0	0	0	1658440867856
1345	1773	0	0	0	0	0	0	1658440868876
1342	1773	0	0	0	0	0	0	1658440869896
1339	1773	0	0	0	0	0	0	1658440870916
1338	1773	0	0	0	0	0	0	1658440871936
1336	1773	0	0	0	0	0	0	1658440872956
1334	1772	0	0	0	0	0	0	1658440873976
1332	1771	0	0	0	0	0	0	1658440874996
1331	1770	0	0	0	0	0	0	1658440876016
1330	1769	0	0	0	0	0	0	1658440877036
1329	1765	0	0	0	0	0	0	1658440878056
1328	1762	0	0	0	0	0	0	1658440879076
1328	1757	0	0	0	0	0	0	1658440880096
1328	1753	0	0	0	0	0	0	1658440881116
1328	1752	0	0	0	0	0	0	1658440882136
1328	1750	0	0	0	0	0	0	1658440883156
1328	1749	0	0	0	0	0	0	1658440884176
1328	1748	0	0	0	0	0	0	1658440885196
1328	1748	0	0	0	0	0	0	1658440886216
1328	1747	0	0	0	0	0	0	1658440887236
1328	1746	0	0	0	0	0	0	1658440888256
1328	1746	0	0	0	0	0	0	1658440889276
1328	1746	0	0	0	0	0	0	1658440890296
1328	1746	0	0	0	0	0	0	1658440891316
1328	1745	0	0	0	0	0	0	1658440892336
1328	1745	0	0	0	0	0	0	1658440893356
1328	1745	0	0	0	0	0	0	1658440894376
1328	1745	0	0	0	0	0	0	1658440895396
1328	1745	0	0	0	0	0	0	1658440896416
1328	1745	0	0	0	0	0	0	1658440897436
1328	1745	0	0	0	0	0	0	1658440898456
1328	1745	0	0	0	0	0	0	1658440899476
1328	1745	0	0	0	0	0	0	1658440900496
1328	1745	0	0	0	0	0	0	1658440901516
1328	1745	0	0	0	0	0	0	1658440902536
1328	1745	0	0	0	0	0	0	1658440903556
1328	1745	0	0	0	0	0	0	1658440904576
1328	1745	0	0	0	0	0	0	1658440905596
1328	1745	0	0	0	0	0	0	1658440906616
1328	1745	0	0	0	0	0	0	1658440907636
1328	1745	0	0	0	0	0	0	1658440908656
1328	1745	0	0	0	0	0	0	1658440909676
1328	1745	0	0	0	0	0	0	1658440910696
1328	1745	0	0	0	0	0	0	1658440911716
1328	1745	0	0	0	0	0	0	1658440912736
1328	1745	0	0	0	0	0	0	1658440913756
1328	1745	0	0	0	0	0	0	1658440914776
1328	1745	0	0	0	0	0	0	1658440915796
1328	1745	0	0	0	0	0	0	1658440916816
1328	1745	0	0	0	0	0	0	1658440917836
1328	1745	0	0	0	0	0	0	1658440918856
1328	1745	0	0	0	0	0	0	1658440919876
1328	1745	0	0	0	0	0	0	1658440920896
1328	1745	0	0	0	0	0	0	1658440921916
1328	1745	0	0	0	0	0	0	1658440922936
1328	1745	0	0	0	0	0	0	1658440923956
1328	1745	0	0	0	0	0	0	1658440924976
1328	1745	0	0	0	0	0	0	1658440925996
1328	1745	0	0	0	0	0	0	1658440927016
1328	1745	0	0	0	0	0	0	1658440928036
1328	1745	0	0	0	0	0	0	1658440929056
1328	1745	0	0	0	0	0	0	1658440930076
1328	1745	0	0	0	0	0	0	1658440931096
1328	1745	0	0	0	0	0	0	1658440932116
1328	1745	0	0	0	0	0	0	1658440933136
1328	1745	0	0	0	0	0	0	1658440934156
1328	1745	0	0	0	0	0	0	1658440935176
1328	1745	0	0	0	0	0	0	1658440936196
1328	1745	0	0	0	0	0	0	1658440937216
1328	1745	0	0	0	0	0	0	1658440938236
1328	1745	0	0	0	0	0	0	1658440939256
1328	1745	0	0	0	0	0	0	1658440940276
1328	1745	0	0	0	0	0	0	1658440941296
1328	1745	0	0	0	0	0	0	1658440942316
1328	1745	0	0	0	0	0	0	1658440943336
1328	1745	0	0	0	0	0	0	1658440944356
1328	1745	0	0	0	0	0	0	1658440945376
1328	1745	0	0	0	0	0	0	1658440946396
1328	1745	0	0	0	0	0	0	1658440947416
1328	1745	0	0	0	0	0	0	1658440948436
1328	1745	0	0	0	0	0	0	1658440949456
1328	1745	0	0	0	0	0	0	1658440950476
1328	1745	0	0	0	0	0	0	1658440951496
1328	1745	0	0	0	0	0	0	1658440952516
1328	1745	0	0	0	0	0	0	1658440953536
1328	1745	0	0	0	0	0	0	1658440954556
1328	1745	0	0	0	0	0	0	1658440955576
1328	1745	0	0	0	0	0	0	1658440956596
1328	1745	0	0	0	0	0	0	1658440957616
1328	1745	0	0	0	0	0	0	1658440958636
1328	1745	0	0	0	0	0	0	1658440959656
1328	1745	0	0	0	0	0	0	1658440960676
1328	1745	0	0	0	0	0	0	1658440961696
1328	1745	0	0	0	0	0	0	1658440962716
1328	1745	0	0	0	0	0	0	1658440963736
1328	1745	0	0	0	0	0	0	1658440964756
1328	1745	0	0	0	0	0	0	1658440965776
1328	1745	0	0	0	0	0	0	1658440966796
1328	1745	0	0	0	0	0	0	1658440967816
1328	1745	0	0	0	0	0	0	1658440968836
1328	1745	0	0	0	0	0	0	1658440969856
1327	1745	0	0	0	0	0	0	1658440970876
1327	1745	0	0	0	0	0	0	1658440971896
1327	1745	0	0	0	0	0	0	1658440972916
1327	1745	0	0	0	0	0	0	1658440973936
1328	1745	0	0	0	0	0	0	1658440974956
1328	1745	0	0	0	0	0	0	1658440975976
1327	1745	0	0	0	0	0	0	1658440976996
1325	1745	0	0	0	0	0	0	1658440978016
1324	1745	0	0	0	0	0	0	1658440979036
1322	1745	0	0	0	0	0	0	1658440980056
1321	1745	0	0	0	0	0	0	1658440981076
1320	1745	0	0	0	0	0	0	1658440982096
1318	1745	0	0	0	0	0	0	1658440983116
1317	1745	0	0	0	0	0	0	1658440984136
1318	1745	0	0	0	0	0	0	1658440985156
1317	1745	0	0	0	0	0	0	1658440986176
1316	1745	0	0	0	0	0	0	1658440987196
1316	1745	0	0	0	0	0	0	1658440988216
1315	1745	0	0	0	0	0	0	1658440989236
1315	1745	0	0	0	0	0	0	1658440990256
1312	1745	0	0	0	0	0	0	1658440991276
1310	1745	0	0	0	0	0	0	1658440992296
1309	1745	0	0	0	0	0	0	1658440993316
1308	1745	0	0	0	0	0	0	1658440994336
1309	1745	0	0	0	0	0	0	1658440995356
1308	1745	0	0	0	0	0	0	1658440996376
1308	1745	0	0	0	0	0	0	1658440997396
1307	1745	0	0	0	0	0	0	1658440998416
1307	1745	0	0	0	0	0	0	1658440999436
1307	1745	0	0	0	0	0	0	1658441000456
1305	1745	0	0	0	0	0	0	1658441001476
1306	1745	0	0	0	0	0	0	1658441002496
1306	1745	0	0	0	0	0	0	1658441003516
1304	1745	0	0	0	0	0	0	1658441004536
1302	1745	0	0	0	0	0	0	1658441005556
1301	1745	0	0	0	0	0	0	1658441006576
1301	1745	0	0	0	0	0	0	1658441007596
1301	1745	0	0	0	0	0	0	1658441008616
1301	1745	0	0	0	0	0	0	1658441009636
1301	1745	0	0	0	0	0	0	1658441010656
1301	1745	0	0	0	0	0	0	1658441011676
1301	1745	0	0	0	0	0	0	1658441012696
1300	1745	0	0	0	0	0	0	1658441013716
1300	1745	0	0	0	0	0	0	1658441014736
1300	1745	0	0	0	0	0	0	1658441015756
1300	1745	0	0	0	0	0	0	1658441016776
1300	1745	0	0	0	0	0	0	1658441017796
1300	1745	0	0	0	0	0	0	1658441018816
1300	1745	0	0	0	0	0	0	1658441019836
1300	1745	0	0	0	0	0	0	1658441020856
1300	1745	0	0	0	0	0	0	1658441021876
1300	1745	0	0	0	0	0	0	1658441022896
1300	1745	0	0	0	0	0	0	1658441023916
1300	1745	0	0	0	0	0	0	1658441024936
1300	1745	0	0	0	0	0	0	1658441025956
1300	1745	0	0	0	0	0	0	1658441026976
1300	1745	0	0	0	0	0	0	1658441027996
1300	1745	0	0	0	0	0	0	1658441029016
1300	1745	0	0	0	0	0	0	1658441030036
1300	1745	0	0	0	0	0	0	1658441031056
1300	1745	0	0	0	0	0	0	1658441032076
1300	1745	0	0	0	0	0	0	1658441033096
1300	1745	0	0	0	0	0	0	1658441034116
1300	1745	0	0	0	0	0	0	1658441035136
1300	1745	0	0	0	0	0	0	1658441036156
1300	1745	0	0	0	0	0	0	1658441037176
1300	1745	0	0	0	0	0	0	1658441038196
1300	1745	0	0	0	0	0	0	1658441039216
1300	1745	0	0	0	0	0	0	1658441040236
1300	1745	0	0	0	0	0	0	1658441041256
1300	1745	0	0	0	0	0	0	1658441042276
1300	1745	0	0	0	0	0	0	1658441043296
1300	1745	0	0	0	0	0	0	1658441044316
1300	1745	0	0	0	0	0	0	1658441045336
1300	1745	0	0	0	0	0	0	1658441046356
1300	1745	0	0	0	0	0	0	1658441047376
1300	1745	0	0	0	0	0	0	1658441048396
1300	1745	0	0	0	0	0	0	1658441049416
1300	1745	0	0	0	0	0	0	1658441050436
1300	1745	0	0	0	0	0	0	1658441051456
1300	1745	0	0	0	0	0	0	1658441052476
1300	1745	0	0	0	0	0	0	1658441053496
1300	1745	0	0	0	0	0	0	1658441054516
1300	1745	0	0	0	0	0	0	1658441055536
1300	1745	0	0	0	0	0	0	1658441056556
1300	1745	0	0	0	0	0	0	1658441057576
1300	1745	0	0	0	0	0	0	1658441058596
1300	1745	0	0	0	0	0	0	1658441059616
1300	1745	0	0	0	0	0	0	1658441060636
1300	1745	0	0	0	0	0	0	1658441061656
1300	1745	0	0	0	0	0	0	1658441062676
1300	1745	0	0	0	0	0	0	1658441063696
1300	1745	0	0	0	0	0	0	1658441064716
1300	1745	0	0	0	0	0	0	1658441065736
1300	1745	0	0	0	0	0	0	1658441066756
1300	1745	0	0	0	0	0	0	1658441067776
1300	1745	0	0	0	0	0	0	1658441068796
1300	1745	0	0	0	0	0	0	1658441069816
1300	1745	0	0	0	0	0	0	1658441070836
1300	1745	0	0	0	0	0	0	1658441071856
1300	1745	0	0	0	0	0	0	1658441072876
1300	1745	0	0	0	0	0	0	1658441073896
1300	1745	0	0	0	0	0	0	1658441074916
1300	1745	0	0	0	0	0	0	1658441075936
1300	1745	0	0	0	0	0	0	1658441076956
1300	1745	0	0	0	0	0	0	1658441077976
1300	1745	0	0	0	0	0	0	1658441078996
1300	1745	0	0	0	0	0	0	1658441080016
1300	1745	0	0	0	0	0	0	1658441081036
1300	1745	0	0	0	0	0	0	1658441082056
1300	1745	0	0	0	0	0	0	1658441083076
1300	1745	0	0	0	0	0	0	1658441084096
1300	1745	0	0	0	0	0	0	1658441085116
1300	1745	0	0	0	0	0	0	1658441086136
1300	1745	0	0	0	0	0	0	1658441087156
1300	1745	0	0	0	0	0	0	1658441088176
1300	1745	0	0	0	0	0	0	1658441089196
1300	1745	0	0	0	0	0	0	1658441090216
1300	1745	0	0	0	0	0	0	1658441091236
1300	1745	0	0	0	0	0	0	1658441092256
1300	1745	0	0	0	0	0	0	1658441093276
1300	1745	0	0	0	0	0	0	1658441094296
1300	1745	0	0	0	0	0	0	1658441095316
1300	1745	0	0	0	0	0	0	1658441096336
1300	1745	0	0	0	0	0	0	1658441097356
1300	1745	0	0	0	0	0	0	1658441098376
1300	1745	0	0	0	0	0	0	1658441099396
1300	1745	0	0	0	0	0	0	1658441100416
1300	1745	0	0	0	0	0	0	1658441101436
1300	1745	0	0	0	0	0	0	1658441102456
1300	1745	0	0	0	0	0	0	1658441103476
1300	1745	0	0	0	0	0	0	1658441104496
1300	1745	0	0	0	0	0	0	1658441105516
1300	1737	0	0	0	0	0	0	1658441106536
1300	1729	0	0	0	0	0	0	1658441107556
1300	1727	0	0	0	0	0	0	1658441108576
1300	1733	0	0	0	0	0	0	1658441109596
1300	1738	0	0	0	0	0	0	1658441110616
1300	1741	0	0	0	0	0	0	1658441111636
1300	1742	0	0	0	0	0	0	1658441112656
1300	1743	0	0	0	0	0	0	1658441113676
1300	1744	0	0	0	0	0	0	1658441114696
1300	1744	0	0	0	0	0	0	1658441115716
1300	1744	0	0	0	0	0	0	1658441116736
1300	1745	0	0	0	0	0	0	1658441117756
1300	1745	0	0	0	0	0	0	1658441118776
1300	1745	0	0	0	0	0	0	1658441119796
1300	1745	0	0	0	0	0	0	1658441120816
1300	1745	0	0	0	0	0	0	1658441121836
1300	1745	0	0	0	0	0	0	1658441122856
1300	1745	0	0	0	0	0	0	1658441123876
