2633	919	0	0	0	0	0	0	1659968380822
2618	908	0	0	0	0	0	0	1659968381842
2604	899	0	0	0	0	0	0	1659968382862
2585	893	0	0	0	0	0	0	1659968383882
2573	882	0	0	0	0	0	0	1659968384902
2559	872	0	0	0	0	0	0	1659968385922
2546	866	0	0	0	0	0	0	1659968386942
2538	862	0	0	0	0	0	0	1659968387962
2531	860	0	0	0	0	0	0	1659968388982
2521	857	0	0	0	0	0	0	1659968390002
2517	854	0	0	0	0	0	0	1659968391022
2509	847	0	0	0	0	0	0	1659968392042
2504	840	0	0	0	0	0	0	1659968393062
2491	836	0	0	0	0	0	0	1659968394082
2483	833	0	0	0	0	0	0	1659968395102
2478	831	0	0	0	0	0	0	1659968396122
2475	830	0	0	0	0	0	0	1659968397142
2473	829	0	0	0	0	0	0	1659968398162
2472	828	0	0	0	0	0	0	1659968399182
2471	824	0	0	0	0	0	0	1659968400202
2467	819	0	0	0	0	0	0	1659968401222
2468	823	0	0	0	0	0	0	1659968402242
2462	826	0	0	0	0	0	0	1659968403262
2454	827	0	0	0	0	0	0	1659968404282
2449	828	0	0	0	0	0	0	1659968405302
2447	828	0	0	0	0	0	0	1659968406322
2445	826	0	0	0	0	0	0	1659968407342
2444	820	0	0	0	0	0	0	1659968408362
2443	812	0	0	0	0	0	0	1659968409382
2443	808	0	0	0	0	0	0	1659968410402
2443	805	0	0	0	0	0	0	1659968411422
2434	804	0	0	0	0	0	0	1659968412442
2427	803	0	0	0	0	0	0	1659968413462
2422	802	0	0	0	0	0	0	1659968414482
2419	802	0	0	0	0	0	0	1659968415502
2417	802	0	0	0	0	0	0	1659968416522
2416	802	0	0	0	0	0	0	1659968417542
2415	802	0	0	0	0	0	0	1659968418562
2415	802	0	0	0	0	0	0	1659968419582
2414	801	0	0	0	0	0	0	1659968420602
2414	801	0	0	0	0	0	0	1659968421622
2414	797	0	0	0	0	0	0	1659968422642
2414	792	0	0	0	0	0	0	1659968423662
2414	786	0	0	0	0	0	0	1659968424682
2414	781	0	0	0	0	0	0	1659968425702
2414	778	0	0	0	0	0	0	1659968426722
2414	776	0	0	0	0	0	0	1659968427742
2414	775	0	0	0	0	0	0	1659968428762
2414	774	0	0	0	0	0	0	1659968429782
2414	774	0	0	0	0	0	0	1659968430802
2414	774	0	0	0	0	0	0	1659968431822
2414	774	0	0	0	0	0	0	1659968432842
2412	774	0	0	0	0	0	0	1659968433862
2407	774	0	0	0	0	0	0	1659968434882
2401	774	0	0	0	0	0	0	1659968435902
2397	774	0	0	0	0	0	0	1659968436922
2393	774	0	0	0	0	0	0	1659968437942
2390	774	0	0	0	0	0	0	1659968438962
2389	774	0	0	0	0	0	0	1659968439982
2388	774	0	0	0	0	0	0	1659968441002
2387	774	0	0	0	0	0	0	1659968442022
2387	774	0	0	0	0	0	0	1659968443042
2386	774	0	0	0	0	0	0	1659968444062
2386	774	0	0	0	0	0	0	1659968445082
2386	774	0	0	0	0	0	0	1659968446102
2386	774	0	0	0	0	0	0	1659968447122
2386	774	0	0	0	0	0	0	1659968448142
2386	774	0	0	0	0	0	0	1659968449162
2386	774	0	0	0	0	0	0	1659968450182
2386	774	0	0	0	0	0	0	1659968451202
2386	774	0	0	0	0	0	0	1659968452222
2386	773	0	0	0	0	0	0	1659968453242
2386	773	0	0	0	0	0	0	1659968454262
2386	772	0	0	0	0	0	0	1659968455282
2386	771	0	0	0	0	0	0	1659968456302
2386	769	0	0	0	0	0	0	1659968457322
2385	766	0	0	0	0	0	0	1659968458342
2384	763	0	0	0	0	0	0	1659968459362
2384	761	0	0	0	0	0	0	1659968460382
2384	757	0	0	0	0	0	0	1659968461402
2382	755	0	0	0	0	0	0	1659968462422
2380	752	0	0	0	0	0	0	1659968463442
2375	749	0	0	0	0	0	0	1659968464462
2371	748	0	0	0	0	0	0	1659968465482
2367	748	0	0	0	0	0	0	1659968466502
2364	747	0	0	0	0	0	0	1659968467522
2362	747	0	0	0	0	0	0	1659968468542
2361	747	0	0	0	0	0	0	1659968469562
2360	746	0	0	0	0	0	0	1659968470582
2359	746	0	0	0	0	0	0	1659968471602
2359	746	0	0	0	0	0	0	1659968472622
2359	746	0	0	0	0	0	0	1659968473642
2359	746	0	0	0	0	0	0	1659968474662
2359	746	0	0	0	0	0	0	1659968475682
2359	746	0	0	0	0	0	0	1659968476702
2359	746	0	0	0	0	0	0	1659968477722
2359	746	0	0	0	0	0	0	1659968478742
2359	746	0	0	0	0	0	0	1659968479762
2359	746	0	0	0	0	0	0	1659968480782
2359	746	0	0	0	0	0	0	1659968481802
2358	746	0	0	0	0	0	0	1659968482822
2358	746	0	0	0	0	0	0	1659968483842
2358	746	0	0	0	0	0	0	1659968484862
2358	746	0	0	0	0	0	0	1659968485882
2358	746	0	0	0	0	0	0	1659968486902
2358	746	0	0	0	0	0	0	1659968487922
2358	746	0	0	0	0	0	0	1659968488942
2358	746	0	0	0	0	0	0	1659968489962
2358	746	0	0	0	0	0	0	1659968490982
2358	746	0	0	0	0	0	0	1659968492002
2358	746	0	0	0	0	0	0	1659968493022
2358	746	0	0	0	0	0	0	1659968494042
2358	746	0	0	0	0	0	0	1659968495062
2358	746	0	0	0	0	0	0	1659968496082
2358	746	0	0	0	0	0	0	1659968497102
2358	746	0	0	0	0	0	0	1659968498122
2358	746	0	0	0	0	0	0	1659968499142
2358	746	0	0	0	0	0	0	1659968500162
2358	746	0	0	0	0	0	0	1659968501182
2358	746	0	0	0	0	0	0	1659968502202
2358	746	0	0	0	0	0	0	1659968503222
2358	746	0	0	0	0	0	0	1659968504242
2358	746	0	0	0	0	0	0	1659968505262
2358	746	0	0	0	0	0	0	1659968506282
2358	746	0	0	0	0	0	0	1659968507302
2358	746	0	0	0	0	0	0	1659968508322
2358	746	0	0	0	0	0	0	1659968509342
2358	746	0	0	0	0	0	0	1659968510362
2358	746	0	0	0	0	0	0	1659968511382
2358	746	0	0	0	0	0	0	1659968512402
2358	746	0	0	0	0	0	0	1659968513422
2357	746	0	0	0	0	0	0	1659968514442
2357	746	0	0	0	0	0	0	1659968515462
2356	746	0	0	0	0	0	0	1659968516482
2354	746	0	0	0	0	0	0	1659968517502
2350	746	0	0	0	0	0	0	1659968518522
2347	746	0	0	0	0	0	0	1659968519542
2342	746	0	0	0	0	0	0	1659968520562
2339	746	0	0	0	0	0	0	1659968521582
2335	746	0	0	0	0	0	0	1659968522602
2333	746	0	0	0	0	0	0	1659968523622
2332	746	0	0	0	0	0	0	1659968524642
2331	746	0	0	0	0	0	0	1659968525662
2330	746	0	0	0	0	0	0	1659968526682
2330	746	0	0	0	0	0	0	1659968527702
2330	746	0	0	0	0	0	0	1659968528722
2330	746	0	0	0	0	0	0	1659968529742
2330	746	0	0	0	0	0	0	1659968530762
2330	746	0	0	0	0	0	0	1659968531782
2330	746	0	0	0	0	0	0	1659968532802
2330	746	0	0	0	0	0	0	1659968533822
2330	746	0	0	0	0	0	0	1659968534842
2330	746	0	0	0	0	0	0	1659968535862
2330	746	0	0	0	0	0	0	1659968536882
2330	745	0	0	0	0	0	0	1659968537902
2330	745	0	0	0	0	0	0	1659968538922
2330	745	0	0	0	0	0	0	1659968539942
2330	745	0	0	0	0	0	0	1659968540962
2330	745	0	0	0	0	0	0	1659968541982
2330	745	0	0	0	0	0	0	1659968543002
2330	743	0	0	0	0	0	0	1659968544022
2330	741	0	0	0	0	0	0	1659968545042
2330	739	0	0	0	0	0	0	1659968546062
2330	738	0	0	0	0	0	0	1659968547082
2330	737	0	0	0	0	0	0	1659968548102
2330	733	0	0	0	0	0	0	1659968549122
2330	730	0	0	0	0	0	0	1659968550142
2330	728	0	0	0	0	0	0	1659968551162
2330	728	0	0	0	0	0	0	1659968552182
2330	725	0	0	0	0	0	0	1659968553202
2330	724	0	0	0	0	0	0	1659968554222
2330	722	0	0	0	0	0	0	1659968555242
2330	721	0	0	0	0	0	0	1659968556262
2330	721	0	0	0	0	0	0	1659968557282
2330	720	0	0	0	0	0	0	1659968558302
2330	719	0	0	0	0	0	0	1659968559322
2330	719	0	0	0	0	0	0	1659968560342
2330	719	0	0	0	0	0	0	1659968561362
2330	719	0	0	0	0	0	0	1659968562382
2330	719	0	0	0	0	0	0	1659968563402
2330	719	0	0	0	0	0	0	1659968564422
2329	719	0	0	0	0	0	0	1659968565442
2328	719	0	0	0	0	0	0	1659968566462
2328	719	0	0	0	0	0	0	1659968567482
2328	718	0	0	0	0	0	0	1659968568502
2325	718	0	0	0	0	0	0	1659968569522
2320	718	0	0	0	0	0	0	1659968570542
2315	718	0	0	0	0	0	0	1659968571562
2314	718	0	0	0	0	0	0	1659968572582
2310	718	0	0	0	0	0	0	1659968573602
2308	718	0	0	0	0	0	0	1659968574622
2307	718	0	0	0	0	0	0	1659968575642
2305	718	0	0	0	0	0	0	1659968576662
2304	718	0	0	0	0	0	0	1659968577682
2304	718	0	0	0	0	0	0	1659968578702
2303	718	0	0	0	0	0	0	1659968579722
2303	718	0	0	0	0	0	0	1659968580742
2303	718	0	0	0	0	0	0	1659968581762
2303	718	0	0	0	0	0	0	1659968582782
2302	718	0	0	0	0	0	0	1659968583802
2302	718	0	0	0	0	0	0	1659968584822
2302	718	0	0	0	0	0	0	1659968585842
2302	718	0	0	0	0	0	0	1659968586862
2302	718	0	0	0	0	0	0	1659968587882
2302	718	0	0	0	0	0	0	1659968588902
2302	718	0	0	0	0	0	0	1659968589922
2302	718	0	0	0	0	0	0	1659968590942
2302	718	0	0	0	0	0	0	1659968591962
2302	718	0	0	0	0	0	0	1659968592982
2302	718	0	0	0	0	0	0	1659968594002
2302	718	0	0	0	0	0	0	1659968595022
2302	718	0	0	0	0	0	0	1659968596042
2302	718	0	0	0	0	0	0	1659968597062
2302	718	0	0	0	0	0	0	1659968598082
2302	718	0	0	0	0	0	0	1659968599102
2302	718	0	0	0	0	0	0	1659968600122
2302	718	0	0	0	0	0	0	1659968601142
2302	718	0	0	0	0	0	0	1659968602162
2302	718	0	0	0	0	0	0	1659968603182
2302	718	0	0	0	0	0	0	1659968604202
2302	718	0	0	0	0	0	0	1659968605222
2302	718	0	0	0	0	0	0	1659968606242
2302	718	0	0	0	0	0	0	1659968607262
2302	718	0	0	0	0	0	0	1659968608282
2302	718	0	0	0	0	0	0	1659968609302
2302	718	0	0	0	0	0	0	1659968610322
2302	718	0	0	0	0	0	0	1659968611342
2302	718	0	0	0	0	0	0	1659968612362
2302	718	0	0	0	0	0	0	1659968613382
2302	718	0	0	0	0	0	0	1659968614402
2297	718	0	0	0	0	0	0	1659968615422
2299	718	0	0	0	0	0	0	1659968616442
2300	718	0	0	0	0	0	0	1659968617462
2301	718	0	0	0	0	0	0	1659968618482
2301	718	0	0	0	0	0	0	1659968619502
2301	718	0	0	0	0	0	0	1659968620522
2301	718	0	0	0	0	0	0	1659968621542
2301	718	0	0	0	0	0	0	1659968622562
2302	718	0	0	0	0	0	0	1659968623582
2300	718	0	0	0	0	0	0	1659968624602
2298	718	0	0	0	0	0	0	1659968625622
2296	718	0	0	0	0	0	0	1659968626642
2291	718	0	0	0	0	0	0	1659968627662
2286	718	0	0	0	0	0	0	1659968628682
2282	718	0	0	0	0	0	0	1659968629702
2279	718	0	0	0	0	0	0	1659968630722
2277	718	0	0	0	0	0	0	1659968631742
2276	718	0	0	0	0	0	0	1659968632762
2275	718	0	0	0	0	0	0	1659968633782
2275	718	0	0	0	0	0	0	1659968634802
2275	718	0	0	0	0	0	0	1659968635822
2275	718	0	0	0	0	0	0	1659968636842
2275	718	0	0	0	0	0	0	1659968637862
2275	718	0	0	0	0	0	0	1659968638882
2274	718	0	0	0	0	0	0	1659968639902
2274	718	0	0	0	0	0	0	1659968640922
2274	718	0	0	0	0	0	0	1659968641942
2274	718	0	0	0	0	0	0	1659968642962
2274	718	0	0	0	0	0	0	1659968643982
2274	718	0	0	0	0	0	0	1659968645002
2274	718	0	0	0	0	0	0	1659968646022
2274	718	0	0	0	0	0	0	1659968647042
2274	718	0	0	0	0	0	0	1659968648062
2274	718	0	0	0	0	0	0	1659968649082
2274	718	0	0	0	0	0	0	1659968650102
2274	718	0	0	0	0	0	0	1659968651122
2274	718	0	0	0	0	0	0	1659968652142
2274	718	0	0	0	0	0	0	1659968653162
2274	718	0	0	0	0	0	0	1659968654182
2274	718	0	0	0	0	0	0	1659968655202
2274	718	0	0	0	0	0	0	1659968656222
2274	718	0	0	0	0	0	0	1659968657242
2274	718	0	0	0	0	0	0	1659968658262
2274	718	0	0	0	0	0	0	1659968659282
2274	718	0	0	0	0	0	0	1659968660302
2274	718	0	0	0	0	0	0	1659968661322
2274	718	0	0	0	0	0	0	1659968662342
2274	718	0	0	0	0	0	0	1659968663362
2274	718	0	0	0	0	0	0	1659968664382
2274	718	0	0	0	0	0	0	1659968665402
2274	718	0	0	0	0	0	0	1659968666422
2273	718	0	0	0	0	0	0	1659968667442
2273	717	0	0	0	0	0	0	1659968668462
2272	717	0	0	0	0	0	0	1659968669482
2270	717	0	0	0	0	0	0	1659968670502
2265	717	0	0	0	0	0	0	1659968671522
2260	717	0	0	0	0	0	0	1659968672542
2256	717	0	0	0	0	0	0	1659968673562
2252	717	0	0	0	0	0	0	1659968674582
2251	716	0	0	0	0	0	0	1659968675602
2249	715	0	0	0	0	0	0	1659968676622
2248	715	0	0	0	0	0	0	1659968677642
2247	715	0	0	0	0	0	0	1659968678662
2247	714	0	0	0	0	0	0	1659968679682
2247	714	0	0	0	0	0	0	1659968680702
2247	714	0	0	0	0	0	0	1659968681722
2247	713	0	0	0	0	0	0	1659968682742
2247	712	0	0	0	0	0	0	1659968683762
2247	712	0	0	0	0	0	0	1659968684782
2247	710	0	0	0	0	0	0	1659968685802
2247	708	0	0	0	0	0	0	1659968686822
2247	706	0	0	0	0	0	0	1659968687842
2247	704	0	0	0	0	0	0	1659968688862
2246	702	0	0	0	0	0	0	1659968689882
2246	706	0	0	0	0	0	0	1659968690902
2246	711	0	0	0	0	0	0	1659968691922
2247	714	0	0	0	0	0	0	1659968692942
2247	715	0	0	0	0	0	0	1659968693962
2246	713	0	0	0	0	0	0	1659968694982
2246	713	0	0	0	0	0	0	1659968696002
2246	711	0	0	0	0	0	0	1659968697022
2246	710	0	0	0	0	0	0	1659968698042
2246	709	0	0	0	0	0	0	1659968699062
2246	706	0	0	0	0	0	0	1659968700082
2246	705	0	0	0	0	0	0	1659968701102
2246	703	0	0	0	0	0	0	1659968702122
2246	703	0	0	0	0	0	0	1659968703142
2246	703	0	0	0	0	0	0	1659968704162
2246	701	0	0	0	0	0	0	1659968705182
2246	701	0	0	0	0	0	0	1659968706202
2246	699	0	0	0	0	0	0	1659968707222
2246	697	0	0	0	0	0	0	1659968708242
2246	698	0	0	0	0	0	0	1659968709262
2246	698	0	0	0	0	0	0	1659968710282
2246	696	0	0	0	0	0	0	1659968711302
2246	695	0	0	0	0	0	0	1659968712322
2246	693	0	0	0	0	0	0	1659968713342
2246	693	0	0	0	0	0	0	1659968714362
2246	692	0	0	0	0	0	0	1659968715382
2246	692	0	0	0	0	0	0	1659968716402
2245	691	0	0	0	0	0	0	1659968717422
2245	691	0	0	0	0	0	0	1659968718442
2245	691	0	0	0	0	0	0	1659968719462
2244	691	0	0	0	0	0	0	1659968720482
2245	691	0	0	0	0	0	0	1659968721502
2244	691	0	0	0	0	0	0	1659968722522
2243	691	0	0	0	0	0	0	1659968723542
2242	691	0	0	0	0	0	0	1659968724562
2240	691	0	0	0	0	0	0	1659968725582
2235	691	0	0	0	0	0	0	1659968726602
2228	691	0	0	0	0	0	0	1659968727622
2224	691	0	0	0	0	0	0	1659968728642
2222	691	0	0	0	0	0	0	1659968729662
2221	691	0	0	0	0	0	0	1659968730682
2220	691	0	0	0	0	0	0	1659968731702
2219	691	0	0	0	0	0	0	1659968732722
2219	691	0	0	0	0	0	0	1659968733742
2219	691	0	0	0	0	0	0	1659968734762
2219	691	0	0	0	0	0	0	1659968735782
2219	691	0	0	0	0	0	0	1659968736802
2219	691	0	0	0	0	0	0	1659968737822
2219	691	0	0	0	0	0	0	1659968738842
2219	691	0	0	0	0	0	0	1659968739862
2219	691	0	0	0	0	0	0	1659968740882
2219	691	0	0	0	0	0	0	1659968741902
2219	691	0	0	0	0	0	0	1659968742922
2219	691	0	0	0	0	0	0	1659968743942
2219	691	0	0	0	0	0	0	1659968744962
2219	691	0	0	0	0	0	0	1659968745982
2219	691	0	0	0	0	0	0	1659968747002
2219	691	0	0	0	0	0	0	1659968748022
2219	691	0	0	0	0	0	0	1659968749042
2219	691	0	0	0	0	0	0	1659968750062
2219	691	0	0	0	0	0	0	1659968751082
2219	691	0	0	0	0	0	0	1659968752102
2219	691	0	0	0	0	0	0	1659968753122
2219	691	0	0	0	0	0	0	1659968754142
2219	691	0	0	0	0	0	0	1659968755162
2218	691	0	0	0	0	0	0	1659968756182
2218	691	0	0	0	0	0	0	1659968757202
2218	691	0	0	0	0	0	0	1659968758222
2218	691	0	0	0	0	0	0	1659968759242
2218	691	0	0	0	0	0	0	1659968760262
2218	691	0	0	0	0	0	0	1659968761282
2218	691	0	0	0	0	0	0	1659968762302
2218	691	0	0	0	0	0	0	1659968763322
2218	691	0	0	0	0	0	0	1659968764342
2218	691	0	0	0	0	0	0	1659968765362
2218	691	0	0	0	0	0	0	1659968766382
2215	691	0	0	0	0	0	0	1659968767402
2206	691	0	0	0	0	0	0	1659968768422
2200	691	0	0	0	0	0	0	1659968769442
2198	691	0	0	0	0	0	0	1659968770462
2197	691	0	0	0	0	0	0	1659968771482
2195	691	0	0	0	0	0	0	1659968772502
2195	691	0	0	0	0	0	0	1659968773522
2196	691	0	0	0	0	0	0	1659968774542
2195	691	0	0	0	0	0	0	1659968775562
2194	691	0	0	0	0	0	0	1659968776582
2193	691	0	0	0	0	0	0	1659968777602
2193	691	0	0	0	0	0	0	1659968778622
2192	691	0	0	0	0	0	0	1659968779642
2192	691	0	0	0	0	0	0	1659968780662
2191	691	0	0	0	0	0	0	1659968781682
2191	691	0	0	0	0	0	0	1659968782702
2191	691	0	0	0	0	0	0	1659968783722
2192	691	0	0	0	0	0	0	1659968784742
2192	691	0	0	0	0	0	0	1659968785762
2192	691	0	0	0	0	0	0	1659968786782
2191	691	0	0	0	0	0	0	1659968787802
2190	691	0	0	0	0	0	0	1659968788822
2190	691	0	0	0	0	0	0	1659968789842
2190	691	0	0	0	0	0	0	1659968790862
2190	691	0	0	0	0	0	0	1659968791882
2190	691	0	0	0	0	0	0	1659968792902
2190	691	0	0	0	0	0	0	1659968793922
2190	691	0	0	0	0	0	0	1659968794942
2190	691	0	0	0	0	0	0	1659968795962
2190	691	0	0	0	0	0	0	1659968796982
2190	691	0	0	0	0	0	0	1659968798002
2190	691	0	0	0	0	0	0	1659968799022
2190	691	0	0	0	0	0	0	1659968800042
2190	691	0	0	0	0	0	0	1659968801062
2190	691	0	0	0	0	0	0	1659968802082
2190	691	0	0	0	0	0	0	1659968803102
2190	691	0	0	0	0	0	0	1659968804122
2190	691	0	0	0	0	0	0	1659968805142
2190	691	0	0	0	0	0	0	1659968806162
2190	691	0	0	0	0	0	0	1659968807182
2190	691	0	0	0	0	0	0	1659968808202
2190	691	0	0	0	0	0	0	1659968809222
2190	691	0	0	0	0	0	0	1659968810242
2190	691	0	0	0	0	0	0	1659968811262
2190	691	0	0	0	0	0	0	1659968812282
2190	691	0	0	0	0	0	0	1659968813302
2190	691	0	0	0	0	0	0	1659968814322
2190	691	0	0	0	0	0	0	1659968815342
2190	691	0	0	0	0	0	0	1659968816362
2190	691	0	0	0	0	0	0	1659968817382
2190	691	0	0	0	0	0	0	1659968818402
2190	691	0	0	0	0	0	0	1659968819422
2190	691	0	0	0	0	0	0	1659968820442
2190	691	0	0	0	0	0	0	1659968821462
2190	691	0	0	0	0	0	0	1659968822482
2190	691	0	0	0	0	0	0	1659968823502
2190	691	0	0	0	0	0	0	1659968824522
2190	691	0	0	0	0	0	0	1659968825542
2190	691	0	0	0	0	0	0	1659968826562
2190	691	0	0	0	0	0	0	1659968827582
2190	691	0	0	0	0	0	0	1659968828602
2190	691	0	0	0	0	0	0	1659968829622
2190	691	0	0	0	0	0	0	1659968830642
2190	691	0	0	0	0	0	0	1659968831662
2190	691	0	0	0	0	0	0	1659968832682
2190	691	0	0	0	0	0	0	1659968833702
2190	691	0	0	0	0	0	0	1659968834722
2190	691	0	0	0	0	0	0	1659968835742
2190	691	0	0	0	0	0	0	1659968836762
2190	691	0	0	0	0	0	0	1659968837782
2189	691	0	0	0	0	0	0	1659968838802
2189	691	0	0	0	0	0	0	1659968839822
2187	691	0	0	0	0	0	0	1659968840842
2186	691	0	0	0	0	0	0	1659968841862
2183	691	0	0	0	0	0	0	1659968842882
2179	691	0	0	0	0	0	0	1659968843902
2175	691	0	0	0	0	0	0	1659968844922
2171	691	0	0	0	0	0	0	1659968845942
2168	691	0	0	0	0	0	0	1659968846962
2166	691	0	0	0	0	0	0	1659968847982
2165	691	0	0	0	0	0	0	1659968849002
2165	691	0	0	0	0	0	0	1659968850022
2164	691	0	0	0	0	0	0	1659968851042
2163	691	0	0	0	0	0	0	1659968852062
2163	691	0	0	0	0	0	0	1659968853082
2163	691	0	0	0	0	0	0	1659968854102
2163	691	0	0	0	0	0	0	1659968855122
2162	691	0	0	0	0	0	0	1659968856142
2162	691	0	0	0	0	0	0	1659968857162
2162	691	0	0	0	0	0	0	1659968858182
2162	691	0	0	0	0	0	0	1659968859202
2162	691	0	0	0	0	0	0	1659968860222
2162	691	0	0	0	0	0	0	1659968861242
2162	691	0	0	0	0	0	0	1659968862262
2162	691	0	0	0	0	0	0	1659968863282
2162	691	0	0	0	0	0	0	1659968864302
2162	691	0	0	0	0	0	0	1659968865322
2162	691	0	0	0	0	0	0	1659968866342
2162	691	0	0	0	0	0	0	1659968867362
2162	691	0	0	0	0	0	0	1659968868382
2162	691	0	0	0	0	0	0	1659968869402
2162	691	0	0	0	0	0	0	1659968870422
2162	691	0	0	0	0	0	0	1659968871442
2162	691	0	0	0	0	0	0	1659968872462
2162	691	0	0	0	0	0	0	1659968873482
2162	691	0	0	0	0	0	0	1659968874502
2162	691	0	0	0	0	0	0	1659968875522
2162	691	0	0	0	0	0	0	1659968876542
2162	691	0	0	0	0	0	0	1659968877562
2162	691	0	0	0	0	0	0	1659968878582
2162	691	0	0	0	0	0	0	1659968879602
2162	691	0	0	0	0	0	0	1659968880622
2162	691	0	0	0	0	0	0	1659968881642
2162	691	0	0	0	0	0	0	1659968882662
2162	691	0	0	0	0	0	0	1659968883682
2162	691	0	0	0	0	0	0	1659968884702
2162	691	0	0	0	0	0	0	1659968885722
2162	691	0	0	0	0	0	0	1659968886742
2162	690	0	0	0	0	0	0	1659968887762
2162	690	0	0	0	0	0	0	1659968888782
2162	689	0	0	0	0	0	0	1659968889802
2162	689	0	0	0	0	0	0	1659968890822
2162	689	0	0	0	0	0	0	1659968891842
2162	689	0	0	0	0	0	0	1659968892862
2162	689	0	0	0	0	0	0	1659968893882
2162	689	0	0	0	0	0	0	1659968894902
2162	689	0	0	0	0	0	0	1659968895922
2162	689	0	0	0	0	0	0	1659968896942
2162	689	0	0	0	0	0	0	1659968897962
2162	689	0	0	0	0	0	0	1659968898982
2162	689	0	0	0	0	0	0	1659968900002
2162	689	0	0	0	0	0	0	1659968901022
2162	689	0	0	0	0	0	0	1659968902042
2162	689	0	0	0	0	0	0	1659968903062
2162	689	0	0	0	0	0	0	1659968904082
2162	689	0	0	0	0	0	0	1659968905102
2162	689	0	0	0	0	0	0	1659968906122
2162	687	0	0	0	0	0	0	1659968907142
2162	688	0	0	0	0	0	0	1659968908162
2162	688	0	0	0	0	0	0	1659968909182
2162	688	0	0	0	0	0	0	1659968910202
2162	688	0	0	0	0	0	0	1659968911222
2162	687	0	0	0	0	0	0	1659968912242
2162	685	0	0	0	0	0	0	1659968913262
2162	684	0	0	0	0	0	0	1659968914282
2162	683	0	0	0	0	0	0	1659968915302
2162	683	0	0	0	0	0	0	1659968916322
2162	683	0	0	0	0	0	0	1659968917342
2162	683	0	0	0	0	0	0	1659968918362
2162	681	0	0	0	0	0	0	1659968919382
2162	679	0	0	0	0	0	0	1659968920402
2162	679	0	0	0	0	0	0	1659968921422
2162	680	0	0	0	0	0	0	1659968922442
2162	680	0	0	0	0	0	0	1659968923462
2162	677	0	0	0	0	0	0	1659968924482
2162	678	0	0	0	0	0	0	1659968925502
2162	676	0	0	0	0	0	0	1659968926522
2162	677	0	0	0	0	0	0	1659968927542
2162	678	0	0	0	0	0	0	1659968928562
2161	676	0	0	0	0	0	0	1659968929582
2160	677	0	0	0	0	0	0	1659968930602
2160	677	0	0	0	0	0	0	1659968931622
2158	677	0	0	0	0	0	0	1659968932642
2156	675	0	0	0	0	0	0	1659968933662
2153	673	0	0	0	0	0	0	1659968934682
2152	674	0	0	0	0	0	0	1659968935702
2151	673	0	0	0	0	0	0	1659968936722
2147	673	0	0	0	0	0	0	1659968937742
2146	671	0	0	0	0	0	0	1659968938762
2144	669	0	0	0	0	0	0	1659968939782
2142	670	0	0	0	0	0	0	1659968940802
2140	669	0	0	0	0	0	0	1659968941822
2138	667	0	0	0	0	0	0	1659968942842
2137	667	0	0	0	0	0	0	1659968943862
2136	666	0	0	0	0	0	0	1659968944882
2136	666	0	0	0	0	0	0	1659968945902
2136	666	0	0	0	0	0	0	1659968946922
2135	666	0	0	0	0	0	0	1659968947942
2135	666	0	0	0	0	0	0	1659968948962
2135	666	0	0	0	0	0	0	1659968949982
2135	667	0	0	0	0	0	0	1659968951002
2135	666	0	0	0	0	0	0	1659968952022
2135	665	0	0	0	0	0	0	1659968953042
2134	665	0	0	0	0	0	0	1659968954062
2134	665	0	0	0	0	0	0	1659968955082
2134	664	0	0	0	0	0	0	1659968956102
2134	664	0	0	0	0	0	0	1659968957122
2134	663	0	0	0	0	0	0	1659968958142
2134	663	0	0	0	0	0	0	1659968959162
2134	663	0	0	0	0	0	0	1659968960182
2134	663	0	0	0	0	0	0	1659968961202
2134	663	0	0	0	0	0	0	1659968962222
2134	663	0	0	0	0	0	0	1659968963242
2134	663	0	0	0	0	0	0	1659968964262
2134	663	0	0	0	0	0	0	1659968965282
2134	663	0	0	0	0	0	0	1659968966302
2134	663	0	0	0	0	0	0	1659968967322
2134	663	0	0	0	0	0	0	1659968968342
2134	663	0	0	0	0	0	0	1659968969362
2134	664	0	0	0	0	0	0	1659968970382
2134	663	0	0	0	0	0	0	1659968971402
2134	663	0	0	0	0	0	0	1659968972422
2134	663	0	0	0	0	0	0	1659968973442
2134	663	0	0	0	0	0	0	1659968974462
2134	663	0	0	0	0	0	0	1659968975482
2134	663	0	0	0	0	0	0	1659968976502
2134	663	0	0	0	0	0	0	1659968977522
2134	663	0	0	0	0	0	0	1659968978542
2134	663	0	0	0	0	0	0	1659968979562
2134	663	0	0	0	0	0	0	1659968980582
2134	663	0	0	0	0	0	0	1659968981602
2134	663	0	0	0	0	0	0	1659968982622
2134	663	0	0	0	0	0	0	1659968983642
2134	663	0	0	0	0	0	0	1659968984662
2134	663	0	0	0	0	0	0	1659968985682
2134	663	0	0	0	0	0	0	1659968986702
2134	663	0	0	0	0	0	0	1659968987722
2134	663	0	0	0	0	0	0	1659968988742
2134	663	0	0	0	0	0	0	1659968989762
2134	663	0	0	0	0	0	0	1659968990782
2134	663	0	0	0	0	0	0	1659968991802
2134	663	0	0	0	0	0	0	1659968992822
2134	663	0	0	0	0	0	0	1659968993842
2134	663	0	0	0	0	0	0	1659968994862
2134	663	0	0	0	0	0	0	1659968995882
2134	663	0	0	0	0	0	0	1659968996902
2134	663	0	0	0	0	0	0	1659968997922
2134	663	0	0	0	0	0	0	1659968998942
2134	663	0	0	0	0	0	0	1659968999962
2134	663	0	0	0	0	0	0	1659969000982
2134	663	0	0	0	0	0	0	1659969002002
2134	663	0	0	0	0	0	0	1659969003022
2134	663	0	0	0	0	0	0	1659969004042
2134	663	0	0	0	0	0	0	1659969005062
2134	663	0	0	0	0	0	0	1659969006082
2134	663	0	0	0	0	0	0	1659969007102
2134	663	0	0	0	0	0	0	1659969008122
2134	663	0	0	0	0	0	0	1659969009142
2134	663	0	0	0	0	0	0	1659969010162
2134	663	0	0	0	0	0	0	1659969011182
2134	663	0	0	0	0	0	0	1659969012202
2134	663	0	0	0	0	0	0	1659969013222
2134	663	0	0	0	0	0	0	1659969014242
2134	663	0	0	0	0	0	0	1659969015262
2134	663	0	0	0	0	0	0	1659969016282
2134	663	0	0	0	0	0	0	1659969017302
2134	663	0	0	0	0	0	0	1659969018322
2134	663	0	0	0	0	0	0	1659969019342
2134	663	0	0	0	0	0	0	1659969020362
2134	663	0	0	0	0	0	0	1659969021382
2134	663	0	0	0	0	0	0	1659969022402
2134	663	0	0	0	0	0	0	1659969023422
2134	663	0	0	0	0	0	0	1659969024442
2134	663	0	0	0	0	0	0	1659969025462
2134	663	0	0	0	0	0	0	1659969026482
2134	663	0	0	0	0	0	0	1659969027502
2134	663	0	0	0	0	0	0	1659969028522
2134	663	0	0	0	0	0	0	1659969029542
2134	663	0	0	0	0	0	0	1659969030562
2134	663	0	0	0	0	0	0	1659969031582
2134	663	0	0	0	0	0	0	1659969032602
2133	663	0	0	0	0	0	0	1659969033622
2133	663	0	0	0	0	0	0	1659969034642
2133	663	0	0	0	0	0	0	1659969035662
2133	663	0	0	0	0	0	0	1659969036682
2133	663	0	0	0	0	0	0	1659969037702
2132	663	0	0	0	0	0	0	1659969038722
2133	663	0	0	0	0	0	0	1659969039742
2133	663	0	0	0	0	0	0	1659969040762
2133	663	0	0	0	0	0	0	1659969041782
2131	663	0	0	0	0	0	0	1659969042802
2130	663	0	0	0	0	0	0	1659969043822
2128	663	0	0	0	0	0	0	1659969044842
2126	663	0	0	0	0	0	0	1659969045862
2125	663	0	0	0	0	0	0	1659969046882
2123	663	0	0	0	0	0	0	1659969047902
2122	663	0	0	0	0	0	0	1659969048922
2122	663	0	0	0	0	0	0	1659969049942
2118	663	0	0	0	0	0	0	1659969050962
2118	663	0	0	0	0	0	0	1659969051982
2116	663	0	0	0	0	0	0	1659969053002
2114	663	0	0	0	0	0	0	1659969054022
2113	663	0	0	0	0	0	0	1659969055042
2111	663	0	0	0	0	0	0	1659969056062
2109	663	0	0	0	0	0	0	1659969057082
2108	663	0	0	0	0	0	0	1659969058102
2109	663	0	0	0	0	0	0	1659969059122
2109	663	0	0	0	0	0	0	1659969060142
2109	663	0	0	0	0	0	0	1659969061162
2108	663	0	0	0	0	0	0	1659969062182
2108	663	0	0	0	0	0	0	1659969063202
2108	663	0	0	0	0	0	0	1659969064222
2108	663	0	0	0	0	0	0	1659969065242
2107	663	0	0	0	0	0	0	1659969066262
2107	663	0	0	0	0	0	0	1659969067282
2107	663	0	0	0	0	0	0	1659969068302
2107	663	0	0	0	0	0	0	1659969069322
2107	663	0	0	0	0	0	0	1659969070342
2107	663	0	0	0	0	0	0	1659969071362
2107	663	0	0	0	0	0	0	1659969072382
2107	663	0	0	0	0	0	0	1659969073402
2107	663	0	0	0	0	0	0	1659969074422
2107	663	0	0	0	0	0	0	1659969075442
2107	663	0	0	0	0	0	0	1659969076462
2107	663	0	0	0	0	0	0	1659969077482
2107	663	0	0	0	0	0	0	1659969078502
2107	663	0	0	0	0	0	0	1659969079522
2107	663	0	0	0	0	0	0	1659969080542
2107	663	0	0	0	0	0	0	1659969081562
2107	663	0	0	0	0	0	0	1659969082582
2107	663	0	0	0	0	0	0	1659969083602
2107	663	0	0	0	0	0	0	1659969084622
2107	663	0	0	0	0	0	0	1659969085642
2107	663	0	0	0	0	0	0	1659969086662
2107	663	0	0	0	0	0	0	1659969087682
2107	663	0	0	0	0	0	0	1659969088702
2107	663	0	0	0	0	0	0	1659969089722
2107	663	0	0	0	0	0	0	1659969090742
2107	663	0	0	0	0	0	0	1659969091762
2107	663	0	0	0	0	0	0	1659969092782
2107	663	0	0	0	0	0	0	1659969093802
2107	663	0	0	0	0	0	0	1659969094822
2107	663	0	0	0	0	0	0	1659969095842
2107	663	0	0	0	0	0	0	1659969096862
2107	663	0	0	0	0	0	0	1659969097882
2107	663	0	0	0	0	0	0	1659969098902
2107	663	0	0	0	0	0	0	1659969099922
2107	663	0	0	0	0	0	0	1659969100942
2107	663	0	0	0	0	0	0	1659969101962
2107	663	0	0	0	0	0	0	1659969102982
2107	663	0	0	0	0	0	0	1659969104002
2107	663	0	0	0	0	0	0	1659969105022
2107	663	0	0	0	0	0	0	1659969106042
2107	663	0	0	0	0	0	0	1659969107062
2107	663	0	0	0	0	0	0	1659969108082
2107	663	0	0	0	0	0	0	1659969109102
2107	663	0	0	0	0	0	0	1659969110122
2107	663	0	0	0	0	0	0	1659969111142
2107	663	0	0	0	0	0	0	1659969112162
2107	663	0	0	0	0	0	0	1659969113182
2107	663	0	0	0	0	0	0	1659969114202
2107	663	0	0	0	0	0	0	1659969115222
2107	663	0	0	0	0	0	0	1659969116242
2107	663	0	0	0	0	0	0	1659969117262
2107	663	0	0	0	0	0	0	1659969118282
2107	663	0	0	0	0	0	0	1659969119302
2107	663	0	0	0	0	0	0	1659969120322
2107	663	0	0	0	0	0	0	1659969121342
2107	663	0	0	0	0	0	0	1659969122362
2107	663	0	0	0	0	0	0	1659969123382
2107	663	0	0	0	0	0	0	1659969124402
2107	663	0	0	0	0	0	0	1659969125422
2107	664	0	0	0	0	0	0	1659969126442
2107	664	0	0	0	0	0	0	1659969127462
2107	663	0	0	0	0	0	0	1659969128482
2107	663	0	0	0	0	0	0	1659969129502
2107	663	0	0	0	0	0	0	1659969130522
2107	663	0	0	0	0	0	0	1659969131542
2107	663	0	0	0	0	0	0	1659969132562
2107	663	0	0	0	0	0	0	1659969133582
2107	663	0	0	0	0	0	0	1659969134602
2107	663	0	0	0	0	0	0	1659969135622
2107	663	0	0	0	0	0	0	1659969136642
2107	663	0	0	0	0	0	0	1659969137662
2107	663	0	0	0	0	0	0	1659969138682
2107	663	0	0	0	0	0	0	1659969139702
2107	663	0	0	0	0	0	0	1659969140722
2107	663	0	0	0	0	0	0	1659969141742
2107	663	0	0	0	0	0	0	1659969142762
2107	663	0	0	0	0	0	0	1659969143782
2107	663	0	0	0	0	0	0	1659969144802
2107	663	0	0	0	0	0	0	1659969145822
2107	663	0	0	0	0	0	0	1659969146842
2107	663	0	0	0	0	0	0	1659969147862
2107	663	0	0	0	0	0	0	1659969148882
2107	663	0	0	0	0	0	0	1659969149902
2106	663	0	0	0	0	0	0	1659969150922
2105	663	0	0	0	0	0	0	1659969151942
2105	663	0	0	0	0	0	0	1659969152962
2104	663	0	0	0	0	0	0	1659969153982
2105	663	0	0	0	0	0	0	1659969155002
2105	663	0	0	0	0	0	0	1659969156022
2106	663	0	0	0	0	0	0	1659969157042
2106	663	0	0	0	0	0	0	1659969158062
2106	663	0	0	0	0	0	0	1659969159082
2106	663	0	0	0	0	0	0	1659969160102
2106	663	0	0	0	0	0	0	1659969161122
2106	663	0	0	0	0	0	0	1659969162142
2106	663	0	0	0	0	0	0	1659969163162
2106	663	0	0	0	0	0	0	1659969164182
2106	663	0	0	0	0	0	0	1659969165202
2106	663	0	0	0	0	0	0	1659969166222
2106	663	0	0	0	0	0	0	1659969167242
2106	663	0	0	0	0	0	0	1659969168262
2106	663	0	0	0	0	0	0	1659969169282
2106	663	0	0	0	0	0	0	1659969170302
2106	663	0	0	0	0	0	0	1659969171322
2106	663	0	0	0	0	0	0	1659969172342
2106	663	0	0	0	0	0	0	1659969173362
2106	663	0	0	0	0	0	0	1659969174382
2106	663	0	0	0	0	0	0	1659969175402
2106	663	0	0	0	0	0	0	1659969176422
2106	663	0	0	0	0	0	0	1659969177442
2106	663	0	0	0	0	0	0	1659969178462
2106	663	0	0	0	0	0	0	1659969179482
2106	663	0	0	0	0	0	0	1659969180502
2106	663	0	0	0	0	0	0	1659969181522
2106	663	0	0	0	0	0	0	1659969182542
2104	663	0	0	0	0	0	0	1659969183562
2104	663	0	0	0	0	0	0	1659969184582
2105	663	0	0	0	0	0	0	1659969185602
2098	663	0	0	0	0	0	0	1659969186622
2097	663	0	0	0	0	0	0	1659969187642
2098	663	0	0	0	0	0	0	1659969188662
2095	663	0	0	0	0	0	0	1659969189682
2096	663	0	0	0	0	0	0	1659969190702
2094	663	0	0	0	0	0	0	1659969191722
2096	663	0	0	0	0	0	0	1659969192742
2098	663	0	0	0	0	0	0	1659969193762
2100	663	0	0	0	0	0	0	1659969194782
2099	663	0	0	0	0	0	0	1659969195802
2099	663	0	0	0	0	0	0	1659969196822
2099	663	0	0	0	0	0	0	1659969197842
2098	663	0	0	0	0	0	0	1659969198862
2093	663	0	0	0	0	0	0	1659969199882
2093	663	0	0	0	0	0	0	1659969200902
2095	663	0	0	0	0	0	0	1659969201922
2097	663	0	0	0	0	0	0	1659969202942
2094	663	0	0	0	0	0	0	1659969203962
2093	663	0	0	0	0	0	0	1659969204982
2092	663	0	0	0	0	0	0	1659969206002
2091	663	0	0	0	0	0	0	1659969207022
2091	663	0	0	0	0	0	0	1659969208042
2092	663	0	0	0	0	0	0	1659969209062
2092	663	0	0	0	0	0	0	1659969210082
2090	663	0	0	0	0	0	0	1659969211102
2089	663	0	0	0	0	0	0	1659969212122
2091	663	0	0	0	0	0	0	1659969213142
2091	663	0	0	0	0	0	0	1659969214162
2089	663	0	0	0	0	0	0	1659969215182
2089	663	0	0	0	0	0	0	1659969216202
2087	663	0	0	0	0	0	0	1659969217222
2086	663	0	0	0	0	0	0	1659969218242
2084	663	0	0	0	0	0	0	1659969219262
2082	663	0	0	0	0	0	0	1659969220282
2083	663	0	0	0	0	0	0	1659969221302
2083	663	0	0	0	0	0	0	1659969222322
2084	663	0	0	0	0	0	0	1659969223342
2083	663	0	0	0	0	0	0	1659969224362
2083	663	0	0	0	0	0	0	1659969225382
2082	663	0	0	0	0	0	0	1659969226402
2082	663	0	0	0	0	0	0	1659969227422
2084	663	0	0	0	0	0	0	1659969228442
2085	663	0	0	0	0	0	0	1659969229462
2083	663	0	0	0	0	0	0	1659969230482
2084	663	0	0	0	0	0	0	1659969231502
2084	663	0	0	0	0	0	0	1659969232522
2083	663	0	0	0	0	0	0	1659969233542
2085	663	0	0	0	0	0	0	1659969234562
2085	663	0	0	0	0	0	0	1659969235582
2083	663	0	0	0	0	0	0	1659969236602
2082	663	0	0	0	0	0	0	1659969237622
2081	663	0	0	0	0	0	0	1659969238642
2080	663	0	0	0	0	0	0	1659969239662
2081	663	0	0	0	0	0	0	1659969240682
2081	663	0	0	0	0	0	0	1659969241702
2081	663	0	0	0	0	0	0	1659969242722
2082	663	0	0	0	0	0	0	1659969243742
2082	663	0	0	0	0	0	0	1659969244762
2081	663	0	0	0	0	0	0	1659969245782
2080	663	0	0	0	0	0	0	1659969246802
2079	663	0	0	0	0	0	0	1659969247822
2080	663	0	0	0	0	0	0	1659969248842
2080	663	0	0	0	0	0	0	1659969249862
2080	663	0	0	0	0	0	0	1659969250882
2081	663	0	0	0	0	0	0	1659969251902
2080	663	0	0	0	0	0	0	1659969252922
2080	663	0	0	0	0	0	0	1659969253942
2079	663	0	0	0	0	0	0	1659969254962
2079	663	0	0	0	0	0	0	1659969255982
2079	663	0	0	0	0	0	0	1659969257002
2079	663	0	0	0	0	0	0	1659969258022
2079	663	0	0	0	0	0	0	1659969259042
2079	663	0	0	0	0	0	0	1659969260062
2079	663	0	0	0	0	0	0	1659969261082
2079	663	0	0	0	0	0	0	1659969262102
2079	663	0	0	0	0	0	0	1659969263122
2079	663	0	0	0	0	0	0	1659969264142
2079	663	0	0	0	0	0	0	1659969265162
2079	663	0	0	0	0	0	0	1659969266182
2079	663	0	0	0	0	0	0	1659969267202
2079	663	0	0	0	0	0	0	1659969268222
2079	663	0	0	0	0	0	0	1659969269242
2079	663	0	0	0	0	0	0	1659969270262
2079	663	0	0	0	0	0	0	1659969271282
2079	663	0	0	0	0	0	0	1659969272302
2079	663	0	0	0	0	0	0	1659969273322
2079	663	0	0	0	0	0	0	1659969274342
2079	663	0	0	0	0	0	0	1659969275362
2079	663	0	0	0	0	0	0	1659969276382
2079	663	0	0	0	0	0	0	1659969277402
2079	663	0	0	0	0	0	0	1659969278422
2079	663	0	0	0	0	0	0	1659969279442
2079	663	0	0	0	0	0	0	1659969280462
2079	663	0	0	0	0	0	0	1659969281482
2079	663	0	0	0	0	0	0	1659969282502
2079	663	0	0	0	0	0	0	1659969283522
2079	663	0	0	0	0	0	0	1659969284542
2079	663	0	0	0	0	0	0	1659969285562
2079	663	0	0	0	0	0	0	1659969286582
2079	663	0	0	0	0	0	0	1659969287602
2079	663	0	0	0	0	0	0	1659969288622
2079	663	0	0	0	0	0	0	1659969289642
2079	663	0	0	0	0	0	0	1659969290662
2079	663	0	0	0	0	0	0	1659969291682
2079	663	0	0	0	0	0	0	1659969292702
2079	662	0	0	0	0	0	0	1659969293722
2079	662	0	0	0	0	0	0	1659969294742
2079	661	0	0	0	0	0	0	1659969295762
2079	661	0	0	0	0	0	0	1659969296782
2079	661	0	0	0	0	0	0	1659969297802
2079	662	0	0	0	0	0	0	1659969298822
2079	662	0	0	0	0	0	0	1659969299842
2079	662	0	0	0	0	0	0	1659969300862
2079	662	0	0	0	0	0	0	1659969301882
2079	662	0	0	0	0	0	0	1659969302902
2079	662	0	0	0	0	0	0	1659969303922
2079	661	0	0	0	0	0	0	1659969304942
2079	662	0	0	0	0	0	0	1659969305962
2079	662	0	0	0	0	0	0	1659969306982
2079	661	0	0	0	0	0	0	1659969308002
2079	662	0	0	0	0	0	0	1659969309022
2079	662	0	0	0	0	0	0	1659969310042
2079	662	0	0	0	0	0	0	1659969311062
2079	661	0	0	0	0	0	0	1659969312082
2079	661	0	0	0	0	0	0	1659969313102
2079	661	0	0	0	0	0	0	1659969314122
2079	661	0	0	0	0	0	0	1659969315142
2079	661	0	0	0	0	0	0	1659969316162
2079	661	0	0	0	0	0	0	1659969317182
2079	661	0	0	0	0	0	0	1659969318202
2079	660	0	0	0	0	0	0	1659969319222
2079	660	0	0	0	0	0	0	1659969320242
2079	659	0	0	0	0	0	0	1659969321262
2079	660	0	0	0	0	0	0	1659969322282
2079	659	0	0	0	0	0	0	1659969323302
2079	657	0	0	0	0	0	0	1659969324322
2079	659	0	0	0	0	0	0	1659969325342
2079	658	0	0	0	0	0	0	1659969326362
2079	659	0	0	0	0	0	0	1659969327382
2079	659	0	0	0	0	0	0	1659969328402
2079	659	0	0	0	0	0	0	1659969329422
2079	658	0	0	0	0	0	0	1659969330442
2079	660	0	0	0	0	0	0	1659969331462
2079	660	0	0	0	0	0	0	1659969332482
2079	659	0	0	0	0	0	0	1659969333502
2079	658	0	0	0	0	0	0	1659969334522
2079	658	0	0	0	0	0	0	1659969335542
2079	656	0	0	0	0	0	0	1659969336562
2079	656	0	0	0	0	0	0	1659969337582
2079	658	0	0	0	0	0	0	1659969338602
2079	658	0	0	0	0	0	0	1659969339622
2079	659	0	0	0	0	0	0	1659969340642
2079	656	0	0	0	0	0	0	1659969341662
2079	656	0	0	0	0	0	0	1659969342682
2079	658	0	0	0	0	0	0	1659969343702
2079	658	0	0	0	0	0	0	1659969344722
2079	658	0	0	0	0	0	0	1659969345742
2079	657	0	0	0	0	0	0	1659969346762
2079	655	0	0	0	0	0	0	1659969347782
2079	655	0	0	0	0	0	0	1659969348802
2079	655	0	0	0	0	0	0	1659969349822
2079	655	0	0	0	0	0	0	1659969350842
2079	656	0	0	0	0	0	0	1659969351862
2079	656	0	0	0	0	0	0	1659969352882
2079	657	0	0	0	0	0	0	1659969353902
2079	657	0	0	0	0	0	0	1659969354922
2079	657	0	0	0	0	0	0	1659969355942
2079	655	0	0	0	0	0	0	1659969356962
2079	654	0	0	0	0	0	0	1659969357982
2079	653	0	0	0	0	0	0	1659969359002
2079	653	0	0	0	0	0	0	1659969360022
2079	654	0	0	0	0	0	0	1659969361042
2079	654	0	0	0	0	0	0	1659969362062
2079	653	0	0	0	0	0	0	1659969363082
2079	653	0	0	0	0	0	0	1659969364102
2079	651	0	0	0	0	0	0	1659969365122
2079	651	0	0	0	0	0	0	1659969366142
2079	652	0	0	0	0	0	0	1659969367162
2079	651	0	0	0	0	0	0	1659969368182
2079	651	0	0	0	0	0	0	1659969369202
2079	649	0	0	0	0	0	0	1659969370222
2079	650	0	0	0	0	0	0	1659969371242
2079	650	0	0	0	0	0	0	1659969372262
2079	650	0	0	0	0	0	0	1659969373282
2079	651	0	0	0	0	0	0	1659969374302
2079	651	0	0	0	0	0	0	1659969375322
2079	649	0	0	0	0	0	0	1659969376342
2079	649	0	0	0	0	0	0	1659969377362
2079	650	0	0	0	0	0	0	1659969378382
2079	650	0	0	0	0	0	0	1659969379402
2079	650	0	0	0	0	0	0	1659969380422
2079	651	0	0	0	0	0	0	1659969381442
2079	650	0	0	0	0	0	0	1659969382462
2079	650	0	0	0	0	0	0	1659969383482
2079	651	0	0	0	0	0	0	1659969384502
2079	648	0	0	0	0	0	0	1659969385522
2079	646	0	0	0	0	0	0	1659969386542
2079	646	0	0	0	0	0	0	1659969387562
2079	645	0	0	0	0	0	0	1659969388582
2079	644	0	0	0	0	0	0	1659969389602
2079	645	0	0	0	0	0	0	1659969390622
2079	644	0	0	0	0	0	0	1659969391642
2079	644	0	0	0	0	0	0	1659969392662
2079	645	0	0	0	0	0	0	1659969393682
2079	645	0	0	0	0	0	0	1659969394702
2079	642	0	0	0	0	0	0	1659969395722
2079	642	0	0	0	0	0	0	1659969396742
2079	642	0	0	0	0	0	0	1659969397762
2079	642	0	0	0	0	0	0	1659969398782
2079	641	0	0	0	0	0	0	1659969399802
2079	641	0	0	0	0	0	0	1659969400822
2079	641	0	0	0	0	0	0	1659969401842
2079	642	0	0	0	0	0	0	1659969402862
2079	642	0	0	0	0	0	0	1659969403882
2079	642	0	0	0	0	0	0	1659969404902
2079	641	0	0	0	0	0	0	1659969405922
2079	641	0	0	0	0	0	0	1659969406942
2079	641	0	0	0	0	0	0	1659969407962
2079	641	0	0	0	0	0	0	1659969408982
2079	641	0	0	0	0	0	0	1659969410002
2079	639	0	0	0	0	0	0	1659969411022
2079	638	0	0	0	0	0	0	1659969412042
2079	640	0	0	0	0	0	0	1659969413062
2079	640	0	0	0	0	0	0	1659969414082
2079	639	0	0	0	0	0	0	1659969415102
2079	639	0	0	0	0	0	0	1659969416122
2079	638	0	0	0	0	0	0	1659969417142
2079	638	0	0	0	0	0	0	1659969418162
2079	639	0	0	0	0	0	0	1659969419182
2079	639	0	0	0	0	0	0	1659969420202
2079	638	0	0	0	0	0	0	1659969421222
2079	638	0	0	0	0	0	0	1659969422242
2079	639	0	0	0	0	0	0	1659969423262
2078	639	0	0	0	0	0	0	1659969424282
2078	639	0	0	0	0	0	0	1659969425302
2078	639	0	0	0	0	0	0	1659969426322
2078	638	0	0	0	0	0	0	1659969427342
2078	638	0	0	0	0	0	0	1659969428362
2078	637	0	0	0	0	0	0	1659969429382
2078	637	0	0	0	0	0	0	1659969430402
2078	638	0	0	0	0	0	0	1659969431422
2078	637	0	0	0	0	0	0	1659969432442
2078	636	0	0	0	0	0	0	1659969433462
2078	636	0	0	0	0	0	0	1659969434482
2078	636	0	0	0	0	0	0	1659969435502
2078	636	0	0	0	0	0	0	1659969436522
2078	639	0	0	0	0	0	0	1659969437542
2078	648	0	0	0	0	0	0	1659969438562
2078	650	0	0	0	0	0	0	1659969439582
2078	649	0	0	0	0	0	0	1659969440602
2078	649	0	0	0	0	0	0	1659969441622
2078	649	0	0	0	0	0	0	1659969442642
2078	646	0	0	0	0	0	0	1659969443662
2078	643	0	0	0	0	0	0	1659969444682
2078	650	0	0	0	0	0	0	1659969445702
2078	654	0	0	0	0	0	0	1659969446722
2078	657	0	0	0	0	0	0	1659969447742
2078	657	0	0	0	0	0	0	1659969448762
2078	652	0	0	0	0	0	0	1659969449782
2078	647	0	0	0	0	0	0	1659969450802
2078	645	0	0	0	0	0	0	1659969451822
2078	642	0	0	0	0	0	0	1659969452842
2078	641	0	0	0	0	0	0	1659969453862
2078	640	0	0	0	0	0	0	1659969454882
2078	639	0	0	0	0	0	0	1659969455902
2078	639	0	0	0	0	0	0	1659969456922
2078	639	0	0	0	0	0	0	1659969457942
2078	639	0	0	0	0	0	0	1659969458962
2078	638	0	0	0	0	0	0	1659969459982
2078	637	0	0	0	0	0	0	1659969461002
2078	637	0	0	0	0	0	0	1659969462022
2078	638	0	0	0	0	0	0	1659969463042
2079	637	0	0	0	0	0	0	1659969464062
2079	637	0	0	0	0	0	0	1659969465082
2079	637	0	0	0	0	0	0	1659969466102
2079	638	0	0	0	0	0	0	1659969467122
2079	637	0	0	0	0	0	0	1659969468142
2079	637	0	0	0	0	0	0	1659969469162
2079	636	0	0	0	0	0	0	1659969470182
2079	637	0	0	0	0	0	0	1659969471202
2079	636	0	0	0	0	0	0	1659969472222
2079	635	0	0	0	0	0	0	1659969473242
2079	636	0	0	0	0	0	0	1659969474262
2079	636	0	0	0	0	0	0	1659969475282
2079	636	0	0	0	0	0	0	1659969476302
2079	636	0	0	0	0	0	0	1659969477322
2078	636	0	0	0	0	0	0	1659969478342
2078	636	0	0	0	0	0	0	1659969479362
2078	636	0	0	0	0	0	0	1659969480382
2078	636	0	0	0	0	0	0	1659969481402
2078	636	0	0	0	0	0	0	1659969482422
2078	636	0	0	0	0	0	0	1659969483442
2078	636	0	0	0	0	0	0	1659969484462
2078	636	0	0	0	0	0	0	1659969485482
2078	636	0	0	0	0	0	0	1659969486502
2078	636	0	0	0	0	0	0	1659969487522
2078	636	0	0	0	0	0	0	1659969488542
2078	636	0	0	0	0	0	0	1659969489562
2078	636	0	0	0	0	0	0	1659969490582
2078	636	0	0	0	0	0	0	1659969491602
2078	635	0	0	0	0	0	0	1659969492622
2078	635	0	0	0	0	0	0	1659969493642
2078	635	0	0	0	0	0	0	1659969494662
2078	635	0	0	0	0	0	0	1659969495682
2078	635	0	0	0	0	0	0	1659969496702
2078	635	0	0	0	0	0	0	1659969497722
2078	635	0	0	0	0	0	0	1659969498742
2078	635	0	0	0	0	0	0	1659969499762
11246	635	0	0	0	0	0	0	1659969500782
7579	635	0	0	0	0	0	0	1659969501802
5379	635	0	0	0	0	0	0	1659969502822
4059	635	0	0	0	0	0	0	1659969503842
3267	635	0	0	0	0	0	0	1659969504862
2792	635	0	0	0	0	0	0	1659969505882
2507	635	0	0	0	0	0	0	1659969506902
2336	635	0	0	0	0	0	0	1659969507922
2233	635	0	0	0	0	0	0	1659969508942
2171	635	0	0	0	0	0	0	1659969509962
2134	635	0	0	0	0	0	0	1659969510982
2112	635	0	0	0	0	0	0	1659969512002
2099	635	0	0	0	0	0	0	1659969513022
2091	635	0	0	0	0	0	0	1659969514042
2086	635	0	0	0	0	0	0	1659969515062
2083	635	0	0	0	0	0	0	1659969516082
2081	635	0	0	0	0	0	0	1659969517102
2080	635	0	0	0	0	0	0	1659969518122
2079	635	0	0	0	0	0	0	1659969519142
2079	635	0	0	0	0	0	0	1659969520162
2079	635	0	0	0	0	0	0	1659969521182
2079	635	0	0	0	0	0	0	1659969522202
2079	635	0	0	0	0	0	0	1659969523222
2079	635	0	0	0	0	0	0	1659969524242
2079	635	0	0	0	0	0	0	1659969525262
2079	635	0	0	0	0	0	0	1659969526282
2079	635	0	0	0	0	0	0	1659969527332
2079	635	0	0	0	0	0	0	1659969528352
2079	635	0	0	0	0	0	0	1659969529372
2079	635	0	0	0	0	0	0	1659969530392
2079	635	0	0	0	0	0	0	1659969531412
2079	635	0	0	0	0	0	0	1659969532432
2079	635	0	0	0	0	0	0	1659969533452
2079	635	0	0	0	0	0	0	1659969534472
2079	635	0	0	0	0	0	0	1659969535492
2079	635	0	0	0	0	0	0	1659969536512
2079	635	0	0	0	0	0	0	1659969537532
2079	635	0	0	0	0	0	0	1659969538552
2079	635	0	0	0	0	0	0	1659969539572
2079	635	0	0	0	0	0	0	1659969540592
2079	635	0	0	0	0	0	0	1659969541612
2079	635	0	0	0	0	0	0	1659969542632
2079	635	0	0	0	0	0	0	1659969543652
2079	635	0	0	0	0	0	0	1659969544672
2079	635	0	0	0	0	0	0	1659969545692
2078	635	0	0	0	0	0	0	1659969546712
2078	635	0	0	0	0	0	0	1659969547732
2078	635	0	0	0	0	0	0	1659969548752
2076	635	0	0	0	0	0	0	1659969549772
2074	635	0	0	0	0	0	0	1659969550792
2075	635	0	0	0	0	0	0	1659969551812
2076	635	0	0	0	0	0	0	1659969552832
2077	635	0	0	0	0	0	0	1659969553852
2077	635	0	0	0	0	0	0	1659969554872
2078	635	0	0	0	0	0	0	1659969555892
2078	635	0	0	0	0	0	0	1659969556912
2078	635	0	0	0	0	0	0	1659969557932
2078	635	0	0	0	0	0	0	1659969558952
2078	635	0	0	0	0	0	0	1659969559972
2078	635	0	0	0	0	0	0	1659969560992
2078	635	0	0	0	0	0	0	1659969562012
2078	635	0	0	0	0	0	0	1659969563032
2078	635	0	0	0	0	0	0	1659969564052
2078	635	0	0	0	0	0	0	1659969565072
2078	635	0	0	0	0	0	0	1659969566092
2078	635	0	0	0	0	0	0	1659969567112
2078	635	0	0	0	0	0	0	1659969568132
2078	635	0	0	0	0	0	0	1659969569152
2078	635	0	0	0	0	0	0	1659969570172
2078	635	0	0	0	0	0	0	1659969571192
2078	635	0	0	0	0	0	0	1659969572212
2078	635	0	0	0	0	0	0	1659969573232
2078	635	0	0	0	0	0	0	1659969574252
2078	635	0	0	0	0	0	0	1659969575272
2078	635	0	0	0	0	0	0	1659969576292
2078	635	0	0	0	0	0	0	1659969577312
2078	635	0	0	0	0	0	0	1659969578332
2078	635	0	0	0	0	0	0	1659969579352
