1930	2133	0	0	0	0	0	0	1657202676737
1914	2123	0	0	0	0	0	0	1657202677757
1893	2116	0	0	0	0	0	0	1657202678777
1875	2110	0	0	0	0	0	0	1657202679797
1857	2101	0	0	0	0	0	0	1657202680817
1836	2092	0	0	0	0	0	0	1657202681837
1822	2087	0	0	0	0	0	0	1657202682857
1805	2084	0	0	0	0	0	0	1657202683877
1793	2082	0	0	0	0	0	0	1657202684897
1781	2081	0	0	0	0	0	0	1657202685917
1767	2080	0	0	0	0	0	0	1657202686937
1759	2079	0	0	0	0	0	0	1657202687957
1748	2077	0	0	0	0	0	0	1657202688977
1736	2070	0	0	0	0	0	0	1657202689997
1729	2065	0	0	0	0	0	0	1657202691017
1725	2060	0	0	0	0	0	0	1657202692037
1713	2057	0	0	0	0	0	0	1657202693057
1704	2055	0	0	0	0	0	0	1657202694077
1698	2054	0	0	0	0	0	0	1657202695097
1695	2132	0	0	0	0	0	0	1657202696117
1687	2140	0	0	0	0	0	0	1657202697137
1677	2149	0	0	0	0	0	0	1657202698157
1672	2151	0	0	0	0	0	0	1657202699177
1668	2145	0	0	0	0	0	0	1657202700197
1666	2141	0	0	0	0	0	0	1657202701217
1661	2138	0	0	0	0	0	0	1657202702237
1651	2137	0	0	0	0	0	0	1657202703257
1645	2136	0	0	0	0	0	0	1657202704277
1641	2136	0	0	0	0	0	0	1657202705297
1639	2136	0	0	0	0	0	0	1657202706317
1637	2136	0	0	0	0	0	0	1657202707337
1634	2136	0	0	0	0	0	0	1657202708357
1626	2135	0	0	0	0	0	0	1657202709377
1618	2134	0	0	0	0	0	0	1657202710397
1614	2129	0	0	0	0	0	0	1657202711417
1611	2129	0	0	0	0	0	0	1657202712437
1609	2125	0	0	0	0	0	0	1657202713457
1608	2119	0	0	0	0	0	0	1657202714477
1607	2114	0	0	0	0	0	0	1657202715497
1605	2111	0	0	0	0	0	0	1657202716517
1597	2109	0	0	0	0	0	0	1657202717537
1590	2108	0	0	0	0	0	0	1657202718557
1586	2108	0	0	0	0	0	0	1657202719577
1583	2108	0	0	0	0	0	0	1657202720597
1582	2108	0	0	0	0	0	0	1657202721617
1581	2108	0	0	0	0	0	0	1657202722637
1580	2108	0	0	0	0	0	0	1657202723657
1579	2108	0	0	0	0	0	0	1657202724677
1579	2107	0	0	0	0	0	0	1657202725697
1578	2107	0	0	0	0	0	0	1657202726717
1572	2107	0	0	0	0	0	0	1657202727737
1564	2104	0	0	0	0	0	0	1657202728757
1559	2100	0	0	0	0	0	0	1657202729777
1556	2095	0	0	0	0	0	0	1657202730797
1554	2089	0	0	0	0	0	0	1657202731817
1553	2085	0	0	0	0	0	0	1657202732837
1552	2083	0	0	0	0	0	0	1657202733857
1552	2082	0	0	0	0	0	0	1657202734877
1551	2081	0	0	0	0	0	0	1657202735897
1551	2080	0	0	0	0	0	0	1657202736917
1550	2080	0	0	0	0	0	0	1657202737937
1547	2079	0	0	0	0	0	0	1657202738957
1539	2079	0	0	0	0	0	0	1657202739977
1532	2079	0	0	0	0	0	0	1657202740997
1528	2079	0	0	0	0	0	0	1657202742017
1526	2079	0	0	0	0	0	0	1657202743037
1525	2079	0	0	0	0	0	0	1657202744057
1524	2079	0	0	0	0	0	0	1657202745077
1524	2079	0	0	0	0	0	0	1657202746097
1524	2079	0	0	0	0	0	0	1657202747117
1524	2076	0	0	0	0	0	0	1657202748137
1523	2071	0	0	0	0	0	0	1657202749157
1523	2064	0	0	0	0	0	0	1657202750177
1523	2059	0	0	0	0	0	0	1657202751197
1521	2056	0	0	0	0	0	0	1657202752217
1517	2054	0	0	0	0	0	0	1657202753237
1510	2053	0	0	0	0	0	0	1657202754257
1504	2052	0	0	0	0	0	0	1657202755277
1501	2042	0	0	0	0	0	0	1657202756297
1499	2035	0	0	0	0	0	0	1657202757317
1497	2030	0	0	0	0	0	0	1657202758337
1496	2027	0	0	0	0	0	0	1657202759357
1496	2026	0	0	0	0	0	0	1657202760377
1496	2012	0	0	0	0	0	0	1657202761397
1496	2131	0	0	0	0	0	0	1657202762417
1496	2139	0	0	0	0	0	0	1657202763437
1496	2130	0	0	0	0	0	0	1657202764457
1496	2121	0	0	0	0	0	0	1657202765477
1495	2116	0	0	0	0	0	0	1657202766497
1495	2073	0	0	0	0	0	0	1657202767517
1492	2060	0	0	0	0	0	0	1657202768537
1488	2046	0	0	0	0	0	0	1657202769557
1480	2112	0	0	0	0	0	0	1657202770577
1475	2125	0	0	0	0	0	0	1657202771597
1472	2129	0	0	0	0	0	0	1657202772617
1470	2102	0	0	0	0	0	0	1657202773637
1469	2068	0	0	0	0	0	0	1657202774657
1468	2062	0	0	0	0	0	0	1657202775677
1468	2058	0	0	0	0	0	0	1657202776697
1468	2055	0	0	0	0	0	0	1657202777717
1468	2053	0	0	0	0	0	0	1657202778737
1468	2052	0	0	0	0	0	0	1657202779757
1467	2052	0	0	0	0	0	0	1657202780777
1467	2052	0	0	0	0	0	0	1657202781797
1467	2052	0	0	0	0	0	0	1657202782817
1467	2052	0	0	0	0	0	0	1657202783837
1467	2051	0	0	0	0	0	0	1657202784857
1466	2050	0	0	0	0	0	0	1657202785877
1462	2049	0	0	0	0	0	0	1657202786897
1457	2048	0	0	0	0	0	0	1657202787917
1452	2044	0	0	0	0	0	0	1657202788937
1447	2037	0	0	0	0	0	0	1657202789957
1444	2032	0	0	0	0	0	0	1657202790977
1442	2028	0	0	0	0	0	0	1657202791997
1441	2026	0	0	0	0	0	0	1657202793017
1440	2025	0	0	0	0	0	0	1657202794037
1440	2024	0	0	0	0	0	0	1657202795057
1440	2024	0	0	0	0	0	0	1657202796077
1440	2024	0	0	0	0	0	0	1657202797097
1440	2024	0	0	0	0	0	0	1657202798117
1440	2024	0	0	0	0	0	0	1657202799137
1440	2024	0	0	0	0	0	0	1657202800157
1440	2024	0	0	0	0	0	0	1657202801177
1440	2024	0	0	0	0	0	0	1657202802197
1439	2024	0	0	0	0	0	0	1657202803217
1439	2024	0	0	0	0	0	0	1657202804237
1439	2024	0	0	0	0	0	0	1657202805257
1439	2024	0	0	0	0	0	0	1657202806277
1439	2024	0	0	0	0	0	0	1657202807297
1437	2024	0	0	0	0	0	0	1657202808317
1433	2018	0	0	0	0	0	0	1657202809337
1426	2009	0	0	0	0	0	0	1657202810357
1420	2004	0	0	0	0	0	0	1657202811377
1417	2000	0	0	0	0	0	0	1657202812397
1415	1998	0	0	0	0	0	0	1657202813417
1413	1997	0	0	0	0	0	0	1657202814437
1412	1996	0	0	0	0	0	0	1657202815457
1412	1996	0	0	0	0	0	0	1657202816477
1412	1996	0	0	0	0	0	0	1657202817497
1412	1996	0	0	0	0	0	0	1657202818517
1412	1996	0	0	0	0	0	0	1657202819537
1412	1996	0	0	0	0	0	0	1657202820557
1412	1996	0	0	0	0	0	0	1657202821577
1412	1996	0	0	0	0	0	0	1657202822597
1412	1996	0	0	0	0	0	0	1657202823617
1412	1996	0	0	0	0	0	0	1657202824637
1412	1996	0	0	0	0	0	0	1657202825657
1412	1996	0	0	0	0	0	0	1657202826677
1412	1996	0	0	0	0	0	0	1657202827697
1412	1996	0	0	0	0	0	0	1657202828717
1412	1996	0	0	0	0	0	0	1657202829737
1412	1995	0	0	0	0	0	0	1657202830757
1411	1993	0	0	0	0	0	0	1657202831777
1410	1991	0	0	0	0	0	0	1657202832797
1407	1986	0	0	0	0	0	0	1657202833817
1404	1981	0	0	0	0	0	0	1657202834837
1397	1976	0	0	0	0	0	0	1657202835857
1392	1973	0	0	0	0	0	0	1657202836877
1389	1971	0	0	0	0	0	0	1657202837897
1387	1970	0	0	0	0	0	0	1657202838917
1386	1969	0	0	0	0	0	0	1657202839937
1385	1968	0	0	0	0	0	0	1657202840957
1384	1968	0	0	0	0	0	0	1657202841977
1384	1968	0	0	0	0	0	0	1657202842997
1383	1968	0	0	0	0	0	0	1657202844017
1383	1968	0	0	0	0	0	0	1657202845037
1383	1968	0	0	0	0	0	0	1657202846057
1383	1968	0	0	0	0	0	0	1657202847077
1383	1968	0	0	0	0	0	0	1657202848097
1383	1968	0	0	0	0	0	0	1657202849117
1383	1968	0	0	0	0	0	0	1657202850137
1383	2016	0	0	0	0	0	0	1657202851157
1383	2009	0	0	0	0	0	0	1657202852177
1383	1992	0	0	0	0	0	0	1657202853197
1383	1981	0	0	0	0	0	0	1657202854217
1383	1976	0	0	0	0	0	0	1657202855237
1383	1973	0	0	0	0	0	0	1657202856257
1383	1971	0	0	0	0	0	0	1657202857277
1383	1969	0	0	0	0	0	0	1657202858297
1383	1968	0	0	0	0	0	0	1657202859317
1382	1968	0	0	0	0	0	0	1657202860337
1378	1968	0	0	0	0	0	0	1657202861357
1377	1968	0	0	0	0	0	0	1657202862377
1374	1955	0	0	0	0	0	0	1657202863397
1370	2004	0	0	0	0	0	0	1657202864417
1365	1983	0	0	0	0	0	0	1657202865437
1362	1968	0	0	0	0	0	0	1657202866457
1360	1956	0	0	0	0	0	0	1657202867477
1358	1949	0	0	0	0	0	0	1657202868497
1357	1945	0	0	0	0	0	0	1657202869517
1356	1943	0	0	0	0	0	0	1657202870537
1356	1942	0	0	0	0	0	0	1657202871557
1356	1941	0	0	0	0	0	0	1657202872577
1356	1940	0	0	0	0	0	0	1657202873597
1356	1940	0	0	0	0	0	0	1657202874617
1356	1940	0	0	0	0	0	0	1657202875637
1356	1942	0	0	0	0	0	0	1657202876657
1356	1951	0	0	0	0	0	0	1657202877677
1356	2013	0	0	0	0	0	0	1657202878697
1356	2124	0	0	0	0	0	0	1657202879717
1356	2159	0	0	0	0	0	0	1657202880737
1356	2073	0	0	0	0	0	0	1657202881757
1356	1996	0	0	0	0	0	0	1657202882777
1356	1960	0	0	0	0	0	0	1657202883797
1356	1931	0	0	0	0	0	0	1657202884817
1356	1913	0	0	0	0	0	0	1657202885837
1356	1905	0	0	0	0	0	0	1657202886857
1356	1896	0	0	0	0	0	0	1657202887877
1355	1980	0	0	0	0	0	0	1657202888897
1354	1972	0	0	0	0	0	0	1657202889917
1350	1966	0	0	0	0	0	0	1657202890937
1345	2001	0	0	0	0	0	0	1657202891957
1342	2031	0	0	0	0	0	0	1657202892977
1337	2051	0	0	0	0	0	0	1657202893997
1334	2044	0	0	0	0	0	0	1657202895017
1332	2031	0	0	0	0	0	0	1657202896037
1330	2017	0	0	0	0	0	0	1657202897057
1329	2008	0	0	0	0	0	0	1657202898077
1328	2002	0	0	0	0	0	0	1657202899097
1328	1999	0	0	0	0	0	0	1657202900117
1328	1997	0	0	0	0	0	0	1657202901137
1328	1990	0	0	0	0	0	0	1657202902157
1328	1981	0	0	0	0	0	0	1657202903177
1328	1970	0	0	0	0	0	0	1657202904197
1328	1958	0	0	0	0	0	0	1657202905217
1328	1951	0	0	0	0	0	0	1657202906237
1328	1946	0	0	0	0	0	0	1657202907257
1328	1943	0	0	0	0	0	0	1657202908277
1328	1942	0	0	0	0	0	0	1657202909297
1328	1941	0	0	0	0	0	0	1657202910317
1328	1941	0	0	0	0	0	0	1657202911337
1328	1941	0	0	0	0	0	0	1657202912357
1328	1940	0	0	0	0	0	0	1657202913377
1328	1940	0	0	0	0	0	0	1657202914397
1328	1940	0	0	0	0	0	0	1657202915417
1328	1940	0	0	0	0	0	0	1657202916437
1328	1940	0	0	0	0	0	0	1657202917457
1328	1940	0	0	0	0	0	0	1657202918477
1328	1940	0	0	0	0	0	0	1657202919497
1328	1940	0	0	0	0	0	0	1657202920517
1328	1940	0	0	0	0	0	0	1657202921537
1328	1940	0	0	0	0	0	0	1657202922557
1328	1940	0	0	0	0	0	0	1657202923577
1327	1940	0	0	0	0	0	0	1657202924597
1324	1940	0	0	0	0	0	0	1657202925617
1321	1940	0	0	0	0	0	0	1657202926637
1318	1940	0	0	0	0	0	0	1657202927657
1313	1940	0	0	0	0	0	0	1657202928677
1309	1939	0	0	0	0	0	0	1657202929697
1306	1939	0	0	0	0	0	0	1657202930717
1304	1939	0	0	0	0	0	0	1657202931737
1303	1939	0	0	0	0	0	0	1657202932757
1302	1939	0	0	0	0	0	0	1657202933777
1301	1938	0	0	0	0	0	0	1657202934797
1301	1937	0	0	0	0	0	0	1657202935817
1301	1935	0	0	0	0	0	0	1657202936837
1301	1933	0	0	0	0	0	0	1657202937857
1300	1929	0	0	0	0	0	0	1657202938877
1300	1925	0	0	0	0	0	0	1657202939897
1300	1921	0	0	0	0	0	0	1657202940917
1300	1918	0	0	0	0	0	0	1657202941937
1300	1916	0	0	0	0	0	0	1657202942957
1300	1915	0	0	0	0	0	0	1657202943977
1300	1914	0	0	0	0	0	0	1657202944997
1300	1913	0	0	0	0	0	0	1657202946017
1300	1913	0	0	0	0	0	0	1657202947037
1300	1913	0	0	0	0	0	0	1657202948057
1300	1912	0	0	0	0	0	0	1657202949077
1300	1912	0	0	0	0	0	0	1657202950097
1300	1912	0	0	0	0	0	0	1657202951117
1300	1912	0	0	0	0	0	0	1657202952137
1300	1912	0	0	0	0	0	0	1657202953157
1300	1912	0	0	0	0	0	0	1657202954177
1300	1912	0	0	0	0	0	0	1657202955197
1300	1912	0	0	0	0	0	0	1657202956217
1300	1912	0	0	0	0	0	0	1657202957237
1300	1912	0	0	0	0	0	0	1657202958257
1300	1912	0	0	0	0	0	0	1657202959277
1300	1912	0	0	0	0	0	0	1657202960297
1300	1912	0	0	0	0	0	0	1657202961317
1300	1912	0	0	0	0	0	0	1657202962337
1300	1912	0	0	0	0	0	0	1657202963357
1300	1912	0	0	0	0	0	0	1657202964377
1300	1912	0	0	0	0	0	0	1657202965397
1300	1912	0	0	0	0	0	0	1657202966417
1300	1912	0	0	0	0	0	0	1657202967437
1300	1912	0	0	0	0	0	0	1657202968457
1298	1912	0	0	0	0	0	0	1657202969477
1297	1912	0	0	0	0	0	0	1657202970497
1296	1912	0	0	0	0	0	0	1657202971517
1291	1912	0	0	0	0	0	0	1657202972537
1287	1912	0	0	0	0	0	0	1657202973557
1282	1912	0	0	0	0	0	0	1657202974577
1279	1912	0	0	0	0	0	0	1657202975597
1276	1911	0	0	0	0	0	0	1657202976617
1275	1910	0	0	0	0	0	0	1657202977637
1274	1909	0	0	0	0	0	0	1657202978657
1273	1905	0	0	0	0	0	0	1657202979677
1273	1900	0	0	0	0	0	0	1657202980697
1273	1896	0	0	0	0	0	0	1657202981717
1273	1892	0	0	0	0	0	0	1657202982737
1273	1889	0	0	0	0	0	0	1657202983757
1273	1887	0	0	0	0	0	0	1657202984777
1273	1886	0	0	0	0	0	0	1657202985797
1273	1885	0	0	0	0	0	0	1657202986817
1273	1884	0	0	0	0	0	0	1657202987837
1273	1884	0	0	0	0	0	0	1657202988857
1273	1884	0	0	0	0	0	0	1657202989877
1273	1884	0	0	0	0	0	0	1657202990897
1273	1884	0	0	0	0	0	0	1657202991917
1273	1884	0	0	0	0	0	0	1657202992937
1273	1884	0	0	0	0	0	0	1657202993957
1273	1884	0	0	0	0	0	0	1657202994977
1273	1884	0	0	0	0	0	0	1657202995997
1273	1884	0	0	0	0	0	0	1657202997017
1273	1884	0	0	0	0	0	0	1657202998037
1272	1884	0	0	0	0	0	0	1657202999057
1272	1884	0	0	0	0	0	0	1657203000077
1272	1884	0	0	0	0	0	0	1657203001097
1272	1883	0	0	0	0	0	0	1657203002117
1272	1883	0	0	0	0	0	0	1657203003137
1272	1883	0	0	0	0	0	0	1657203004157
1272	1883	0	0	0	0	0	0	1657203005177
1272	1883	0	0	0	0	0	0	1657203006197
1272	1883	0	0	0	0	0	0	1657203007217
1272	1884	0	0	0	0	0	0	1657203008237
1272	1884	0	0	0	0	0	0	1657203009257
1272	1884	0	0	0	0	0	0	1657203010277
1272	1884	0	0	0	0	0	0	1657203011297
1272	1884	0	0	0	0	0	0	1657203012317
1272	1884	0	0	0	0	0	0	1657203013337
1272	1884	0	0	0	0	0	0	1657203014357
1272	1884	0	0	0	0	0	0	1657203015377
1272	1884	0	0	0	0	0	0	1657203016397
1271	1884	0	0	0	0	0	0	1657203017417
1269	1884	0	0	0	0	0	0	1657203018437
1267	1883	0	0	0	0	0	0	1657203019457
1264	1883	0	0	0	0	0	0	1657203020477
1261	1880	0	0	0	0	0	0	1657203021497
1258	1877	0	0	0	0	0	0	1657203022517
1256	1875	0	0	0	0	0	0	1657203023537
1253	1870	0	0	0	0	0	0	1657203024557
1250	1866	0	0	0	0	0	0	1657203025577
1248	1862	0	0	0	0	0	0	1657203026597
1247	1861	0	0	0	0	0	0	1657203027617
1246	1859	0	0	0	0	0	0	1657203028637
1245	1858	0	0	0	0	0	0	1657203029657
1245	1858	0	0	0	0	0	0	1657203030677
1245	1857	0	0	0	0	0	0	1657203031697
1245	1856	0	0	0	0	0	0	1657203032717
1245	1856	0	0	0	0	0	0	1657203033737
1245	1856	0	0	0	0	0	0	1657203034757
1245	1856	0	0	0	0	0	0	1657203035777
1245	1856	0	0	0	0	0	0	1657203036797
1245	1856	0	0	0	0	0	0	1657203037817
1245	1856	0	0	0	0	0	0	1657203038837
1245	1856	0	0	0	0	0	0	1657203039857
1245	1856	0	0	0	0	0	0	1657203040877
1245	1856	0	0	0	0	0	0	1657203041897
1245	1856	0	0	0	0	0	0	1657203042917
1245	1856	0	0	0	0	0	0	1657203043937
1245	1856	0	0	0	0	0	0	1657203044957
1245	1856	0	0	0	0	0	0	1657203045977
1245	1856	0	0	0	0	0	0	1657203046997
1245	1856	0	0	0	0	0	0	1657203048017
1245	1856	0	0	0	0	0	0	1657203049037
1245	1856	0	0	0	0	0	0	1657203050057
1245	1856	0	0	0	0	0	0	1657203051077
1245	1856	0	0	0	0	0	0	1657203052097
1245	1856	0	0	0	0	0	0	1657203053117
1245	1856	0	0	0	0	0	0	1657203054137
1245	1856	0	0	0	0	0	0	1657203055157
1245	1856	0	0	0	0	0	0	1657203056177
1245	1856	0	0	0	0	0	0	1657203057197
1245	1856	0	0	0	0	0	0	1657203058217
1245	1856	0	0	0	0	0	0	1657203059237
1245	1856	0	0	0	0	0	0	1657203060257
1245	1856	0	0	0	0	0	0	1657203061277
1245	1856	0	0	0	0	0	0	1657203062297
1245	1856	0	0	0	0	0	0	1657203063317
1245	1856	0	0	0	0	0	0	1657203064337
1245	1855	0	0	0	0	0	0	1657203065357
1245	1853	0	0	0	0	0	0	1657203066377
1245	1853	0	0	0	0	0	0	1657203067397
1245	1850	0	0	0	0	0	0	1657203068417
1245	1845	0	0	0	0	0	0	1657203069437
1245	1840	0	0	0	0	0	0	1657203070457
1245	1837	0	0	0	0	0	0	1657203071477
1245	1834	0	0	0	0	0	0	1657203072497
1245	1832	0	0	0	0	0	0	1657203073517
1245	1830	0	0	0	0	0	0	1657203074537
1245	1829	0	0	0	0	0	0	1657203075557
1245	1828	0	0	0	0	0	0	1657203076577
1245	1828	0	0	0	0	0	0	1657203077597
1244	1828	0	0	0	0	0	0	1657203078617
1243	1828	0	0	0	0	0	0	1657203079637
1242	1828	0	0	0	0	0	0	1657203080657
1240	1828	0	0	0	0	0	0	1657203081677
1240	1828	0	0	0	0	0	0	1657203082697
1240	1828	0	0	0	0	0	0	1657203083717
1237	1828	0	0	0	0	0	0	1657203084737
1238	1828	0	0	0	0	0	0	1657203085757
1232	1828	0	0	0	0	0	0	1657203086777
1228	1828	0	0	0	0	0	0	1657203087797
1225	1828	0	0	0	0	0	0	1657203088817
1223	1828	0	0	0	0	0	0	1657203089837
1222	1828	0	0	0	0	0	0	1657203090857
1221	1828	0	0	0	0	0	0	1657203091877
1221	1828	0	0	0	0	0	0	1657203092897
1220	1828	0	0	0	0	0	0	1657203093917
1219	1828	0	0	0	0	0	0	1657203094937
1218	1828	0	0	0	0	0	0	1657203095957
1217	1828	0	0	0	0	0	0	1657203096977
1217	1828	0	0	0	0	0	0	1657203097997
1217	1828	0	0	0	0	0	0	1657203099017
1217	1828	0	0	0	0	0	0	1657203100037
1217	1828	0	0	0	0	0	0	1657203101057
1217	1828	0	0	0	0	0	0	1657203102077
1217	1818	0	0	0	0	0	0	1657203103097
1217	1811	0	0	0	0	0	0	1657203104117
1217	1804	0	0	0	0	0	0	1657203105137
1217	1794	0	0	0	0	0	0	1657203106157
1217	1786	0	0	0	0	0	0	1657203107177
1217	1781	0	0	0	0	0	0	1657203108197
1217	1777	0	0	0	0	0	0	1657203109217
1217	1775	0	0	0	0	0	0	1657203110237
1217	1774	0	0	0	0	0	0	1657203111257
1217	1773	0	0	0	0	0	0	1657203112277
1217	1772	0	0	0	0	0	0	1657203113297
1217	1772	0	0	0	0	0	0	1657203114317
1217	1772	0	0	0	0	0	0	1657203115337
1217	1772	0	0	0	0	0	0	1657203116357
1217	1772	0	0	0	0	0	0	1657203117377
1217	1772	0	0	0	0	0	0	1657203118397
1217	1772	0	0	0	0	0	0	1657203119417
1217	1772	0	0	0	0	0	0	1657203120437
1217	1772	0	0	0	0	0	0	1657203121457
1217	1772	0	0	0	0	0	0	1657203122477
1217	1772	0	0	0	0	0	0	1657203123497
1217	1772	0	0	0	0	0	0	1657203124517
1217	1772	0	0	0	0	0	0	1657203125537
1217	1772	0	0	0	0	0	0	1657203126557
1217	1772	0	0	0	0	0	0	1657203127577
1217	1772	0	0	0	0	0	0	1657203128597
1217	1772	0	0	0	0	0	0	1657203129617
1217	1772	0	0	0	0	0	0	1657203130637
1217	1772	0	0	0	0	0	0	1657203131657
1217	1772	0	0	0	0	0	0	1657203132677
1217	1772	0	0	0	0	0	0	1657203133697
1217	1772	0	0	0	0	0	0	1657203134717
1217	1801	0	0	0	0	0	0	1657203135737
1217	1801	0	0	0	0	0	0	1657203136757
1217	1801	0	0	0	0	0	0	1657203137777
1217	1800	0	0	0	0	0	0	1657203138797
1217	1800	0	0	0	0	0	0	1657203139817
1217	1800	0	0	0	0	0	0	1657203140837
1217	1800	0	0	0	0	0	0	1657203141857
1217	1800	0	0	0	0	0	0	1657203142877
1217	1800	0	0	0	0	0	0	1657203143897
1217	1800	0	0	0	0	0	0	1657203144917
1217	1800	0	0	0	0	0	0	1657203145937
1217	1799	0	0	0	0	0	0	1657203146957
1217	1798	0	0	0	0	0	0	1657203147977
1217	1797	0	0	0	0	0	0	1657203148997
1216	1796	0	0	0	0	0	0	1657203150017
1216	1794	0	0	0	0	0	0	1657203151037
1215	1790	0	0	0	0	0	0	1657203152057
1213	1785	0	0	0	0	0	0	1657203153077
1211	1783	0	0	0	0	0	0	1657203154097
1207	1781	0	0	0	0	0	0	1657203155117
1205	1779	0	0	0	0	0	0	1657203156137
1203	1777	0	0	0	0	0	0	1657203157157
1200	1775	0	0	0	0	0	0	1657203158177
1199	1774	0	0	0	0	0	0	1657203159197
1198	1773	0	0	0	0	0	0	1657203160217
1199	1773	0	0	0	0	0	0	1657203161237
1198	1772	0	0	0	0	0	0	1657203162257
1197	1772	0	0	0	0	0	0	1657203163277
1195	1772	0	0	0	0	0	0	1657203164297
1194	1772	0	0	0	0	0	0	1657203165317
1192	1772	0	0	0	0	0	0	1657203166337
1191	1772	0	0	0	0	0	0	1657203167357
1191	1772	0	0	0	0	0	0	1657203168377
1191	1772	0	0	0	0	0	0	1657203169397
1190	1772	0	0	0	0	0	0	1657203170417
1190	1772	0	0	0	0	0	0	1657203171437
1190	1772	0	0	0	0	0	0	1657203172457
1189	1772	0	0	0	0	0	0	1657203173477
1189	1772	0	0	0	0	0	0	1657203174497
1189	1772	0	0	0	0	0	0	1657203175517
1189	1772	0	0	0	0	0	0	1657203176537
1189	1772	0	0	0	0	0	0	1657203177557
1189	1772	0	0	0	0	0	0	1657203178577
1189	1772	0	0	0	0	0	0	1657203179597
1189	1772	0	0	0	0	0	0	1657203180617
1189	1772	0	0	0	0	0	0	1657203181637
1189	1772	0	0	0	0	0	0	1657203182657
1189	1772	0	0	0	0	0	0	1657203183677
1189	1772	0	0	0	0	0	0	1657203184697
1189	1772	0	0	0	0	0	0	1657203185717
1189	1772	0	0	0	0	0	0	1657203186737
1189	1772	0	0	0	0	0	0	1657203187757
1189	1772	0	0	0	0	0	0	1657203188777
1189	1772	0	0	0	0	0	0	1657203189797
1189	1772	0	0	0	0	0	0	1657203190817
1189	1772	0	0	0	0	0	0	1657203191837
1189	1772	0	0	0	0	0	0	1657203192857
1189	1772	0	0	0	0	0	0	1657203193877
1189	1772	0	0	0	0	0	0	1657203194897
1189	1777	0	0	0	0	0	0	1657203195917
1189	1789	0	0	0	0	0	0	1657203196937
1189	1794	0	0	0	0	0	0	1657203197957
1189	1796	0	0	0	0	0	0	1657203198977
1189	1797	0	0	0	0	0	0	1657203199997
1189	1798	0	0	0	0	0	0	1657203201017
1189	1797	0	0	0	0	0	0	1657203202037
1189	1795	0	0	0	0	0	0	1657203203057
1189	1795	0	0	0	0	0	0	1657203204077
1189	1793	0	0	0	0	0	0	1657203205097
1189	1791	0	0	0	0	0	0	1657203206117
1189	1788	0	0	0	0	0	0	1657203207137
1189	1783	0	0	0	0	0	0	1657203208157
1189	1780	0	0	0	0	0	0	1657203209177
1189	1778	0	0	0	0	0	0	1657203210197
1189	1778	0	0	0	0	0	0	1657203211217
1189	1776	0	0	0	0	0	0	1657203212237
1189	1775	0	0	0	0	0	0	1657203213257
1198	1774	0	0	0	0	0	0	1657203214277
1194	1773	0	0	0	0	0	0	1657203215297
1192	1773	0	0	0	0	0	0	1657203216317
1191	1773	0	0	0	0	0	0	1657203217337
1190	1773	0	0	0	0	0	0	1657203218357
1189	1773	0	0	0	0	0	0	1657203219377
1189	1772	0	0	0	0	0	0	1657203220397
1189	1772	0	0	0	0	0	0	1657203221417
1189	1772	0	0	0	0	0	0	1657203222437
1189	1772	0	0	0	0	0	0	1657203223457
1189	1772	0	0	0	0	0	0	1657203224477
1189	1772	0	0	0	0	0	0	1657203225497
1189	1772	0	0	0	0	0	0	1657203226517
1189	1772	0	0	0	0	0	0	1657203227537
1189	1772	0	0	0	0	0	0	1657203228557
1189	1772	0	0	0	0	0	0	1657203229577
1189	1772	0	0	0	0	0	0	1657203230597
1189	1772	0	0	0	0	0	0	1657203231617
1189	1772	0	0	0	0	0	0	1657203232637
1189	1772	0	0	0	0	0	0	1657203233657
1189	1772	0	0	0	0	0	0	1657203234677
1189	1772	0	0	0	0	0	0	1657203235697
1189	1772	0	0	0	0	0	0	1657203236717
1189	1772	0	0	0	0	0	0	1657203237737
1189	1772	0	0	0	0	0	0	1657203238757
1189	1772	0	0	0	0	0	0	1657203239777
1189	1772	0	0	0	0	0	0	1657203240797
1189	1772	0	0	0	0	0	0	1657203241817
1189	1772	0	0	0	0	0	0	1657203242837
1189	1772	0	0	0	0	0	0	1657203243857
1189	1772	0	0	0	0	0	0	1657203244877
1188	1772	0	0	0	0	0	0	1657203245897
1187	1772	0	0	0	0	0	0	1657203246917
1186	1772	0	0	0	0	0	0	1657203247937
1185	1772	0	0	0	0	0	0	1657203248957
1185	1772	0	0	0	0	0	0	1657203249977
1183	1772	0	0	0	0	0	0	1657203250997
1182	1772	0	0	0	0	0	0	1657203252017
1180	1772	0	0	0	0	0	0	1657203253037
1179	1772	0	0	0	0	0	0	1657203254057
1178	1772	0	0	0	0	0	0	1657203255077
1175	1772	0	0	0	0	0	0	1657203256097
1173	1772	0	0	0	0	0	0	1657203257117
1172	1772	0	0	0	0	0	0	1657203258137
1170	1772	0	0	0	0	0	0	1657203259157
1169	1772	0	0	0	0	0	0	1657203260177
1168	1772	0	0	0	0	0	0	1657203261197
1166	1772	0	0	0	0	0	0	1657203262217
1166	1772	0	0	0	0	0	0	1657203263237
1165	1772	0	0	0	0	0	0	1657203264257
1163	1772	0	0	0	0	0	0	1657203265277
1162	1772	0	0	0	0	0	0	1657203266297
1162	1772	0	0	0	0	0	0	1657203267317
1162	1772	0	0	0	0	0	0	1657203268337
1162	1772	0	0	0	0	0	0	1657203269357
1162	1772	0	0	0	0	0	0	1657203270377
1162	1771	0	0	0	0	0	0	1657203271397
1162	1771	0	0	0	0	0	0	1657203272417
1162	1771	0	0	0	0	0	0	1657203273437
1162	1770	0	0	0	0	0	0	1657203274457
1162	1770	0	0	0	0	0	0	1657203275477
1162	1768	0	0	0	0	0	0	1657203276497
1162	1768	0	0	0	0	0	0	1657203277517
1162	1765	0	0	0	0	0	0	1657203278537
1162	1761	0	0	0	0	0	0	1657203279557
1162	1760	0	0	0	0	0	0	1657203280577
1162	1757	0	0	0	0	0	0	1657203281597
1162	1754	0	0	0	0	0	0	1657203282617
1162	1751	0	0	0	0	0	0	1657203283637
1162	1749	0	0	0	0	0	0	1657203284657
1162	1748	0	0	0	0	0	0	1657203285677
1162	1747	0	0	0	0	0	0	1657203286697
1162	1746	0	0	0	0	0	0	1657203287717
1162	1745	0	0	0	0	0	0	1657203288737
1162	1745	0	0	0	0	0	0	1657203289757
1162	1745	0	0	0	0	0	0	1657203290777
1161	1745	0	0	0	0	0	0	1657203291797
1161	1745	0	0	0	0	0	0	1657203292817
1161	1745	0	0	0	0	0	0	1657203293837
1161	1753	0	0	0	0	0	0	1657203294857
1161	1749	0	0	0	0	0	0	1657203295877
1161	1747	0	0	0	0	0	0	1657203296897
1161	1741	0	0	0	0	0	0	1657203297917
1161	1732	0	0	0	0	0	0	1657203298937
1161	1727	0	0	0	0	0	0	1657203299957
1161	1733	0	0	0	0	0	0	1657203300977
1161	1737	0	0	0	0	0	0	1657203301997
1161	1740	0	0	0	0	0	0	1657203303017
1161	1741	0	0	0	0	0	0	1657203304037
1161	1742	0	0	0	0	0	0	1657203305057
1161	1743	0	0	0	0	0	0	1657203306077
1161	1743	0	0	0	0	0	0	1657203307097
1161	1743	0	0	0	0	0	0	1657203308117
1161	1743	0	0	0	0	0	0	1657203309137
1161	1743	0	0	0	0	0	0	1657203310157
1161	1743	0	0	0	0	0	0	1657203311177
1161	1743	0	0	0	0	0	0	1657203312197
1161	1743	0	0	0	0	0	0	1657203313217
1161	1741	0	0	0	0	0	0	1657203314237
1161	1741	0	0	0	0	0	0	1657203315257
1161	1740	0	0	0	0	0	0	1657203316277
1161	1739	0	0	0	0	0	0	1657203317297
1161	1737	0	0	0	0	0	0	1657203318317
1161	1734	0	0	0	0	0	0	1657203319337
1161	1732	0	0	0	0	0	0	1657203320357
1161	1731	0	0	0	0	0	0	1657203321377
1161	1728	0	0	0	0	0	0	1657203322397
1161	1727	0	0	0	0	0	0	1657203323417
1161	1724	0	0	0	0	0	0	1657203324437
1161	1723	0	0	0	0	0	0	1657203325457
1161	1721	0	0	0	0	0	0	1657203326477
1161	1720	0	0	0	0	0	0	1657203327497
1161	1719	0	0	0	0	0	0	1657203328517
1161	1718	0	0	0	0	0	0	1657203329537
1161	1717	0	0	0	0	0	0	1657203330557
1161	1717	0	0	0	0	0	0	1657203331577
1161	1717	0	0	0	0	0	0	1657203332597
1161	1717	0	0	0	0	0	0	1657203333617
1161	1717	0	0	0	0	0	0	1657203334637
1161	1717	0	0	0	0	0	0	1657203335657
1161	1717	0	0	0	0	0	0	1657203336677
1161	1717	0	0	0	0	0	0	1657203337697
1161	1717	0	0	0	0	0	0	1657203338717
1161	1717	0	0	0	0	0	0	1657203339737
1161	1717	0	0	0	0	0	0	1657203340757
1161	1717	0	0	0	0	0	0	1657203341777
1161	1717	0	0	0	0	0	0	1657203342797
1161	1717	0	0	0	0	0	0	1657203343817
1161	1717	0	0	0	0	0	0	1657203344837
1161	1717	0	0	0	0	0	0	1657203345857
1161	1717	0	0	0	0	0	0	1657203346877
1161	1717	0	0	0	0	0	0	1657203347897
1161	1717	0	0	0	0	0	0	1657203348917
1161	1716	0	0	0	0	0	0	1657203349937
1161	1716	0	0	0	0	0	0	1657203350957
1161	1716	0	0	0	0	0	0	1657203351977
1161	1716	0	0	0	0	0	0	1657203352997
1161	1716	0	0	0	0	0	0	1657203354017
1161	1716	0	0	0	0	0	0	1657203355037
1161	1716	0	0	0	0	0	0	1657203356057
1161	1716	0	0	0	0	0	0	1657203357077
1161	1716	0	0	0	0	0	0	1657203358097
1161	1716	0	0	0	0	0	0	1657203359117
1161	1716	0	0	0	0	0	0	1657203360137
1161	1716	0	0	0	0	0	0	1657203361157
1161	1716	0	0	0	0	0	0	1657203362177
1160	1716	0	0	0	0	0	0	1657203363197
1161	1716	0	0	0	0	0	0	1657203364217
1161	1716	0	0	0	0	0	0	1657203365237
1160	1716	0	0	0	0	0	0	1657203366257
1159	1716	0	0	0	0	0	0	1657203367277
1159	1716	0	0	0	0	0	0	1657203368297
1158	1716	0	0	0	0	0	0	1657203369317
1157	1716	0	0	0	0	0	0	1657203370337
1157	1716	0	0	0	0	0	0	1657203371357
1154	1716	0	0	0	0	0	0	1657203372377
1154	1716	0	0	0	0	0	0	1657203373397
1152	1716	0	0	0	0	0	0	1657203374417
1151	1716	0	0	0	0	0	0	1657203375437
1150	1716	0	0	0	0	0	0	1657203376457
1147	1716	0	0	0	0	0	0	1657203377477
1145	1716	0	0	0	0	0	0	1657203378497
1144	1716	0	0	0	0	0	0	1657203379517
1142	1716	0	0	0	0	0	0	1657203380537
1141	1716	0	0	0	0	0	0	1657203381557
1140	1716	0	0	0	0	0	0	1657203382577
1139	1716	0	0	0	0	0	0	1657203383597
1137	1716	0	0	0	0	0	0	1657203384617
1137	1716	0	0	0	0	0	0	1657203385637
1136	1716	0	0	0	0	0	0	1657203386657
1135	1716	0	0	0	0	0	0	1657203387677
1135	1716	0	0	0	0	0	0	1657203388697
1135	1716	0	0	0	0	0	0	1657203389717
1135	1716	0	0	0	0	0	0	1657203390737
1135	1716	0	0	0	0	0	0	1657203391757
1134	1716	0	0	0	0	0	0	1657203392777
1134	1716	0	0	0	0	0	0	1657203393797
1134	1716	0	0	0	0	0	0	1657203394817
1134	1716	0	0	0	0	0	0	1657203395837
1134	1715	0	0	0	0	0	0	1657203396857
1134	1715	0	0	0	0	0	0	1657203397877
1134	1714	0	0	0	0	0	0	1657203398897
1134	1713	0	0	0	0	0	0	1657203399917
1134	1712	0	0	0	0	0	0	1657203400937
1134	1712	0	0	0	0	0	0	1657203401957
1134	1712	0	0	0	0	0	0	1657203402977
1134	1711	0	0	0	0	0	0	1657203403997
1134	1710	0	0	0	0	0	0	1657203405017
1134	1708	0	0	0	0	0	0	1657203406037
1134	1706	0	0	0	0	0	0	1657203407057
1134	1706	0	0	0	0	0	0	1657203408077
1134	1705	0	0	0	0	0	0	1657203409097
1134	1702	0	0	0	0	0	0	1657203410117
1134	1701	0	0	0	0	0	0	1657203411137
1134	1699	0	0	0	0	0	0	1657203412157
1134	1698	0	0	0	0	0	0	1657203413177
1134	1696	0	0	0	0	0	0	1657203414197
1134	1695	0	0	0	0	0	0	1657203415217
1134	1694	0	0	0	0	0	0	1657203416237
1134	1692	0	0	0	0	0	0	1657203417257
1134	1691	0	0	0	0	0	0	1657203418277
1134	1690	0	0	0	0	0	0	1657203419297
1134	1690	0	0	0	0	0	0	1657203420317
1134	1690	0	0	0	0	0	0	1657203421337
1134	1690	0	0	0	0	0	0	1657203422357
1134	1689	0	0	0	0	0	0	1657203423377
1134	1689	0	0	0	0	0	0	1657203424397
1134	1689	0	0	0	0	0	0	1657203425417
1134	1689	0	0	0	0	0	0	1657203426437
1134	1689	0	0	0	0	0	0	1657203427457
1134	1689	0	0	0	0	0	0	1657203428477
1134	1689	0	0	0	0	0	0	1657203429497
1134	1689	0	0	0	0	0	0	1657203430517
1134	1689	0	0	0	0	0	0	1657203431537
1134	1689	0	0	0	0	0	0	1657203432557
1134	1689	0	0	0	0	0	0	1657203433577
1134	1689	0	0	0	0	0	0	1657203434597
1134	1689	0	0	0	0	0	0	1657203435617
1134	1689	0	0	0	0	0	0	1657203436637
1134	1689	0	0	0	0	0	0	1657203437657
1134	1689	0	0	0	0	0	0	1657203438677
1134	1689	0	0	0	0	0	0	1657203439697
1134	1689	0	0	0	0	0	0	1657203440717
1134	1689	0	0	0	0	0	0	1657203441737
1134	1689	0	0	0	0	0	0	1657203442757
1134	1689	0	0	0	0	0	0	1657203443777
1134	1689	0	0	0	0	0	0	1657203444797
1134	1689	0	0	0	0	0	0	1657203445817
1134	1689	0	0	0	0	0	0	1657203446837
1134	1689	0	0	0	0	0	0	1657203447857
1134	1689	0	0	0	0	0	0	1657203448877
1134	1689	0	0	0	0	0	0	1657203449897
1134	1689	0	0	0	0	0	0	1657203450917
1134	1689	0	0	0	0	0	0	1657203451937
1134	1689	0	0	0	0	0	0	1657203452957
1134	1689	0	0	0	0	0	0	1657203453977
1134	1689	0	0	0	0	0	0	1657203454997
1134	1689	0	0	0	0	0	0	1657203456017
1134	1689	0	0	0	0	0	0	1657203457037
1134	1689	0	0	0	0	0	0	1657203458057
1134	1689	0	0	0	0	0	0	1657203459077
1134	1689	0	0	0	0	0	0	1657203460097
1134	1689	0	0	0	0	0	0	1657203461117
1134	1689	0	0	0	0	0	0	1657203462137
1134	1689	0	0	0	0	0	0	1657203463157
1134	1688	0	0	0	0	0	0	1657203464177
1134	1688	0	0	0	0	0	0	1657203465197
1134	1688	0	0	0	0	0	0	1657203466217
1134	1688	0	0	0	0	0	0	1657203467237
1134	1688	0	0	0	0	0	0	1657203468257
1134	1688	0	0	0	0	0	0	1657203469277
1134	1688	0	0	0	0	0	0	1657203470297
1134	1688	0	0	0	0	0	0	1657203471317
1134	1688	0	0	0	0	0	0	1657203472337
1134	1688	0	0	0	0	0	0	1657203473357
1134	1688	0	0	0	0	0	0	1657203474377
1134	1688	0	0	0	0	0	0	1657203475397
1134	1688	0	0	0	0	0	0	1657203476417
1134	1688	0	0	0	0	0	0	1657203477437
1133	1688	0	0	0	0	0	0	1657203478457
1133	1688	0	0	0	0	0	0	1657203479477
1133	1688	0	0	0	0	0	0	1657203480497
1133	1685	0	0	0	0	0	0	1657203481517
1133	1686	0	0	0	0	0	0	1657203482537
1133	1687	0	0	0	0	0	0	1657203483557
1133	1687	0	0	0	0	0	0	1657203484577
1133	1687	0	0	0	0	0	0	1657203485597
1133	1687	0	0	0	0	0	0	1657203486617
1133	1688	0	0	0	0	0	0	1657203487637
1133	1688	0	0	0	0	0	0	1657203488657
1133	1688	0	0	0	0	0	0	1657203489677
1133	1688	0	0	0	0	0	0	1657203490697
1133	1688	0	0	0	0	0	0	1657203491717
1133	1688	0	0	0	0	0	0	1657203492737
1133	1688	0	0	0	0	0	0	1657203493757
1133	1688	0	0	0	0	0	0	1657203494777
1133	1688	0	0	0	0	0	0	1657203495797
1133	1688	0	0	0	0	0	0	1657203496817
1133	1688	0	0	0	0	0	0	1657203497837
1133	1688	0	0	0	0	0	0	1657203498857
1133	1688	0	0	0	0	0	0	1657203499877
1133	1688	0	0	0	0	0	0	1657203500897
1133	1688	0	0	0	0	0	0	1657203501917
1133	1688	0	0	0	0	0	0	1657203502937
1133	1688	0	0	0	0	0	0	1657203503957
1133	1688	0	0	0	0	0	0	1657203504977
1133	1687	0	0	0	0	0	0	1657203505997
1133	1688	0	0	0	0	0	0	1657203507017
1133	1688	0	0	0	0	0	0	1657203508037
1133	1688	0	0	0	0	0	0	1657203509057
1133	1688	0	0	0	0	0	0	1657203510077
1133	1687	0	0	0	0	0	0	1657203511097
1133	1687	0	0	0	0	0	0	1657203512117
1133	1687	0	0	0	0	0	0	1657203513137
1133	1686	0	0	0	0	0	0	1657203514157
1133	1686	0	0	0	0	0	0	1657203515177
1133	1686	0	0	0	0	0	0	1657203516197
1133	1686	0	0	0	0	0	0	1657203517217
1132	1685	0	0	0	0	0	0	1657203518237
1132	1685	0	0	0	0	0	0	1657203519257
1132	1682	0	0	0	0	0	0	1657203520277
1132	1681	0	0	0	0	0	0	1657203521297
1132	1680	0	0	0	0	0	0	1657203522317
1132	1678	0	0	0	0	0	0	1657203523337
1132	1677	0	0	0	0	0	0	1657203524357
1131	1675	0	0	0	0	0	0	1657203525377
1131	1674	0	0	0	0	0	0	1657203526397
1130	1674	0	0	0	0	0	0	1657203527417
1130	1670	0	0	0	0	0	0	1657203528437
1128	1669	0	0	0	0	0	0	1657203529457
1128	1668	0	0	0	0	0	0	1657203530477
1127	1667	0	0	0	0	0	0	1657203531497
1126	1665	0	0	0	0	0	0	1657203532517
1126	1664	0	0	0	0	0	0	1657203533537
1126	1663	0	0	0	0	0	0	1657203534557
1124	1663	0	0	0	0	0	0	1657203535577
1123	1662	0	0	0	0	0	0	1657203536597
1120	1662	0	0	0	0	0	0	1657203537617
1120	1662	0	0	0	0	0	0	1657203538637
1117	1662	0	0	0	0	0	0	1657203539657
1116	1661	0	0	0	0	0	0	1657203540677
1115	1661	0	0	0	0	0	0	1657203541697
1114	1661	0	0	0	0	0	0	1657203542717
1114	1661	0	0	0	0	0	0	1657203543737
1112	1661	0	0	0	0	0	0	1657203544757
1113	1661	0	0	0	0	0	0	1657203545777
1112	1661	0	0	0	0	0	0	1657203546797
1111	1661	0	0	0	0	0	0	1657203547817
1111	1661	0	0	0	0	0	0	1657203548837
1111	1661	0	0	0	0	0	0	1657203549857
1110	1661	0	0	0	0	0	0	1657203550877
1109	1661	0	0	0	0	0	0	1657203551897
1108	1661	0	0	0	0	0	0	1657203552917
1108	1661	0	0	0	0	0	0	1657203553937
1107	1661	0	0	0	0	0	0	1657203554957
1107	1661	0	0	0	0	0	0	1657203555977
1106	1661	0	0	0	0	0	0	1657203556997
1106	1661	0	0	0	0	0	0	1657203558017
1106	1661	0	0	0	0	0	0	1657203559037
1107	1661	0	0	0	0	0	0	1657203560057
1107	1661	0	0	0	0	0	0	1657203561077
1106	1661	0	0	0	0	0	0	1657203562097
1106	1661	0	0	0	0	0	0	1657203563117
1106	1661	0	0	0	0	0	0	1657203564137
1106	1661	0	0	0	0	0	0	1657203565157
1106	1661	0	0	0	0	0	0	1657203566177
1106	1661	0	0	0	0	0	0	1657203567197
1106	1661	0	0	0	0	0	0	1657203568217
1106	1661	0	0	0	0	0	0	1657203569237
1106	1660	0	0	0	0	0	0	1657203570257
1106	1660	0	0	0	0	0	0	1657203571277
1106	1660	0	0	0	0	0	0	1657203572297
1106	1660	0	0	0	0	0	0	1657203573317
1106	1660	0	0	0	0	0	0	1657203574337
1106	1661	0	0	0	0	0	0	1657203575357
1106	1661	0	0	0	0	0	0	1657203576377
1106	1661	0	0	0	0	0	0	1657203577397
1106	1661	0	0	0	0	0	0	1657203578417
1106	1661	0	0	0	0	0	0	1657203579437
1106	1661	0	0	0	0	0	0	1657203580457
1106	1661	0	0	0	0	0	0	1657203581477
1106	1661	0	0	0	0	0	0	1657203582497
1106	1661	0	0	0	0	0	0	1657203583517
1106	1661	0	0	0	0	0	0	1657203584537
1106	1661	0	0	0	0	0	0	1657203585557
1106	1661	0	0	0	0	0	0	1657203586577
1106	1661	0	0	0	0	0	0	1657203587597
1106	1661	0	0	0	0	0	0	1657203588617
1106	1661	0	0	0	0	0	0	1657203589637
1106	1661	0	0	0	0	0	0	1657203590657
1106	1661	0	0	0	0	0	0	1657203591677
1106	1661	0	0	0	0	0	0	1657203592697
1106	1661	0	0	0	0	0	0	1657203593717
1106	1660	0	0	0	0	0	0	1657203594737
1106	1660	0	0	0	0	0	0	1657203595757
1106	1660	0	0	0	0	0	0	1657203596777
1106	1660	0	0	0	0	0	0	1657203597797
1106	1660	0	0	0	0	0	0	1657203598817
1106	1660	0	0	0	0	0	0	1657203599837
1106	1660	0	0	0	0	0	0	1657203600857
1106	1660	0	0	0	0	0	0	1657203601877
1106	1660	0	0	0	0	0	0	1657203602897
1106	1660	0	0	0	0	0	0	1657203603917
1106	1660	0	0	0	0	0	0	1657203604937
1106	1660	0	0	0	0	0	0	1657203605957
1106	1660	0	0	0	0	0	0	1657203606977
1106	1660	0	0	0	0	0	0	1657203607997
1106	1660	0	0	0	0	0	0	1657203609017
1106	1660	0	0	0	0	0	0	1657203610037
1106	1660	0	0	0	0	0	0	1657203611057
1106	1660	0	0	0	0	0	0	1657203612077
1106	1660	0	0	0	0	0	0	1657203613097
1106	1660	0	0	0	0	0	0	1657203614117
1106	1660	0	0	0	0	0	0	1657203615137
1106	1660	0	0	0	0	0	0	1657203616157
1106	1660	0	0	0	0	0	0	1657203617177
1106	1660	0	0	0	0	0	0	1657203618197
1106	1660	0	0	0	0	0	0	1657203619217
1106	1660	0	0	0	0	0	0	1657203620237
1106	1660	0	0	0	0	0	0	1657203621257
1106	1660	0	0	0	0	0	0	1657203622277
1106	1660	0	0	0	0	0	0	1657203623297
1106	1660	0	0	0	0	0	0	1657203624317
1106	1660	0	0	0	0	0	0	1657203625337
1106	1649	0	0	0	0	0	0	1657203626357
1106	1643	0	0	0	0	0	0	1657203627377
1106	1639	0	0	0	0	0	0	1657203628397
1106	1636	0	0	0	0	0	0	1657203629417
1106	1634	0	0	0	0	0	0	1657203630437
1106	1641	0	0	0	0	0	0	1657203631457
1106	1704	0	0	0	0	0	0	1657203632477
1106	1723	0	0	0	0	0	0	1657203633497
1106	1720	0	0	0	0	0	0	1657203634517
1106	1714	0	0	0	0	0	0	1657203635537
1106	1705	0	0	0	0	0	0	1657203636557
1106	1698	0	0	0	0	0	0	1657203637577
1106	1694	0	0	0	0	0	0	1657203638597
1106	1692	0	0	0	0	0	0	1657203639617
1106	1690	0	0	0	0	0	0	1657203640637
1106	1689	0	0	0	0	0	0	1657203641657
1106	1688	0	0	0	0	0	0	1657203642677
1106	1688	0	0	0	0	0	0	1657203643697
1106	1688	0	0	0	0	0	0	1657203644717
1106	1688	0	0	0	0	0	0	1657203645737
1106	1688	0	0	0	0	0	0	1657203646757
1106	1688	0	0	0	0	0	0	1657203647777
1106	1688	0	0	0	0	0	0	1657203648797
1106	1688	0	0	0	0	0	0	1657203649817
1106	1688	0	0	0	0	0	0	1657203650837
1106	1688	0	0	0	0	0	0	1657203651857
1106	1688	0	0	0	0	0	0	1657203652877
1106	1688	0	0	0	0	0	0	1657203653897
1106	1688	0	0	0	0	0	0	1657203654917
1106	1688	0	0	0	0	0	0	1657203655937
1106	1688	0	0	0	0	0	0	1657203656957
1106	1688	0	0	0	0	0	0	1657203657977
1106	1688	0	0	0	0	0	0	1657203658997
1106	1688	0	0	0	0	0	0	1657203660017
1106	1688	0	0	0	0	0	0	1657203661037
1106	1688	0	0	0	0	0	0	1657203662057
1106	1688	0	0	0	0	0	0	1657203663077
1106	1684	0	0	0	0	0	0	1657203664097
1106	1686	0	0	0	0	0	0	1657203665117
1106	1687	0	0	0	0	0	0	1657203666137
1106	1688	0	0	0	0	0	0	1657203667157
1106	1688	0	0	0	0	0	0	1657203668177
1106	1688	0	0	0	0	0	0	1657203669197
1106	1688	0	0	0	0	0	0	1657203670217
1106	1688	0	0	0	0	0	0	1657203671237
1106	1688	0	0	0	0	0	0	1657203672257
1106	1688	0	0	0	0	0	0	1657203673277
1106	1688	0	0	0	0	0	0	1657203674297
1106	1688	0	0	0	0	0	0	1657203675317
1106	1688	0	0	0	0	0	0	1657203676337
1106	1688	0	0	0	0	0	0	1657203677357
1106	1688	0	0	0	0	0	0	1657203678377
1106	1688	0	0	0	0	0	0	1657203679397
1106	1688	0	0	0	0	0	0	1657203680417
1106	1688	0	0	0	0	0	0	1657203681437
1106	1688	0	0	0	0	0	0	1657203682457
1106	1688	0	0	0	0	0	0	1657203683477
1106	1688	0	0	0	0	0	0	1657203684497
1106	1688	0	0	0	0	0	0	1657203685517
1106	1688	0	0	0	0	0	0	1657203686537
1106	1688	0	0	0	0	0	0	1657203687557
1106	1688	0	0	0	0	0	0	1657203688577
1106	1688	0	0	0	0	0	0	1657203689597
1106	1688	0	0	0	0	0	0	1657203690617
1106	1688	0	0	0	0	0	0	1657203691637
1106	1688	0	0	0	0	0	0	1657203692657
1106	1688	0	0	0	0	0	0	1657203693677
1106	1688	0	0	0	0	0	0	1657203694697
1106	1688	0	0	0	0	0	0	1657203695717
1106	1688	0	0	0	0	0	0	1657203696737
1106	1688	0	0	0	0	0	0	1657203697757
1106	1688	0	0	0	0	0	0	1657203698777
1106	1688	0	0	0	0	0	0	1657203699797
1106	1688	0	0	0	0	0	0	1657203700817
1106	1688	0	0	0	0	0	0	1657203701837
1106	1688	0	0	0	0	0	0	1657203702857
1106	1688	0	0	0	0	0	0	1657203703877
1106	1688	0	0	0	0	0	0	1657203704897
1106	1687	0	0	0	0	0	0	1657203705917
1106	1687	0	0	0	0	0	0	1657203706937
1106	1687	0	0	0	0	0	0	1657203707957
1106	1686	0	0	0	0	0	0	1657203708977
1106	1686	0	0	0	0	0	0	1657203709997
1106	1687	0	0	0	0	0	0	1657203711017
1106	1687	0	0	0	0	0	0	1657203712037
1106	1687	0	0	0	0	0	0	1657203713057
1106	1687	0	0	0	0	0	0	1657203714077
1106	1688	0	0	0	0	0	0	1657203715097
1106	1689	0	0	0	0	0	0	1657203716117
1106	1689	0	0	0	0	0	0	1657203717137
1106	1689	0	0	0	0	0	0	1657203718157
1106	1689	0	0	0	0	0	0	1657203719177
1106	1689	0	0	0	0	0	0	1657203720197
1106	1689	0	0	0	0	0	0	1657203721217
1106	1689	0	0	0	0	0	0	1657203722237
1106	1689	0	0	0	0	0	0	1657203723257
1106	1689	0	0	0	0	0	0	1657203724277
1106	1689	0	0	0	0	0	0	1657203725297
1106	1689	0	0	0	0	0	0	1657203726317
1106	1689	0	0	0	0	0	0	1657203727337
1106	1689	0	0	0	0	0	0	1657203728357
1105	1689	0	0	0	0	0	0	1657203729377
1104	1689	0	0	0	0	0	0	1657203730397
1103	1689	0	0	0	0	0	0	1657203731417
1103	1688	0	0	0	0	0	0	1657203732437
1103	1688	0	0	0	0	0	0	1657203733457
1104	1688	0	0	0	0	0	0	1657203734477
1103	1688	0	0	0	0	0	0	1657203735497
1103	1688	0	0	0	0	0	0	1657203736517
1101	1688	0	0	0	0	0	0	1657203737537
1101	1688	0	0	0	0	0	0	1657203738557
1101	1688	0	0	0	0	0	0	1657203739577
1101	1688	0	0	0	0	0	0	1657203740597
1100	1688	0	0	0	0	0	0	1657203741617
1098	1688	0	0	0	0	0	0	1657203742637
1099	1688	0	0	0	0	0	0	1657203743657
1098	1688	0	0	0	0	0	0	1657203744677
1096	1688	0	0	0	0	0	0	1657203745697
1095	1688	0	0	0	0	0	0	1657203746717
1095	1688	0	0	0	0	0	0	1657203747737
1095	1688	0	0	0	0	0	0	1657203748757
1095	1688	0	0	0	0	0	0	1657203749777
1094	1688	0	0	0	0	0	0	1657203750797
1094	1687	0	0	0	0	0	0	1657203751817
1093	1687	0	0	0	0	0	0	1657203752837
1092	1687	0	0	0	0	0	0	1657203753857
1090	1688	0	0	0	0	0	0	1657203754877
1092	1688	0	0	0	0	0	0	1657203755897
1092	1687	0	0	0	0	0	0	1657203756917
1089	1686	0	0	0	0	0	0	1657203757937
1087	1686	0	0	0	0	0	0	1657203758957
1086	1685	0	0	0	0	0	0	1657203759977
1084	1684	0	0	0	0	0	0	1657203760997
1084	1685	0	0	0	0	0	0	1657203762017
1084	1684	0	0	0	0	0	0	1657203763037
1083	1685	0	0	0	0	0	0	1657203764057
1083	1684	0	0	0	0	0	0	1657203765077
1082	1682	0	0	0	0	0	0	1657203766097
1082	1680	0	0	0	0	0	0	1657203767117
1083	1680	0	0	0	0	0	0	1657203768137
1082	1677	0	0	0	0	0	0	1657203769157
1081	1677	0	0	0	0	0	0	1657203770177
1081	1674	0	0	0	0	0	0	1657203771197
1081	1675	0	0	0	0	0	0	1657203772217
1082	1675	0	0	0	0	0	0	1657203773237
1080	1673	0	0	0	0	0	0	1657203774257
1079	1672	0	0	0	0	0	0	1657203775277
1078	1672	0	0	0	0	0	0	1657203776297
1079	1671	0	0	0	0	0	0	1657203777317
1081	1671	0	0	0	0	0	0	1657203778337
1081	1674	0	0	0	0	0	0	1657203779357
1081	1699	0	0	0	0	0	0	1657203780377
1080	1734	0	0	0	0	0	0	1657203781397
1080	1717	0	0	0	0	0	0	1657203782417
1079	1694	0	0	0	0	0	0	1657203783437
1079	1681	0	0	0	0	0	0	1657203784457
1079	1673	0	0	0	0	0	0	1657203785477
1079	1675	0	0	0	0	0	0	1657203786497
1080	1664	0	0	0	0	0	0	1657203787517
1079	1651	0	0	0	0	0	0	1657203788537
1079	1645	0	0	0	0	0	0	1657203789557
1079	1642	0	0	0	0	0	0	1657203790577
1079	1645	0	0	0	0	0	0	1657203791597
1078	1643	0	0	0	0	0	0	1657203792617
1078	1641	0	0	0	0	0	0	1657203793637
1078	1641	0	0	0	0	0	0	1657203794657
1078	1663	0	0	0	0	0	0	1657203795677
1078	1687	0	0	0	0	0	0	1657203796697
1078	1688	0	0	0	0	0	0	1657203797717
1078	1688	0	0	0	0	0	0	1657203798737
1078	1688	0	0	0	0	0	0	1657203799757
1078	1688	0	0	0	0	0	0	1657203800777
1078	1688	0	0	0	0	0	0	1657203801797
1078	1688	0	0	0	0	0	0	1657203802817
1078	1688	0	0	0	0	0	0	1657203803837
1078	1688	0	0	0	0	0	0	1657203804857
1078	1688	0	0	0	0	0	0	1657203805877
1078	1688	0	0	0	0	0	0	1657203806897
1078	1681	0	0	0	0	0	0	1657203807917
1078	1673	0	0	0	0	0	0	1657203808937
1078	1667	0	0	0	0	0	0	1657203809957
1078	1663	0	0	0	0	0	0	1657203810977
1078	1659	0	0	0	0	0	0	1657203811997
1078	1659	0	0	0	0	0	0	1657203813017
1078	1659	0	0	0	0	0	0	1657203814037
1078	1659	0	0	0	0	0	0	1657203815057
1078	1659	0	0	0	0	0	0	1657203816077
1078	1660	0	0	0	0	0	0	1657203817097
1078	1660	0	0	0	0	0	0	1657203818117
1078	1660	0	0	0	0	0	0	1657203819137
1078	1660	0	0	0	0	0	0	1657203820157
1078	1660	0	0	0	0	0	0	1657203821177
1078	1660	0	0	0	0	0	0	1657203822197
1078	1660	0	0	0	0	0	0	1657203823217
1078	1660	0	0	0	0	0	0	1657203824237
1078	1660	0	0	0	0	0	0	1657203825257
1078	1660	0	0	0	0	0	0	1657203826277
1078	1658	0	0	0	0	0	0	1657203827297
1078	1655	0	0	0	0	0	0	1657203828317
1078	1654	0	0	0	0	0	0	1657203829337
1078	1650	0	0	0	0	0	0	1657203830357
1078	1648	0	0	0	0	0	0	1657203831377
1078	1647	0	0	0	0	0	0	1657203832397
1078	1648	0	0	0	0	0	0	1657203833417
1078	1642	0	0	0	0	0	0	1657203834437
1078	1638	0	0	0	0	0	0	1657203835457
1078	1636	0	0	0	0	0	0	1657203836477
1078	1634	0	0	0	0	0	0	1657203837497
1078	1633	0	0	0	0	0	0	1657203838517
1078	1633	0	0	0	0	0	0	1657203839537
1078	1633	0	0	0	0	0	0	1657203840557
1078	1632	0	0	0	0	0	0	1657203841577
1078	1631	0	0	0	0	0	0	1657203842597
1078	1631	0	0	0	0	0	0	1657203843617
1078	1631	0	0	0	0	0	0	1657203844637
1078	1631	0	0	0	0	0	0	1657203845657
1078	1630	0	0	0	0	0	0	1657203846677
1078	1629	0	0	0	0	0	0	1657203847697
1078	1628	0	0	0	0	0	0	1657203848717
1078	1629	0	0	0	0	0	0	1657203849737
1078	1628	0	0	0	0	0	0	1657203850757
1078	1628	0	0	0	0	0	0	1657203851777
1078	1626	0	0	0	0	0	0	1657203852797
1078	1623	0	0	0	0	0	0	1657203853817
1078	1621	0	0	0	0	0	0	1657203854837
1078	1620	0	0	0	0	0	0	1657203855857
1078	1619	0	0	0	0	0	0	1657203856877
1078	1618	0	0	0	0	0	0	1657203857897
1078	1615	0	0	0	0	0	0	1657203858917
1078	1614	0	0	0	0	0	0	1657203859937
1078	1613	0	0	0	0	0	0	1657203860957
1078	1613	0	0	0	0	0	0	1657203861977
1078	1612	0	0	0	0	0	0	1657203862997
1078	1611	0	0	0	0	0	0	1657203864017
1078	1611	0	0	0	0	0	0	1657203865037
1078	1609	0	0	0	0	0	0	1657203866057
1078	1608	0	0	0	0	0	0	1657203867077
1078	1607	0	0	0	0	0	0	1657203868097
1078	1607	0	0	0	0	0	0	1657203869117
1078	1607	0	0	0	0	0	0	1657203870137
1078	1606	0	0	0	0	0	0	1657203871157
1078	1605	0	0	0	0	0	0	1657203872177
1078	1605	0	0	0	0	0	0	1657203873197
1078	1605	0	0	0	0	0	0	1657203874217
1078	1605	0	0	0	0	0	0	1657203875237
1078	1605	0	0	0	0	0	0	1657203876257
