3294	2441	0	0	0	0	0	0	1654794042047
3277	2427	0	0	0	0	0	0	1654794043067
3258	2410	0	0	0	0	0	0	1654794044087
3237	2393	0	0	0	0	0	0	1654794045107
3220	2374	0	0	0	0	0	0	1654794046127
3202	2360	0	0	0	0	0	0	1654794047147
3190	2343	0	0	0	0	0	0	1654794048167
3173	2331	0	0	0	0	0	0	1654794049187
3162	2322	0	0	0	0	0	0	1654794050207
3152	2307	0	0	0	0	0	0	1654794051227
3138	2297	0	0	0	0	0	0	1654794052247
3130	2292	0	0	0	0	0	0	1654794053267
3125	2280	0	0	0	0	0	0	1654794054287
3113	2270	0	0	0	0	0	0	1654794055307
3104	2264	0	0	0	0	0	0	1654794056327
3098	2260	0	0	0	0	0	0	1654794057347
3094	2250	0	0	0	0	0	0	1654794058367
3085	2241	0	0	0	0	0	0	1654794059387
3076	2236	0	0	0	0	0	0	1654794060407
3070	2233	0	0	0	0	0	0	1654794061427
3066	2230	0	0	0	0	0	0	1654794062447
3064	2224	0	0	0	0	0	0	1654794063467
3062	2214	0	0	0	0	0	0	1654794064487
3055	2208	0	0	0	0	0	0	1654794065507
3047	2204	0	0	0	0	0	0	1654794066527
3042	2202	0	0	0	0	0	0	1654794067547
3038	2201	0	0	0	0	0	0	1654794068567
3036	2199	0	0	0	0	0	0	1654794069587
3035	2190	0	0	0	0	0	0	1654794070607
3034	2182	0	0	0	0	0	0	1654794071627
3027	2177	0	0	0	0	0	0	1654794072647
3018	2174	0	0	0	0	0	0	1654794073667
3013	2172	0	0	0	0	0	0	1654794074687
3009	2171	0	0	0	0	0	0	1654794075707
3007	2171	0	0	0	0	0	0	1654794076727
3006	2171	0	0	0	0	0	0	1654794077747
3006	2167	0	0	0	0	0	0	1654794078767
3005	2160	0	0	0	0	0	0	1654794079787
3005	2154	0	0	0	0	0	0	1654794080807
3004	2150	0	0	0	0	0	0	1654794081827
3001	2147	0	0	0	0	0	0	1654794082847
2995	2145	0	0	0	0	0	0	1654794083867
2988	2144	0	0	0	0	0	0	1654794084887
2983	2143	0	0	0	0	0	0	1654794085907
2981	2143	0	0	0	0	0	0	1654794086927
2979	2143	0	0	0	0	0	0	1654794087947
2978	2142	0	0	0	0	0	0	1654794088967
2978	2140	0	0	0	0	0	0	1654794089987
2977	2137	0	0	0	0	0	0	1654794091007
2977	2130	0	0	0	0	0	0	1654794092027
2977	2124	0	0	0	0	0	0	1654794093047
2977	2120	0	0	0	0	0	0	1654794094067
2976	2117	0	0	0	0	0	0	1654794095087
2975	2116	0	0	0	0	0	0	1654794096107
2969	2116	0	0	0	0	0	0	1654794097127
2964	2115	0	0	0	0	0	0	1654794098147
2957	2114	0	0	0	0	0	0	1654794099167
2953	2114	0	0	0	0	0	0	1654794100187
2951	2114	0	0	0	0	0	0	1654794101207
2950	2114	0	0	0	0	0	0	1654794102227
2949	2114	0	0	0	0	0	0	1654794103247
2949	2114	0	0	0	0	0	0	1654794104267
2948	2110	0	0	0	0	0	0	1654794105287
2948	2104	0	0	0	0	0	0	1654794106307
2948	2098	0	0	0	0	0	0	1654794107327
2948	2093	0	0	0	0	0	0	1654794108347
2948	2090	0	0	0	0	0	0	1654794109367
2948	2088	0	0	0	0	0	0	1654794110387
2948	2087	0	0	0	0	0	0	1654794111407
2948	2086	0	0	0	0	0	0	1654794112427
2947	2086	0	0	0	0	0	0	1654794113447
2944	2086	0	0	0	0	0	0	1654794114467
2938	2085	0	0	0	0	0	0	1654794115487
2932	2086	0	0	0	0	0	0	1654794116507
2928	2086	0	0	0	0	0	0	1654794117527
2925	2086	0	0	0	0	0	0	1654794118547
2922	2086	0	0	0	0	0	0	1654794119567
2921	2086	0	0	0	0	0	0	1654794120587
2921	2086	0	0	0	0	0	0	1654794121607
2921	2085	0	0	0	0	0	0	1654794122627
2921	2086	0	0	0	0	0	0	1654794123647
2920	2084	0	0	0	0	0	0	1654794124667
2920	2083	0	0	0	0	0	0	1654794125687
2920	2079	0	0	0	0	0	0	1654794126707
2919	2074	0	0	0	0	0	0	1654794127727
2919	2070	0	0	0	0	0	0	1654794128747
2919	2066	0	0	0	0	0	0	1654794129767
2919	2063	0	0	0	0	0	0	1654794130787
2919	2061	0	0	0	0	0	0	1654794131807
2919	2060	0	0	0	0	0	0	1654794132827
2919	2059	0	0	0	0	0	0	1654794133847
2920	2058	0	0	0	0	0	0	1654794134867
2920	2058	0	0	0	0	0	0	1654794135887
2920	2057	0	0	0	0	0	0	1654794136907
2920	2058	0	0	0	0	0	0	1654794137927
2920	2058	0	0	0	0	0	0	1654794138947
2919	2058	0	0	0	0	0	0	1654794139967
2913	2057	0	0	0	0	0	0	1654794140987
2908	2057	0	0	0	0	0	0	1654794142007
2904	2058	0	0	0	0	0	0	1654794143027
2899	2058	0	0	0	0	0	0	1654794144047
2896	2058	0	0	0	0	0	0	1654794145067
2894	2058	0	0	0	0	0	0	1654794146087
2893	2058	0	0	0	0	0	0	1654794147107
2892	2058	0	0	0	0	0	0	1654794148127
2892	2058	0	0	0	0	0	0	1654794149147
2892	2058	0	0	0	0	0	0	1654794150167
2892	2057	0	0	0	0	0	0	1654794151187
2892	2055	0	0	0	0	0	0	1654794152207
2892	2053	0	0	0	0	0	0	1654794153227
2892	2052	0	0	0	0	0	0	1654794154247
2892	2048	0	0	0	0	0	0	1654794155267
2892	2045	0	0	0	0	0	0	1654794156287
2892	2040	0	0	0	0	0	0	1654794157307
2892	2036	0	0	0	0	0	0	1654794158327
2891	2034	0	0	0	0	0	0	1654794159347
2891	2032	0	0	0	0	0	0	1654794160367
2891	2031	0	0	0	0	0	0	1654794161387
2891	2031	0	0	0	0	0	0	1654794162407
2891	2030	0	0	0	0	0	0	1654794163427
2891	2030	0	0	0	0	0	0	1654794164447
2891	2030	0	0	0	0	0	0	1654794165467
2891	2030	0	0	0	0	0	0	1654794166487
2891	2030	0	0	0	0	0	0	1654794167507
2891	2030	0	0	0	0	0	0	1654794168527
2891	2030	0	0	0	0	0	0	1654794169547
2891	2030	0	0	0	0	0	0	1654794170567
2891	2030	0	0	0	0	0	0	1654794171587
2891	2030	0	0	0	0	0	0	1654794172607
2891	2030	0	0	0	0	0	0	1654794173627
2890	2030	0	0	0	0	0	0	1654794174647
2889	2030	0	0	0	0	0	0	1654794175667
2886	2030	0	0	0	0	0	0	1654794176687
2880	2030	0	0	0	0	0	0	1654794177707
2879	2030	0	0	0	0	0	0	1654794178727
2875	2030	0	0	0	0	0	0	1654794179747
2872	2044	0	0	0	0	0	0	1654794180767
2869	2039	0	0	0	0	0	0	1654794181787
2867	2035	0	0	0	0	0	0	1654794182807
2866	2033	0	0	0	0	0	0	1654794183827
2865	2032	0	0	0	0	0	0	1654794184847
2864	2031	0	0	0	0	0	0	1654794185867
2864	2031	0	0	0	0	0	0	1654794186887
2864	2030	0	0	0	0	0	0	1654794187907
2864	2027	0	0	0	0	0	0	1654794188927
2864	2026	0	0	0	0	0	0	1654794189947
2864	2023	0	0	0	0	0	0	1654794190967
2864	2020	0	0	0	0	0	0	1654794191987
2864	2018	0	0	0	0	0	0	1654794193007
2864	2014	0	0	0	0	0	0	1654794194027
2864	2011	0	0	0	0	0	0	1654794195047
2864	2010	0	0	0	0	0	0	1654794196067
2864	2008	0	0	0	0	0	0	1654794197087
2863	2006	0	0	0	0	0	0	1654794198107
2863	2005	0	0	0	0	0	0	1654794199127
2863	2004	0	0	0	0	0	0	1654794200147
2863	2003	0	0	0	0	0	0	1654794201167
2863	2003	0	0	0	0	0	0	1654794202187
2863	2003	0	0	0	0	0	0	1654794203207
2863	2003	0	0	0	0	0	0	1654794204227
2863	2003	0	0	0	0	0	0	1654794205247
2863	2003	0	0	0	0	0	0	1654794206267
2863	2003	0	0	0	0	0	0	1654794207287
2863	2003	0	0	0	0	0	0	1654794208307
2863	2002	0	0	0	0	0	0	1654794209327
2863	2002	0	0	0	0	0	0	1654794210347
2863	2002	0	0	0	0	0	0	1654794211367
2863	2002	0	0	0	0	0	0	1654794212387
2863	2002	0	0	0	0	0	0	1654794213407
2863	2002	0	0	0	0	0	0	1654794214427
2863	2002	0	0	0	0	0	0	1654794215447
2863	2002	0	0	0	0	0	0	1654794216467
2863	2002	0	0	0	0	0	0	1654794217487
2863	2002	0	0	0	0	0	0	1654794218507
2861	2001	0	0	0	0	0	0	1654794219527
2859	2001	0	0	0	0	0	0	1654794220547
2859	2001	0	0	0	0	0	0	1654794221567
2860	2001	0	0	0	0	0	0	1654794222587
2856	2001	0	0	0	0	0	0	1654794223607
2848	2001	0	0	0	0	0	0	1654794224627
2843	2001	0	0	0	0	0	0	1654794225647
2840	2001	0	0	0	0	0	0	1654794226667
2838	2001	0	0	0	0	0	0	1654794227687
2837	2000	0	0	0	0	0	0	1654794228707
2836	1996	0	0	0	0	0	0	1654794229727
2836	1994	0	0	0	0	0	0	1654794230747
2836	1987	0	0	0	0	0	0	1654794231767
2835	1984	0	0	0	0	0	0	1654794232787
2835	1980	0	0	0	0	0	0	1654794233807
11701	1979	0	0	0	0	0	0	1654794234827
8155	1977	0	0	0	0	0	0	1654794235847
6027	1975	0	0	0	0	0	0	1654794236867
4750	1975	0	0	0	0	0	0	1654794237887
3984	1974	0	0	0	0	0	0	1654794238907
3524	1974	0	0	0	0	0	0	1654794239927
3249	1974	0	0	0	0	0	0	1654794240947
3084	1974	0	0	0	0	0	0	1654794241967
2984	1974	0	0	0	0	0	0	1654794242987
2924	1973	0	0	0	0	0	0	1654794244007
2889	1974	0	0	0	0	0	0	1654794245027
2867	1974	0	0	0	0	0	0	1654794246047
2854	1974	0	0	0	0	0	0	1654794247067
2847	1974	0	0	0	0	0	0	1654794248087
2842	1974	0	0	0	0	0	0	1654794249107
2840	1974	0	0	0	0	0	0	1654794250127
2838	1974	0	0	0	0	0	0	1654794251147
2837	1974	0	0	0	0	0	0	1654794252167
2836	1974	0	0	0	0	0	0	1654794253187
2835	1974	0	0	0	0	0	0	1654794254207
2835	1974	0	0	0	0	0	0	1654794255227
2835	1974	0	0	0	0	0	0	1654794256247
2835	1974	0	0	0	0	0	0	1654794257267
2835	1973	0	0	0	0	0	0	1654794258287
2834	1973	0	0	0	0	0	0	1654794259307
2834	1973	0	0	0	0	0	0	1654794260327
2834	1973	0	0	0	0	0	0	1654794261347
2831	1973	0	0	0	0	0	0	1654794262367
2829	1973	0	0	0	0	0	0	1654794263387
2828	1973	0	0	0	0	0	0	1654794264407
2825	1973	0	0	0	0	0	0	1654794265427
2822	1973	0	0	0	0	0	0	1654794266447
2818	1973	0	0	0	0	0	0	1654794267467
2815	1973	0	0	0	0	0	0	1654794268487
2812	1973	0	0	0	0	0	0	1654794269507
2810	1971	0	0	0	0	0	0	1654794270527
2810	1969	0	0	0	0	0	0	1654794271547
2815	1970	0	0	0	0	0	0	1654794272567
2819	1971	0	0	0	0	0	0	1654794273587
2816	1969	0	0	0	0	0	0	1654794274607
2812	1967	0	0	0	0	0	0	1654794275627
2810	1969	0	0	0	0	0	0	1654794276647
2809	1969	0	0	0	0	0	0	1654794277667
2808	1962	0	0	0	0	0	0	1654794278687
2808	1957	0	0	0	0	0	0	1654794279707
2808	1952	0	0	0	0	0	0	1654794280727
2808	1952	0	0	0	0	0	0	1654794281747
2808	1952	0	0	0	0	0	0	1654794282767
2807	1950	0	0	0	0	0	0	1654794283787
2807	1949	0	0	0	0	0	0	1654794284807
2807	1948	0	0	0	0	0	0	1654794285827
2807	1947	0	0	0	0	0	0	1654794286847
2807	1947	0	0	0	0	0	0	1654794287867
2807	1947	0	0	0	0	0	0	1654794288887
2807	1947	0	0	0	0	0	0	1654794289907
2807	1947	0	0	0	0	0	0	1654794290927
2807	1947	0	0	0	0	0	0	1654794291947
2807	1946	0	0	0	0	0	0	1654794292967
2807	1946	0	0	0	0	0	0	1654794293987
2807	1946	0	0	0	0	0	0	1654794295007
2807	1946	0	0	0	0	0	0	1654794296027
2807	1946	0	0	0	0	0	0	1654794297047
2807	1946	0	0	0	0	0	0	1654794298067
2807	1945	0	0	0	0	0	0	1654794299087
2807	1945	0	0	0	0	0	0	1654794300107
2807	1945	0	0	0	0	0	0	1654794301127
2807	1945	0	0	0	0	0	0	1654794302147
2807	1945	0	0	0	0	0	0	1654794303167
2807	1945	0	0	0	0	0	0	1654794304187
2807	1945	0	0	0	0	0	0	1654794305207
2807	1945	0	0	0	0	0	0	1654794306227
2807	1945	0	0	0	0	0	0	1654794307247
2807	1945	0	0	0	0	0	0	1654794308267
2806	1945	0	0	0	0	0	0	1654794309287
2805	1945	0	0	0	0	0	0	1654794310307
2803	1945	0	0	0	0	0	0	1654794311327
2802	1945	0	0	0	0	0	0	1654794312347
2798	1943	0	0	0	0	0	0	1654794313367
2797	1941	0	0	0	0	0	0	1654794314387
2795	1938	0	0	0	0	0	0	1654794315407
2794	1937	0	0	0	0	0	0	1654794316427
2791	1937	0	0	0	0	0	0	1654794317447
2790	1935	0	0	0	0	0	0	1654794318467
2789	1932	0	0	0	0	0	0	1654794319487
2786	1929	0	0	0	0	0	0	1654794320507
2783	1925	0	0	0	0	0	0	1654794321527
2781	1923	0	0	0	0	0	0	1654794322547
2780	1921	0	0	0	0	0	0	1654794323567
2780	1920	0	0	0	0	0	0	1654794324587
2780	1919	0	0	0	0	0	0	1654794325607
2779	1918	0	0	0	0	0	0	1654794326627
2779	1918	0	0	0	0	0	0	1654794327647
2779	1918	0	0	0	0	0	0	1654794328667
2779	1918	0	0	0	0	0	0	1654794329687
2779	1917	0	0	0	0	0	0	1654794330707
2779	1921	0	0	0	0	0	0	1654794331727
2779	1924	0	0	0	0	0	0	1654794332747
2779	1922	0	0	0	0	0	0	1654794333767
2779	1921	0	0	0	0	0	0	1654794334787
2779	1920	0	0	0	0	0	0	1654794335807
2779	1919	0	0	0	0	0	0	1654794336827
2779	1918	0	0	0	0	0	0	1654794337847
2779	1918	0	0	0	0	0	0	1654794338867
2779	1918	0	0	0	0	0	0	1654794339887
2779	1918	0	0	0	0	0	0	1654794340907
2779	1918	0	0	0	0	0	0	1654794341927
2779	1918	0	0	0	0	0	0	1654794342947
2779	1918	0	0	0	0	0	0	1654794343967
2779	1918	0	0	0	0	0	0	1654794344987
2779	1914	0	0	0	0	0	0	1654794346007
2779	1916	0	0	0	0	0	0	1654794347027
2779	1917	0	0	0	0	0	0	1654794348047
2779	1917	0	0	0	0	0	0	1654794349067
2779	1917	0	0	0	0	0	0	1654794350087
2779	1917	0	0	0	0	0	0	1654794351107
2779	1917	0	0	0	0	0	0	1654794352127
2779	1917	0	0	0	0	0	0	1654794353147
2779	1917	0	0	0	0	0	0	1654794354167
2779	1917	0	0	0	0	0	0	1654794355187
2779	1917	0	0	0	0	0	0	1654794356207
2779	1917	0	0	0	0	0	0	1654794357227
2779	1917	0	0	0	0	0	0	1654794358247
2779	1917	0	0	0	0	0	0	1654794359267
2779	1917	0	0	0	0	0	0	1654794360287
2779	1917	0	0	0	0	0	0	1654794361307
2779	1917	0	0	0	0	0	0	1654794362327
2779	1917	0	0	0	0	0	0	1654794363347
2779	1917	0	0	0	0	0	0	1654794364367
2778	1918	0	0	0	0	0	0	1654794365387
2779	1918	0	0	0	0	0	0	1654794366407
2777	1918	0	0	0	0	0	0	1654794367427
2776	1918	0	0	0	0	0	0	1654794368447
2776	1918	0	0	0	0	0	0	1654794369467
2774	1918	0	0	0	0	0	0	1654794370487
2770	1918	0	0	0	0	0	0	1654794371507
2766	1918	0	0	0	0	0	0	1654794372527
2763	1918	0	0	0	0	0	0	1654794373547
2760	1918	0	0	0	0	0	0	1654794374567
2757	1918	0	0	0	0	0	0	1654794375587
2755	1918	0	0	0	0	0	0	1654794376607
2753	1917	0	0	0	0	0	0	1654794377627
2752	1917	0	0	0	0	0	0	1654794378647
2752	1917	0	0	0	0	0	0	1654794379667
2751	1917	0	0	0	0	0	0	1654794380687
2751	1917	0	0	0	0	0	0	1654794381707
2751	1916	0	0	0	0	0	0	1654794382727
2751	1915	0	0	0	0	0	0	1654794383747
2751	1913	0	0	0	0	0	0	1654794384767
2751	1911	0	0	0	0	0	0	1654794385787
2751	1910	0	0	0	0	0	0	1654794386807
2751	1908	0	0	0	0	0	0	1654794387827
2751	1904	0	0	0	0	0	0	1654794388847
2751	1902	0	0	0	0	0	0	1654794389867
2751	1900	0	0	0	0	0	0	1654794390887
2751	1897	0	0	0	0	0	0	1654794391907
2751	1895	0	0	0	0	0	0	1654794392927
2751	1894	0	0	0	0	0	0	1654794393947
2751	1892	0	0	0	0	0	0	1654794394967
2751	1892	0	0	0	0	0	0	1654794395987
2751	1892	0	0	0	0	0	0	1654794397007
2751	1891	0	0	0	0	0	0	1654794398027
2751	1891	0	0	0	0	0	0	1654794399047
2751	1890	0	0	0	0	0	0	1654794400067
2751	1890	0	0	0	0	0	0	1654794401087
2751	1890	0	0	0	0	0	0	1654794402107
2751	1890	0	0	0	0	0	0	1654794403127
2751	1890	0	0	0	0	0	0	1654794404147
2751	1890	0	0	0	0	0	0	1654794405167
2751	1891	0	0	0	0	0	0	1654794406187
2751	1892	0	0	0	0	0	0	1654794407207
2751	1891	0	0	0	0	0	0	1654794408227
2751	1891	0	0	0	0	0	0	1654794409247
2751	1890	0	0	0	0	0	0	1654794410267
2751	1890	0	0	0	0	0	0	1654794411287
2751	1889	0	0	0	0	0	0	1654794412307
2751	1890	0	0	0	0	0	0	1654794413327
2751	1890	0	0	0	0	0	0	1654794414347
2751	1890	0	0	0	0	0	0	1654794415367
2751	1889	0	0	0	0	0	0	1654794416387
2751	1889	0	0	0	0	0	0	1654794417407
2751	1889	0	0	0	0	0	0	1654794418427
2751	1889	0	0	0	0	0	0	1654794419447
2751	1889	0	0	0	0	0	0	1654794420467
2749	1889	0	0	0	0	0	0	1654794421487
2748	1890	0	0	0	0	0	0	1654794422507
2747	1890	0	0	0	0	0	0	1654794423527
2746	1890	0	0	0	0	0	0	1654794424547
2744	1890	0	0	0	0	0	0	1654794425567
2740	1890	0	0	0	0	0	0	1654794426587
2738	1890	0	0	0	0	0	0	1654794427607
2733	1890	0	0	0	0	0	0	1654794428627
2730	11134	0	0	0	0	0	0	1654794429647
2730	7436	0	0	0	0	0	0	1654794430667
2729	5217	0	0	0	0	0	0	1654794431687
2728	3886	0	0	0	0	0	0	1654794432707
2727	3087	0	0	0	0	0	0	1654794433727
2726	2608	0	0	0	0	0	0	1654794434747
2725	2321	0	0	0	0	0	0	1654794435767
2724	2149	0	0	0	0	0	0	1654794436787
2724	2045	0	0	0	0	0	0	1654794437807
2724	1983	0	0	0	0	0	0	1654794438827
2723	1946	0	0	0	0	0	0	1654794439847
2723	1924	0	0	0	0	0	0	1654794440867
2723	1911	0	0	0	0	0	0	1654794441887
2723	1902	0	0	0	0	0	0	1654794442907
2723	1897	0	0	0	0	0	0	1654794443927
2723	1894	0	0	0	0	0	0	1654794444947
2723	1892	0	0	0	0	0	0	1654794445967
2723	1891	0	0	0	0	0	0	1654794446987
2723	1890	0	0	0	0	0	0	1654794448007
2723	1889	0	0	0	0	0	0	1654794449027
2723	1888	0	0	0	0	0	0	1654794450047
2723	1887	0	0	0	0	0	0	1654794451067
2723	1885	0	0	0	0	0	0	1654794452087
2723	1883	0	0	0	0	0	0	1654794453107
2723	1884	0	0	0	0	0	0	1654794454127
2723	1881	0	0	0	0	0	0	1654794455147
2723	1879	0	0	0	0	0	0	1654794456167
2723	1877	0	0	0	0	0	0	1654794457187
2723	1876	0	0	0	0	0	0	1654794458207
2723	1878	0	0	0	0	0	0	1654794459227
2723	1880	0	0	0	0	0	0	1654794460247
2723	1879	0	0	0	0	0	0	1654794461267
2723	1877	0	0	0	0	0	0	1654794462287
2723	1875	0	0	0	0	0	0	1654794463307
2723	1878	0	0	0	0	0	0	1654794464327
2723	1875	0	0	0	0	0	0	1654794465347
2723	1870	0	0	0	0	0	0	1654794466367
2723	1867	0	0	0	0	0	0	1654794467387
2723	1865	0	0	0	0	0	0	1654794468407
2723	1864	0	0	0	0	0	0	1654794469427
2723	1863	0	0	0	0	0	0	1654794470447
2723	1862	0	0	0	0	0	0	1654794471467
2723	1862	0	0	0	0	0	0	1654794472487
2723	1862	0	0	0	0	0	0	1654794473507
2723	1862	0	0	0	0	0	0	1654794474527
2723	1862	0	0	0	0	0	0	1654794475547
2723	1862	0	0	0	0	0	0	1654794476567
2723	1864	0	0	0	0	0	0	1654794477587
2723	1865	0	0	0	0	0	0	1654794478607
2723	1864	0	0	0	0	0	0	1654794479627
2723	1864	0	0	0	0	0	0	1654794480647
2723	1863	0	0	0	0	0	0	1654794481667
2723	1863	0	0	0	0	0	0	1654794482687
2723	1863	0	0	0	0	0	0	1654794483707
2723	1862	0	0	0	0	0	0	1654794484727
2721	1862	0	0	0	0	0	0	1654794485747
2720	1862	0	0	0	0	0	0	1654794486767
2717	1862	0	0	0	0	0	0	1654794487787
2715	1862	0	0	0	0	0	0	1654794488807
2712	1862	0	0	0	0	0	0	1654794489827
2712	1862	0	0	0	0	0	0	1654794490847
2708	1862	0	0	0	0	0	0	1654794491867
2707	1862	0	0	0	0	0	0	1654794492887
2705	1862	0	0	0	0	0	0	1654794493907
2705	1862	0	0	0	0	0	0	1654794494927
2702	1862	0	0	0	0	0	0	1654794495947
2702	1862	0	0	0	0	0	0	1654794496967
2704	1862	0	0	0	0	0	0	1654794497987
2705	1862	0	0	0	0	0	0	1654794499007
2705	1862	0	0	0	0	0	0	1654794500027
2704	1862	0	0	0	0	0	0	1654794501047
2702	1862	0	0	0	0	0	0	1654794502067
2700	1862	0	0	0	0	0	0	1654794503087
2698	1861	0	0	0	0	0	0	1654794504107
2697	1861	0	0	0	0	0	0	1654794505127
2696	1861	0	0	0	0	0	0	1654794506147
2696	1861	0	0	0	0	0	0	1654794507167
2696	1861	0	0	0	0	0	0	1654794508187
2696	1861	0	0	0	0	0	0	1654794509207
2696	1861	0	0	0	0	0	0	1654794510227
2696	1861	0	0	0	0	0	0	1654794511247
2696	1862	0	0	0	0	0	0	1654794512267
2696	1862	0	0	0	0	0	0	1654794513287
2696	1862	0	0	0	0	0	0	1654794514307
2695	1862	0	0	0	0	0	0	1654794515327
2695	1862	0	0	0	0	0	0	1654794516347
2695	1862	0	0	0	0	0	0	1654794517367
2695	1862	0	0	0	0	0	0	1654794518387
2695	1862	0	0	0	0	0	0	1654794519407
2695	1862	0	0	0	0	0	0	1654794520427
2695	1862	0	0	0	0	0	0	1654794521447
2695	1862	0	0	0	0	0	0	1654794522467
2695	1862	0	0	0	0	0	0	1654794523487
2695	1862	0	0	0	0	0	0	1654794524507
2695	1862	0	0	0	0	0	0	1654794525527
2695	1862	0	0	0	0	0	0	1654794526547
2695	1862	0	0	0	0	0	0	1654794527567
2695	1862	0	0	0	0	0	0	1654794528587
2695	1862	0	0	0	0	0	0	1654794529607
2695	1862	0	0	0	0	0	0	1654794530627
2695	1862	0	0	0	0	0	0	1654794531647
2695	1862	0	0	0	0	0	0	1654794532667
2695	1862	0	0	0	0	0	0	1654794533687
2695	1862	0	0	0	0	0	0	1654794534707
2695	1862	0	0	0	0	0	0	1654794535727
2695	1861	0	0	0	0	0	0	1654794536747
2695	1861	0	0	0	0	0	0	1654794537767
2695	1860	0	0	0	0	0	0	1654794538787
2695	1860	0	0	0	0	0	0	1654794539807
2695	1860	0	0	0	0	0	0	1654794540827
2695	1861	0	0	0	0	0	0	1654794541847
2695	1861	0	0	0	0	0	0	1654794542867
2695	1861	0	0	0	0	0	0	1654794543887
2695	1861	0	0	0	0	0	0	1654794544907
2695	1861	0	0	0	0	0	0	1654794545927
2695	1861	0	0	0	0	0	0	1654794546947
2695	1860	0	0	0	0	0	0	1654794547967
2695	1861	0	0	0	0	0	0	1654794548987
2695	1861	0	0	0	0	0	0	1654794550007
2695	1860	0	0	0	0	0	0	1654794551027
2695	1860	0	0	0	0	0	0	1654794552047
2695	1860	0	0	0	0	0	0	1654794553067
2695	1859	0	0	0	0	0	0	1654794554087
2695	1857	0	0	0	0	0	0	1654794555107
2695	1854	0	0	0	0	0	0	1654794556127
2695	1853	0	0	0	0	0	0	1654794557147
2695	1850	0	0	0	0	0	0	1654794558167
2695	1853	0	0	0	0	0	0	1654794559187
2695	1854	0	0	0	0	0	0	1654794560207
2695	1850	0	0	0	0	0	0	1654794561227
2695	1844	0	0	0	0	0	0	1654794562247
2695	1842	0	0	0	0	0	0	1654794563267
2695	1839	0	0	0	0	0	0	1654794564287
2695	1838	0	0	0	0	0	0	1654794565307
2694	1838	0	0	0	0	0	0	1654794566327
2692	1837	0	0	0	0	0	0	1654794567347
2690	1836	0	0	0	0	0	0	1654794568367
2690	1835	0	0	0	0	0	0	1654794569387
2688	1835	0	0	0	0	0	0	1654794570407
2684	1834	0	0	0	0	0	0	1654794571427
2680	1834	0	0	0	0	0	0	1654794572447
2677	1834	0	0	0	0	0	0	1654794573467
2675	1834	0	0	0	0	0	0	1654794574487
2676	1834	0	0	0	0	0	0	1654794575507
2674	1834	0	0	0	0	0	0	1654794576527
2672	1834	0	0	0	0	0	0	1654794577547
2671	1833	0	0	0	0	0	0	1654794578567
2669	1834	0	0	0	0	0	0	1654794579587
2669	1834	0	0	0	0	0	0	1654794580607
2670	1834	0	0	0	0	0	0	1654794581627
2670	1834	0	0	0	0	0	0	1654794582647
2669	1834	0	0	0	0	0	0	1654794583667
2669	1834	0	0	0	0	0	0	1654794584687
2669	1834	0	0	0	0	0	0	1654794585707
2668	1834	0	0	0	0	0	0	1654794586727
2668	1834	0	0	0	0	0	0	1654794587747
2668	11100	0	0	0	0	0	0	1654794588767
2668	7394	0	0	0	0	0	0	1654794589787
2668	5170	0	0	0	0	0	0	1654794590807
2668	3835	0	0	0	0	0	0	1654794591827
2668	3035	0	0	0	0	0	0	1654794592847
2667	2555	0	0	0	0	0	0	1654794593867
2667	2266	0	0	0	0	0	0	1654794594887
2667	2093	0	0	0	0	0	0	1654794595907
2667	1989	0	0	0	0	0	0	1654794596927
2667	1927	0	0	0	0	0	0	1654794597947
2667	1890	0	0	0	0	0	0	1654794598967
2667	1868	0	0	0	0	0	0	1654794599987
2667	1855	0	0	0	0	0	0	1654794601007
2667	1846	0	0	0	0	0	0	1654794602027
2667	1841	0	0	0	0	0	0	1654794603047
2667	1838	0	0	0	0	0	0	1654794604067
2667	1836	0	0	0	0	0	0	1654794605087
2667	1835	0	0	0	0	0	0	1654794606107
2667	1834	0	0	0	0	0	0	1654794607127
2667	1834	0	0	0	0	0	0	1654794608147
2667	1834	0	0	0	0	0	0	1654794609167
2667	1834	0	0	0	0	0	0	1654794610187
2667	1834	0	0	0	0	0	0	1654794611207
2667	1834	0	0	0	0	0	0	1654794612227
2667	1834	0	0	0	0	0	0	1654794613247
2667	1834	0	0	0	0	0	0	1654794614267
2667	1834	0	0	0	0	0	0	1654794615287
2667	1834	0	0	0	0	0	0	1654794616307
2667	1834	0	0	0	0	0	0	1654794617327
2667	1834	0	0	0	0	0	0	1654794618347
2667	1834	0	0	0	0	0	0	1654794619367
2667	1834	0	0	0	0	0	0	1654794620387
2667	1834	0	0	0	0	0	0	1654794621407
2667	1834	0	0	0	0	0	0	1654794622427
2667	1834	0	0	0	0	0	0	1654794623447
2667	1834	0	0	0	0	0	0	1654794624467
2667	1834	0	0	0	0	0	0	1654794625487
2667	1834	0	0	0	0	0	0	1654794626507
2667	1833	0	0	0	0	0	0	1654794627527
2667	1833	0	0	0	0	0	0	1654794628547
2667	1832	0	0	0	0	0	0	1654794629567
2667	1831	0	0	0	0	0	0	1654794630587
2667	1831	0	0	0	0	0	0	1654794631607
2667	1829	0	0	0	0	0	0	1654794632627
2667	1828	0	0	0	0	0	0	1654794633647
2667	1826	0	0	0	0	0	0	1654794634667
2667	1825	0	0	0	0	0	0	1654794635687
2667	1823	0	0	0	0	0	0	1654794636707
2667	1819	0	0	0	0	0	0	1654794637727
2667	1815	0	0	0	0	0	0	1654794638747
2667	1815	0	0	0	0	0	0	1654794639767
2667	1822	0	0	0	0	0	0	1654794640787
2667	1827	0	0	0	0	0	0	1654794641807
2667	1830	0	0	0	0	0	0	1654794642827
2667	1832	0	0	0	0	0	0	1654794643847
2667	1833	0	0	0	0	0	0	1654794644867
2667	1832	0	0	0	0	0	0	1654794645887
2667	1833	0	0	0	0	0	0	1654794646907
2667	1833	0	0	0	0	0	0	1654794647927
2667	1831	0	0	0	0	0	0	1654794648947
2667	1829	0	0	0	0	0	0	1654794649967
2667	1828	0	0	0	0	0	0	1654794650987
2667	1827	0	0	0	0	0	0	1654794652007
2667	1828	0	0	0	0	0	0	1654794653027
2667	1828	0	0	0	0	0	0	1654794654047
2667	1826	0	0	0	0	0	0	1654794655067
2667	1823	0	0	0	0	0	0	1654794656087
2667	1818	0	0	0	0	0	0	1654794657107
2666	1813	0	0	0	0	0	0	1654794658127
2661	1810	0	0	0	0	0	0	1654794659147
2658	1808	0	0	0	0	0	0	1654794660167
2655	1807	0	0	0	0	0	0	1654794661187
2656	1807	0	0	0	0	0	0	1654794662207
2655	1807	0	0	0	0	0	0	1654794663227
2653	1806	0	0	0	0	0	0	1654794664247
2653	1806	0	0	0	0	0	0	1654794665267
2650	1806	0	0	0	0	0	0	1654794666287
2647	1806	0	0	0	0	0	0	1654794667307
2644	1806	0	0	0	0	0	0	1654794668327
2642	1806	0	0	0	0	0	0	1654794669347
2641	1806	0	0	0	0	0	0	1654794670367
2640	1806	0	0	0	0	0	0	1654794671387
2640	1806	0	0	0	0	0	0	1654794672407
2639	1806	0	0	0	0	0	0	1654794673427
2639	1806	0	0	0	0	0	0	1654794674447
2639	1806	0	0	0	0	0	0	1654794675467
2639	1806	0	0	0	0	0	0	1654794676487
2639	1806	0	0	0	0	0	0	1654794677507
2639	1806	0	0	0	0	0	0	1654794678527
2639	1806	0	0	0	0	0	0	1654794679547
2639	1806	0	0	0	0	0	0	1654794680567
2639	1806	0	0	0	0	0	0	1654794681587
2639	1806	0	0	0	0	0	0	1654794682607
2639	1806	0	0	0	0	0	0	1654794683627
2639	1806	0	0	0	0	0	0	1654794684647
2639	1806	0	0	0	0	0	0	1654794685667
2639	1806	0	0	0	0	0	0	1654794686687
2639	1806	0	0	0	0	0	0	1654794687707
2639	1806	0	0	0	0	0	0	1654794688727
2639	1806	0	0	0	0	0	0	1654794689747
2639	1806	0	0	0	0	0	0	1654794690767
2639	1806	0	0	0	0	0	0	1654794691787
2639	1806	0	0	0	0	0	0	1654794692807
2639	1806	0	0	0	0	0	0	1654794693827
2639	1806	0	0	0	0	0	0	1654794694847
2639	1806	0	0	0	0	0	0	1654794695867
2639	1806	0	0	0	0	0	0	1654794696887
2639	1806	0	0	0	0	0	0	1654794697907
2639	1806	0	0	0	0	0	0	1654794698927
2639	1806	0	0	0	0	0	0	1654794699947
2639	1806	0	0	0	0	0	0	1654794700967
2639	1806	0	0	0	0	0	0	1654794701987
2639	1806	0	0	0	0	0	0	1654794703007
2639	1806	0	0	0	0	0	0	1654794704027
2639	1806	0	0	0	0	0	0	1654794705047
2639	1806	0	0	0	0	0	0	1654794706067
2639	1806	0	0	0	0	0	0	1654794707087
2639	1806	0	0	0	0	0	0	1654794708107
2639	1806	0	0	0	0	0	0	1654794709127
2639	1805	0	0	0	0	0	0	1654794710147
2639	1805	0	0	0	0	0	0	1654794711167
2639	1806	0	0	0	0	0	0	1654794712187
2639	1806	0	0	0	0	0	0	1654794713207
2639	1806	0	0	0	0	0	0	1654794714227
2639	1806	0	0	0	0	0	0	1654794715247
2639	1806	0	0	0	0	0	0	1654794716267
2639	1806	0	0	0	0	0	0	1654794717287
2639	1806	0	0	0	0	0	0	1654794718307
2639	1806	0	0	0	0	0	0	1654794719327
11583	1806	0	0	0	0	0	0	1654794720347
8005	1806	0	0	0	0	0	0	1654794721367
5859	1806	0	0	0	0	0	0	1654794722387
4571	1806	0	0	0	0	0	0	1654794723407
3798	1806	0	0	0	0	0	0	1654794724427
3335	1806	0	0	0	0	0	0	1654794725447
3056	1806	0	0	0	0	0	0	1654794726467
2889	1806	0	0	0	0	0	0	1654794727487
2789	1806	0	0	0	0	0	0	1654794728507
2729	1806	0	0	0	0	0	0	1654794729527
2693	1806	0	0	0	0	0	0	1654794730547
2671	1806	0	0	0	0	0	0	1654794731567
2658	1805	0	0	0	0	0	0	1654794732587
2650	1805	0	0	0	0	0	0	1654794733607
2646	1805	0	0	0	0	0	0	1654794734627
2643	1804	0	0	0	0	0	0	1654794735647
2641	1804	0	0	0	0	0	0	1654794736667
2640	1804	0	0	0	0	0	0	1654794737687
2640	1803	0	0	0	0	0	0	1654794738707
2640	1803	0	0	0	0	0	0	1654794739727
2640	1802	0	0	0	0	0	0	1654794740747
2640	1799	0	0	0	0	0	0	1654794741767
2640	1797	0	0	0	0	0	0	1654794742787
2640	1794	0	0	0	0	0	0	1654794743807
2639	1795	0	0	0	0	0	0	1654794744827
2639	1794	0	0	0	0	0	0	1654794745847
2639	1791	0	0	0	0	0	0	1654794746867
2639	1794	0	0	0	0	0	0	1654794747887
2639	1797	0	0	0	0	0	0	1654794748907
2639	1799	0	0	0	0	0	0	1654794749927
2639	1799	0	0	0	0	0	0	1654794750947
2639	1800	0	0	0	0	0	0	1654794751967
2639	1799	0	0	0	0	0	0	1654794752987
2639	1795	0	0	0	0	0	0	1654794754007
2639	1793	0	0	0	0	0	0	1654794755027
2639	1792	0	0	0	0	0	0	1654794756047
2639	1791	0	0	0	0	0	0	1654794757067
2638	1789	0	0	0	0	0	0	1654794758087
2638	1787	0	0	0	0	0	0	1654794759107
2638	1786	0	0	0	0	0	0	1654794760127
2638	1784	0	0	0	0	0	0	1654794761147
2638	1783	0	0	0	0	0	0	1654794762167
2637	1781	0	0	0	0	0	0	1654794763187
2636	1780	0	0	0	0	0	0	1654794764207
2636	1779	0	0	0	0	0	0	1654794765227
2634	1779	0	0	0	0	0	0	1654794766247
2634	1778	0	0	0	0	0	0	1654794767267
2633	1778	0	0	0	0	0	0	1654794768287
2631	1778	0	0	0	0	0	0	1654794769307
2631	1778	0	0	0	0	0	0	1654794770327
2629	1778	0	0	0	0	0	0	1654794771347
2629	1778	0	0	0	0	0	0	1654794772367
2629	1778	0	0	0	0	0	0	1654794773387
2628	1778	0	0	0	0	0	0	1654794774407
2629	1778	0	0	0	0	0	0	1654794775427
2627	1778	0	0	0	0	0	0	1654794776447
2626	1778	0	0	0	0	0	0	1654794777467
2622	1778	0	0	0	0	0	0	1654794778487
2623	1778	0	0	0	0	0	0	1654794779507
2622	1778	0	0	0	0	0	0	1654794780527
2621	1778	0	0	0	0	0	0	1654794781547
2619	1778	0	0	0	0	0	0	1654794782567
2616	1778	0	0	0	0	0	0	1654794783587
2615	1778	0	0	0	0	0	0	1654794784607
2614	1778	0	0	0	0	0	0	1654794785627
2613	1778	0	0	0	0	0	0	1654794786647
2613	1777	0	0	0	0	0	0	1654794787667
2613	1777	0	0	0	0	0	0	1654794788687
2612	1777	0	0	0	0	0	0	1654794789707
2612	1777	0	0	0	0	0	0	1654794790727
2613	1777	0	0	0	0	0	0	1654794791747
2613	1777	0	0	0	0	0	0	1654794792767
2614	1777	0	0	0	0	0	0	1654794793787
2615	1777	0	0	0	0	0	0	1654794794807
2614	1777	0	0	0	0	0	0	1654794795827
2613	1778	0	0	0	0	0	0	1654794796847
2613	1778	0	0	0	0	0	0	1654794797867
2613	1778	0	0	0	0	0	0	1654794798887
2613	1778	0	0	0	0	0	0	1654794799907
2613	1778	0	0	0	0	0	0	1654794800927
2612	1778	0	0	0	0	0	0	1654794801947
2612	1778	0	0	0	0	0	0	1654794802967
2612	1777	0	0	0	0	0	0	1654794803987
2612	1777	0	0	0	0	0	0	1654794805007
2612	1777	0	0	0	0	0	0	1654794806027
2611	1777	0	0	0	0	0	0	1654794807047
2611	1777	0	0	0	0	0	0	1654794808067
2611	1778	0	0	0	0	0	0	1654794809087
2611	1778	0	0	0	0	0	0	1654794810107
2611	1777	0	0	0	0	0	0	1654794811127
2611	1777	0	0	0	0	0	0	1654794812147
2611	1778	0	0	0	0	0	0	1654794813167
2611	1778	0	0	0	0	0	0	1654794814187
2611	1778	0	0	0	0	0	0	1654794815207
2611	1778	0	0	0	0	0	0	1654794816227
2611	1778	0	0	0	0	0	0	1654794817247
2611	1778	0	0	0	0	0	0	1654794818267
2611	1777	0	0	0	0	0	0	1654794819287
2611	1777	0	0	0	0	0	0	1654794820307
2611	1777	0	0	0	0	0	0	1654794821327
2611	1777	0	0	0	0	0	0	1654794822347
2611	1777	0	0	0	0	0	0	1654794823367
2611	1777	0	0	0	0	0	0	1654794824387
2611	1777	0	0	0	0	0	0	1654794825407
2611	1777	0	0	0	0	0	0	1654794826427
2611	1777	0	0	0	0	0	0	1654794827447
11566	1777	0	0	0	0	0	0	1654794828467
7984	1777	0	0	0	0	0	0	1654794829487
5835	1777	0	0	0	0	0	0	1654794830507
4545	1777	0	0	0	0	0	0	1654794831527
3772	1777	0	0	0	0	0	0	1654794832547
3308	1777	0	0	0	0	0	0	1654794833567
3029	1778	0	0	0	0	0	0	1654794834587
2862	1778	0	0	0	0	0	0	1654794835607
2762	1778	0	0	0	0	0	0	1654794836627
2702	1778	0	0	0	0	0	0	1654794837647
2666	1778	0	0	0	0	0	0	1654794838667
2644	1778	0	0	0	0	0	0	1654794839687
2631	1778	0	0	0	0	0	0	1654794840707
2623	1778	0	0	0	0	0	0	1654794841727
2618	1778	0	0	0	0	0	0	1654794842747
2615	1778	0	0	0	0	0	0	1654794843767
2614	1778	0	0	0	0	0	0	1654794844787
2613	1778	0	0	0	0	0	0	1654794845807
2612	1778	0	0	0	0	0	0	1654794846827
2611	1777	0	0	0	0	0	0	1654794847847
2611	1777	0	0	0	0	0	0	1654794848867
2611	1777	0	0	0	0	0	0	1654794849887
2611	1777	0	0	0	0	0	0	1654794850907
2611	1777	0	0	0	0	0	0	1654794851927
2611	1777	0	0	0	0	0	0	1654794852947
2611	1777	0	0	0	0	0	0	1654794853967
2611	1777	0	0	0	0	0	0	1654794854987
2611	1777	0	0	0	0	0	0	1654794856007
2611	1777	0	0	0	0	0	0	1654794857027
2611	1778	0	0	0	0	0	0	1654794858047
2611	1778	0	0	0	0	0	0	1654794859067
2611	1778	0	0	0	0	0	0	1654794860087
2611	1778	0	0	0	0	0	0	1654794861107
2611	1778	0	0	0	0	0	0	1654794862127
2611	1778	0	0	0	0	0	0	1654794863147
2611	1778	0	0	0	0	0	0	1654794864167
2611	1778	0	0	0	0	0	0	1654794865187
2611	1778	0	0	0	0	0	0	1654794866207
2611	1778	0	0	0	0	0	0	1654794867227
2611	1778	0	0	0	0	0	0	1654794868247
2611	1778	0	0	0	0	0	0	1654794869267
2611	1778	0	0	0	0	0	0	1654794870287
2611	1778	0	0	0	0	0	0	1654794871307
2611	1778	0	0	0	0	0	0	1654794872327
2611	1778	0	0	0	0	0	0	1654794873347
2611	1778	0	0	0	0	0	0	1654794874367
2611	1778	0	0	0	0	0	0	1654794875387
2611	1778	0	0	0	0	0	0	1654794876407
2611	1778	0	0	0	0	0	0	1654794877427
2611	1778	0	0	0	0	0	0	1654794878447
2611	1778	0	0	0	0	0	0	1654794879467
2611	1778	0	0	0	0	0	0	1654794880487
2611	1778	0	0	0	0	0	0	1654794881507
2611	1778	0	0	0	0	0	0	1654794882527
2611	1778	0	0	0	0	0	0	1654794883547
2611	1778	0	0	0	0	0	0	1654794884567
2611	1778	0	0	0	0	0	0	1654794885587
2611	1778	0	0	0	0	0	0	1654794886607
2611	1778	0	0	0	0	0	0	1654794887627
2611	1778	0	0	0	0	0	0	1654794888647
2611	1778	0	0	0	0	0	0	1654794889667
2611	1777	0	0	0	0	0	0	1654794890687
2611	1777	0	0	0	0	0	0	1654794891707
2611	1777	0	0	0	0	0	0	1654794892727
2611	1777	0	0	0	0	0	0	1654794893747
2611	1777	0	0	0	0	0	0	1654794894767
2611	1776	0	0	0	0	0	0	1654794895787
2611	1777	0	0	0	0	0	0	1654794896807
2611	1776	0	0	0	0	0	0	1654794897827
2611	1775	0	0	0	0	0	0	1654794898847
2611	1775	0	0	0	0	0	0	1654794899867
2611	1775	0	0	0	0	0	0	1654794900887
2611	1775	0	0	0	0	0	0	1654794901907
2611	1776	0	0	0	0	0	0	1654794902927
2611	1777	0	0	0	0	0	0	1654794903947
2611	1777	0	0	0	0	0	0	1654794904967
2611	1777	0	0	0	0	0	0	1654794905987
2611	1778	0	0	0	0	0	0	1654794907007
2611	1778	0	0	0	0	0	0	1654794908027
2611	1778	0	0	0	0	0	0	1654794909047
2611	1778	0	0	0	0	0	0	1654794910067
2611	1778	0	0	0	0	0	0	1654794911087
2610	1777	0	0	0	0	0	0	1654794912107
2610	1776	0	0	0	0	0	0	1654794913127
2610	1776	0	0	0	0	0	0	1654794914147
2611	1776	0	0	0	0	0	0	1654794915167
2611	1775	0	0	0	0	0	0	1654794916187
2611	1773	0	0	0	0	0	0	1654794917207
2611	1771	0	0	0	0	0	0	1654794918227
2611	1768	0	0	0	0	0	0	1654794919247
2611	1767	0	0	0	0	0	0	1654794920267
2610	1767	0	0	0	0	0	0	1654794921287
2610	1761	0	0	0	0	0	0	1654794922307
2610	1760	0	0	0	0	0	0	1654794923327
2610	1760	0	0	0	0	0	0	1654794924347
2609	1759	0	0	0	0	0	0	1654794925367
2610	1758	0	0	0	0	0	0	1654794926387
2609	1756	0	0	0	0	0	0	1654794927407
2608	1754	0	0	0	0	0	0	1654794928427
2607	1753	0	0	0	0	0	0	1654794929447
2605	1752	0	0	0	0	0	0	1654794930467
2603	1752	0	0	0	0	0	0	1654794931487
2603	1752	0	0	0	0	0	0	1654794932507
2601	1751	0	0	0	0	0	0	1654794933527
2601	1751	0	0	0	0	0	0	1654794934547
2600	1750	0	0	0	0	0	0	1654794935567
2598	1750	0	0	0	0	0	0	1654794936587
2597	1750	0	0	0	0	0	0	1654794937607
2596	1750	0	0	0	0	0	0	1654794938627
2593	1750	0	0	0	0	0	0	1654794939647
2592	1750	0	0	0	0	0	0	1654794940667
2590	1750	0	0	0	0	0	0	1654794941687
2588	1750	0	0	0	0	0	0	1654794942707
2587	1750	0	0	0	0	0	0	1654794943727
2588	1750	0	0	0	0	0	0	1654794944747
2588	1750	0	0	0	0	0	0	1654794945767
2588	1750	0	0	0	0	0	0	1654794946787
2589	1750	0	0	0	0	0	0	1654794947807
2587	1750	0	0	0	0	0	0	1654794948827
2587	1750	0	0	0	0	0	0	1654794949847
2586	1750	0	0	0	0	0	0	1654794950867
2585	1750	0	0	0	0	0	0	1654794951887
2584	1750	0	0	0	0	0	0	1654794952907
2584	1749	0	0	0	0	0	0	1654794953927
2584	1749	0	0	0	0	0	0	1654794954947
2584	1749	0	0	0	0	0	0	1654794955967
2584	1749	0	0	0	0	0	0	1654794956987
2584	1750	0	0	0	0	0	0	1654794958007
2585	1750	0	0	0	0	0	0	1654794959027
2585	1750	0	0	0	0	0	0	1654794960047
2584	1750	0	0	0	0	0	0	1654794961067
2584	1750	0	0	0	0	0	0	1654794962087
2584	1750	0	0	0	0	0	0	1654794963107
2584	1750	0	0	0	0	0	0	1654794964127
2584	1750	0	0	0	0	0	0	1654794965147
2584	1750	0	0	0	0	0	0	1654794966167
2584	1750	0	0	0	0	0	0	1654794967187
2584	1750	0	0	0	0	0	0	1654794968207
2584	1750	0	0	0	0	0	0	1654794969227
2583	1750	0	0	0	0	0	0	1654794970247
2583	1750	0	0	0	0	0	0	1654794971267
2583	1750	0	0	0	0	0	0	1654794972287
2583	1750	0	0	0	0	0	0	1654794973307
2583	1750	0	0	0	0	0	0	1654794974327
2583	1750	0	0	0	0	0	0	1654794975347
2585	1753	0	0	0	0	0	0	1654794976367
2595	1762	0	0	0	0	0	0	1654794977387
2593	1760	0	0	0	0	0	0	1654794978407
2589	1756	0	0	0	0	0	0	1654794979427
2587	1754	0	0	0	0	0	0	1654794980447
2586	1752	0	0	0	0	0	0	1654794981467
2585	1751	0	0	0	0	0	0	1654794982487
2584	1751	0	0	0	0	0	0	1654794983507
2584	1750	0	0	0	0	0	0	1654794984527
2584	1749	0	0	0	0	0	0	1654794985547
2584	1749	0	0	0	0	0	0	1654794986567
2584	1749	0	0	0	0	0	0	1654794987587
2584	1749	0	0	0	0	0	0	1654794988607
2584	1749	0	0	0	0	0	0	1654794989627
2584	1749	0	0	0	0	0	0	1654794990647
2584	1749	0	0	0	0	0	0	1654794991667
2584	1749	0	0	0	0	0	0	1654794992687
2584	1749	0	0	0	0	0	0	1654794993707
2584	1750	0	0	0	0	0	0	1654794994727
2584	1750	0	0	0	0	0	0	1654794995747
2584	1750	0	0	0	0	0	0	1654794996767
2584	1750	0	0	0	0	0	0	1654794997787
2584	1750	0	0	0	0	0	0	1654794998807
2584	1750	0	0	0	0	0	0	1654794999827
2584	1750	0	0	0	0	0	0	1654795000847
2584	1749	0	0	0	0	0	0	1654795001867
2584	1749	0	0	0	0	0	0	1654795002887
2584	1749	0	0	0	0	0	0	1654795003907
2584	1749	0	0	0	0	0	0	1654795004927
2584	1749	0	0	0	0	0	0	1654795005947
2583	1749	0	0	0	0	0	0	1654795006967
2583	1749	0	0	0	0	0	0	1654795007987
2583	1749	0	0	0	0	0	0	1654795009007
2583	1749	0	0	0	0	0	0	1654795010027
2583	1750	0	0	0	0	0	0	1654795011047
2583	1750	0	0	0	0	0	0	1654795012067
2583	1750	0	0	0	0	0	0	1654795013087
2583	1750	0	0	0	0	0	0	1654795014107
2583	1750	0	0	0	0	0	0	1654795015127
2583	1750	0	0	0	0	0	0	1654795016147
2583	1749	0	0	0	0	0	0	1654795017167
2583	1749	0	0	0	0	0	0	1654795018187
2583	1749	0	0	0	0	0	0	1654795019207
2583	1749	0	0	0	0	0	0	1654795020227
2583	1749	0	0	0	0	0	0	1654795021247
2583	1749	0	0	0	0	0	0	1654795022267
2583	1750	0	0	0	0	0	0	1654795023287
2583	1750	0	0	0	0	0	0	1654795024307
2583	1750	0	0	0	0	0	0	1654795025327
2583	1749	0	0	0	0	0	0	1654795026347
2583	1749	0	0	0	0	0	0	1654795027367
2583	1749	0	0	0	0	0	0	1654795028387
2583	1749	0	0	0	0	0	0	1654795029407
2583	1749	0	0	0	0	0	0	1654795030427
2583	1749	0	0	0	0	0	0	1654795031447
2583	1749	0	0	0	0	0	0	1654795032467
2583	1749	0	0	0	0	0	0	1654795033487
2583	1749	0	0	0	0	0	0	1654795034507
2583	1748	0	0	0	0	0	0	1654795035527
2583	1749	0	0	0	0	0	0	1654795036547
2583	1749	0	0	0	0	0	0	1654795037567
2583	1749	0	0	0	0	0	0	1654795038587
2583	1748	0	0	0	0	0	0	1654795039607
2583	1748	0	0	0	0	0	0	1654795040627
2583	1748	0	0	0	0	0	0	1654795041647
2583	1746	0	0	0	0	0	0	1654795042667
2583	1747	0	0	0	0	0	0	1654795043687
2583	1746	0	0	0	0	0	0	1654795044707
2583	1746	0	0	0	0	0	0	1654795045727
2583	1746	0	0	0	0	0	0	1654795046747
2583	1744	0	0	0	0	0	0	1654795047767
2583	1743	0	0	0	0	0	0	1654795048787
2583	1742	0	0	0	0	0	0	1654795049807
2583	1741	0	0	0	0	0	0	1654795050827
2583	1741	0	0	0	0	0	0	1654795051847
2583	1740	0	0	0	0	0	0	1654795052867
2583	1740	0	0	0	0	0	0	1654795053887
2583	1740	0	0	0	0	0	0	1654795054907
2583	1741	0	0	0	0	0	0	1654795055927
2583	1743	0	0	0	0	0	0	1654795056947
2583	1746	0	0	0	0	0	0	1654795057967
2583	1748	0	0	0	0	0	0	1654795058987
2583	1749	0	0	0	0	0	0	1654795060007
2583	1749	0	0	0	0	0	0	1654795061027
2583	1749	0	0	0	0	0	0	1654795062047
2583	1749	0	0	0	0	0	0	1654795063067
2583	1749	0	0	0	0	0	0	1654795064087
2583	1750	0	0	0	0	0	0	1654795065107
2582	1750	0	0	0	0	0	0	1654795066127
2582	1750	0	0	0	0	0	0	1654795067147
2582	1750	0	0	0	0	0	0	1654795068167
2582	1750	0	0	0	0	0	0	1654795069187
2581	1749	0	0	0	0	0	0	1654795070207
2580	1749	0	0	0	0	0	0	1654795071227
2577	1748	0	0	0	0	0	0	1654795072247
2576	1748	0	0	0	0	0	0	1654795073267
2576	1746	0	0	0	0	0	0	1654795074287
2573	1744	0	0	0	0	0	0	1654795075307
2570	1744	0	0	0	0	0	0	1654795076327
2570	1744	0	0	0	0	0	0	1654795077347
2569	1743	0	0	0	0	0	0	1654795078367
2567	1744	0	0	0	0	0	0	1654795079387
2566	1742	0	0	0	0	0	0	1654795080407
2565	1742	0	0	0	0	0	0	1654795081427
2563	1741	0	0	0	0	0	0	1654795082447
2561	1740	0	0	0	0	0	0	1654795083467
2560	1736	0	0	0	0	0	0	1654795084487
2563	1741	0	0	0	0	0	0	1654795085507
2570	1745	0	0	0	0	0	0	1654795086527
2575	1747	0	0	0	0	0	0	1654795087547
2574	1746	0	0	0	0	0	0	1654795088567
2575	1745	0	0	0	0	0	0	1654795089587
2574	1745	0	0	0	0	0	0	1654795090607
2571	1740	0	0	0	0	0	0	1654795091627
2569	1733	0	0	0	0	0	0	1654795092647
2567	1729	0	0	0	0	0	0	1654795093667
2565	1727	0	0	0	0	0	0	1654795094687
2564	1725	0	0	0	0	0	0	1654795095707
2562	1723	0	0	0	0	0	0	1654795096727
2561	1723	0	0	0	0	0	0	1654795097747
2562	1722	0	0	0	0	0	0	1654795098767
2560	1722	0	0	0	0	0	0	1654795099787
2559	1722	0	0	0	0	0	0	1654795100807
2558	1722	0	0	0	0	0	0	1654795101827
2559	1722	0	0	0	0	0	0	1654795102847
2559	1721	0	0	0	0	0	0	1654795103867
2557	1721	0	0	0	0	0	0	1654795104887
2557	1721	0	0	0	0	0	0	1654795105907
2556	1721	0	0	0	0	0	0	1654795106927
2556	1721	0	0	0	0	0	0	1654795107947
2556	1721	0	0	0	0	0	0	1654795108967
2556	1721	0	0	0	0	0	0	1654795109987
2556	1721	0	0	0	0	0	0	1654795111007
2556	1721	0	0	0	0	0	0	1654795112027
2556	1721	0	0	0	0	0	0	1654795113047
2556	1721	0	0	0	0	0	0	1654795114067
2556	1721	0	0	0	0	0	0	1654795115087
2556	1721	0	0	0	0	0	0	1654795116107
2556	1721	0	0	0	0	0	0	1654795117127
2556	1721	0	0	0	0	0	0	1654795118147
2556	1721	0	0	0	0	0	0	1654795119167
2556	1721	0	0	0	0	0	0	1654795120187
2556	1721	0	0	0	0	0	0	1654795121207
2556	1721	0	0	0	0	0	0	1654795122227
2556	1722	0	0	0	0	0	0	1654795123247
2556	1722	0	0	0	0	0	0	1654795124267
2556	1722	0	0	0	0	0	0	1654795125287
2556	1722	0	0	0	0	0	0	1654795126307
2556	1722	0	0	0	0	0	0	1654795127327
2556	1722	0	0	0	0	0	0	1654795128347
2555	1722	0	0	0	0	0	0	1654795129367
2555	1721	0	0	0	0	0	0	1654795130387
2555	1721	0	0	0	0	0	0	1654795131407
2555	1721	0	0	0	0	0	0	1654795132427
2555	1721	0	0	0	0	0	0	1654795133447
2555	1721	0	0	0	0	0	0	1654795134467
2555	1721	0	0	0	0	0	0	1654795135487
2555	1721	0	0	0	0	0	0	1654795136507
2555	1721	0	0	0	0	0	0	1654795137527
2555	1721	0	0	0	0	0	0	1654795138547
2555	1721	0	0	0	0	0	0	1654795139567
2555	1721	0	0	0	0	0	0	1654795140587
2555	1721	0	0	0	0	0	0	1654795141607
2555	1721	0	0	0	0	0	0	1654795142627
2555	1721	0	0	0	0	0	0	1654795143647
2555	1721	0	0	0	0	0	0	1654795144667
2555	1721	0	0	0	0	0	0	1654795145687
2555	1721	0	0	0	0	0	0	1654795146707
2555	1721	0	0	0	0	0	0	1654795147727
2555	1721	0	0	0	0	0	0	1654795148747
2555	1721	0	0	0	0	0	0	1654795149767
2555	1721	0	0	0	0	0	0	1654795150787
2555	1721	0	0	0	0	0	0	1654795151807
2555	1721	0	0	0	0	0	0	1654795152827
2555	1721	0	0	0	0	0	0	1654795153847
2555	1721	0	0	0	0	0	0	1654795154867
2555	1722	0	0	0	0	0	0	1654795155887
2555	1722	0	0	0	0	0	0	1654795156907
2555	1722	0	0	0	0	0	0	1654795157927
2555	1722	0	0	0	0	0	0	1654795158947
2555	1721	0	0	0	0	0	0	1654795159967
2555	1721	0	0	0	0	0	0	1654795160987
2555	1721	0	0	0	0	0	0	1654795162007
2555	1721	0	0	0	0	0	0	1654795163027
2555	1721	0	0	0	0	0	0	1654795164047
2555	1721	0	0	0	0	0	0	1654795165067
2555	1721	0	0	0	0	0	0	1654795166087
2555	1721	0	0	0	0	0	0	1654795167107
2555	1721	0	0	0	0	0	0	1654795168127
2555	1721	0	0	0	0	0	0	1654795169147
2555	1721	0	0	0	0	0	0	1654795170167
2555	1721	0	0	0	0	0	0	1654795171187
2555	1721	0	0	0	0	0	0	1654795172207
2555	1721	0	0	0	0	0	0	1654795173227
2555	1721	0	0	0	0	0	0	1654795174247
2555	1721	0	0	0	0	0	0	1654795175267
2555	1721	0	0	0	0	0	0	1654795176287
2555	1721	0	0	0	0	0	0	1654795177307
2555	1721	0	0	0	0	0	0	1654795178327
2555	1721	0	0	0	0	0	0	1654795179347
2555	1721	0	0	0	0	0	0	1654795180367
2555	1721	0	0	0	0	0	0	1654795181387
2555	1721	0	0	0	0	0	0	1654795182407
2555	1721	0	0	0	0	0	0	1654795183427
2555	1721	0	0	0	0	0	0	1654795184447
2555	1721	0	0	0	0	0	0	1654795185467
2555	1721	0	0	0	0	0	0	1654795186487
2555	1721	0	0	0	0	0	0	1654795187507
2555	1721	0	0	0	0	0	0	1654795188527
2555	1721	0	0	0	0	0	0	1654795189547
2555	1722	0	0	0	0	0	0	1654795190567
2555	1722	0	0	0	0	0	0	1654795191587
2555	1722	0	0	0	0	0	0	1654795192607
2555	1722	0	0	0	0	0	0	1654795193627
2555	1722	0	0	0	0	0	0	1654795194647
2555	1721	0	0	0	0	0	0	1654795195667
2555	1721	0	0	0	0	0	0	1654795196687
2555	1721	0	0	0	0	0	0	1654795197707
2555	1721	0	0	0	0	0	0	1654795198727
2555	1721	0	0	0	0	0	0	1654795199747
2555	1721	0	0	0	0	0	0	1654795200767
2555	1721	0	0	0	0	0	0	1654795201787
2555	1729	0	0	0	0	0	0	1654795202807
2555	1727	0	0	0	0	0	0	1654795203827
2555	1725	0	0	0	0	0	0	1654795204847
2555	1724	0	0	0	0	0	0	1654795205867
2555	1723	0	0	0	0	0	0	1654795206887
2555	1723	0	0	0	0	0	0	1654795207907
2555	1723	0	0	0	0	0	0	1654795208927
2555	1722	0	0	0	0	0	0	1654795209947
2555	1722	0	0	0	0	0	0	1654795210967
2555	1722	0	0	0	0	0	0	1654795211987
2555	1722	0	0	0	0	0	0	1654795213007
2555	1722	0	0	0	0	0	0	1654795214027
2555	1722	0	0	0	0	0	0	1654795215047
2555	1722	0	0	0	0	0	0	1654795216067
2555	1722	0	0	0	0	0	0	1654795217087
2555	1722	0	0	0	0	0	0	1654795218107
2555	1722	0	0	0	0	0	0	1654795219127
2555	1721	0	0	0	0	0	0	1654795220147
2555	1721	0	0	0	0	0	0	1654795221167
2555	1721	0	0	0	0	0	0	1654795222187
2555	1722	0	0	0	0	0	0	1654795223207
2555	1722	0	0	0	0	0	0	1654795224227
2555	1722	0	0	0	0	0	0	1654795225247
2555	1722	0	0	0	0	0	0	1654795226267
2555	1722	0	0	0	0	0	0	1654795227287
2555	1722	0	0	0	0	0	0	1654795228307
2555	1721	0	0	0	0	0	0	1654795229327
2555	1721	0	0	0	0	0	0	1654795230347
2555	1721	0	0	0	0	0	0	1654795231367
2555	1721	0	0	0	0	0	0	1654795232387
2555	1721	0	0	0	0	0	0	1654795233407
2555	1721	0	0	0	0	0	0	1654795234427
2555	1721	0	0	0	0	0	0	1654795235447
2555	1721	0	0	0	0	0	0	1654795236467
2555	1721	0	0	0	0	0	0	1654795237487
2555	1721	0	0	0	0	0	0	1654795238507
2555	1721	0	0	0	0	0	0	1654795239527
2555	1721	0	0	0	0	0	0	1654795240547
