2625	669	0	0	0	0	0	0	1662058370274
2609	661	0	0	0	0	0	0	1662058371294
2592	651	0	0	0	0	0	0	1662058372314
2577	644	0	0	0	0	0	0	1662058373334
2562	640	0	0	0	0	0	0	1662058374354
2548	637	0	0	0	0	0	0	1662058375374
2539	627	0	0	0	0	0	0	1662058376394
2525	619	0	0	0	0	0	0	1662058377414
2514	614	0	0	0	0	0	0	1662058378434
2508	611	0	0	0	0	0	0	1662058379454
2504	609	0	0	0	0	0	0	1662058380474
2496	608	0	0	0	0	0	0	1662058381494
2486	608	0	0	0	0	0	0	1662058382514
2480	608	0	0	0	0	0	0	1662058383534
2476	608	0	0	0	0	0	0	1662058384554
2474	607	0	0	0	0	0	0	1662058385574
2472	599	0	0	0	0	0	0	1662058386594
2464	593	0	0	0	0	0	0	1662058387614
2455	588	0	0	0	0	0	0	1662058388634
2450	585	0	0	0	0	0	0	1662058389654
2446	583	0	0	0	0	0	0	1662058390674
2445	582	0	0	0	0	0	0	1662058391694
2444	581	0	0	0	0	0	0	1662058392714
2443	580	0	0	0	0	0	0	1662058393734
2442	580	0	0	0	0	0	0	1662058394754
2438	580	0	0	0	0	0	0	1662058395774
2430	580	0	0	0	0	0	0	1662058396794
2424	580	0	0	0	0	0	0	1662058397814
2420	580	0	0	0	0	0	0	1662058398834
2418	580	0	0	0	0	0	0	1662058399854
2416	580	0	0	0	0	0	0	1662058400874
2415	580	0	0	0	0	0	0	1662058401894
2415	580	0	0	0	0	0	0	1662058402914
2414	580	0	0	0	0	0	0	1662058403934
2414	580	0	0	0	0	0	0	1662058404954
2414	580	0	0	0	0	0	0	1662058405974
2414	580	0	0	0	0	0	0	1662058406994
2414	580	0	0	0	0	0	0	1662058408014
2411	580	0	0	0	0	0	0	1662058409034
2405	580	0	0	0	0	0	0	1662058410054
2398	580	0	0	0	0	0	0	1662058411074
2394	580	0	0	0	0	0	0	1662058412094
2391	580	0	0	0	0	0	0	1662058413114
2389	579	0	0	0	0	0	0	1662058414134
2388	578	0	0	0	0	0	0	1662058415154
2387	577	0	0	0	0	0	0	1662058416174
2387	577	0	0	0	0	0	0	1662058417194
2386	576	0	0	0	0	0	0	1662058418214
2386	573	0	0	0	0	0	0	1662058419234
2386	571	0	0	0	0	0	0	1662058420254
2386	569	0	0	0	0	0	0	1662058421274
2386	566	0	0	0	0	0	0	1662058422294
2386	564	0	0	0	0	0	0	1662058423314
2386	562	0	0	0	0	0	0	1662058424334
2385	561	0	0	0	0	0	0	1662058425354
2382	560	0	0	0	0	0	0	1662058426374
2376	559	0	0	0	0	0	0	1662058427394
2370	557	0	0	0	0	0	0	1662058428414
2365	555	0	0	0	0	0	0	1662058429434
2362	554	0	0	0	0	0	0	1662058430454
2360	553	0	0	0	0	0	0	1662058431474
2359	553	0	0	0	0	0	0	1662058432494
2358	552	0	0	0	0	0	0	1662058433514
2358	552	0	0	0	0	0	0	1662058434534
2358	552	0	0	0	0	0	0	1662058435554
2358	552	0	0	0	0	0	0	1662058436574
2358	552	0	0	0	0	0	0	1662058437594
2358	552	0	0	0	0	0	0	1662058438614
2358	552	0	0	0	0	0	0	1662058439634
2358	552	0	0	0	0	0	0	1662058440654
2358	552	0	0	0	0	0	0	1662058441674
2358	552	0	0	0	0	0	0	1662058442694
2358	552	0	0	0	0	0	0	1662058443714
2358	552	0	0	0	0	0	0	1662058444734
2358	552	0	0	0	0	0	0	1662058445754
2358	552	0	0	0	0	0	0	1662058446774
2358	552	0	0	0	0	0	0	1662058447794
2358	552	0	0	0	0	0	0	1662058448814
2357	552	0	0	0	0	0	0	1662058449834
2355	552	0	0	0	0	0	0	1662058450854
2354	552	0	0	0	0	0	0	1662058451874
2350	552	0	0	0	0	0	0	1662058452894
2345	552	0	0	0	0	0	0	1662058453914
2340	552	0	0	0	0	0	0	1662058454934
2336	552	0	0	0	0	0	0	1662058455954
2334	552	0	0	0	0	0	0	1662058456974
2333	552	0	0	0	0	0	0	1662058457994
2332	552	0	0	0	0	0	0	1662058459014
2331	552	0	0	0	0	0	0	1662058460034
2331	552	0	0	0	0	0	0	1662058461054
2330	552	0	0	0	0	0	0	1662058462074
2330	552	0	0	0	0	0	0	1662058463094
2330	552	0	0	0	0	0	0	1662058464114
2330	552	0	0	0	0	0	0	1662058465134
2330	552	0	0	0	0	0	0	1662058466154
2330	552	0	0	0	0	0	0	1662058467174
2330	552	0	0	0	0	0	0	1662058468194
2330	552	0	0	0	0	0	0	1662058469214
2330	552	0	0	0	0	0	0	1662058470234
2330	552	0	0	0	0	0	0	1662058471254
2330	552	0	0	0	0	0	0	1662058472274
2330	552	0	0	0	0	0	0	1662058473294
2330	552	0	0	0	0	0	0	1662058474314
2330	552	0	0	0	0	0	0	1662058475334
2330	552	0	0	0	0	0	0	1662058476354
2330	552	0	0	0	0	0	0	1662058477374
2330	552	0	0	0	0	0	0	1662058478394
2330	552	0	0	0	0	0	0	1662058479414
2330	552	0	0	0	0	0	0	1662058480434
2329	552	0	0	0	0	0	0	1662058481454
2329	552	0	0	0	0	0	0	1662058482474
2329	552	0	0	0	0	0	0	1662058483494
2328	552	0	0	0	0	0	0	1662058484514
2326	552	0	0	0	0	0	0	1662058485534
2325	552	0	0	0	0	0	0	1662058486554
2321	552	0	0	0	0	0	0	1662058487574
2316	552	0	0	0	0	0	0	1662058488594
2311	552	0	0	0	0	0	0	1662058489614
2308	552	0	0	0	0	0	0	1662058490634
2306	552	0	0	0	0	0	0	1662058491654
2305	552	0	0	0	0	0	0	1662058492674
2304	552	0	0	0	0	0	0	1662058493694
2303	552	0	0	0	0	0	0	1662058494714
2302	552	0	0	0	0	0	0	1662058495734
2302	552	0	0	0	0	0	0	1662058496754
2302	552	0	0	0	0	0	0	1662058497774
2302	552	0	0	0	0	0	0	1662058498794
2302	552	0	0	0	0	0	0	1662058499814
2302	552	0	0	0	0	0	0	1662058500834
2302	552	0	0	0	0	0	0	1662058501854
2302	552	0	0	0	0	0	0	1662058502874
2302	552	0	0	0	0	0	0	1662058503894
2302	552	0	0	0	0	0	0	1662058504914
2302	552	0	0	0	0	0	0	1662058505934
2302	552	0	0	0	0	0	0	1662058506954
2302	552	0	0	0	0	0	0	1662058507974
2302	552	0	0	0	0	0	0	1662058508994
2302	552	0	0	0	0	0	0	1662058510014
2302	552	0	0	0	0	0	0	1662058511034
2302	552	0	0	0	0	0	0	1662058512054
2302	552	0	0	0	0	0	0	1662058513074
2302	552	0	0	0	0	0	0	1662058514094
2302	552	0	0	0	0	0	0	1662058515114
2302	552	0	0	0	0	0	0	1662058516134
2302	552	0	0	0	0	0	0	1662058517154
2302	552	0	0	0	0	0	0	1662058518174
2302	552	0	0	0	0	0	0	1662058519194
2302	552	0	0	0	0	0	0	1662058520214
2300	552	0	0	0	0	0	0	1662058521234
2299	552	0	0	0	0	0	0	1662058522254
2296	552	0	0	0	0	0	0	1662058523274
2292	552	0	0	0	0	0	0	1662058524294
2289	552	0	0	0	0	0	0	1662058525314
2284	552	0	0	0	0	0	0	1662058526334
2280	552	0	0	0	0	0	0	1662058527354
2278	552	0	0	0	0	0	0	1662058528374
2277	552	0	0	0	0	0	0	1662058529394
2276	552	0	0	0	0	0	0	1662058530414
2275	552	0	0	0	0	0	0	1662058531434
2275	552	0	0	0	0	0	0	1662058532454
2275	552	0	0	0	0	0	0	1662058533474
2274	552	0	0	0	0	0	0	1662058534494
2274	552	0	0	0	0	0	0	1662058535514
2274	552	0	0	0	0	0	0	1662058536534
2274	552	0	0	0	0	0	0	1662058537554
2274	552	0	0	0	0	0	0	1662058538574
2274	552	0	0	0	0	0	0	1662058539594
2274	552	0	0	0	0	0	0	1662058540614
2274	552	0	0	0	0	0	0	1662058541634
2274	552	0	0	0	0	0	0	1662058542654
2274	552	0	0	0	0	0	0	1662058543674
2274	552	0	0	0	0	0	0	1662058544694
2274	552	0	0	0	0	0	0	1662058545714
2274	552	0	0	0	0	0	0	1662058546734
2274	552	0	0	0	0	0	0	1662058547754
2274	552	0	0	0	0	0	0	1662058548774
2274	552	0	0	0	0	0	0	1662058549794
2274	552	0	0	0	0	0	0	1662058550814
2274	552	0	0	0	0	0	0	1662058551834
2274	552	0	0	0	0	0	0	1662058552854
2274	552	0	0	0	0	0	0	1662058553874
2274	552	0	0	0	0	0	0	1662058554894
2274	552	0	0	0	0	0	0	1662058555914
2273	552	0	0	0	0	0	0	1662058556934
2270	552	0	0	0	0	0	0	1662058557954
2269	552	0	0	0	0	0	0	1662058558974
2265	552	0	0	0	0	0	0	1662058559994
2260	552	0	0	0	0	0	0	1662058561014
2257	552	0	0	0	0	0	0	1662058562034
2253	552	0	0	0	0	0	0	1662058563054
2253	552	0	0	0	0	0	0	1662058564074
2251	552	0	0	0	0	0	0	1662058565094
2249	552	0	0	0	0	0	0	1662058566114
2248	552	0	0	0	0	0	0	1662058567134
2247	552	0	0	0	0	0	0	1662058568154
2247	552	0	0	0	0	0	0	1662058569174
2247	552	0	0	0	0	0	0	1662058570194
2247	552	0	0	0	0	0	0	1662058571214
2246	552	0	0	0	0	0	0	1662058572234
2246	552	0	0	0	0	0	0	1662058573254
2246	552	0	0	0	0	0	0	1662058574274
2246	552	0	0	0	0	0	0	1662058575294
2246	552	0	0	0	0	0	0	1662058576314
2246	552	0	0	0	0	0	0	1662058577334
2246	552	0	0	0	0	0	0	1662058578354
2246	552	0	0	0	0	0	0	1662058579374
2246	552	0	0	0	0	0	0	1662058580394
2246	552	0	0	0	0	0	0	1662058581414
2246	552	0	0	0	0	0	0	1662058582434
2246	556	0	0	0	0	0	0	1662058583454
2246	554	0	0	0	0	0	0	1662058584474
2246	553	0	0	0	0	0	0	1662058585494
2246	552	0	0	0	0	0	0	1662058586514
2246	552	0	0	0	0	0	0	1662058587534
2246	552	0	0	0	0	0	0	1662058588554
2246	552	0	0	0	0	0	0	1662058589574
2246	552	0	0	0	0	0	0	1662058590594
2246	552	0	0	0	0	0	0	1662058591614
2246	552	0	0	0	0	0	0	1662058592634
2246	552	0	0	0	0	0	0	1662058593654
2246	552	0	0	0	0	0	0	1662058594674
2246	552	0	0	0	0	0	0	1662058595694
2246	552	0	0	0	0	0	0	1662058596714
2246	552	0	0	0	0	0	0	1662058597734
2246	552	0	0	0	0	0	0	1662058598754
2244	552	0	0	0	0	0	0	1662058599774
2241	552	0	0	0	0	0	0	1662058600794
2237	552	0	0	0	0	0	0	1662058601814
2233	552	0	0	0	0	0	0	1662058602834
2229	552	0	0	0	0	0	0	1662058603854
2226	552	0	0	0	0	0	0	1662058604874
2223	552	0	0	0	0	0	0	1662058605894
2221	552	0	0	0	0	0	0	1662058606914
2220	552	0	0	0	0	0	0	1662058607934
2219	552	0	0	0	0	0	0	1662058608954
2219	552	0	0	0	0	0	0	1662058609974
2218	552	0	0	0	0	0	0	1662058610994
2218	552	0	0	0	0	0	0	1662058612014
2218	552	0	0	0	0	0	0	1662058613034
2218	552	0	0	0	0	0	0	1662058614054
2218	552	0	0	0	0	0	0	1662058615074
2218	552	0	0	0	0	0	0	1662058616094
2218	552	0	0	0	0	0	0	1662058617114
2218	552	0	0	0	0	0	0	1662058618134
2218	552	0	0	0	0	0	0	1662058619154
2218	552	0	0	0	0	0	0	1662058620174
2218	552	0	0	0	0	0	0	1662058621194
2218	552	0	0	0	0	0	0	1662058622214
2218	552	0	0	0	0	0	0	1662058623234
2218	552	0	0	0	0	0	0	1662058624254
2218	552	0	0	0	0	0	0	1662058625274
2218	552	0	0	0	0	0	0	1662058626294
2218	552	0	0	0	0	0	0	1662058627314
2218	552	0	0	0	0	0	0	1662058628334
2218	552	0	0	0	0	0	0	1662058629354
2218	552	0	0	0	0	0	0	1662058630374
2218	552	0	0	0	0	0	0	1662058631394
2218	552	0	0	0	0	0	0	1662058632414
2218	552	0	0	0	0	0	0	1662058633434
2218	552	0	0	0	0	0	0	1662058634454
2218	552	0	0	0	0	0	0	1662058635474
2217	552	0	0	0	0	0	0	1662058636494
2216	552	0	0	0	0	0	0	1662058637514
2215	552	0	0	0	0	0	0	1662058638534
2210	552	0	0	0	0	0	0	1662058639554
2204	552	0	0	0	0	0	0	1662058640574
2200	552	0	0	0	0	0	0	1662058641594
2196	552	0	0	0	0	0	0	1662058642614
2194	552	0	0	0	0	0	0	1662058643634
2193	552	0	0	0	0	0	0	1662058644654
2192	552	0	0	0	0	0	0	1662058645674
2191	552	0	0	0	0	0	0	1662058646694
2191	552	0	0	0	0	0	0	1662058647714
2191	552	0	0	0	0	0	0	1662058648734
2190	552	0	0	0	0	0	0	1662058649754
2190	552	0	0	0	0	0	0	1662058650774
2190	552	0	0	0	0	0	0	1662058651794
2190	552	0	0	0	0	0	0	1662058652814
2190	552	0	0	0	0	0	0	1662058653834
2190	552	0	0	0	0	0	0	1662058654854
2190	552	0	0	0	0	0	0	1662058655874
2190	552	0	0	0	0	0	0	1662058656894
2190	552	0	0	0	0	0	0	1662058657914
2190	552	0	0	0	0	0	0	1662058658934
2190	552	0	0	0	0	0	0	1662058659954
2190	552	0	0	0	0	0	0	1662058660974
2190	552	0	0	0	0	0	0	1662058661994
2190	552	0	0	0	0	0	0	1662058663014
2190	552	0	0	0	0	0	0	1662058664034
2190	552	0	0	0	0	0	0	1662058665054
2190	552	0	0	0	0	0	0	1662058666074
2190	552	0	0	0	0	0	0	1662058667094
2190	552	0	0	0	0	0	0	1662058668114
2190	552	0	0	0	0	0	0	1662058669134
2190	552	0	0	0	0	0	0	1662058670154
2190	552	0	0	0	0	0	0	1662058671174
2190	552	0	0	0	0	0	0	1662058672194
2190	552	0	0	0	0	0	0	1662058673214
2190	552	0	0	0	0	0	0	1662058674234
2190	552	0	0	0	0	0	0	1662058675254
2190	552	0	0	0	0	0	0	1662058676274
2190	552	0	0	0	0	0	0	1662058677294
2190	552	0	0	0	0	0	0	1662058678314
2190	552	0	0	0	0	0	0	1662058679334
2190	551	0	0	0	0	0	0	1662058680354
2189	551	0	0	0	0	0	0	1662058681374
2187	551	0	0	0	0	0	0	1662058682394
2185	551	0	0	0	0	0	0	1662058683414
2182	551	0	0	0	0	0	0	1662058684434
2179	551	0	0	0	0	0	0	1662058685454
2175	550	0	0	0	0	0	0	1662058686474
2171	550	0	0	0	0	0	0	1662058687494
2168	550	0	0	0	0	0	0	1662058688514
2166	550	0	0	0	0	0	0	1662058689534
2165	550	0	0	0	0	0	0	1662058690554
2164	550	0	0	0	0	0	0	1662058691574
2163	550	0	0	0	0	0	0	1662058692594
2163	550	0	0	0	0	0	0	1662058693614
2162	549	0	0	0	0	0	0	1662058694634
2162	548	0	0	0	0	0	0	1662058695654
2162	548	0	0	0	0	0	0	1662058696674
2162	548	0	0	0	0	0	0	1662058697694
2162	548	0	0	0	0	0	0	1662058698714
2162	547	0	0	0	0	0	0	1662058699734
2162	546	0	0	0	0	0	0	1662058700754
2162	545	0	0	0	0	0	0	1662058701774
2162	546	0	0	0	0	0	0	1662058702794
2162	547	0	0	0	0	0	0	1662058703814
2162	546	0	0	0	0	0	0	1662058704834
2162	544	0	0	0	0	0	0	1662058705854
2162	543	0	0	0	0	0	0	1662058706874
2162	542	0	0	0	0	0	0	1662058707894
2162	540	0	0	0	0	0	0	1662058708914
2162	541	0	0	0	0	0	0	1662058709934
2162	543	0	0	0	0	0	0	1662058710954
2162	543	0	0	0	0	0	0	1662058711974
2162	540	0	0	0	0	0	0	1662058712994
2162	539	0	0	0	0	0	0	1662058714014
2162	538	0	0	0	0	0	0	1662058715034
2162	538	0	0	0	0	0	0	1662058716054
2162	538	0	0	0	0	0	0	1662058717074
2162	536	0	0	0	0	0	0	1662058718094
2162	535	0	0	0	0	0	0	1662058719114
2162	535	0	0	0	0	0	0	1662058720134
2162	534	0	0	0	0	0	0	1662058721154
2162	534	0	0	0	0	0	0	1662058722174
2162	534	0	0	0	0	0	0	1662058723194
2162	532	0	0	0	0	0	0	1662058724214
2162	532	0	0	0	0	0	0	1662058725234
2162	531	0	0	0	0	0	0	1662058726254
2162	530	0	0	0	0	0	0	1662058727274
2162	529	0	0	0	0	0	0	1662058728294
2162	529	0	0	0	0	0	0	1662058729314
2162	529	0	0	0	0	0	0	1662058730334
2162	528	0	0	0	0	0	0	1662058731354
2161	527	0	0	0	0	0	0	1662058732374
2160	528	0	0	0	0	0	0	1662058733394
2160	528	0	0	0	0	0	0	1662058734414
2158	527	0	0	0	0	0	0	1662058735434
2156	528	0	0	0	0	0	0	1662058736454
2154	527	0	0	0	0	0	0	1662058737474
2152	528	0	0	0	0	0	0	1662058738494
2148	527	0	0	0	0	0	0	1662058739514
2144	526	0	0	0	0	0	0	1662058740534
2141	526	0	0	0	0	0	0	1662058741554
2138	526	0	0	0	0	0	0	1662058742574
2137	525	0	0	0	0	0	0	1662058743594
2136	525	0	0	0	0	0	0	1662058744614
2135	525	0	0	0	0	0	0	1662058745634
2135	525	0	0	0	0	0	0	1662058746654
2135	525	0	0	0	0	0	0	1662058747674
2135	525	0	0	0	0	0	0	1662058748694
2135	525	0	0	0	0	0	0	1662058749714
2135	525	0	0	0	0	0	0	1662058750734
2135	525	0	0	0	0	0	0	1662058751754
2135	525	0	0	0	0	0	0	1662058752774
2135	525	0	0	0	0	0	0	1662058753794
2135	525	0	0	0	0	0	0	1662058754814
2135	525	0	0	0	0	0	0	1662058755834
2135	525	0	0	0	0	0	0	1662058756854
2135	525	0	0	0	0	0	0	1662058757874
2135	525	0	0	0	0	0	0	1662058758894
2135	525	0	0	0	0	0	0	1662058759914
2135	525	0	0	0	0	0	0	1662058760934
2135	525	0	0	0	0	0	0	1662058761954
2135	525	0	0	0	0	0	0	1662058762974
2135	525	0	0	0	0	0	0	1662058763994
2135	525	0	0	0	0	0	0	1662058765014
2135	525	0	0	0	0	0	0	1662058766034
2135	525	0	0	0	0	0	0	1662058767054
2135	525	0	0	0	0	0	0	1662058768074
2135	525	0	0	0	0	0	0	1662058769094
2135	525	0	0	0	0	0	0	1662058770114
2135	525	0	0	0	0	0	0	1662058771134
2134	525	0	0	0	0	0	0	1662058772154
2134	525	0	0	0	0	0	0	1662058773174
2134	525	0	0	0	0	0	0	1662058774194
2134	525	0	0	0	0	0	0	1662058775214
2134	524	0	0	0	0	0	0	1662058776234
2134	524	0	0	0	0	0	0	1662058777254
2134	524	0	0	0	0	0	0	1662058778274
2134	524	0	0	0	0	0	0	1662058779294
2134	524	0	0	0	0	0	0	1662058780314
2134	524	0	0	0	0	0	0	1662058781334
2134	524	0	0	0	0	0	0	1662058782354
2134	524	0	0	0	0	0	0	1662058783374
2134	524	0	0	0	0	0	0	1662058784394
2134	524	0	0	0	0	0	0	1662058785414
2133	524	0	0	0	0	0	0	1662058786434
2132	524	0	0	0	0	0	0	1662058787454
2131	524	0	0	0	0	0	0	1662058788474
2130	524	0	0	0	0	0	0	1662058789494
2127	524	0	0	0	0	0	0	1662058790514
2123	524	0	0	0	0	0	0	1662058791534
2119	524	0	0	0	0	0	0	1662058792554
2118	524	0	0	0	0	0	0	1662058793574
2115	524	0	0	0	0	0	0	1662058794594
2112	524	0	0	0	0	0	0	1662058795614
2110	524	0	0	0	0	0	0	1662058796634
2109	524	0	0	0	0	0	0	1662058797654
2108	524	0	0	0	0	0	0	1662058798674
2107	524	0	0	0	0	0	0	1662058799694
2107	524	0	0	0	0	0	0	1662058800714
2107	524	0	0	0	0	0	0	1662058801734
2107	524	0	0	0	0	0	0	1662058802754
2107	524	0	0	0	0	0	0	1662058803774
2107	524	0	0	0	0	0	0	1662058804794
2106	524	0	0	0	0	0	0	1662058805814
2106	524	0	0	0	0	0	0	1662058806834
2106	524	0	0	0	0	0	0	1662058807854
2106	524	0	0	0	0	0	0	1662058808874
2106	524	0	0	0	0	0	0	1662058809894
2106	524	0	0	0	0	0	0	1662058810914
2106	524	0	0	0	0	0	0	1662058811934
2106	524	0	0	0	0	0	0	1662058812954
2106	524	0	0	0	0	0	0	1662058813974
2106	524	0	0	0	0	0	0	1662058814994
2106	524	0	0	0	0	0	0	1662058816014
2106	524	0	0	0	0	0	0	1662058817034
2106	524	0	0	0	0	0	0	1662058818054
2106	524	0	0	0	0	0	0	1662058819074
2106	524	0	0	0	0	0	0	1662058820094
2106	524	0	0	0	0	0	0	1662058821114
2106	524	0	0	0	0	0	0	1662058822134
2106	524	0	0	0	0	0	0	1662058823154
2106	524	0	0	0	0	0	0	1662058824174
2106	524	0	0	0	0	0	0	1662058825194
2106	524	0	0	0	0	0	0	1662058826214
2106	524	0	0	0	0	0	0	1662058827234
2106	524	0	0	0	0	0	0	1662058828254
2106	524	0	0	0	0	0	0	1662058829274
2106	524	0	0	0	0	0	0	1662058830294
2106	524	0	0	0	0	0	0	1662058831314
2106	524	0	0	0	0	0	0	1662058832334
2106	524	0	0	0	0	0	0	1662058833354
2106	524	0	0	0	0	0	0	1662058834374
2106	524	0	0	0	0	0	0	1662058835394
2106	524	0	0	0	0	0	0	1662058836414
2106	524	0	0	0	0	0	0	1662058837434
2106	524	0	0	0	0	0	0	1662058838454
2106	524	0	0	0	0	0	0	1662058839474
2106	524	0	0	0	0	0	0	1662058840494
2106	524	0	0	0	0	0	0	1662058841514
2106	524	0	0	0	0	0	0	1662058842534
2106	524	0	0	0	0	0	0	1662058843554
2106	524	0	0	0	0	0	0	1662058844574
2106	524	0	0	0	0	0	0	1662058845594
2106	524	0	0	0	0	0	0	1662058846614
2106	524	0	0	0	0	0	0	1662058847634
2106	524	0	0	0	0	0	0	1662058848654
2106	524	0	0	0	0	0	0	1662058849674
2106	524	0	0	0	0	0	0	1662058850694
2106	524	0	0	0	0	0	0	1662058851714
2106	524	0	0	0	0	0	0	1662058852734
2106	524	0	0	0	0	0	0	1662058853754
2105	524	0	0	0	0	0	0	1662058854774
2104	524	0	0	0	0	0	0	1662058855794
2104	524	0	0	0	0	0	0	1662058856814
2103	524	0	0	0	0	0	0	1662058857834
2102	524	0	0	0	0	0	0	1662058858854
2101	524	0	0	0	0	0	0	1662058859874
2097	524	0	0	0	0	0	0	1662058860894
2094	524	0	0	0	0	0	0	1662058861914
2092	524	0	0	0	0	0	0	1662058862934
2090	524	0	0	0	0	0	0	1662058863954
2088	524	0	0	0	0	0	0	1662058864974
2087	524	0	0	0	0	0	0	1662058865994
2085	524	0	0	0	0	0	0	1662058867014
2083	524	0	0	0	0	0	0	1662058868034
2082	524	0	0	0	0	0	0	1662058869054
2090	527	0	0	0	0	0	0	1662058870074
2097	526	0	0	0	0	0	0	1662058871094
2101	525	0	0	0	0	0	0	1662058872114
2103	524	0	0	0	0	0	0	1662058873134
2104	524	0	0	0	0	0	0	1662058874154
2105	524	0	0	0	0	0	0	1662058875174
2105	524	0	0	0	0	0	0	1662058876194
2106	524	0	0	0	0	0	0	1662058877214
2106	524	0	0	0	0	0	0	1662058878234
2106	524	0	0	0	0	0	0	1662058879254
2106	524	0	0	0	0	0	0	1662058880274
2106	524	0	0	0	0	0	0	1662058881294
2106	524	0	0	0	0	0	0	1662058882314
2106	524	0	0	0	0	0	0	1662058883334
2106	524	0	0	0	0	0	0	1662058884354
2106	524	0	0	0	0	0	0	1662058885374
2106	524	0	0	0	0	0	0	1662058886394
2106	524	0	0	0	0	0	0	1662058887414
2106	524	0	0	0	0	0	0	1662058888434
2106	524	0	0	0	0	0	0	1662058889454
2106	524	0	0	0	0	0	0	1662058890474
2106	524	0	0	0	0	0	0	1662058891494
2106	524	0	0	0	0	0	0	1662058892514
2105	524	0	0	0	0	0	0	1662058893534
2105	524	0	0	0	0	0	0	1662058894554
2105	524	0	0	0	0	0	0	1662058895574
2104	524	0	0	0	0	0	0	1662058896594
2102	524	0	0	0	0	0	0	1662058897614
2102	524	0	0	0	0	0	0	1662058898634
2103	524	0	0	0	0	0	0	1662058899654
2102	524	0	0	0	0	0	0	1662058900674
2099	524	0	0	0	0	0	0	1662058901694
2099	524	0	0	0	0	0	0	1662058902714
2097	524	0	0	0	0	0	0	1662058903734
2096	524	0	0	0	0	0	0	1662058904754
2096	524	0	0	0	0	0	0	1662058905774
2094	524	0	0	0	0	0	0	1662058906794
2092	524	0	0	0	0	0	0	1662058907814
2089	524	0	0	0	0	0	0	1662058908834
2088	524	0	0	0	0	0	0	1662058909854
2086	524	0	0	0	0	0	0	1662058910874
2084	524	0	0	0	0	0	0	1662058911894
2083	524	0	0	0	0	0	0	1662058912914
2081	524	0	0	0	0	0	0	1662058913934
2081	524	0	0	0	0	0	0	1662058914954
2080	524	0	0	0	0	0	0	1662058915974
2081	524	0	0	0	0	0	0	1662058916994
2080	524	0	0	0	0	0	0	1662058918014
2079	524	0	0	0	0	0	0	1662058919034
2079	524	0	0	0	0	0	0	1662058920054
2079	524	0	0	0	0	0	0	1662058921074
2079	524	0	0	0	0	0	0	1662058922094
2079	524	0	0	0	0	0	0	1662058923114
2079	524	0	0	0	0	0	0	1662058924134
2079	524	0	0	0	0	0	0	1662058925154
2094	524	0	0	0	0	0	0	1662058926174
2088	524	0	0	0	0	0	0	1662058927194
2084	524	0	0	0	0	0	0	1662058928214
2082	524	0	0	0	0	0	0	1662058929234
2081	524	0	0	0	0	0	0	1662058930254
2080	524	0	0	0	0	0	0	1662058931274
2079	524	0	0	0	0	0	0	1662058932294
2079	524	0	0	0	0	0	0	1662058933314
2079	524	0	0	0	0	0	0	1662058934334
2079	524	0	0	0	0	0	0	1662058935354
2079	524	0	0	0	0	0	0	1662058936374
2079	524	0	0	0	0	0	0	1662058937394
2079	524	0	0	0	0	0	0	1662058938414
2079	524	0	0	0	0	0	0	1662058939434
2079	524	0	0	0	0	0	0	1662058940454
2079	524	0	0	0	0	0	0	1662058941474
2079	524	0	0	0	0	0	0	1662058942494
2079	524	0	0	0	0	0	0	1662058943514
2079	524	0	0	0	0	0	0	1662058944534
2079	524	0	0	0	0	0	0	1662058945554
2079	524	0	0	0	0	0	0	1662058946574
2079	524	0	0	0	0	0	0	1662058947594
2079	524	0	0	0	0	0	0	1662058948614
2079	524	0	0	0	0	0	0	1662058949634
2079	524	0	0	0	0	0	0	1662058950654
2079	524	0	0	0	0	0	0	1662058951674
2079	524	0	0	0	0	0	0	1662058952694
2079	524	0	0	0	0	0	0	1662058953714
2079	524	0	0	0	0	0	0	1662058954734
2079	524	0	0	0	0	0	0	1662058955754
2079	524	0	0	0	0	0	0	1662058956774
2079	524	0	0	0	0	0	0	1662058957794
2079	524	0	0	0	0	0	0	1662058958814
2079	524	0	0	0	0	0	0	1662058959834
2079	524	0	0	0	0	0	0	1662058960854
2079	524	0	0	0	0	0	0	1662058961874
2079	524	0	0	0	0	0	0	1662058962894
2079	524	0	0	0	0	0	0	1662058963914
2079	524	0	0	0	0	0	0	1662058964934
2079	524	0	0	0	0	0	0	1662058965954
2079	524	0	0	0	0	0	0	1662058966974
2079	524	0	0	0	0	0	0	1662058967994
2079	524	0	0	0	0	0	0	1662058969014
2079	524	0	0	0	0	0	0	1662058970034
2079	524	0	0	0	0	0	0	1662058971054
2079	524	0	0	0	0	0	0	1662058972074
2079	524	0	0	0	0	0	0	1662058973094
2079	524	0	0	0	0	0	0	1662058974114
2079	524	0	0	0	0	0	0	1662058975134
2079	524	0	0	0	0	0	0	1662058976154
2079	524	0	0	0	0	0	0	1662058977174
2079	524	0	0	0	0	0	0	1662058978194
2079	524	0	0	0	0	0	0	1662058979214
2079	524	0	0	0	0	0	0	1662058980234
2079	524	0	0	0	0	0	0	1662058981254
2079	524	0	0	0	0	0	0	1662058982274
2079	524	0	0	0	0	0	0	1662058983294
2079	524	0	0	0	0	0	0	1662058984314
2079	524	0	0	0	0	0	0	1662058985334
2079	524	0	0	0	0	0	0	1662058986354
2079	524	0	0	0	0	0	0	1662058987374
2079	524	0	0	0	0	0	0	1662058988394
2079	524	0	0	0	0	0	0	1662058989414
2079	524	0	0	0	0	0	0	1662058990434
2079	524	0	0	0	0	0	0	1662058991454
2079	524	0	0	0	0	0	0	1662058992474
2079	524	0	0	0	0	0	0	1662058993494
2079	524	0	0	0	0	0	0	1662058994514
2079	524	0	0	0	0	0	0	1662058995534
2079	524	0	0	0	0	0	0	1662058996554
2079	524	0	0	0	0	0	0	1662058997574
2079	524	0	0	0	0	0	0	1662058998594
2079	524	0	0	0	0	0	0	1662058999614
2079	524	0	0	0	0	0	0	1662059000634
2079	524	0	0	0	0	0	0	1662059001654
2079	524	0	0	0	0	0	0	1662059002674
2079	524	0	0	0	0	0	0	1662059003694
2078	524	0	0	0	0	0	0	1662059004714
2078	524	0	0	0	0	0	0	1662059005734
2078	524	0	0	0	0	0	0	1662059006754
2077	524	0	0	0	0	0	0	1662059007774
2077	524	0	0	0	0	0	0	1662059008794
2077	524	0	0	0	0	0	0	1662059009814
2077	524	0	0	0	0	0	0	1662059010834
2076	524	0	0	0	0	0	0	1662059011854
2076	524	0	0	0	0	0	0	1662059012874
2076	524	0	0	0	0	0	0	1662059013894
2076	524	0	0	0	0	0	0	1662059014914
2076	524	0	0	0	0	0	0	1662059015934
2075	524	0	0	0	0	0	0	1662059016954
2073	524	0	0	0	0	0	0	1662059017974
2072	524	0	0	0	0	0	0	1662059018994
2072	524	0	0	0	0	0	0	1662059020014
2071	524	0	0	0	0	0	0	1662059021034
2071	524	0	0	0	0	0	0	1662059022054
2068	524	0	0	0	0	0	0	1662059023074
2067	524	0	0	0	0	0	0	1662059024094
2064	524	0	0	0	0	0	0	1662059025114
2062	524	0	0	0	0	0	0	1662059026134
2061	524	0	0	0	0	0	0	1662059027154
2062	524	0	0	0	0	0	0	1662059028174
2059	524	0	0	0	0	0	0	1662059029194
2056	524	0	0	0	0	0	0	1662059030214
2054	524	0	0	0	0	0	0	1662059031234
2053	524	0	0	0	0	0	0	1662059032254
2053	519	0	0	0	0	0	0	1662059033274
2052	521	0	0	0	0	0	0	1662059034294
2051	522	0	0	0	0	0	0	1662059035314
2051	523	0	0	0	0	0	0	1662059036334
2051	523	0	0	0	0	0	0	1662059037354
2051	523	0	0	0	0	0	0	1662059038374
2051	523	0	0	0	0	0	0	1662059039394
2051	523	0	0	0	0	0	0	1662059040414
2051	523	0	0	0	0	0	0	1662059041434
2051	523	0	0	0	0	0	0	1662059042454
2051	523	0	0	0	0	0	0	1662059043474
2051	523	0	0	0	0	0	0	1662059044494
2051	523	0	0	0	0	0	0	1662059045514
2051	523	0	0	0	0	0	0	1662059046534
2051	523	0	0	0	0	0	0	1662059047554
2051	523	0	0	0	0	0	0	1662059048574
2051	523	0	0	0	0	0	0	1662059049594
2051	523	0	0	0	0	0	0	1662059050614
2051	523	0	0	0	0	0	0	1662059051634
2051	523	0	0	0	0	0	0	1662059052654
2051	523	0	0	0	0	0	0	1662059053674
2051	523	0	0	0	0	0	0	1662059054694
2051	523	0	0	0	0	0	0	1662059055714
2051	523	0	0	0	0	0	0	1662059056734
2051	523	0	0	0	0	0	0	1662059057754
2051	523	0	0	0	0	0	0	1662059058774
2051	523	0	0	0	0	0	0	1662059059794
2051	523	0	0	0	0	0	0	1662059060814
2051	522	0	0	0	0	0	0	1662059061834
2051	522	0	0	0	0	0	0	1662059062854
2051	523	0	0	0	0	0	0	1662059063874
2051	523	0	0	0	0	0	0	1662059064894
2051	523	0	0	0	0	0	0	1662059065914
2051	523	0	0	0	0	0	0	1662059066934
2051	520	0	0	0	0	0	0	1662059067954
2051	521	0	0	0	0	0	0	1662059068974
2051	521	0	0	0	0	0	0	1662059069994
2051	521	0	0	0	0	0	0	1662059071014
2051	521	0	0	0	0	0	0	1662059072034
2051	521	0	0	0	0	0	0	1662059073054
2051	521	0	0	0	0	0	0	1662059074074
2051	522	0	0	0	0	0	0	1662059075094
2051	521	0	0	0	0	0	0	1662059076114
2051	521	0	0	0	0	0	0	1662059077134
2051	520	0	0	0	0	0	0	1662059078154
2051	520	0	0	0	0	0	0	1662059079174
2051	519	0	0	0	0	0	0	1662059080194
2051	519	0	0	0	0	0	0	1662059081214
2051	519	0	0	0	0	0	0	1662059082234
2051	519	0	0	0	0	0	0	1662059083254
2051	519	0	0	0	0	0	0	1662059084274
2051	517	0	0	0	0	0	0	1662059085294
2051	515	0	0	0	0	0	0	1662059086314
2051	516	0	0	0	0	0	0	1662059087334
2051	515	0	0	0	0	0	0	1662059088354
2051	515	0	0	0	0	0	0	1662059089374
2051	514	0	0	0	0	0	0	1662059090394
2051	513	0	0	0	0	0	0	1662059091414
2051	513	0	0	0	0	0	0	1662059092434
2051	513	0	0	0	0	0	0	1662059093454
2051	513	0	0	0	0	0	0	1662059094474
2051	512	0	0	0	0	0	0	1662059095494
2051	510	0	0	0	0	0	0	1662059096514
2051	510	0	0	0	0	0	0	1662059097534
2050	508	0	0	0	0	0	0	1662059098554
2050	511	0	0	0	0	0	0	1662059099574
2050	512	0	0	0	0	0	0	1662059100594
2050	510	0	0	0	0	0	0	1662059101614
2050	509	0	0	0	0	0	0	1662059102634
2050	509	0	0	0	0	0	0	1662059103654
2050	508	0	0	0	0	0	0	1662059104674
2050	506	0	0	0	0	0	0	1662059105694
2050	506	0	0	0	0	0	0	1662059106714
2050	503	0	0	0	0	0	0	1662059107734
2050	503	0	0	0	0	0	0	1662059108754
2050	505	0	0	0	0	0	0	1662059109774
2050	505	0	0	0	0	0	0	1662059110794
2050	504	0	0	0	0	0	0	1662059111814
2050	503	0	0	0	0	0	0	1662059112834
2050	504	0	0	0	0	0	0	1662059113854
2050	504	0	0	0	0	0	0	1662059114874
2050	503	0	0	0	0	0	0	1662059115894
2050	503	0	0	0	0	0	0	1662059116914
2050	503	0	0	0	0	0	0	1662059117934
2050	503	0	0	0	0	0	0	1662059118954
2050	502	0	0	0	0	0	0	1662059119974
2050	502	0	0	0	0	0	0	1662059120994
2050	501	0	0	0	0	0	0	1662059122014
2050	501	0	0	0	0	0	0	1662059123034
2050	501	0	0	0	0	0	0	1662059124054
2050	500	0	0	0	0	0	0	1662059125074
2050	499	0	0	0	0	0	0	1662059126094
2050	498	0	0	0	0	0	0	1662059127114
2050	498	0	0	0	0	0	0	1662059128134
2050	498	0	0	0	0	0	0	1662059129154
2050	499	0	0	0	0	0	0	1662059130174
2050	499	0	0	0	0	0	0	1662059131194
2050	499	0	0	0	0	0	0	1662059132214
2050	498	0	0	0	0	0	0	1662059133234
2050	499	0	0	0	0	0	0	1662059134254
2050	499	0	0	0	0	0	0	1662059135274
2050	498	0	0	0	0	0	0	1662059136294
2050	498	0	0	0	0	0	0	1662059137314
2050	498	0	0	0	0	0	0	1662059138334
2050	498	0	0	0	0	0	0	1662059139354
2050	498	0	0	0	0	0	0	1662059140374
2050	498	0	0	0	0	0	0	1662059141394
2050	499	0	0	0	0	0	0	1662059142414
2050	498	0	0	0	0	0	0	1662059143434
2050	497	0	0	0	0	0	0	1662059144454
2050	497	0	0	0	0	0	0	1662059145474
2050	497	0	0	0	0	0	0	1662059146494
2050	497	0	0	0	0	0	0	1662059147514
2050	497	0	0	0	0	0	0	1662059148534
2050	497	0	0	0	0	0	0	1662059149554
2050	497	0	0	0	0	0	0	1662059150574
2050	497	0	0	0	0	0	0	1662059151594
2050	497	0	0	0	0	0	0	1662059152614
2050	497	0	0	0	0	0	0	1662059153634
2050	498	0	0	0	0	0	0	1662059154654
2050	497	0	0	0	0	0	0	1662059155674
2049	497	0	0	0	0	0	0	1662059156694
2049	497	0	0	0	0	0	0	1662059157714
2049	497	0	0	0	0	0	0	1662059158734
2048	497	0	0	0	0	0	0	1662059159754
2047	497	0	0	0	0	0	0	1662059160774
2048	497	0	0	0	0	0	0	1662059161794
2047	497	0	0	0	0	0	0	1662059162814
2046	497	0	0	0	0	0	0	1662059163834
2047	497	0	0	0	0	0	0	1662059164854
2045	497	0	0	0	0	0	0	1662059165874
2044	497	0	0	0	0	0	0	1662059166894
2043	497	0	0	0	0	0	0	1662059167914
2042	497	0	0	0	0	0	0	1662059168934
2040	497	0	0	0	0	0	0	1662059169954
2039	497	0	0	0	0	0	0	1662059170974
2038	497	0	0	0	0	0	0	1662059171994
2036	497	0	0	0	0	0	0	1662059173014
2037	497	0	0	0	0	0	0	1662059174034
2034	497	0	0	0	0	0	0	1662059175054
2032	497	0	0	0	0	0	0	1662059176074
2031	497	0	0	0	0	0	0	1662059177094
2030	497	0	0	0	0	0	0	1662059178114
2028	497	0	0	0	0	0	0	1662059179134
2028	497	0	0	0	0	0	0	1662059180154
2026	497	0	0	0	0	0	0	1662059181174
2026	497	0	0	0	0	0	0	1662059182194
2026	497	0	0	0	0	0	0	1662059183214
2026	497	0	0	0	0	0	0	1662059184234
2026	497	0	0	0	0	0	0	1662059185254
2025	497	0	0	0	0	0	0	1662059186274
2024	497	0	0	0	0	0	0	1662059187294
2024	497	0	0	0	0	0	0	1662059188314
2023	497	0	0	0	0	0	0	1662059189334
2023	497	0	0	0	0	0	0	1662059190354
2023	497	0	0	0	0	0	0	1662059191374
2023	497	0	0	0	0	0	0	1662059192394
2023	497	0	0	0	0	0	0	1662059193414
2023	497	0	0	0	0	0	0	1662059194434
2023	497	0	0	0	0	0	0	1662059195454
2023	497	0	0	0	0	0	0	1662059196474
2023	497	0	0	0	0	0	0	1662059197494
2023	497	0	0	0	0	0	0	1662059198514
2023	497	0	0	0	0	0	0	1662059199534
2023	497	0	0	0	0	0	0	1662059200554
2023	497	0	0	0	0	0	0	1662059201574
2023	497	0	0	0	0	0	0	1662059202594
2023	497	0	0	0	0	0	0	1662059203614
2023	497	0	0	0	0	0	0	1662059204634
2023	497	0	0	0	0	0	0	1662059205654
2023	497	0	0	0	0	0	0	1662059206674
2023	497	0	0	0	0	0	0	1662059207694
2023	497	0	0	0	0	0	0	1662059208714
2023	497	0	0	0	0	0	0	1662059209734
2023	497	0	0	0	0	0	0	1662059210754
2023	497	0	0	0	0	0	0	1662059211774
2023	497	0	0	0	0	0	0	1662059212794
2023	497	0	0	0	0	0	0	1662059213814
2023	497	0	0	0	0	0	0	1662059214834
2023	497	0	0	0	0	0	0	1662059215854
2023	10298	0	0	0	0	0	0	1662059216874
2023	6377	0	0	0	0	0	0	1662059217894
2023	4025	0	0	0	0	0	0	1662059218914
2023	2613	0	0	0	0	0	0	1662059219934
2023	1766	0	0	0	0	0	0	1662059220954
2023	1258	0	0	0	0	0	0	1662059221974
2023	953	0	0	0	0	0	0	1662059222994
2023	770	0	0	0	0	0	0	1662059224014
2023	660	0	0	0	0	0	0	1662059225034
2023	595	0	0	0	0	0	0	1662059226054
2023	555	0	0	0	0	0	0	1662059227074
2023	532	0	0	0	0	0	0	1662059228094
2023	518	0	0	0	0	0	0	1662059229114
2023	509	0	0	0	0	0	0	1662059230134
2023	504	0	0	0	0	0	0	1662059231154
2023	501	0	0	0	0	0	0	1662059232174
2023	499	0	0	0	0	0	0	1662059233194
2023	498	0	0	0	0	0	0	1662059234214
2023	497	0	0	0	0	0	0	1662059235234
2023	497	0	0	0	0	0	0	1662059236254
2023	497	0	0	0	0	0	0	1662059237274
2023	497	0	0	0	0	0	0	1662059238294
2023	497	0	0	0	0	0	0	1662059239314
2023	497	0	0	0	0	0	0	1662059240334
2023	497	0	0	0	0	0	0	1662059241354
2023	497	0	0	0	0	0	0	1662059242374
2023	497	0	0	0	0	0	0	1662059243394
2023	497	0	0	0	0	0	0	1662059244414
2023	497	0	0	0	0	0	0	1662059245434
2023	497	0	0	0	0	0	0	1662059246454
2023	497	0	0	0	0	0	0	1662059247474
2023	497	0	0	0	0	0	0	1662059248494
2023	497	0	0	0	0	0	0	1662059249514
2023	497	0	0	0	0	0	0	1662059250534
2023	497	0	0	0	0	0	0	1662059251554
2023	497	0	0	0	0	0	0	1662059252574
2023	497	0	0	0	0	0	0	1662059253594
2023	497	0	0	0	0	0	0	1662059254614
2023	497	0	0	0	0	0	0	1662059255634
2023	497	0	0	0	0	0	0	1662059256654
2023	497	0	0	0	0	0	0	1662059257674
2023	497	0	0	0	0	0	0	1662059258694
2023	497	0	0	0	0	0	0	1662059259714
2023	497	0	0	0	0	0	0	1662059260734
2023	497	0	0	0	0	0	0	1662059261754
2023	497	0	0	0	0	0	0	1662059262774
2023	497	0	0	0	0	0	0	1662059263794
2023	497	0	0	0	0	0	0	1662059264814
2023	497	0	0	0	0	0	0	1662059265834
2023	497	0	0	0	0	0	0	1662059266854
2023	497	0	0	0	0	0	0	1662059267874
2023	497	0	0	0	0	0	0	1662059268894
2023	497	0	0	0	0	0	0	1662059269914
2023	497	0	0	0	0	0	0	1662059270934
2023	497	0	0	0	0	0	0	1662059271954
2023	497	0	0	0	0	0	0	1662059272974
2023	497	0	0	0	0	0	0	1662059273994
2023	497	0	0	0	0	0	0	1662059275014
2023	497	0	0	0	0	0	0	1662059276034
2023	497	0	0	0	0	0	0	1662059277054
2023	497	0	0	0	0	0	0	1662059278074
2023	497	0	0	0	0	0	0	1662059279094
2023	497	0	0	0	0	0	0	1662059280114
2023	497	0	0	0	0	0	0	1662059281134
2023	497	0	0	0	0	0	0	1662059282154
2023	497	0	0	0	0	0	0	1662059283174
2023	497	0	0	0	0	0	0	1662059284194
2023	497	0	0	0	0	0	0	1662059285214
2023	497	0	0	0	0	0	0	1662059286234
2023	497	0	0	0	0	0	0	1662059287254
2023	497	0	0	0	0	0	0	1662059288274
2023	497	0	0	0	0	0	0	1662059289294
2023	497	0	0	0	0	0	0	1662059290314
2023	497	0	0	0	0	0	0	1662059291334
2023	497	0	0	0	0	0	0	1662059292354
2023	497	0	0	0	0	0	0	1662059293374
2023	497	0	0	0	0	0	0	1662059294394
2023	497	0	0	0	0	0	0	1662059295414
2023	497	0	0	0	0	0	0	1662059296434
2023	497	0	0	0	0	0	0	1662059297454
2023	497	0	0	0	0	0	0	1662059298474
2023	497	0	0	0	0	0	0	1662059299494
2023	497	0	0	0	0	0	0	1662059300514
2023	497	0	0	0	0	0	0	1662059301534
2023	497	0	0	0	0	0	0	1662059302554
2023	497	0	0	0	0	0	0	1662059303574
2023	497	0	0	0	0	0	0	1662059304594
2023	497	0	0	0	0	0	0	1662059305614
2023	497	0	0	0	0	0	0	1662059306634
2023	497	0	0	0	0	0	0	1662059307654
2023	497	0	0	0	0	0	0	1662059308674
2023	497	0	0	0	0	0	0	1662059309694
2023	497	0	0	0	0	0	0	1662059310714
2023	497	0	0	0	0	0	0	1662059311734
2023	497	0	0	0	0	0	0	1662059312754
2023	497	0	0	0	0	0	0	1662059313774
2023	497	0	0	0	0	0	0	1662059314794
2023	497	0	0	0	0	0	0	1662059315814
2023	497	0	0	0	0	0	0	1662059316834
2023	497	0	0	0	0	0	0	1662059317854
2023	497	0	0	0	0	0	0	1662059318874
2023	497	0	0	0	0	0	0	1662059319894
2023	497	0	0	0	0	0	0	1662059320914
2023	497	0	0	0	0	0	0	1662059321934
2023	497	0	0	0	0	0	0	1662059322954
2023	497	0	0	0	0	0	0	1662059323974
2023	497	0	0	0	0	0	0	1662059324994
2023	497	0	0	0	0	0	0	1662059326014
2023	497	0	0	0	0	0	0	1662059327034
2023	497	0	0	0	0	0	0	1662059328054
2023	497	0	0	0	0	0	0	1662059329074
2023	497	0	0	0	0	0	0	1662059330094
2023	497	0	0	0	0	0	0	1662059331114
2023	497	0	0	0	0	0	0	1662059332134
2023	497	0	0	0	0	0	0	1662059333154
2023	497	0	0	0	0	0	0	1662059334174
2023	497	0	0	0	0	0	0	1662059335194
2023	497	0	0	0	0	0	0	1662059336214
2023	497	0	0	0	0	0	0	1662059337234
2023	497	0	0	0	0	0	0	1662059338254
2023	497	0	0	0	0	0	0	1662059339274
2023	497	0	0	0	0	0	0	1662059340294
2023	497	0	0	0	0	0	0	1662059341314
2023	497	0	0	0	0	0	0	1662059342334
2023	497	0	0	0	0	0	0	1662059343354
2023	497	0	0	0	0	0	0	1662059344374
2023	497	0	0	0	0	0	0	1662059345394
2023	497	0	0	0	0	0	0	1662059346414
2023	497	0	0	0	0	0	0	1662059347434
2023	497	0	0	0	0	0	0	1662059348454
2023	497	0	0	0	0	0	0	1662059349474
2023	497	0	0	0	0	0	0	1662059350494
2023	497	0	0	0	0	0	0	1662059351514
2023	497	0	0	0	0	0	0	1662059352534
2023	497	0	0	0	0	0	0	1662059353554
2023	497	0	0	0	0	0	0	1662059354574
2023	497	0	0	0	0	0	0	1662059355594
2023	497	0	0	0	0	0	0	1662059356614
2023	497	0	0	0	0	0	0	1662059357634
2023	497	0	0	0	0	0	0	1662059358654
2023	497	0	0	0	0	0	0	1662059359674
2023	497	0	0	0	0	0	0	1662059360694
2023	497	0	0	0	0	0	0	1662059361714
2023	497	0	0	0	0	0	0	1662059362734
2022	497	0	0	0	0	0	0	1662059363754
2022	497	0	0	0	0	0	0	1662059364774
2022	497	0	0	0	0	0	0	1662059365794
2022	497	0	0	0	0	0	0	1662059366814
2022	497	0	0	0	0	0	0	1662059367834
2022	497	0	0	0	0	0	0	1662059368854
2022	497	0	0	0	0	0	0	1662059369874
2022	497	0	0	0	0	0	0	1662059370894
2022	497	0	0	0	0	0	0	1662059371914
2022	497	0	0	0	0	0	0	1662059372934
2022	497	0	0	0	0	0	0	1662059373954
2022	497	0	0	0	0	0	0	1662059374974
2022	497	0	0	0	0	0	0	1662059375994
2022	497	0	0	0	0	0	0	1662059377014
2022	497	0	0	0	0	0	0	1662059378034
2022	497	0	0	0	0	0	0	1662059379054
2022	497	0	0	0	0	0	0	1662059380074
2022	497	0	0	0	0	0	0	1662059381094
2022	497	0	0	0	0	0	0	1662059382114
2022	497	0	0	0	0	0	0	1662059383134
2022	497	0	0	0	0	0	0	1662059384154
2022	497	0	0	0	0	0	0	1662059385174
2022	497	0	0	0	0	0	0	1662059386194
2022	497	0	0	0	0	0	0	1662059387214
2022	497	0	0	0	0	0	0	1662059388234
2022	497	0	0	0	0	0	0	1662059389254
2022	497	0	0	0	0	0	0	1662059390274
2022	497	0	0	0	0	0	0	1662059391294
2022	497	0	0	0	0	0	0	1662059392314
2022	497	0	0	0	0	0	0	1662059393334
2022	497	0	0	0	0	0	0	1662059394354
2022	497	0	0	0	0	0	0	1662059395374
2022	497	0	0	0	0	0	0	1662059396394
2022	497	0	0	0	0	0	0	1662059397414
2022	497	0	0	0	0	0	0	1662059398434
2022	497	0	0	0	0	0	0	1662059399454
2021	497	0	0	0	0	0	0	1662059400474
2021	497	0	0	0	0	0	0	1662059401494
2021	497	0	0	0	0	0	0	1662059402514
2020	497	0	0	0	0	0	0	1662059403534
2021	497	0	0	0	0	0	0	1662059404554
2021	497	0	0	0	0	0	0	1662059405574
2021	497	0	0	0	0	0	0	1662059406594
2020	497	0	0	0	0	0	0	1662059407614
2018	497	0	0	0	0	0	0	1662059408634
2016	497	0	0	0	0	0	0	1662059409654
2016	497	0	0	0	0	0	0	1662059410674
2015	497	0	0	0	0	0	0	1662059411694
2016	497	0	0	0	0	0	0	1662059412714
2014	497	0	0	0	0	0	0	1662059413734
2013	497	0	0	0	0	0	0	1662059414754
2011	497	0	0	0	0	0	0	1662059415774
2012	497	0	0	0	0	0	0	1662059416794
2012	497	0	0	0	0	0	0	1662059417814
2012	497	0	0	0	0	0	0	1662059418834
2005	497	0	0	0	0	0	0	1662059419854
11203	497	0	0	0	0	0	0	1662059420874
7521	497	0	0	0	0	0	0	1662059421894
5314	497	0	0	0	0	0	0	1662059422914
3989	497	0	0	0	0	0	0	1662059423934
3193	497	0	0	0	0	0	0	1662059424954
2716	497	0	0	0	0	0	0	1662059425974
2430	497	0	0	0	0	0	0	1662059426994
2258	497	0	0	0	0	0	0	1662059428014
2154	497	0	0	0	0	0	0	1662059429034
2093	497	0	0	0	0	0	0	1662059430054
2055	497	0	0	0	0	0	0	1662059431074
2031	497	0	0	0	0	0	0	1662059432094
2016	497	0	0	0	0	0	0	1662059433114
2008	497	0	0	0	0	0	0	1662059434134
2004	497	0	0	0	0	0	0	1662059435154
2001	497	0	0	0	0	0	0	1662059436174
1999	497	0	0	0	0	0	0	1662059437194
1997	497	0	0	0	0	0	0	1662059438214
1996	497	0	0	0	0	0	0	1662059439234
1996	497	0	0	0	0	0	0	1662059440254
1996	497	0	0	0	0	0	0	1662059441274
1996	497	0	0	0	0	0	0	1662059442294
1995	497	0	0	0	0	0	0	1662059443314
1995	497	0	0	0	0	0	0	1662059444334
1995	497	0	0	0	0	0	0	1662059445354
1995	497	0	0	0	0	0	0	1662059446374
1995	497	0	0	0	0	0	0	1662059447394
1995	497	0	0	0	0	0	0	1662059448414
1995	497	0	0	0	0	0	0	1662059449434
1995	497	0	0	0	0	0	0	1662059450454
1995	497	0	0	0	0	0	0	1662059451474
1995	497	0	0	0	0	0	0	1662059452494
1995	497	0	0	0	0	0	0	1662059453514
1995	497	0	0	0	0	0	0	1662059454534
1995	497	0	0	0	0	0	0	1662059455554
1995	497	0	0	0	0	0	0	1662059456574
1995	497	0	0	0	0	0	0	1662059457594
1995	497	0	0	0	0	0	0	1662059458614
1995	497	0	0	0	0	0	0	1662059459634
1995	497	0	0	0	0	0	0	1662059460654
1995	497	0	0	0	0	0	0	1662059461674
1995	497	0	0	0	0	0	0	1662059462694
1995	497	0	0	0	0	0	0	1662059463714
1995	497	0	0	0	0	0	0	1662059464734
1995	497	0	0	0	0	0	0	1662059465754
1995	497	0	0	0	0	0	0	1662059466774
1995	497	0	0	0	0	0	0	1662059467794
1995	497	0	0	0	0	0	0	1662059468814
1995	497	0	0	0	0	0	0	1662059469834
1995	497	0	0	0	0	0	0	1662059470854
1995	497	0	0	0	0	0	0	1662059471874
1995	497	0	0	0	0	0	0	1662059472894
1995	497	0	0	0	0	0	0	1662059473914
11197	497	0	0	0	0	0	0	1662059474934
7516	497	0	0	0	0	0	0	1662059475954
5308	497	0	0	0	0	0	0	1662059476974
3983	497	0	0	0	0	0	0	1662059477994
3188	497	0	0	0	0	0	0	1662059479014
2710	497	0	0	0	0	0	0	1662059480034
2424	497	0	0	0	0	0	0	1662059481054
2252	497	0	0	0	0	0	0	1662059482074
2149	497	0	0	0	0	0	0	1662059483094
2087	497	0	0	0	0	0	0	1662059484114
2050	497	0	0	0	0	0	0	1662059485134
2028	497	0	0	0	0	0	0	1662059486154
2015	497	0	0	0	0	0	0	1662059487174
2007	497	0	0	0	0	0	0	1662059488194
2002	497	0	0	0	0	0	0	1662059489214
1999	497	0	0	0	0	0	0	1662059490234
1997	497	0	0	0	0	0	0	1662059491254
1996	497	0	0	0	0	0	0	1662059492274
1996	497	0	0	0	0	0	0	1662059493294
1996	497	0	0	0	0	0	0	1662059494314
1995	497	0	0	0	0	0	0	1662059495334
1995	497	0	0	0	0	0	0	1662059496354
1995	497	0	0	0	0	0	0	1662059497374
1995	497	0	0	0	0	0	0	1662059498394
11197	496	0	0	0	0	0	0	1662059499414
7516	496	0	0	0	0	0	0	1662059500434
5308	496	0	0	0	0	0	0	1662059501454
3983	496	0	0	0	0	0	0	1662059502474
3188	496	0	0	0	0	0	0	1662059503494
2711	496	0	0	0	0	0	0	1662059504514
2425	496	0	0	0	0	0	0	1662059505534
2253	496	0	0	0	0	0	0	1662059506554
2150	496	0	0	0	0	0	0	1662059507574
2088	496	0	0	0	0	0	0	1662059508594
2051	496	0	0	0	0	0	0	1662059509614
2028	496	0	0	0	0	0	0	1662059510634
2015	496	0	0	0	0	0	0	1662059511654
2007	496	0	0	0	0	0	0	1662059512674
2002	496	0	0	0	0	0	0	1662059513694
1999	496	0	0	0	0	0	0	1662059514714
1997	496	0	0	0	0	0	0	1662059515734
1996	496	0	0	0	0	0	0	1662059516754
1996	496	0	0	0	0	0	0	1662059517774
1996	496	0	0	0	0	0	0	1662059518794
1996	496	0	0	0	0	0	0	1662059519814
1996	496	0	0	0	0	0	0	1662059520834
1995	496	0	0	0	0	0	0	1662059521854
1995	496	0	0	0	0	0	0	1662059522874
1995	496	0	0	0	0	0	0	1662059523894
1995	496	0	0	0	0	0	0	1662059524914
1995	496	0	0	0	0	0	0	1662059525934
1995	496	0	0	0	0	0	0	1662059526954
1995	496	0	0	0	0	0	0	1662059527974
1995	496	0	0	0	0	0	0	1662059528994
1995	496	0	0	0	0	0	0	1662059530014
1995	496	0	0	0	0	0	0	1662059531034
1995	496	0	0	0	0	0	0	1662059532054
1995	496	0	0	0	0	0	0	1662059533074
1995	496	0	0	0	0	0	0	1662059534094
1995	496	0	0	0	0	0	0	1662059535114
1995	496	0	0	0	0	0	0	1662059536134
1995	495	0	0	0	0	0	0	1662059537154
1995	495	0	0	0	0	0	0	1662059538174
1995	496	0	0	0	0	0	0	1662059539194
1995	496	0	0	0	0	0	0	1662059540214
1995	496	0	0	0	0	0	0	1662059541234
1995	496	0	0	0	0	0	0	1662059542254
1995	496	0	0	0	0	0	0	1662059543274
1995	496	0	0	0	0	0	0	1662059544294
1995	496	0	0	0	0	0	0	1662059545314
1995	496	0	0	0	0	0	0	1662059546334
1995	496	0	0	0	0	0	0	1662059547354
1995	496	0	0	0	0	0	0	1662059548374
1995	495	0	0	0	0	0	0	1662059549394
1995	495	0	0	0	0	0	0	1662059550414
1995	496	0	0	0	0	0	0	1662059551434
1995	496	0	0	0	0	0	0	1662059552454
1995	496	0	0	0	0	0	0	1662059553474
1995	496	0	0	0	0	0	0	1662059554494
1995	495	0	0	0	0	0	0	1662059555514
1995	495	0	0	0	0	0	0	1662059556534
1995	494	0	0	0	0	0	0	1662059557554
1995	494	0	0	0	0	0	0	1662059558574
1995	495	0	0	0	0	0	0	1662059559594
1995	494	0	0	0	0	0	0	1662059560614
1995	495	0	0	0	0	0	0	1662059561634
1995	494	0	0	0	0	0	0	1662059562654
1995	494	0	0	0	0	0	0	1662059563674
1995	495	0	0	0	0	0	0	1662059564694
1995	495	0	0	0	0	0	0	1662059565714
1995	494	0	0	0	0	0	0	1662059566734
1995	494	0	0	0	0	0	0	1662059567754
1995	493	0	0	0	0	0	0	1662059568774
