1003	1368	0	0	0	0	0	0	1661695700981
998	1362	0	0	0	0	0	0	1661695702001
985	1359	0	0	0	0	0	0	1661695703021
977	1357	0	0	0	0	0	0	1661695704041
966	1356	0	0	0	0	0	0	1661695705061
955	1355	0	0	0	0	0	0	1661695706081
948	1354	0	0	0	0	0	0	1661695707101
942	1354	0	0	0	0	0	0	1661695708121
930	1354	0	0	0	0	0	0	1661695709141
922	1354	0	0	0	0	0	0	1661695710161
917	1354	0	0	0	0	0	0	1661695711181
915	1354	0	0	0	0	0	0	1661695712201
906	1354	0	0	0	0	0	0	1661695713221
897	1354	0	0	0	0	0	0	1661695714241
891	1354	0	0	0	0	0	0	1661695715261
888	1354	0	0	0	0	0	0	1661695716281
886	1354	0	0	0	0	0	0	1661695717301
885	1354	0	0	0	0	0	0	1661695718321
882	1354	0	0	0	0	0	0	1661695719341
873	1354	0	0	0	0	0	0	1661695720361
866	1354	0	0	0	0	0	0	1661695721381
862	1354	0	0	0	0	0	0	1661695722401
859	1354	0	0	0	0	0	0	1661695723421
858	1354	0	0	0	0	0	0	1661695724441
857	1354	0	0	0	0	0	0	1661695725461
856	1354	0	0	0	0	0	0	1661695726481
856	1354	0	0	0	0	0	0	1661695727501
853	1354	0	0	0	0	0	0	1661695728521
847	1354	0	0	0	0	0	0	1661695729541
840	1354	0	0	0	0	0	0	1661695730561
835	1354	0	0	0	0	0	0	1661695731581
832	1354	0	0	0	0	0	0	1661695732601
830	1354	0	0	0	0	0	0	1661695733621
829	1353	0	0	0	0	0	0	1661695734641
829	1353	0	0	0	0	0	0	1661695735661
828	1353	0	0	0	0	0	0	1661695736681
828	1353	0	0	0	0	0	0	1661695737701
828	1353	0	0	0	0	0	0	1661695738721
828	1353	0	0	0	0	0	0	1661695739741
828	1353	0	0	0	0	0	0	1661695740761
826	1353	0	0	0	0	0	0	1661695741781
823	1353	0	0	0	0	0	0	1661695742801
818	1353	0	0	0	0	0	0	1661695743821
812	1353	0	0	0	0	0	0	1661695744841
807	1353	0	0	0	0	0	0	1661695745861
804	1353	0	0	0	0	0	0	1661695746881
802	1353	0	0	0	0	0	0	1661695747901
801	1353	0	0	0	0	0	0	1661695748921
801	1353	0	0	0	0	0	0	1661695749941
801	1353	0	0	0	0	0	0	1661695750961
801	1353	0	0	0	0	0	0	1661695751981
801	1353	0	0	0	0	0	0	1661695753001
801	1353	0	0	0	0	0	0	1661695754021
801	1353	0	0	0	0	0	0	1661695755041
801	1352	0	0	0	0	0	0	1661695756061
801	1353	0	0	0	0	0	0	1661695757081
800	1353	0	0	0	0	0	0	1661695758101
800	1353	0	0	0	0	0	0	1661695759121
800	1353	0	0	0	0	0	0	1661695760141
800	1353	0	0	0	0	0	0	1661695761161
800	1353	0	0	0	0	0	0	1661695762181
799	1353	0	0	0	0	0	0	1661695763201
795	1352	0	0	0	0	0	0	1661695764221
790	1352	0	0	0	0	0	0	1661695765241
786	1353	0	0	0	0	0	0	1661695766261
781	1353	0	0	0	0	0	0	1661695767281
778	1353	0	0	0	0	0	0	1661695768301
776	1353	0	0	0	0	0	0	1661695769321
774	1353	0	0	0	0	0	0	1661695770341
773	1353	0	0	0	0	0	0	1661695771361
772	1353	0	0	0	0	0	0	1661695772381
772	1352	0	0	0	0	0	0	1661695773401
772	1353	0	0	0	0	0	0	1661695774421
772	1353	0	0	0	0	0	0	1661695775441
772	1353	0	0	0	0	0	0	1661695776461
772	1353	0	0	0	0	0	0	1661695777481
772	1353	0	0	0	0	0	0	1661695778501
772	1352	0	0	0	0	0	0	1661695779521
772	1352	0	0	0	0	0	0	1661695780541
772	1352	0	0	0	0	0	0	1661695781561
772	1352	0	0	0	0	0	0	1661695782581
772	1352	0	0	0	0	0	0	1661695783601
772	1351	0	0	0	0	0	0	1661695784621
772	1352	0	0	0	0	0	0	1661695785641
772	1352	0	0	0	0	0	0	1661695786661
772	1350	0	0	0	0	0	0	1661695787681
772	1350	0	0	0	0	0	0	1661695788701
772	1351	0	0	0	0	0	0	1661695789721
772	1351	0	0	0	0	0	0	1661695790741
772	1351	0	0	0	0	0	0	1661695791761
772	1350	0	0	0	0	0	0	1661695792781
772	1351	0	0	0	0	0	0	1661695793801
772	1351	0	0	0	0	0	0	1661695794821
772	1351	0	0	0	0	0	0	1661695795841
772	1350	0	0	0	0	0	0	1661695796861
772	1351	0	0	0	0	0	0	1661695797881
772	1350	0	0	0	0	0	0	1661695798901
772	1349	0	0	0	0	0	0	1661695799921
771	1349	0	0	0	0	0	0	1661695800941
771	1349	0	0	0	0	0	0	1661695801961
769	1350	0	0	0	0	0	0	1661695802981
768	1351	0	0	0	0	0	0	1661695804001
766	1350	0	0	0	0	0	0	1661695805021
764	1350	0	0	0	0	0	0	1661695806041
762	1351	0	0	0	0	0	0	1661695807061
757	1348	0	0	0	0	0	0	1661695808081
755	1348	0	0	0	0	0	0	1661695809101
752	1348	0	0	0	0	0	0	1661695810121
750	1347	0	0	0	0	0	0	1661695811141
748	1347	0	0	0	0	0	0	1661695812161
747	1347	0	0	0	0	0	0	1661695813181
747	1347	0	0	0	0	0	0	1661695814201
746	1346	0	0	0	0	0	0	1661695815221
745	1343	0	0	0	0	0	0	1661695816241
745	1343	0	0	0	0	0	0	1661695817261
745	1344	0	0	0	0	0	0	1661695818281
745	1344	0	0	0	0	0	0	1661695819301
745	1343	0	0	0	0	0	0	1661695820321
745	1344	0	0	0	0	0	0	1661695821341
745	1345	0	0	0	0	0	0	1661695822361
745	1344	0	0	0	0	0	0	1661695823381
745	1342	0	0	0	0	0	0	1661695824401
745	1342	0	0	0	0	0	0	1661695825421
745	1341	0	0	0	0	0	0	1661695826441
745	1341	0	0	0	0	0	0	1661695827461
745	1341	0	0	0	0	0	0	1661695828481
745	1341	0	0	0	0	0	0	1661695829501
745	1340	0	0	0	0	0	0	1661695830521
745	1339	0	0	0	0	0	0	1661695831541
745	1339	0	0	0	0	0	0	1661695832561
745	1338	0	0	0	0	0	0	1661695833581
745	1338	0	0	0	0	0	0	1661695834601
745	1337	0	0	0	0	0	0	1661695835621
745	1338	0	0	0	0	0	0	1661695836641
745	1339	0	0	0	0	0	0	1661695837661
745	1337	0	0	0	0	0	0	1661695838681
745	1337	0	0	0	0	0	0	1661695839701
745	1337	0	0	0	0	0	0	1661695840721
745	1337	0	0	0	0	0	0	1661695841741
745	1336	0	0	0	0	0	0	1661695842761
745	1336	0	0	0	0	0	0	1661695843781
745	1335	0	0	0	0	0	0	1661695844801
745	1333	0	0	0	0	0	0	1661695845821
745	1331	0	0	0	0	0	0	1661695846841
745	1332	0	0	0	0	0	0	1661695847861
745	1332	0	0	0	0	0	0	1661695848881
745	1332	0	0	0	0	0	0	1661695849901
745	1333	0	0	0	0	0	0	1661695850921
745	1332	0	0	0	0	0	0	1661695851941
745	1333	0	0	0	0	0	0	1661695852961
745	1331	0	0	0	0	0	0	1661695853981
745	1331	0	0	0	0	0	0	1661695855001
745	1332	0	0	0	0	0	0	1661695856021
745	1332	0	0	0	0	0	0	1661695857041
745	1331	0	0	0	0	0	0	1661695858061
745	1330	0	0	0	0	0	0	1661695859081
745	1330	0	0	0	0	0	0	1661695860101
745	1330	0	0	0	0	0	0	1661695861121
745	1328	0	0	0	0	0	0	1661695862141
745	1328	0	0	0	0	0	0	1661695863161
745	1328	0	0	0	0	0	0	1661695864181
745	1328	0	0	0	0	0	0	1661695865201
745	1328	0	0	0	0	0	0	1661695866221
745	1327	0	0	0	0	0	0	1661695867241
745	1327	0	0	0	0	0	0	1661695868261
745	1327	0	0	0	0	0	0	1661695869281
745	1327	0	0	0	0	0	0	1661695870301
745	1327	0	0	0	0	0	0	1661695871321
745	1327	0	0	0	0	0	0	1661695872341
745	1328	0	0	0	0	0	0	1661695873361
745	1328	0	0	0	0	0	0	1661695874381
745	1328	0	0	0	0	0	0	1661695875401
745	1328	0	0	0	0	0	0	1661695876421
745	1328	0	0	0	0	0	0	1661695877441
745	1327	0	0	0	0	0	0	1661695878461
745	1327	0	0	0	0	0	0	1661695879481
745	1327	0	0	0	0	0	0	1661695880501
745	1327	0	0	0	0	0	0	1661695881521
745	1327	0	0	0	0	0	0	1661695882541
745	1326	0	0	0	0	0	0	1661695883561
745	1326	0	0	0	0	0	0	1661695884581
745	1326	0	0	0	0	0	0	1661695885601
744	1326	0	0	0	0	0	0	1661695886621
744	1326	0	0	0	0	0	0	1661695887641
744	1326	0	0	0	0	0	0	1661695888661
744	1326	0	0	0	0	0	0	1661695889681
744	1326	0	0	0	0	0	0	1661695890701
744	1326	0	0	0	0	0	0	1661695891721
743	1326	0	0	0	0	0	0	1661695892741
743	1326	0	0	0	0	0	0	1661695893761
743	1326	0	0	0	0	0	0	1661695894781
743	1326	0	0	0	0	0	0	1661695895801
743	1326	0	0	0	0	0	0	1661695896821
742	1326	0	0	0	0	0	0	1661695897841
742	1326	0	0	0	0	0	0	1661695898861
741	1326	0	0	0	0	0	0	1661695899881
741	1326	0	0	0	0	0	0	1661695900901
739	1326	0	0	0	0	0	0	1661695901921
740	1326	0	0	0	0	0	0	1661695902941
739	1326	0	0	0	0	0	0	1661695903961
738	1326	0	0	0	0	0	0	1661695904981
737	1326	0	0	0	0	0	0	1661695906001
734	1326	0	0	0	0	0	0	1661695907021
733	1326	0	0	0	0	0	0	1661695908041
733	1326	0	0	0	0	0	0	1661695909061
732	1326	0	0	0	0	0	0	1661695910081
730	1326	0	0	0	0	0	0	1661695911101
729	1326	0	0	0	0	0	0	1661695912121
729	1326	0	0	0	0	0	0	1661695913141
729	1326	0	0	0	0	0	0	1661695914161
727	1326	0	0	0	0	0	0	1661695915181
727	1326	0	0	0	0	0	0	1661695916201
725	1326	0	0	0	0	0	0	1661695917221
724	1326	0	0	0	0	0	0	1661695918241
723	1326	0	0	0	0	0	0	1661695919261
722	1326	0	0	0	0	0	0	1661695920281
722	1326	0	0	0	0	0	0	1661695921301
721	1326	0	0	0	0	0	0	1661695922321
720	1326	0	0	0	0	0	0	1661695923341
720	1326	0	0	0	0	0	0	1661695924361
719	1326	0	0	0	0	0	0	1661695925381
718	1326	0	0	0	0	0	0	1661695926401
718	1326	0	0	0	0	0	0	1661695927421
717	1326	0	0	0	0	0	0	1661695928441
717	1326	0	0	0	0	0	0	1661695929461
717	1326	0	0	0	0	0	0	1661695930481
717	1326	0	0	0	0	0	0	1661695931501
718	1326	0	0	0	0	0	0	1661695932521
718	1326	0	0	0	0	0	0	1661695933541
718	1326	0	0	0	0	0	0	1661695934561
718	1326	0	0	0	0	0	0	1661695935581
718	1326	0	0	0	0	0	0	1661695936601
718	1326	0	0	0	0	0	0	1661695937621
718	1326	0	0	0	0	0	0	1661695938641
718	1326	0	0	0	0	0	0	1661695939661
718	1326	0	0	0	0	0	0	1661695940681
718	1326	0	0	0	0	0	0	1661695941701
718	1326	0	0	0	0	0	0	1661695942721
718	1326	0	0	0	0	0	0	1661695943741
718	1326	0	0	0	0	0	0	1661695944761
718	1326	0	0	0	0	0	0	1661695945781
718	1326	0	0	0	0	0	0	1661695946801
718	1326	0	0	0	0	0	0	1661695947821
718	1326	0	0	0	0	0	0	1661695948841
718	1326	0	0	0	0	0	0	1661695949861
718	1326	0	0	0	0	0	0	1661695950881
718	1326	0	0	0	0	0	0	1661695951901
718	1326	0	0	0	0	0	0	1661695952921
717	1326	0	0	0	0	0	0	1661695953941
717	1326	0	0	0	0	0	0	1661695954961
717	1326	0	0	0	0	0	0	1661695955981
717	1326	0	0	0	0	0	0	1661695957001
717	1326	0	0	0	0	0	0	1661695958021
717	1326	0	0	0	0	0	0	1661695959041
717	1326	0	0	0	0	0	0	1661695960061
717	1326	0	0	0	0	0	0	1661695961081
717	1326	0	0	0	0	0	0	1661695962101
717	1326	0	0	0	0	0	0	1661695963121
717	1326	0	0	0	0	0	0	1661695964141
717	1326	0	0	0	0	0	0	1661695965161
717	1326	0	0	0	0	0	0	1661695966181
717	1326	0	0	0	0	0	0	1661695967201
717	1326	0	0	0	0	0	0	1661695968221
717	1326	0	0	0	0	0	0	1661695969241
717	1326	0	0	0	0	0	0	1661695970261
717	1326	0	0	0	0	0	0	1661695971281
717	1326	0	0	0	0	0	0	1661695972301
717	1326	0	0	0	0	0	0	1661695973321
717	1326	0	0	0	0	0	0	1661695974341
717	1326	0	0	0	0	0	0	1661695975361
717	1326	0	0	0	0	0	0	1661695976381
717	1326	0	0	0	0	0	0	1661695977401
717	1326	0	0	0	0	0	0	1661695978421
717	1326	0	0	0	0	0	0	1661695979441
717	1326	0	0	0	0	0	0	1661695980461
717	1326	0	0	0	0	0	0	1661695981481
717	1326	0	0	0	0	0	0	1661695982501
717	1326	0	0	0	0	0	0	1661695983521
717	1326	0	0	0	0	0	0	1661695984541
717	1326	0	0	0	0	0	0	1661695985561
717	1326	0	0	0	0	0	0	1661695986581
717	1326	0	0	0	0	0	0	1661695987601
717	1326	0	0	0	0	0	0	1661695988621
717	1326	0	0	0	0	0	0	1661695989641
717	1326	0	0	0	0	0	0	1661695990661
717	1326	0	0	0	0	0	0	1661695991681
717	1326	0	0	0	0	0	0	1661695992701
717	1326	0	0	0	0	0	0	1661695993721
717	1326	0	0	0	0	0	0	1661695994741
717	1326	0	0	0	0	0	0	1661695995761
717	1326	0	0	0	0	0	0	1661695996781
717	1326	0	0	0	0	0	0	1661695997801
717	1326	0	0	0	0	0	0	1661695998821
717	1326	0	0	0	0	0	0	1661695999841
717	1326	0	0	0	0	0	0	1661696000861
717	1326	0	0	0	0	0	0	1661696001881
717	1326	0	0	0	0	0	0	1661696002901
717	1326	0	0	0	0	0	0	1661696003921
717	1326	0	0	0	0	0	0	1661696004941
717	1326	0	0	0	0	0	0	1661696005961
717	1326	0	0	0	0	0	0	1661696006981
717	1326	0	0	0	0	0	0	1661696008001
717	1326	0	0	0	0	0	0	1661696009021
717	1326	0	0	0	0	0	0	1661696010041
717	1326	0	0	0	0	0	0	1661696011061
717	1326	0	0	0	0	0	0	1661696012081
717	1326	0	0	0	0	0	0	1661696013101
717	1326	0	0	0	0	0	0	1661696014121
717	1326	0	0	0	0	0	0	1661696015141
717	1326	0	0	0	0	0	0	1661696016161
717	1326	0	0	0	0	0	0	1661696017181
717	1326	0	0	0	0	0	0	1661696018201
717	1326	0	0	0	0	0	0	1661696019221
717	1326	0	0	0	0	0	0	1661696020241
717	1326	0	0	0	0	0	0	1661696021261
717	1326	0	0	0	0	0	0	1661696022281
717	1326	0	0	0	0	0	0	1661696023301
717	1326	0	0	0	0	0	0	1661696024321
717	1326	0	0	0	0	0	0	1661696025341
717	1326	0	0	0	0	0	0	1661696026361
717	1326	0	0	0	0	0	0	1661696027381
717	1326	0	0	0	0	0	0	1661696028401
717	1326	0	0	0	0	0	0	1661696029421
717	1326	0	0	0	0	0	0	1661696030441
717	1326	0	0	0	0	0	0	1661696031461
717	1326	0	0	0	0	0	0	1661696032481
717	1326	0	0	0	0	0	0	1661696033501
717	1326	0	0	0	0	0	0	1661696034521
717	1326	0	0	0	0	0	0	1661696035541
717	1326	0	0	0	0	0	0	1661696036561
717	1326	0	0	0	0	0	0	1661696037581
717	1326	0	0	0	0	0	0	1661696038601
717	1326	0	0	0	0	0	0	1661696039621
717	1326	0	0	0	0	0	0	1661696040641
717	1326	0	0	0	0	0	0	1661696041661
717	1326	0	0	0	0	0	0	1661696042681
717	1326	0	0	0	0	0	0	1661696043701
717	1326	0	0	0	0	0	0	1661696044721
717	1326	0	0	0	0	0	0	1661696045741
717	1326	0	0	0	0	0	0	1661696046761
717	1326	0	0	0	0	0	0	1661696047781
717	1326	0	0	0	0	0	0	1661696048801
717	1326	0	0	0	0	0	0	1661696049821
717	1326	0	0	0	0	0	0	1661696050841
717	1326	0	0	0	0	0	0	1661696051861
717	1326	0	0	0	0	0	0	1661696052881
717	1326	0	0	0	0	0	0	1661696053901
717	1326	0	0	0	0	0	0	1661696054921
717	1326	0	0	0	0	0	0	1661696055941
717	1325	0	0	0	0	0	0	1661696056961
717	1325	0	0	0	0	0	0	1661696057981
717	1325	0	0	0	0	0	0	1661696059001
717	1325	0	0	0	0	0	0	1661696060021
717	1325	0	0	0	0	0	0	1661696061041
717	1325	0	0	0	0	0	0	1661696062061
717	1324	0	0	0	0	0	0	1661696063081
717	1324	0	0	0	0	0	0	1661696064101
717	1325	0	0	0	0	0	0	1661696065121
717	1325	0	0	0	0	0	0	1661696066141
717	1325	0	0	0	0	0	0	1661696067161
717	1325	0	0	0	0	0	0	1661696068181
717	1325	0	0	0	0	0	0	1661696069201
717	1325	0	0	0	0	0	0	1661696070221
717	1324	0	0	0	0	0	0	1661696071241
717	1322	0	0	0	0	0	0	1661696072261
717	1323	0	0	0	0	0	0	1661696073281
717	1322	0	0	0	0	0	0	1661696074301
717	1322	0	0	0	0	0	0	1661696075321
717	1322	0	0	0	0	0	0	1661696076341
717	1321	0	0	0	0	0	0	1661696077361
717	1318	0	0	0	0	0	0	1661696078381
717	1320	0	0	0	0	0	0	1661696079401
717	1319	0	0	0	0	0	0	1661696080421
717	1317	0	0	0	0	0	0	1661696081441
717	1315	0	0	0	0	0	0	1661696082461
717	1315	0	0	0	0	0	0	1661696083481
717	1314	0	0	0	0	0	0	1661696084501
717	1313	0	0	0	0	0	0	1661696085521
717	1312	0	0	0	0	0	0	1661696086541
717	1312	0	0	0	0	0	0	1661696087561
717	1311	0	0	0	0	0	0	1661696088581
717	1310	0	0	0	0	0	0	1661696089601
717	1308	0	0	0	0	0	0	1661696090621
717	1306	0	0	0	0	0	0	1661696091641
717	1305	0	0	0	0	0	0	1661696092661
717	1311	0	0	0	0	0	0	1661696093681
717	1311	0	0	0	0	0	0	1661696094701
717	1306	0	0	0	0	0	0	1661696095721
717	1303	0	0	0	0	0	0	1661696096741
717	1303	0	0	0	0	0	0	1661696097761
717	1302	0	0	0	0	0	0	1661696098781
717	1301	0	0	0	0	0	0	1661696099801
717	1300	0	0	0	0	0	0	1661696100821
717	1299	0	0	0	0	0	0	1661696101841
717	1299	0	0	0	0	0	0	1661696102861
717	1299	0	0	0	0	0	0	1661696103881
717	1299	0	0	0	0	0	0	1661696104901
717	1299	0	0	0	0	0	0	1661696105921
717	1299	0	0	0	0	0	0	1661696106941
717	1299	0	0	0	0	0	0	1661696107961
717	1299	0	0	0	0	0	0	1661696108981
717	1299	0	0	0	0	0	0	1661696110001
717	1299	0	0	0	0	0	0	1661696111021
717	1299	0	0	0	0	0	0	1661696112041
717	1299	0	0	0	0	0	0	1661696113061
717	1299	0	0	0	0	0	0	1661696114081
717	1299	0	0	0	0	0	0	1661696115101
717	1299	0	0	0	0	0	0	1661696116121
717	1299	0	0	0	0	0	0	1661696117141
717	1299	0	0	0	0	0	0	1661696118161
717	1299	0	0	0	0	0	0	1661696119181
717	1299	0	0	0	0	0	0	1661696120201
717	1299	0	0	0	0	0	0	1661696121221
717	1299	0	0	0	0	0	0	1661696122241
717	1299	0	0	0	0	0	0	1661696123261
717	1299	0	0	0	0	0	0	1661696124281
717	1299	0	0	0	0	0	0	1661696125301
717	1299	0	0	0	0	0	0	1661696126321
717	1299	0	0	0	0	0	0	1661696127341
717	1299	0	0	0	0	0	0	1661696128361
717	1299	0	0	0	0	0	0	1661696129381
717	1299	0	0	0	0	0	0	1661696130401
717	1299	0	0	0	0	0	0	1661696131421
717	1299	0	0	0	0	0	0	1661696132441
717	1299	0	0	0	0	0	0	1661696133461
717	1299	0	0	0	0	0	0	1661696134481
717	1299	0	0	0	0	0	0	1661696135501
717	1299	0	0	0	0	0	0	1661696136521
717	1299	0	0	0	0	0	0	1661696137541
717	1299	0	0	0	0	0	0	1661696138561
717	1299	0	0	0	0	0	0	1661696139581
717	1299	0	0	0	0	0	0	1661696140601
717	1299	0	0	0	0	0	0	1661696141621
717	1299	0	0	0	0	0	0	1661696142641
717	1299	0	0	0	0	0	0	1661696143661
717	1299	0	0	0	0	0	0	1661696144681
717	1299	0	0	0	0	0	0	1661696145701
717	1299	0	0	0	0	0	0	1661696146721
717	1299	0	0	0	0	0	0	1661696147741
717	1299	0	0	0	0	0	0	1661696148761
717	1299	0	0	0	0	0	0	1661696149781
717	1299	0	0	0	0	0	0	1661696150801
717	1299	0	0	0	0	0	0	1661696151821
717	1299	0	0	0	0	0	0	1661696152841
717	1299	0	0	0	0	0	0	1661696153861
717	1299	0	0	0	0	0	0	1661696154881
717	1299	0	0	0	0	0	0	1661696155901
717	1299	0	0	0	0	0	0	1661696156921
717	1299	0	0	0	0	0	0	1661696157941
717	1299	0	0	0	0	0	0	1661696158961
717	1299	0	0	0	0	0	0	1661696159981
717	1299	0	0	0	0	0	0	1661696161001
717	1299	0	0	0	0	0	0	1661696162021
717	1299	0	0	0	0	0	0	1661696163041
717	1299	0	0	0	0	0	0	1661696164061
717	1299	0	0	0	0	0	0	1661696165081
717	1299	0	0	0	0	0	0	1661696166101
717	1299	0	0	0	0	0	0	1661696167121
717	1299	0	0	0	0	0	0	1661696168141
717	1299	0	0	0	0	0	0	1661696169161
717	1299	0	0	0	0	0	0	1661696170181
717	1299	0	0	0	0	0	0	1661696171201
717	1299	0	0	0	0	0	0	1661696172221
717	1299	0	0	0	0	0	0	1661696173241
717	1299	0	0	0	0	0	0	1661696174261
717	1299	0	0	0	0	0	0	1661696175281
717	1299	0	0	0	0	0	0	1661696176301
716	1299	0	0	0	0	0	0	1661696177321
716	1299	0	0	0	0	0	0	1661696178341
717	1299	0	0	0	0	0	0	1661696179361
717	1299	0	0	0	0	0	0	1661696180381
717	1299	0	0	0	0	0	0	1661696181401
717	1299	0	0	0	0	0	0	1661696182421
717	1299	0	0	0	0	0	0	1661696183441
717	1299	0	0	0	0	0	0	1661696184461
717	1299	0	0	0	0	0	0	1661696185481
717	1299	0	0	0	0	0	0	1661696186501
716	1299	0	0	0	0	0	0	1661696187521
716	1299	0	0	0	0	0	0	1661696188541
716	1299	0	0	0	0	0	0	1661696189561
715	1299	0	0	0	0	0	0	1661696190581
715	1299	0	0	0	0	0	0	1661696191601
715	1299	0	0	0	0	0	0	1661696192621
715	1299	0	0	0	0	0	0	1661696193641
715	1299	0	0	0	0	0	0	1661696194661
715	1299	0	0	0	0	0	0	1661696195681
714	1299	0	0	0	0	0	0	1661696196701
714	1299	0	0	0	0	0	0	1661696197721
714	1299	0	0	0	0	0	0	1661696198741
714	1299	0	0	0	0	0	0	1661696199761
714	1299	0	0	0	0	0	0	1661696200781
714	1299	0	0	0	0	0	0	1661696201801
715	1299	0	0	0	0	0	0	1661696202821
715	1299	0	0	0	0	0	0	1661696203841
714	1299	0	0	0	0	0	0	1661696204861
714	1299	0	0	0	0	0	0	1661696205881
714	1299	0	0	0	0	0	0	1661696206901
712	1298	0	0	0	0	0	0	1661696207921
712	1298	0	0	0	0	0	0	1661696208941
712	1298	0	0	0	0	0	0	1661696209961
711	1298	0	0	0	0	0	0	1661696210981
711	1298	0	0	0	0	0	0	1661696212001
709	1298	0	0	0	0	0	0	1661696213021
711	1298	0	0	0	0	0	0	1661696214041
711	1298	0	0	0	0	0	0	1661696215061
711	1298	0	0	0	0	0	0	1661696216081
712	1298	0	0	0	0	0	0	1661696217101
711	1298	0	0	0	0	0	0	1661696218121
710	1298	0	0	0	0	0	0	1661696219141
710	1298	0	0	0	0	0	0	1661696220161
709	1298	0	0	0	0	0	0	1661696221181
710	1298	0	0	0	0	0	0	1661696222201
710	1298	0	0	0	0	0	0	1661696223221
711	1298	0	0	0	0	0	0	1661696224241
711	1298	0	0	0	0	0	0	1661696225261
711	1298	0	0	0	0	0	0	1661696226281
711	1298	0	0	0	0	0	0	1661696227301
710	1298	0	0	0	0	0	0	1661696228321
709	1298	0	0	0	0	0	0	1661696229341
709	1298	0	0	0	0	0	0	1661696230361
710	1298	0	0	0	0	0	0	1661696231381
708	1298	0	0	0	0	0	0	1661696232401
707	1298	0	0	0	0	0	0	1661696233421
708	1298	0	0	0	0	0	0	1661696234441
708	1298	0	0	0	0	0	0	1661696235461
707	1298	0	0	0	0	0	0	1661696236481
707	1298	0	0	0	0	0	0	1661696237501
706	1298	0	0	0	0	0	0	1661696238521
706	1298	0	0	0	0	0	0	1661696239541
707	1298	0	0	0	0	0	0	1661696240561
709	1298	0	0	0	0	0	0	1661696241581
708	1298	0	0	0	0	0	0	1661696242601
709	1298	0	0	0	0	0	0	1661696243621
708	1298	0	0	0	0	0	0	1661696244641
708	1298	0	0	0	0	0	0	1661696245661
707	1298	0	0	0	0	0	0	1661696246681
706	1298	0	0	0	0	0	0	1661696247701
706	1298	0	0	0	0	0	0	1661696248721
706	1298	0	0	0	0	0	0	1661696249741
705	1298	0	0	0	0	0	0	1661696250761
706	1298	0	0	0	0	0	0	1661696251781
705	1298	0	0	0	0	0	0	1661696252801
705	1298	0	0	0	0	0	0	1661696253821
704	1298	0	0	0	0	0	0	1661696254841
703	1298	0	0	0	0	0	0	1661696255861
700	1298	0	0	0	0	0	0	1661696256881
701	1298	0	0	0	0	0	0	1661696257901
704	1298	0	0	0	0	0	0	1661696258921
702	1298	0	0	0	0	0	0	1661696259941
702	1298	0	0	0	0	0	0	1661696260961
702	1298	0	0	0	0	0	0	1661696261981
702	1298	0	0	0	0	0	0	1661696263001
702	1298	0	0	0	0	0	0	1661696264021
700	1298	0	0	0	0	0	0	1661696265041
699	1298	0	0	0	0	0	0	1661696266061
699	1298	0	0	0	0	0	0	1661696267081
699	1298	0	0	0	0	0	0	1661696268101
699	1298	0	0	0	0	0	0	1661696269121
699	1298	0	0	0	0	0	0	1661696270141
698	1298	0	0	0	0	0	0	1661696271161
700	1298	0	0	0	0	0	0	1661696272181
700	1298	0	0	0	0	0	0	1661696273201
701	1298	0	0	0	0	0	0	1661696274221
700	1298	0	0	0	0	0	0	1661696275241
700	1298	0	0	0	0	0	0	1661696276261
699	1298	0	0	0	0	0	0	1661696277281
700	1298	0	0	0	0	0	0	1661696278301
699	1298	0	0	0	0	0	0	1661696279321
700	1298	0	0	0	0	0	0	1661696280341
699	1298	0	0	0	0	0	0	1661696281361
699	1298	0	0	0	0	0	0	1661696282381
698	1298	0	0	0	0	0	0	1661696283401
698	1298	0	0	0	0	0	0	1661696284421
696	1298	0	0	0	0	0	0	1661696285441
696	1298	0	0	0	0	0	0	1661696286461
696	1297	0	0	0	0	0	0	1661696287481
697	1297	0	0	0	0	0	0	1661696288501
698	1297	0	0	0	0	0	0	1661696289521
697	1297	0	0	0	0	0	0	1661696290541
696	1297	0	0	0	0	0	0	1661696291561
695	1297	0	0	0	0	0	0	1661696292581
695	1298	0	0	0	0	0	0	1661696293601
695	1298	0	0	0	0	0	0	1661696294621
695	1298	0	0	0	0	0	0	1661696295641
696	1298	0	0	0	0	0	0	1661696296661
695	1297	0	0	0	0	0	0	1661696297681
696	1297	0	0	0	0	0	0	1661696298701
696	1297	0	0	0	0	0	0	1661696299721
697	1297	0	0	0	0	0	0	1661696300741
696	1297	0	0	0	0	0	0	1661696301761
695	1297	0	0	0	0	0	0	1661696302781
695	1296	0	0	0	0	0	0	1661696303801
694	1295	0	0	0	0	0	0	1661696304821
695	1295	0	0	0	0	0	0	1661696305841
695	1294	0	0	0	0	0	0	1661696306861
694	1295	0	0	0	0	0	0	1661696307881
694	1296	0	0	0	0	0	0	1661696308901
695	1295	0	0	0	0	0	0	1661696309921
693	1294	0	0	0	0	0	0	1661696310941
692	1293	0	0	0	0	0	0	1661696311961
692	1293	0	0	0	0	0	0	1661696312981
693	1294	0	0	0	0	0	0	1661696314001
694	1293	0	0	0	0	0	0	1661696315021
693	1295	0	0	0	0	0	0	1661696316041
694	1295	0	0	0	0	0	0	1661696317061
694	1295	0	0	0	0	0	0	1661696318081
693	1293	0	0	0	0	0	0	1661696319101
692	1293	0	0	0	0	0	0	1661696320121
693	1293	0	0	0	0	0	0	1661696321141
693	1291	0	0	0	0	0	0	1661696322161
693	1291	0	0	0	0	0	0	1661696323181
692	1292	0	0	0	0	0	0	1661696324201
693	1292	0	0	0	0	0	0	1661696325221
692	1290	0	0	0	0	0	0	1661696326241
691	1288	0	0	0	0	0	0	1661696327261
691	1290	0	0	0	0	0	0	1661696328281
691	1289	0	0	0	0	0	0	1661696329301
692	1287	0	0	0	0	0	0	1661696330321
691	1289	0	0	0	0	0	0	1661696331341
692	1288	0	0	0	0	0	0	1661696332361
693	1288	0	0	0	0	0	0	1661696333381
693	1288	0	0	0	0	0	0	1661696334401
693	1287	0	0	0	0	0	0	1661696335421
692	1286	0	0	0	0	0	0	1661696336441
691	1285	0	0	0	0	0	0	1661696337461
692	1283	0	0	0	0	0	0	1661696338481
691	1282	0	0	0	0	0	0	1661696339501
692	1281	0	0	0	0	0	0	1661696340521
692	1283	0	0	0	0	0	0	1661696341541
692	1281	0	0	0	0	0	0	1661696342561
692	1279	0	0	0	0	0	0	1661696343581
692	1279	0	0	0	0	0	0	1661696344601
692	1280	0	0	0	0	0	0	1661696345621
692	1279	0	0	0	0	0	0	1661696346641
692	1278	0	0	0	0	0	0	1661696347661
692	1278	0	0	0	0	0	0	1661696348681
691	1278	0	0	0	0	0	0	1661696349701
691	1277	0	0	0	0	0	0	1661696350721
691	1276	0	0	0	0	0	0	1661696351741
690	1277	0	0	0	0	0	0	1661696352761
691	1276	0	0	0	0	0	0	1661696353781
691	1275	0	0	0	0	0	0	1661696354801
691	1274	0	0	0	0	0	0	1661696355821
691	1274	0	0	0	0	0	0	1661696356841
691	1274	0	0	0	0	0	0	1661696357861
691	1274	0	0	0	0	0	0	1661696358881
691	1274	0	0	0	0	0	0	1661696359901
691	1273	0	0	0	0	0	0	1661696360921
691	1273	0	0	0	0	0	0	1661696361941
690	1272	0	0	0	0	0	0	1661696362961
690	1272	0	0	0	0	0	0	1661696363981
691	1272	0	0	0	0	0	0	1661696365001
691	1272	0	0	0	0	0	0	1661696366021
691	1273	0	0	0	0	0	0	1661696367041
691	1272	0	0	0	0	0	0	1661696368061
692	1271	0	0	0	0	0	0	1661696369081
692	1271	0	0	0	0	0	0	1661696370101
691	1274	0	0	0	0	0	0	1661696371121
691	1274	0	0	0	0	0	0	1661696372141
690	1276	0	0	0	0	0	0	1661696373161
690	1276	0	0	0	0	0	0	1661696374181
690	1275	0	0	0	0	0	0	1661696375201
690	1274	0	0	0	0	0	0	1661696376221
690	1274	0	0	0	0	0	0	1661696377241
690	1273	0	0	0	0	0	0	1661696378261
690	1272	0	0	0	0	0	0	1661696379281
690	1272	0	0	0	0	0	0	1661696380301
690	1272	0	0	0	0	0	0	1661696381321
691	1272	0	0	0	0	0	0	1661696382341
690	1272	0	0	0	0	0	0	1661696383361
690	1272	0	0	0	0	0	0	1661696384381
690	1272	0	0	0	0	0	0	1661696385401
690	1272	0	0	0	0	0	0	1661696386421
690	1272	0	0	0	0	0	0	1661696387441
690	1272	0	0	0	0	0	0	1661696388461
690	1271	0	0	0	0	0	0	1661696389481
690	1271	0	0	0	0	0	0	1661696390501
691	1271	0	0	0	0	0	0	1661696391521
691	1271	0	0	0	0	0	0	1661696392541
691	1271	0	0	0	0	0	0	1661696393561
691	1271	0	0	0	0	0	0	1661696394581
691	1271	0	0	0	0	0	0	1661696395601
690	1271	0	0	0	0	0	0	1661696396621
690	1271	0	0	0	0	0	0	1661696397641
690	1271	0	0	0	0	0	0	1661696398661
690	1271	0	0	0	0	0	0	1661696399681
690	1271	0	0	0	0	0	0	1661696400701
690	1271	0	0	0	0	0	0	1661696401721
690	1271	0	0	0	0	0	0	1661696402741
690	1271	0	0	0	0	0	0	1661696403761
690	1271	0	0	0	0	0	0	1661696404781
691	1273	0	0	0	0	0	0	1661696405801
691	1279	0	0	0	0	0	0	1661696406821
690	1276	0	0	0	0	0	0	1661696407841
690	1275	0	0	0	0	0	0	1661696408861
690	1275	0	0	0	0	0	0	1661696409881
690	1274	0	0	0	0	0	0	1661696410901
690	1273	0	0	0	0	0	0	1661696411921
690	1272	0	0	0	0	0	0	1661696412941
691	1272	0	0	0	0	0	0	1661696413961
691	1272	0	0	0	0	0	0	1661696414981
691	1271	0	0	0	0	0	0	1661696416001
690	1271	0	0	0	0	0	0	1661696417021
690	1271	0	0	0	0	0	0	1661696418041
690	1271	0	0	0	0	0	0	1661696419061
690	1271	0	0	0	0	0	0	1661696420081
690	1271	0	0	0	0	0	0	1661696421101
690	1271	0	0	0	0	0	0	1661696422121
690	1271	0	0	0	0	0	0	1661696423141
690	1271	0	0	0	0	0	0	1661696424161
690	1271	0	0	0	0	0	0	1661696425181
690	1271	0	0	0	0	0	0	1661696426201
690	1271	0	0	0	0	0	0	1661696427221
690	1271	0	0	0	0	0	0	1661696428241
690	1271	0	0	0	0	0	0	1661696429261
690	1271	0	0	0	0	0	0	1661696430281
691	1271	0	0	0	0	0	0	1661696431301
690	1271	0	0	0	0	0	0	1661696432321
690	1271	0	0	0	0	0	0	1661696433341
690	1271	0	0	0	0	0	0	1661696434361
690	1271	0	0	0	0	0	0	1661696435381
690	1271	0	0	0	0	0	0	1661696436401
690	1271	0	0	0	0	0	0	1661696437421
690	1271	0	0	0	0	0	0	1661696438441
690	1271	0	0	0	0	0	0	1661696439461
690	1271	0	0	0	0	0	0	1661696440481
690	1271	0	0	0	0	0	0	1661696441501
690	1271	0	0	0	0	0	0	1661696442521
690	1271	0	0	0	0	0	0	1661696443541
690	1271	0	0	0	0	0	0	1661696444561
690	1271	0	0	0	0	0	0	1661696445581
690	1271	0	0	0	0	0	0	1661696446601
690	1271	0	0	0	0	0	0	1661696447621
690	1271	0	0	0	0	0	0	1661696448641
690	1271	0	0	0	0	0	0	1661696449661
690	1271	0	0	0	0	0	0	1661696450681
690	1271	0	0	0	0	0	0	1661696451701
690	1271	0	0	0	0	0	0	1661696452721
690	1272	0	0	0	0	0	0	1661696453741
690	1272	0	0	0	0	0	0	1661696454761
690	1272	0	0	0	0	0	0	1661696455781
690	1272	0	0	0	0	0	0	1661696456801
690	1272	0	0	0	0	0	0	1661696457821
690	1271	0	0	0	0	0	0	1661696458841
690	1271	0	0	0	0	0	0	1661696459861
690	1271	0	0	0	0	0	0	1661696460881
690	1271	0	0	0	0	0	0	1661696461901
690	1271	0	0	0	0	0	0	1661696462921
690	1271	0	0	0	0	0	0	1661696463941
690	1271	0	0	0	0	0	0	1661696464961
690	1271	0	0	0	0	0	0	1661696465981
690	1271	0	0	0	0	0	0	1661696467001
690	1271	0	0	0	0	0	0	1661696468021
690	1271	0	0	0	0	0	0	1661696469041
690	1271	0	0	0	0	0	0	1661696470061
690	1271	0	0	0	0	0	0	1661696471081
690	1271	0	0	0	0	0	0	1661696472101
690	1271	0	0	0	0	0	0	1661696473121
690	1271	0	0	0	0	0	0	1661696474141
690	1271	0	0	0	0	0	0	1661696475161
690	1271	0	0	0	0	0	0	1661696476181
690	1271	0	0	0	0	0	0	1661696477201
690	1271	0	0	0	0	0	0	1661696478221
690	1271	0	0	0	0	0	0	1661696479241
690	1271	0	0	0	0	0	0	1661696480261
690	1271	0	0	0	0	0	0	1661696481281
690	1271	0	0	0	0	0	0	1661696482301
690	1271	0	0	0	0	0	0	1661696483321
690	1271	0	0	0	0	0	0	1661696484341
690	1271	0	0	0	0	0	0	1661696485361
690	1271	0	0	0	0	0	0	1661696486381
690	1271	0	0	0	0	0	0	1661696487401
690	1271	0	0	0	0	0	0	1661696488421
690	1271	0	0	0	0	0	0	1661696489441
690	1271	0	0	0	0	0	0	1661696490461
690	1271	0	0	0	0	0	0	1661696491481
690	1271	0	0	0	0	0	0	1661696492501
690	1271	0	0	0	0	0	0	1661696493521
690	1271	0	0	0	0	0	0	1661696494541
690	1271	0	0	0	0	0	0	1661696495561
690	1271	0	0	0	0	0	0	1661696496581
690	1271	0	0	0	0	0	0	1661696497601
690	1271	0	0	0	0	0	0	1661696498621
690	1271	0	0	0	0	0	0	1661696499641
690	1271	0	0	0	0	0	0	1661696500661
690	1271	0	0	0	0	0	0	1661696501681
690	1271	0	0	0	0	0	0	1661696502701
690	1271	0	0	0	0	0	0	1661696503721
690	1271	0	0	0	0	0	0	1661696504741
690	1271	0	0	0	0	0	0	1661696505761
690	1271	0	0	0	0	0	0	1661696506781
690	1271	0	0	0	0	0	0	1661696507801
690	1271	0	0	0	0	0	0	1661696508821
690	1271	0	0	0	0	0	0	1661696509841
690	1271	0	0	0	0	0	0	1661696510861
690	1271	0	0	0	0	0	0	1661696511881
690	1271	0	0	0	0	0	0	1661696512901
690	1271	0	0	0	0	0	0	1661696513921
690	1271	0	0	0	0	0	0	1661696514941
690	1271	0	0	0	0	0	0	1661696515961
690	1271	0	0	0	0	0	0	1661696516981
690	1271	0	0	0	0	0	0	1661696518001
690	1271	0	0	0	0	0	0	1661696519021
690	1271	0	0	0	0	0	0	1661696520041
690	1271	0	0	0	0	0	0	1661696521061
690	1271	0	0	0	0	0	0	1661696522081
690	1271	0	0	0	0	0	0	1661696523101
690	1271	0	0	0	0	0	0	1661696524121
690	1271	0	0	0	0	0	0	1661696525141
690	1271	0	0	0	0	0	0	1661696526161
690	1271	0	0	0	0	0	0	1661696527181
690	1271	0	0	0	0	0	0	1661696528201
690	1271	0	0	0	0	0	0	1661696529221
690	1271	0	0	0	0	0	0	1661696530241
690	1271	0	0	0	0	0	0	1661696531261
690	1271	0	0	0	0	0	0	1661696532281
690	1271	0	0	0	0	0	0	1661696533301
690	1271	0	0	0	0	0	0	1661696534321
690	1271	0	0	0	0	0	0	1661696535341
690	1271	0	0	0	0	0	0	1661696536361
690	1271	0	0	0	0	0	0	1661696537381
690	1271	0	0	0	0	0	0	1661696538401
690	1271	0	0	0	0	0	0	1661696539421
690	1271	0	0	0	0	0	0	1661696540441
690	1271	0	0	0	0	0	0	1661696541461
690	1271	0	0	0	0	0	0	1661696542481
690	1271	0	0	0	0	0	0	1661696543501
690	1271	0	0	0	0	0	0	1661696544521
690	1271	0	0	0	0	0	0	1661696545541
690	1271	0	0	0	0	0	0	1661696546561
690	1271	0	0	0	0	0	0	1661696547581
690	1271	0	0	0	0	0	0	1661696548601
690	1271	0	0	0	0	0	0	1661696549621
690	1271	0	0	0	0	0	0	1661696550641
690	1271	0	0	0	0	0	0	1661696551661
690	1271	0	0	0	0	0	0	1661696552681
690	1271	0	0	0	0	0	0	1661696553701
690	1271	0	0	0	0	0	0	1661696554721
690	1271	0	0	0	0	0	0	1661696555741
690	1271	0	0	0	0	0	0	1661696556761
690	1271	0	0	0	0	0	0	1661696557781
690	1271	0	0	0	0	0	0	1661696558801
690	1271	0	0	0	0	0	0	1661696559821
690	1271	0	0	0	0	0	0	1661696560841
690	1271	0	0	0	0	0	0	1661696561861
690	1271	0	0	0	0	0	0	1661696562881
690	1271	0	0	0	0	0	0	1661696563901
690	1271	0	0	0	0	0	0	1661696564921
690	1271	0	0	0	0	0	0	1661696565941
690	1271	0	0	0	0	0	0	1661696566961
690	1271	0	0	0	0	0	0	1661696567981
690	1271	0	0	0	0	0	0	1661696569001
690	1271	0	0	0	0	0	0	1661696570021
690	1271	0	0	0	0	0	0	1661696571041
690	1271	0	0	0	0	0	0	1661696572061
690	1271	0	0	0	0	0	0	1661696573081
690	1271	0	0	0	0	0	0	1661696574101
690	1271	0	0	0	0	0	0	1661696575121
690	1271	0	0	0	0	0	0	1661696576141
690	1271	0	0	0	0	0	0	1661696577161
690	1271	0	0	0	0	0	0	1661696578181
690	1271	0	0	0	0	0	0	1661696579201
690	1271	0	0	0	0	0	0	1661696580221
690	1271	0	0	0	0	0	0	1661696581241
690	1271	0	0	0	0	0	0	1661696582261
690	1271	0	0	0	0	0	0	1661696583281
690	1271	0	0	0	0	0	0	1661696584301
690	1271	0	0	0	0	0	0	1661696585321
690	1271	0	0	0	0	0	0	1661696586341
690	1271	0	0	0	0	0	0	1661696587361
690	1271	0	0	0	0	0	0	1661696588381
690	1271	0	0	0	0	0	0	1661696589401
690	1271	0	0	0	0	0	0	1661696590421
690	1271	0	0	0	0	0	0	1661696591441
690	1271	0	0	0	0	0	0	1661696592461
690	1271	0	0	0	0	0	0	1661696593481
690	1271	0	0	0	0	0	0	1661696594501
690	1271	0	0	0	0	0	0	1661696595521
690	1271	0	0	0	0	0	0	1661696596541
690	1271	0	0	0	0	0	0	1661696597561
690	1271	0	0	0	0	0	0	1661696598581
690	1271	0	0	0	0	0	0	1661696599601
690	1271	0	0	0	0	0	0	1661696600621
690	1271	0	0	0	0	0	0	1661696601641
690	1271	0	0	0	0	0	0	1661696602661
690	1271	0	0	0	0	0	0	1661696603681
690	1271	0	0	0	0	0	0	1661696604701
690	1271	0	0	0	0	0	0	1661696605721
690	1271	0	0	0	0	0	0	1661696606741
690	1271	0	0	0	0	0	0	1661696607761
690	1271	0	0	0	0	0	0	1661696608781
690	1271	0	0	0	0	0	0	1661696609801
690	1271	0	0	0	0	0	0	1661696610821
690	1271	0	0	0	0	0	0	1661696611841
690	1271	0	0	0	0	0	0	1661696612861
690	1271	0	0	0	0	0	0	1661696613881
690	1271	0	0	0	0	0	0	1661696614901
690	1271	0	0	0	0	0	0	1661696615921
690	1271	0	0	0	0	0	0	1661696616941
690	1271	0	0	0	0	0	0	1661696617961
690	1271	0	0	0	0	0	0	1661696618981
690	1271	0	0	0	0	0	0	1661696620001
690	1271	0	0	0	0	0	0	1661696621021
690	1271	0	0	0	0	0	0	1661696622041
690	1271	0	0	0	0	0	0	1661696623061
690	1271	0	0	0	0	0	0	1661696624081
690	1271	0	0	0	0	0	0	1661696625101
690	1271	0	0	0	0	0	0	1661696626121
690	1271	0	0	0	0	0	0	1661696627141
690	1271	0	0	0	0	0	0	1661696628161
690	1271	0	0	0	0	0	0	1661696629181
690	1271	0	0	0	0	0	0	1661696630201
690	1271	0	0	0	0	0	0	1661696631221
690	1271	0	0	0	0	0	0	1661696632241
690	1271	0	0	0	0	0	0	1661696633261
690	1271	0	0	0	0	0	0	1661696634281
690	1271	0	0	0	0	0	0	1661696635301
690	1271	0	0	0	0	0	0	1661696636321
690	1271	0	0	0	0	0	0	1661696637341
690	1271	0	0	0	0	0	0	1661696638361
690	1271	0	0	0	0	0	0	1661696639381
690	1271	0	0	0	0	0	0	1661696640401
690	1271	0	0	0	0	0	0	1661696641421
690	1271	0	0	0	0	0	0	1661696642441
690	1271	0	0	0	0	0	0	1661696643461
690	1271	0	0	0	0	0	0	1661696644481
690	1271	0	0	0	0	0	0	1661696645501
690	1271	0	0	0	0	0	0	1661696646521
690	1271	0	0	0	0	0	0	1661696647541
690	1271	0	0	0	0	0	0	1661696648561
690	1271	0	0	0	0	0	0	1661696649581
690	1271	0	0	0	0	0	0	1661696650601
690	1271	0	0	0	0	0	0	1661696651621
690	1271	0	0	0	0	0	0	1661696652641
690	1271	0	0	0	0	0	0	1661696653661
690	1271	0	0	0	0	0	0	1661696654681
690	1271	0	0	0	0	0	0	1661696655701
690	1271	0	0	0	0	0	0	1661696656721
690	1271	0	0	0	0	0	0	1661696657741
690	1271	0	0	0	0	0	0	1661696658761
690	1271	0	0	0	0	0	0	1661696659781
690	1271	0	0	0	0	0	0	1661696660801
690	1271	0	0	0	0	0	0	1661696661821
690	1271	0	0	0	0	0	0	1661696662841
690	1271	0	0	0	0	0	0	1661696663861
690	1271	0	0	0	0	0	0	1661696664881
690	1271	0	0	0	0	0	0	1661696665901
690	1271	0	0	0	0	0	0	1661696666921
690	1271	0	0	0	0	0	0	1661696667941
690	1271	0	0	0	0	0	0	1661696668961
690	1271	0	0	0	0	0	0	1661696669981
690	1271	0	0	0	0	0	0	1661696671001
690	1271	0	0	0	0	0	0	1661696672021
690	1271	0	0	0	0	0	0	1661696673041
690	1271	0	0	0	0	0	0	1661696674061
690	1271	0	0	0	0	0	0	1661696675081
690	1271	0	0	0	0	0	0	1661696676101
690	1271	0	0	0	0	0	0	1661696677121
690	1271	0	0	0	0	0	0	1661696678141
690	1271	0	0	0	0	0	0	1661696679161
690	1271	0	0	0	0	0	0	1661696680181
690	1271	0	0	0	0	0	0	1661696681201
690	1271	0	0	0	0	0	0	1661696682221
690	1271	0	0	0	0	0	0	1661696683241
690	1271	0	0	0	0	0	0	1661696684261
690	1271	0	0	0	0	0	0	1661696685281
690	1271	0	0	0	0	0	0	1661696686301
690	1271	0	0	0	0	0	0	1661696687321
690	1271	0	0	0	0	0	0	1661696688341
690	1271	0	0	0	0	0	0	1661696689361
690	1271	0	0	0	0	0	0	1661696690381
690	1271	0	0	0	0	0	0	1661696691401
690	1271	0	0	0	0	0	0	1661696692421
690	1271	0	0	0	0	0	0	1661696693441
690	1271	0	0	0	0	0	0	1661696694461
690	1271	0	0	0	0	0	0	1661696695481
690	1271	0	0	0	0	0	0	1661696696501
690	1271	0	0	0	0	0	0	1661696697521
690	1271	0	0	0	0	0	0	1661696698541
690	1271	0	0	0	0	0	0	1661696699561
690	1271	0	0	0	0	0	0	1661696700581
690	1271	0	0	0	0	0	0	1661696701601
690	1271	0	0	0	0	0	0	1661696702621
690	1271	0	0	0	0	0	0	1661696703641
690	1271	0	0	0	0	0	0	1661696704661
690	1271	0	0	0	0	0	0	1661696705681
690	1271	0	0	0	0	0	0	1661696706701
690	1271	0	0	0	0	0	0	1661696707721
690	1271	0	0	0	0	0	0	1661696708741
690	1271	0	0	0	0	0	0	1661696709761
690	1271	0	0	0	0	0	0	1661696710781
690	1271	0	0	0	0	0	0	1661696711801
690	1271	0	0	0	0	0	0	1661696712821
690	1271	0	0	0	0	0	0	1661696713841
690	1271	0	0	0	0	0	0	1661696714861
690	1271	0	0	0	0	0	0	1661696715881
690	1271	0	0	0	0	0	0	1661696716901
690	1271	0	0	0	0	0	0	1661696717921
690	1271	0	0	0	0	0	0	1661696718941
690	1271	0	0	0	0	0	0	1661696719961
690	1271	0	0	0	0	0	0	1661696720981
690	1271	0	0	0	0	0	0	1661696722001
690	1271	0	0	0	0	0	0	1661696723021
690	1271	0	0	0	0	0	0	1661696724041
690	1271	0	0	0	0	0	0	1661696725061
690	1271	0	0	0	0	0	0	1661696726081
690	1271	0	0	0	0	0	0	1661696727101
690	1271	0	0	0	0	0	0	1661696728121
690	1271	0	0	0	0	0	0	1661696729141
690	1271	0	0	0	0	0	0	1661696730161
690	1271	0	0	0	0	0	0	1661696731181
690	1271	0	0	0	0	0	0	1661696732201
690	1271	0	0	0	0	0	0	1661696733221
690	1271	0	0	0	0	0	0	1661696734241
690	1271	0	0	0	0	0	0	1661696735261
690	1271	0	0	0	0	0	0	1661696736281
690	1271	0	0	0	0	0	0	1661696737301
690	1271	0	0	0	0	0	0	1661696738321
690	1271	0	0	0	0	0	0	1661696739341
690	1271	0	0	0	0	0	0	1661696740361
690	1271	0	0	0	0	0	0	1661696741381
690	1271	0	0	0	0	0	0	1661696742401
690	1271	0	0	0	0	0	0	1661696743421
690	1271	0	0	0	0	0	0	1661696744441
690	1271	0	0	0	0	0	0	1661696745461
690	1271	0	0	0	0	0	0	1661696746481
690	1271	0	0	0	0	0	0	1661696747501
690	1271	0	0	0	0	0	0	1661696748521
690	1271	0	0	0	0	0	0	1661696749541
690	1271	0	0	0	0	0	0	1661696750561
690	1271	0	0	0	0	0	0	1661696751581
690	1271	0	0	0	0	0	0	1661696752601
690	1271	0	0	0	0	0	0	1661696753621
690	1271	0	0	0	0	0	0	1661696754641
690	1271	0	0	0	0	0	0	1661696755661
690	1271	0	0	0	0	0	0	1661696756681
690	1271	0	0	0	0	0	0	1661696757701
690	1271	0	0	0	0	0	0	1661696758721
690	1271	0	0	0	0	0	0	1661696759741
690	1271	0	0	0	0	0	0	1661696760761
690	1271	0	0	0	0	0	0	1661696761781
690	1271	0	0	0	0	0	0	1661696762801
690	1271	0	0	0	0	0	0	1661696763821
690	1271	0	0	0	0	0	0	1661696764841
690	1271	0	0	0	0	0	0	1661696765861
690	1271	0	0	0	0	0	0	1661696766881
690	1271	0	0	0	0	0	0	1661696767901
690	1271	0	0	0	0	0	0	1661696768921
690	1271	0	0	0	0	0	0	1661696769941
690	1271	0	0	0	0	0	0	1661696770961
690	1271	0	0	0	0	0	0	1661696771981
690	1271	0	0	0	0	0	0	1661696773001
690	1271	0	0	0	0	0	0	1661696774021
690	1271	0	0	0	0	0	0	1661696775041
690	1271	0	0	0	0	0	0	1661696776061
690	1271	0	0	0	0	0	0	1661696777081
690	1271	0	0	0	0	0	0	1661696778101
690	1271	0	0	0	0	0	0	1661696779121
690	1271	0	0	0	0	0	0	1661696780141
690	1271	0	0	0	0	0	0	1661696781161
690	1271	0	0	0	0	0	0	1661696782181
690	1271	0	0	0	0	0	0	1661696783201
690	1271	0	0	0	0	0	0	1661696784221
690	1271	0	0	0	0	0	0	1661696785241
690	1271	0	0	0	0	0	0	1661696786261
690	1271	0	0	0	0	0	0	1661696787281
690	1271	0	0	0	0	0	0	1661696788301
690	1271	0	0	0	0	0	0	1661696789321
690	1271	0	0	0	0	0	0	1661696790341
690	1271	0	0	0	0	0	0	1661696791361
690	1271	0	0	0	0	0	0	1661696792381
690	1271	0	0	0	0	0	0	1661696793401
690	1271	0	0	0	0	0	0	1661696794421
690	1271	0	0	0	0	0	0	1661696795441
690	1271	0	0	0	0	0	0	1661696796461
690	1271	0	0	0	0	0	0	1661696797481
690	1271	0	0	0	0	0	0	1661696798501
690	1271	0	0	0	0	0	0	1661696799521
690	1271	0	0	0	0	0	0	1661696800541
690	1271	0	0	0	0	0	0	1661696801561
690	1271	0	0	0	0	0	0	1661696802581
690	1271	0	0	0	0	0	0	1661696803601
690	1271	0	0	0	0	0	0	1661696804621
690	1271	0	0	0	0	0	0	1661696805641
690	1271	0	0	0	0	0	0	1661696806661
690	1271	0	0	0	0	0	0	1661696807681
690	1271	0	0	0	0	0	0	1661696808701
690	1271	0	0	0	0	0	0	1661696809721
690	1271	0	0	0	0	0	0	1661696810741
690	1271	0	0	0	0	0	0	1661696811761
690	1271	0	0	0	0	0	0	1661696812781
690	1271	0	0	0	0	0	0	1661696813801
690	1271	0	0	0	0	0	0	1661696814821
690	1271	0	0	0	0	0	0	1661696815841
690	1271	0	0	0	0	0	0	1661696816861
690	1271	0	0	0	0	0	0	1661696817881
690	1271	0	0	0	0	0	0	1661696818901
690	1271	0	0	0	0	0	0	1661696819921
690	1271	0	0	0	0	0	0	1661696820941
690	1271	0	0	0	0	0	0	1661696821961
690	1271	0	0	0	0	0	0	1661696822981
690	1271	0	0	0	0	0	0	1661696824001
690	1271	0	0	0	0	0	0	1661696825021
690	1271	0	0	0	0	0	0	1661696826041
690	1271	0	0	0	0	0	0	1661696827061
690	1271	0	0	0	0	0	0	1661696828081
690	1271	0	0	0	0	0	0	1661696829101
690	1271	0	0	0	0	0	0	1661696830121
690	1271	0	0	0	0	0	0	1661696831141
690	1271	0	0	0	0	0	0	1661696832161
690	1271	0	0	0	0	0	0	1661696833181
690	1271	0	0	0	0	0	0	1661696834201
690	1271	0	0	0	0	0	0	1661696835221
690	1271	0	0	0	0	0	0	1661696836241
690	1271	0	0	0	0	0	0	1661696837261
690	1271	0	0	0	0	0	0	1661696838281
690	1271	0	0	0	0	0	0	1661696839301
690	1271	0	0	0	0	0	0	1661696840321
690	1271	0	0	0	0	0	0	1661696841341
690	1271	0	0	0	0	0	0	1661696842361
690	1271	0	0	0	0	0	0	1661696843381
690	1271	0	0	0	0	0	0	1661696844401
690	1271	0	0	0	0	0	0	1661696845421
690	1271	0	0	0	0	0	0	1661696846441
690	1271	0	0	0	0	0	0	1661696847461
690	1271	0	0	0	0	0	0	1661696848481
690	1271	0	0	0	0	0	0	1661696849501
690	1271	0	0	0	0	0	0	1661696850521
690	1271	0	0	0	0	0	0	1661696851541
690	1271	0	0	0	0	0	0	1661696852561
690	1271	0	0	0	0	0	0	1661696853581
690	1271	0	0	0	0	0	0	1661696854601
690	1271	0	0	0	0	0	0	1661696855621
690	1271	0	0	0	0	0	0	1661696856641
690	1271	0	0	0	0	0	0	1661696857661
690	1271	0	0	0	0	0	0	1661696858681
690	1271	0	0	0	0	0	0	1661696859701
690	1271	0	0	0	0	0	0	1661696860721
690	1271	0	0	0	0	0	0	1661696861741
690	1271	0	0	0	0	0	0	1661696862761
690	1271	0	0	0	0	0	0	1661696863781
690	1271	0	0	0	0	0	0	1661696864801
690	1271	0	0	0	0	0	0	1661696865821
690	1271	0	0	0	0	0	0	1661696866841
690	1271	0	0	0	0	0	0	1661696867861
690	1271	0	0	0	0	0	0	1661696868881
690	1271	0	0	0	0	0	0	1661696869901
690	1271	0	0	0	0	0	0	1661696870921
690	1271	0	0	0	0	0	0	1661696871941
690	1271	0	0	0	0	0	0	1661696872961
690	1271	0	0	0	0	0	0	1661696873981
690	1271	0	0	0	0	0	0	1661696875001
690	1271	0	0	0	0	0	0	1661696876021
690	1271	0	0	0	0	0	0	1661696877041
690	1271	0	0	0	0	0	0	1661696878061
690	1271	0	0	0	0	0	0	1661696879081
690	1271	0	0	0	0	0	0	1661696880101
690	1271	0	0	0	0	0	0	1661696881121
690	1271	0	0	0	0	0	0	1661696882141
690	1271	0	0	0	0	0	0	1661696883161
690	1271	0	0	0	0	0	0	1661696884181
690	1271	0	0	0	0	0	0	1661696885201
690	1271	0	0	0	0	0	0	1661696886221
690	1271	0	0	0	0	0	0	1661696887241
690	1271	0	0	0	0	0	0	1661696888261
690	1270	0	0	0	0	0	0	1661696889281
690	1270	0	0	0	0	0	0	1661696890301
690	1270	0	0	0	0	0	0	1661696891321
690	1270	0	0	0	0	0	0	1661696892341
690	1270	0	0	0	0	0	0	1661696893361
690	1270	0	0	0	0	0	0	1661696894381
690	1270	0	0	0	0	0	0	1661696895401
690	1270	0	0	0	0	0	0	1661696896421
690	1270	0	0	0	0	0	0	1661696897441
690	1270	0	0	0	0	0	0	1661696898461
690	1270	0	0	0	0	0	0	1661696899481
