1820	2004	0	0	0	0	0	0	1657808012285
1813	2009	0	0	0	0	0	0	1657808013305
1808	2022	0	0	0	0	0	0	1657808014325
1796	2014	0	0	0	0	0	0	1657808015345
1787	2007	0	0	0	0	0	0	1657808016365
1782	2002	0	0	0	0	0	0	1657808017385
1778	1999	0	0	0	0	0	0	1657808018405
1766	1997	0	0	0	0	0	0	1657808019425
1758	1988	0	0	0	0	0	0	1657808020445
1753	1970	0	0	0	0	0	0	1657808021465
1750	1958	0	0	0	0	0	0	1657808022485
1748	1952	0	0	0	0	0	0	1657808023505
1741	1951	0	0	0	0	0	0	1657808024525
1732	1953	0	0	0	0	0	0	1657808025545
1727	1955	0	0	0	0	0	0	1657808026565
1723	1958	0	0	0	0	0	0	1657808027585
1721	1960	0	0	0	0	0	0	1657808028605
1720	1961	0	0	0	0	0	0	1657808029625
1719	1962	0	0	0	0	0	0	1657808030645
1713	1960	0	0	0	0	0	0	1657808031665
1704	1961	0	0	0	0	0	0	1657808032685
1699	1963	0	0	0	0	0	0	1657808033705
1696	1962	0	0	0	0	0	0	1657808034725
1694	1960	0	0	0	0	0	0	1657808035745
1693	1961	0	0	0	0	0	0	1657808036765
1692	1958	0	0	0	0	0	0	1657808037785
1691	1957	0	0	0	0	0	0	1657808038805
1689	1956	0	0	0	0	0	0	1657808039825
1682	1954	0	0	0	0	0	0	1657808040845
1675	1956	0	0	0	0	0	0	1657808041865
1670	1960	0	0	0	0	0	0	1657808042885
1667	1963	0	0	0	0	0	0	1657808043905
1665	1965	0	0	0	0	0	0	1657808044925
1664	1967	0	0	0	0	0	0	1657808045945
1664	1968	0	0	0	0	0	0	1657808046965
1664	1979	0	0	0	0	0	0	1657808047985
1664	2005	0	0	0	0	0	0	1657808049005
1663	2001	0	0	0	0	0	0	1657808050025
1663	1999	0	0	0	0	0	0	1657808051045
1661	1995	0	0	0	0	0	0	1657808052065
1658	1984	0	0	0	0	0	0	1657808053085
1652	1977	0	0	0	0	0	0	1657808054105
1646	1973	0	0	0	0	0	0	1657808055125
1642	1971	0	0	0	0	0	0	1657808056145
1639	1970	0	0	0	0	0	0	1657808057165
1637	1969	0	0	0	0	0	0	1657808058185
1636	1968	0	0	0	0	0	0	1657808059205
1635	1968	0	0	0	0	0	0	1657808060225
1635	1968	0	0	0	0	0	0	1657808061245
1635	1968	0	0	0	0	0	0	1657808062265
1635	1968	0	0	0	0	0	0	1657808063285
1635	1968	0	0	0	0	0	0	1657808064305
1635	1968	0	0	0	0	0	0	1657808065325
1635	1968	0	0	0	0	0	0	1657808066345
1634	1968	0	0	0	0	0	0	1657808067365
1631	1968	0	0	0	0	0	0	1657808068385
1624	1968	0	0	0	0	0	0	1657808069405
1618	1968	0	0	0	0	0	0	1657808070425
1614	1968	0	0	0	0	0	0	1657808071445
1612	1968	0	0	0	0	0	0	1657808072465
1610	1968	0	0	0	0	0	0	1657808073485
1609	1968	0	0	0	0	0	0	1657808074505
1608	1968	0	0	0	0	0	0	1657808075525
1607	1968	0	0	0	0	0	0	1657808076545
1607	1968	0	0	0	0	0	0	1657808077565
1607	1968	0	0	0	0	0	0	1657808078585
1607	1968	0	0	0	0	0	0	1657808079605
1607	1968	0	0	0	0	0	0	1657808080625
1607	1968	0	0	0	0	0	0	1657808081645
1607	1968	0	0	0	0	0	0	1657808082665
1607	1968	0	0	0	0	0	0	1657808083685
1606	1969	0	0	0	0	0	0	1657808084705
1605	1978	0	0	0	0	0	0	1657808085725
1601	1978	0	0	0	0	0	0	1657808086745
1593	1990	0	0	0	0	0	0	1657808087765
1588	1981	0	0	0	0	0	0	1657808088785
1584	1976	0	0	0	0	0	0	1657808089805
1582	1973	0	0	0	0	0	0	1657808090825
1581	1971	0	0	0	0	0	0	1657808091845
1580	1970	0	0	0	0	0	0	1657808092865
1579	1969	0	0	0	0	0	0	1657808093885
1579	1968	0	0	0	0	0	0	1657808094905
1579	1968	0	0	0	0	0	0	1657808095925
1579	1968	0	0	0	0	0	0	1657808096945
1579	1968	0	0	0	0	0	0	1657808097965
1579	1968	0	0	0	0	0	0	1657808098985
1579	1968	0	0	0	0	0	0	1657808100005
1579	1968	0	0	0	0	0	0	1657808101025
1579	1968	0	0	0	0	0	0	1657808102045
1579	1968	0	0	0	0	0	0	1657808103065
1578	1968	0	0	0	0	0	0	1657808104085
1574	1968	0	0	0	0	0	0	1657808105105
1570	1968	0	0	0	0	0	0	1657808106125
1563	1968	0	0	0	0	0	0	1657808107145
1559	1968	0	0	0	0	0	0	1657808108165
1556	1968	0	0	0	0	0	0	1657808109185
1554	1968	0	0	0	0	0	0	1657808110205
1553	1968	0	0	0	0	0	0	1657808111225
1552	1968	0	0	0	0	0	0	1657808112245
1552	1968	0	0	0	0	0	0	1657808113265
1552	1968	0	0	0	0	0	0	1657808114285
1552	1968	0	0	0	0	0	0	1657808115305
1551	1968	0	0	0	0	0	0	1657808116325
1551	1968	0	0	0	0	0	0	1657808117345
1551	1968	0	0	0	0	0	0	1657808118365
1551	1968	0	0	0	0	0	0	1657808119385
1551	1968	0	0	0	0	0	0	1657808120405
1551	1968	0	0	0	0	0	0	1657808121425
1551	1968	0	0	0	0	0	0	1657808122445
1551	1968	0	0	0	0	0	0	1657808123465
1551	1968	0	0	0	0	0	0	1657808124485
1551	1968	0	0	0	0	0	0	1657808125505
1550	1974	0	0	0	0	0	0	1657808126525
1547	1977	0	0	0	0	0	0	1657808127545
1543	1973	0	0	0	0	0	0	1657808128565
1538	1971	0	0	0	0	0	0	1657808129585
1532	1970	0	0	0	0	0	0	1657808130605
1528	1969	0	0	0	0	0	0	1657808131625
1527	1968	0	0	0	0	0	0	1657808132645
1526	1968	0	0	0	0	0	0	1657808133665
1525	1978	0	0	0	0	0	0	1657808134685
1524	2012	0	0	0	0	0	0	1657808135705
1524	2015	0	0	0	0	0	0	1657808136725
1524	2007	0	0	0	0	0	0	1657808137745
1524	2002	0	0	0	0	0	0	1657808138765
1524	2000	0	0	0	0	0	0	1657808139785
1524	1998	0	0	0	0	0	0	1657808140805
1524	1997	0	0	0	0	0	0	1657808141825
1524	1996	0	0	0	0	0	0	1657808142845
1524	1996	0	0	0	0	0	0	1657808143865
1524	1996	0	0	0	0	0	0	1657808144885
1524	1996	0	0	0	0	0	0	1657808145905
1524	1996	0	0	0	0	0	0	1657808146925
1524	1996	0	0	0	0	0	0	1657808147945
1524	1996	0	0	0	0	0	0	1657808148965
1524	1996	0	0	0	0	0	0	1657808149985
1524	1996	0	0	0	0	0	0	1657808151005
1524	1996	0	0	0	0	0	0	1657808152025
1524	1996	0	0	0	0	0	0	1657808153045
1523	1996	0	0	0	0	0	0	1657808154065
1521	1996	0	0	0	0	0	0	1657808155085
1520	1996	0	0	0	0	0	0	1657808156105
1515	1996	0	0	0	0	0	0	1657808157125
1510	1995	0	0	0	0	0	0	1657808158145
1506	1995	0	0	0	0	0	0	1657808159165
1502	1995	0	0	0	0	0	0	1657808160185
1500	1995	0	0	0	0	0	0	1657808161205
1498	1994	0	0	0	0	0	0	1657808162225
1497	1993	0	0	0	0	0	0	1657808163245
1496	1991	0	0	0	0	0	0	1657808164265
1496	1991	0	0	0	0	0	0	1657808165285
1496	1989	0	0	0	0	0	0	1657808166305
1496	1977	0	0	0	0	0	0	1657808167325
1496	1988	0	0	0	0	0	0	1657808168345
1496	1980	0	0	0	0	0	0	1657808169365
1496	1975	0	0	0	0	0	0	1657808170385
1496	1972	0	0	0	0	0	0	1657808171405
1496	1970	0	0	0	0	0	0	1657808172425
1496	1969	0	0	0	0	0	0	1657808173445
1496	1969	0	0	0	0	0	0	1657808174465
1496	1968	0	0	0	0	0	0	1657808175485
1496	1968	0	0	0	0	0	0	1657808176505
1496	1968	0	0	0	0	0	0	1657808177525
1496	1968	0	0	0	0	0	0	1657808178545
1496	1968	0	0	0	0	0	0	1657808179565
1496	1968	0	0	0	0	0	0	1657808180585
1496	1968	0	0	0	0	0	0	1657808181605
1496	1968	0	0	0	0	0	0	1657808182625
1496	1967	0	0	0	0	0	0	1657808183645
1496	1967	0	0	0	0	0	0	1657808184665
1496	1966	0	0	0	0	0	0	1657808185685
1495	1965	0	0	0	0	0	0	1657808186705
1494	1962	0	0	0	0	0	0	1657808187725
1491	1959	0	0	0	0	0	0	1657808188745
1484	1951	0	0	0	0	0	0	1657808189765
1478	1947	0	0	0	0	0	0	1657808190785
1475	1944	0	0	0	0	0	0	1657808191805
1472	1942	0	0	0	0	0	0	1657808192825
1470	1941	0	0	0	0	0	0	1657808193845
1472	1936	0	0	0	0	0	0	1657808194865
1470	1954	0	0	0	0	0	0	1657808195885
1469	1951	0	0	0	0	0	0	1657808196905
1468	1948	0	0	0	0	0	0	1657808197925
1468	1945	0	0	0	0	0	0	1657808198945
1468	1943	0	0	0	0	0	0	1657808199965
1468	1942	0	0	0	0	0	0	1657808200985
1468	1941	0	0	0	0	0	0	1657808202005
1468	1941	0	0	0	0	0	0	1657808203025
1468	1941	0	0	0	0	0	0	1657808204045
1468	1941	0	0	0	0	0	0	1657808205065
1468	1940	0	0	0	0	0	0	1657808206085
1468	1940	0	0	0	0	0	0	1657808207105
1468	1940	0	0	0	0	0	0	1657808208125
1468	1940	0	0	0	0	0	0	1657808209145
1468	1940	0	0	0	0	0	0	1657808210165
1468	1940	0	0	0	0	0	0	1657808211185
1468	1940	0	0	0	0	0	0	1657808212205
10880	1955	0	0	0	0	0	0	1657808213225
7115	1949	0	0	0	0	0	0	1657808214245
4856	1945	0	0	0	0	0	0	1657808215265
3500	1943	0	0	0	0	0	0	1657808216285
2687	1942	0	0	0	0	0	0	1657808217305
2199	1941	0	0	0	0	0	0	1657808218325
1906	1940	0	0	0	0	0	0	1657808219345
1731	1940	0	0	0	0	0	0	1657808220365
1626	1940	0	0	0	0	0	0	1657808221385
1563	1940	0	0	0	0	0	0	1657808222405
1525	1940	0	0	0	0	0	0	1657808223425
1502	1940	0	0	0	0	0	0	1657808224445
1488	1940	0	0	0	0	0	0	1657808225465
1480	1940	0	0	0	0	0	0	1657808226485
1475	1942	0	0	0	0	0	0	1657808227505
1471	1952	0	0	0	0	0	0	1657808228525
1466	1958	0	0	0	0	0	0	1657808229545
1461	1962	0	0	0	0	0	0	1657808230565
1457	1964	0	0	0	0	0	0	1657808231585
1453	1962	0	0	0	0	0	0	1657808232605
1449	1953	0	0	0	0	0	0	1657808233625
1446	1948	0	0	0	0	0	0	1657808234645
1444	1945	0	0	0	0	0	0	1657808235665
1442	1943	0	0	0	0	0	0	1657808236685
1441	1942	0	0	0	0	0	0	1657808237705
1441	1941	0	0	0	0	0	0	1657808238725
1441	1941	0	0	0	0	0	0	1657808239745
1440	1941	0	0	0	0	0	0	1657808240765
1440	1940	0	0	0	0	0	0	1657808241785
1440	1940	0	0	0	0	0	0	1657808242805
1440	1940	0	0	0	0	0	0	1657808243825
1440	1940	0	0	0	0	0	0	1657808244845
1440	1940	0	0	0	0	0	0	1657808245865
1440	1940	0	0	0	0	0	0	1657808246885
1440	1940	0	0	0	0	0	0	1657808247905
1440	1935	0	0	0	0	0	0	1657808248925
1440	1937	0	0	0	0	0	0	1657808249945
1440	1938	0	0	0	0	0	0	1657808250965
1439	1939	0	0	0	0	0	0	1657808251985
1439	1939	0	0	0	0	0	0	1657808253005
1439	1939	0	0	0	0	0	0	1657808254025
1439	1939	0	0	0	0	0	0	1657808255045
1439	1939	0	0	0	0	0	0	1657808256065
1439	1939	0	0	0	0	0	0	1657808257085
1440	1939	0	0	0	0	0	0	1657808258105
1440	1940	0	0	0	0	0	0	1657808259125
1439	1940	0	0	0	0	0	0	1657808260145
1439	1945	0	0	0	0	0	0	1657808261165
1439	1930	0	0	0	0	0	0	1657808262185
1439	1922	0	0	0	0	0	0	1657808263205
1439	1919	0	0	0	0	0	0	1657808264225
1439	1911	0	0	0	0	0	0	1657808265245
1439	1904	0	0	0	0	0	0	1657808266265
1439	1900	0	0	0	0	0	0	1657808267285
1439	1897	0	0	0	0	0	0	1657808268305
1439	1895	0	0	0	0	0	0	1657808269325
1439	1892	0	0	0	0	0	0	1657808270345
1439	1890	0	0	0	0	0	0	1657808271365
1439	1890	0	0	0	0	0	0	1657808272385
1439	1889	0	0	0	0	0	0	1657808273405
1438	1888	0	0	0	0	0	0	1657808274425
1438	1886	0	0	0	0	0	0	1657808275445
1435	1885	0	0	0	0	0	0	1657808276465
1434	1885	0	0	0	0	0	0	1657808277485
1429	1923	0	0	0	0	0	0	1657808278505
1428	1930	0	0	0	0	0	0	1657808279525
1426	1929	0	0	0	0	0	0	1657808280545
1422	1928	0	0	0	0	0	0	1657808281565
1418	1928	0	0	0	0	0	0	1657808282585
1415	1938	0	0	0	0	0	0	1657808283605
1414	1943	0	0	0	0	0	0	1657808284625
1413	1931	0	0	0	0	0	0	1657808285645
1413	1938	0	0	0	0	0	0	1657808286665
1412	1947	0	0	0	0	0	0	1657808287685
1412	1917	0	0	0	0	0	0	1657808288705
1412	1887	0	0	0	0	0	0	1657808289725
1412	1902	0	0	0	0	0	0	1657808290745
1412	1906	0	0	0	0	0	0	1657808291765
1414	1916	0	0	0	0	0	0	1657808292785
1414	1914	0	0	0	0	0	0	1657808293805
1413	1913	0	0	0	0	0	0	1657808294825
1412	1912	0	0	0	0	0	0	1657808295845
1412	1912	0	0	0	0	0	0	1657808296865
1412	1912	0	0	0	0	0	0	1657808297885
1412	1912	0	0	0	0	0	0	1657808298905
1412	1912	0	0	0	0	0	0	1657808299925
1412	1912	0	0	0	0	0	0	1657808300945
1412	1912	0	0	0	0	0	0	1657808301965
1412	1912	0	0	0	0	0	0	1657808302985
1412	1912	0	0	0	0	0	0	1657808304005
1412	1912	0	0	0	0	0	0	1657808305025
1412	1912	0	0	0	0	0	0	1657808306045
1412	1912	0	0	0	0	0	0	1657808307065
1412	1907	0	0	0	0	0	0	1657808308085
1412	1924	0	0	0	0	0	0	1657808309105
1412	1923	0	0	0	0	0	0	1657808310125
1412	1916	0	0	0	0	0	0	1657808311145
1412	1904	0	0	0	0	0	0	1657808312165
1412	1896	0	0	0	0	0	0	1657808313185
1412	1892	0	0	0	0	0	0	1657808314205
1412	1889	0	0	0	0	0	0	1657808315225
1412	1887	0	0	0	0	0	0	1657808316245
1412	1886	0	0	0	0	0	0	1657808317265
1412	1885	0	0	0	0	0	0	1657808318285
1412	1885	0	0	0	0	0	0	1657808319305
1412	1884	0	0	0	0	0	0	1657808320325
1412	1884	0	0	0	0	0	0	1657808321345
1412	1884	0	0	0	0	0	0	1657808322365
1412	1884	0	0	0	0	0	0	1657808323385
1412	1884	0	0	0	0	0	0	1657808324405
1412	1884	0	0	0	0	0	0	1657808325425
1412	1884	0	0	0	0	0	0	1657808326445
1412	1884	0	0	0	0	0	0	1657808327465
1412	1884	0	0	0	0	0	0	1657808328485
1412	1884	0	0	0	0	0	0	1657808329505
1411	1883	0	0	0	0	0	0	1657808330525
1411	1878	0	0	0	0	0	0	1657808331545
1411	1872	0	0	0	0	0	0	1657808332565
1412	1866	0	0	0	0	0	0	1657808333585
1412	1862	0	0	0	0	0	0	1657808334605
1411	1860	0	0	0	0	0	0	1657808335625
1410	1858	0	0	0	0	0	0	1657808336645
1409	1857	0	0	0	0	0	0	1657808337665
1407	1857	0	0	0	0	0	0	1657808338685
1405	1857	0	0	0	0	0	0	1657808339705
1403	1857	0	0	0	0	0	0	1657808340725
1400	1857	0	0	0	0	0	0	1657808341745
1395	1857	0	0	0	0	0	0	1657808342765
1393	1857	0	0	0	0	0	0	1657808343785
1390	1857	0	0	0	0	0	0	1657808344805
1388	1857	0	0	0	0	0	0	1657808345825
1386	1857	0	0	0	0	0	0	1657808346845
1385	1857	0	0	0	0	0	0	1657808347865
1384	1857	0	0	0	0	0	0	1657808348885
1384	1857	0	0	0	0	0	0	1657808349905
1384	1857	0	0	0	0	0	0	1657808350925
1384	1857	0	0	0	0	0	0	1657808351945
1384	1857	0	0	0	0	0	0	1657808352965
1384	1857	0	0	0	0	0	0	1657808353985
1384	1857	0	0	0	0	0	0	1657808355005
1384	1857	0	0	0	0	0	0	1657808356025
1384	1857	0	0	0	0	0	0	1657808357045
1384	1857	0	0	0	0	0	0	1657808358065
1384	1857	0	0	0	0	0	0	1657808359085
1384	1857	0	0	0	0	0	0	1657808360105
1384	1857	0	0	0	0	0	0	1657808361125
1384	1857	0	0	0	0	0	0	1657808362145
1384	1857	0	0	0	0	0	0	1657808363165
1384	1857	0	0	0	0	0	0	1657808364185
1384	1883	0	0	0	0	0	0	1657808365205
1384	1896	0	0	0	0	0	0	1657808366225
1384	1902	0	0	0	0	0	0	1657808367245
1384	1899	0	0	0	0	0	0	1657808368265
1384	1894	0	0	0	0	0	0	1657808369285
1384	1890	0	0	0	0	0	0	1657808370305
1384	1888	0	0	0	0	0	0	1657808371325
1384	1887	0	0	0	0	0	0	1657808372345
1384	1886	0	0	0	0	0	0	1657808373365
1384	1885	0	0	0	0	0	0	1657808374385
1384	1885	0	0	0	0	0	0	1657808375405
1384	1885	0	0	0	0	0	0	1657808376425
1384	1885	0	0	0	0	0	0	1657808377445
1384	1885	0	0	0	0	0	0	1657808378465
1384	1885	0	0	0	0	0	0	1657808379485
1384	1884	0	0	0	0	0	0	1657808380505
1384	1899	0	0	0	0	0	0	1657808381525
1384	1893	0	0	0	0	0	0	1657808382545
1384	1880	0	0	0	0	0	0	1657808383565
1384	1872	0	0	0	0	0	0	1657808384585
1384	1877	0	0	0	0	0	0	1657808385605
1384	1880	0	0	0	0	0	0	1657808386625
1384	1881	0	0	0	0	0	0	1657808387645
1384	1882	0	0	0	0	0	0	1657808388665
1384	1883	0	0	0	0	0	0	1657808389685
1384	1883	0	0	0	0	0	0	1657808390705
1384	1879	0	0	0	0	0	0	1657808391725
1384	1891	0	0	0	0	0	0	1657808392745
1384	1888	0	0	0	0	0	0	1657808393765
1382	1905	0	0	0	0	0	0	1657808394785
1380	1921	0	0	0	0	0	0	1657808395805
1380	1906	0	0	0	0	0	0	1657808396825
1381	1891	0	0	0	0	0	0	1657808397845
1378	1876	0	0	0	0	0	0	1657808398865
1376	1879	0	0	0	0	0	0	1657808399885
1370	1882	0	0	0	0	0	0	1657808400905
1367	1879	0	0	0	0	0	0	1657808401925
1364	1880	0	0	0	0	0	0	1657808402945
1362	1881	0	0	0	0	0	0	1657808403965
1360	1882	0	0	0	0	0	0	1657808404985
1359	1883	0	0	0	0	0	0	1657808406005
1358	1884	0	0	0	0	0	0	1657808407025
1358	1884	0	0	0	0	0	0	1657808408045
1357	1884	0	0	0	0	0	0	1657808409065
1357	1892	0	0	0	0	0	0	1657808410085
1358	1889	0	0	0	0	0	0	1657808411105
1357	1887	0	0	0	0	0	0	1657808412125
1357	1885	0	0	0	0	0	0	1657808413145
1356	1883	0	0	0	0	0	0	1657808414165
1356	1879	0	0	0	0	0	0	1657808415185
1356	1876	0	0	0	0	0	0	1657808416205
1356	1872	0	0	0	0	0	0	1657808417225
1356	1871	0	0	0	0	0	0	1657808418245
1356	1867	0	0	0	0	0	0	1657808419265
1356	1863	0	0	0	0	0	0	1657808420285
1356	1861	0	0	0	0	0	0	1657808421305
1356	1859	0	0	0	0	0	0	1657808422325
1356	1858	0	0	0	0	0	0	1657808423345
1356	1858	0	0	0	0	0	0	1657808424365
1356	1857	0	0	0	0	0	0	1657808425385
1356	1857	0	0	0	0	0	0	1657808426405
1356	1857	0	0	0	0	0	0	1657808427425
1356	1857	0	0	0	0	0	0	1657808428445
1356	1857	0	0	0	0	0	0	1657808429465
1356	1857	0	0	0	0	0	0	1657808430485
1356	1857	0	0	0	0	0	0	1657808431505
1356	1857	0	0	0	0	0	0	1657808432525
1356	1857	0	0	0	0	0	0	1657808433545
1356	1857	0	0	0	0	0	0	1657808434565
1356	1857	0	0	0	0	0	0	1657808435585
1356	1857	0	0	0	0	0	0	1657808436605
1356	1857	0	0	0	0	0	0	1657808437625
1356	1857	0	0	0	0	0	0	1657808438645
1356	1857	0	0	0	0	0	0	1657808439665
1356	1857	0	0	0	0	0	0	1657808440685
1356	1857	0	0	0	0	0	0	1657808441705
1356	1857	0	0	0	0	0	0	1657808442725
1356	1857	0	0	0	0	0	0	1657808443745
1356	1857	0	0	0	0	0	0	1657808444765
1356	1857	0	0	0	0	0	0	1657808445785
1356	1857	0	0	0	0	0	0	1657808446805
1356	1857	0	0	0	0	0	0	1657808447825
1356	1857	0	0	0	0	0	0	1657808448845
1356	1857	0	0	0	0	0	0	1657808449865
1356	1857	0	0	0	0	0	0	1657808450885
1356	1857	0	0	0	0	0	0	1657808451905
1356	1857	0	0	0	0	0	0	1657808452925
1356	1857	0	0	0	0	0	0	1657808453945
1356	1857	0	0	0	0	0	0	1657808454965
1356	1857	0	0	0	0	0	0	1657808455985
1356	1857	0	0	0	0	0	0	1657808457005
1356	1857	0	0	0	0	0	0	1657808458025
1356	1857	0	0	0	0	0	0	1657808459045
1356	1857	0	0	0	0	0	0	1657808460065
1356	1857	0	0	0	0	0	0	1657808461085
1356	1857	0	0	0	0	0	0	1657808462105
1356	1857	0	0	0	0	0	0	1657808463125
1355	1857	0	0	0	0	0	0	1657808464145
1355	1857	0	0	0	0	0	0	1657808465165
1353	1857	0	0	0	0	0	0	1657808466185
1354	1857	0	0	0	0	0	0	1657808467205
1352	1857	0	0	0	0	0	0	1657808468225
1349	1857	0	0	0	0	0	0	1657808469245
1349	1857	0	0	0	0	0	0	1657808470265
1348	1857	0	0	0	0	0	0	1657808471285
1345	1857	0	0	0	0	0	0	1657808472305
1345	1857	0	0	0	0	0	0	1657808473325
1345	1857	0	0	0	0	0	0	1657808474345
1346	1857	0	0	0	0	0	0	1657808475365
1345	1857	0	0	0	0	0	0	1657808476385
1344	1857	0	0	0	0	0	0	1657808477405
1342	1857	0	0	0	0	0	0	1657808478425
1338	1857	0	0	0	0	0	0	1657808479445
1337	1857	0	0	0	0	0	0	1657808480465
1335	1857	0	0	0	0	0	0	1657808481485
1334	1862	0	0	0	0	0	0	1657808482505
1333	1880	0	0	0	0	0	0	1657808483525
1333	1883	0	0	0	0	0	0	1657808484545
1331	1979	0	0	0	0	0	0	1657808485565
1330	1996	0	0	0	0	0	0	1657808486585
1329	2006	0	0	0	0	0	0	1657808487605
1329	2013	0	0	0	0	0	0	1657808488625
1331	1968	0	0	0	0	0	0	1657808489645
1330	1918	0	0	0	0	0	0	1657808490665
1329	2019	0	0	0	0	0	0	1657808491685
1329	1950	0	0	0	0	0	0	1657808492705
1329	1903	0	0	0	0	0	0	1657808493725
1329	1873	0	0	0	0	0	0	1657808494745
1329	1855	0	0	0	0	0	0	1657808495765
1329	1844	0	0	0	0	0	0	1657808496785
1329	1838	0	0	0	0	0	0	1657808497805
1329	1834	0	0	0	0	0	0	1657808498825
1329	1832	0	0	0	0	0	0	1657808499845
1329	1831	0	0	0	0	0	0	1657808500865
1329	1830	0	0	0	0	0	0	1657808501885
1329	1829	0	0	0	0	0	0	1657808502905
1329	1829	0	0	0	0	0	0	1657808503925
1329	1829	0	0	0	0	0	0	1657808504945
1329	1829	0	0	0	0	0	0	1657808505965
1329	1829	0	0	0	0	0	0	1657808506985
1329	1829	0	0	0	0	0	0	1657808508005
1329	1829	0	0	0	0	0	0	1657808509025
1329	1829	0	0	0	0	0	0	1657808510045
1329	1829	0	0	0	0	0	0	1657808511065
1329	1829	0	0	0	0	0	0	1657808512085
1328	1829	0	0	0	0	0	0	1657808513105
1328	1829	0	0	0	0	0	0	1657808514125
1328	1829	0	0	0	0	0	0	1657808515145
1328	1829	0	0	0	0	0	0	1657808516165
1328	1829	0	0	0	0	0	0	1657808517185
1328	1829	0	0	0	0	0	0	1657808518205
1328	1829	0	0	0	0	0	0	1657808519225
1328	1829	0	0	0	0	0	0	1657808520245
1328	1829	0	0	0	0	0	0	1657808521265
1328	1829	0	0	0	0	0	0	1657808522285
1328	1829	0	0	0	0	0	0	1657808523305
1328	1829	0	0	0	0	0	0	1657808524325
1328	1829	0	0	0	0	0	0	1657808525345
1328	1829	0	0	0	0	0	0	1657808526365
1328	1829	0	0	0	0	0	0	1657808527385
1328	1829	0	0	0	0	0	0	1657808528405
1328	1829	0	0	0	0	0	0	1657808529425
1328	1829	0	0	0	0	0	0	1657808530445
1328	1829	0	0	0	0	0	0	1657808531465
1328	1829	0	0	0	0	0	0	1657808532485
1328	1829	0	0	0	0	0	0	1657808533505
1328	1829	0	0	0	0	0	0	1657808534525
1328	1829	0	0	0	0	0	0	1657808535545
1328	1829	0	0	0	0	0	0	1657808536565
1328	1829	0	0	0	0	0	0	1657808537585
1328	1829	0	0	0	0	0	0	1657808538605
1328	1829	0	0	0	0	0	0	1657808539625
1328	1829	0	0	0	0	0	0	1657808540645
1328	1829	0	0	0	0	0	0	1657808541665
1327	1829	0	0	0	0	0	0	1657808542685
1328	1829	0	0	0	0	0	0	1657808543705
1328	1829	0	0	0	0	0	0	1657808544725
1328	1829	0	0	0	0	0	0	1657808545745
1328	1829	0	0	0	0	0	0	1657808546765
1327	1829	0	0	0	0	0	0	1657808547785
1326	1829	0	0	0	0	0	0	1657808548805
1326	1829	0	0	0	0	0	0	1657808549825
1325	1827	0	0	0	0	0	0	1657808550845
1324	1825	0	0	0	0	0	0	1657808551865
1322	1823	0	0	0	0	0	0	1657808552885
1322	1821	0	0	0	0	0	0	1657808553905
1322	1820	0	0	0	0	0	0	1657808554925
1321	1821	0	0	0	0	0	0	1657808555945
1320	1822	0	0	0	0	0	0	1657808556965
1322	1815	0	0	0	0	0	0	1657808557985
1324	1809	0	0	0	0	0	0	1657808559005
1326	1806	0	0	0	0	0	0	1657808560025
1327	1804	0	0	0	0	0	0	1657808561045
1327	1802	0	0	0	0	0	0	1657808562065
1327	1801	0	0	0	0	0	0	1657808563085
1326	1801	0	0	0	0	0	0	1657808564105
1325	1801	0	0	0	0	0	0	1657808565125
1323	1801	0	0	0	0	0	0	1657808566145
1321	1801	0	0	0	0	0	0	1657808567165
1322	1801	0	0	0	0	0	0	1657808568185
1321	1801	0	0	0	0	0	0	1657808569205
1319	1801	0	0	0	0	0	0	1657808570225
1318	1800	0	0	0	0	0	0	1657808571245
1316	1800	0	0	0	0	0	0	1657808572265
1313	1800	0	0	0	0	0	0	1657808573285
1312	1800	0	0	0	0	0	0	1657808574305
1310	1800	0	0	0	0	0	0	1657808575325
1309	1800	0	0	0	0	0	0	1657808576345
1307	1800	0	0	0	0	0	0	1657808577365
1306	1800	0	0	0	0	0	0	1657808578385
1307	1800	0	0	0	0	0	0	1657808579405
1306	1800	0	0	0	0	0	0	1657808580425
1304	1800	0	0	0	0	0	0	1657808581445
1302	1800	0	0	0	0	0	0	1657808582465
1301	1800	0	0	0	0	0	0	1657808583485
1301	1800	0	0	0	0	0	0	1657808584505
1301	1800	0	0	0	0	0	0	1657808585525
1301	1800	0	0	0	0	0	0	1657808586545
1301	1800	0	0	0	0	0	0	1657808587565
1301	1800	0	0	0	0	0	0	1657808588585
1301	1800	0	0	0	0	0	0	1657808589605
1301	1800	0	0	0	0	0	0	1657808590625
1301	1800	0	0	0	0	0	0	1657808591645
1301	1800	0	0	0	0	0	0	1657808592665
1301	1800	0	0	0	0	0	0	1657808593685
1300	1800	0	0	0	0	0	0	1657808594705
1300	1800	0	0	0	0	0	0	1657808595725
1300	1800	0	0	0	0	0	0	1657808596745
1300	1803	0	0	0	0	0	0	1657808597765
1300	1803	0	0	0	0	0	0	1657808598785
1300	1812	0	0	0	0	0	0	1657808599805
1300	1811	0	0	0	0	0	0	1657808600825
1300	1807	0	0	0	0	0	0	1657808601845
1300	1805	0	0	0	0	0	0	1657808602865
1300	1803	0	0	0	0	0	0	1657808603885
1300	1802	0	0	0	0	0	0	1657808604905
1300	1801	0	0	0	0	0	0	1657808605925
1300	1801	0	0	0	0	0	0	1657808606945
1300	1801	0	0	0	0	0	0	1657808607965
1300	1801	0	0	0	0	0	0	1657808608985
1300	1801	0	0	0	0	0	0	1657808610005
1300	1801	0	0	0	0	0	0	1657808611025
1300	1801	0	0	0	0	0	0	1657808612045
1300	1801	0	0	0	0	0	0	1657808613065
1300	1801	0	0	0	0	0	0	1657808614085
1300	1801	0	0	0	0	0	0	1657808615105
1300	1801	0	0	0	0	0	0	1657808616125
1300	1801	0	0	0	0	0	0	1657808617145
1300	1801	0	0	0	0	0	0	1657808618165
1300	1801	0	0	0	0	0	0	1657808619185
1300	1801	0	0	0	0	0	0	1657808620205
1300	1801	0	0	0	0	0	0	1657808621225
1300	1800	0	0	0	0	0	0	1657808622245
1300	1796	0	0	0	0	0	0	1657808623265
1300	1791	0	0	0	0	0	0	1657808624285
1300	1787	0	0	0	0	0	0	1657808625305
1300	1787	0	0	0	0	0	0	1657808626325
1300	1784	0	0	0	0	0	0	1657808627345
1300	1782	0	0	0	0	0	0	1657808628365
1300	1783	0	0	0	0	0	0	1657808629385
1300	1782	0	0	0	0	0	0	1657808630405
1300	1781	0	0	0	0	0	0	1657808631425
1300	1780	0	0	0	0	0	0	1657808632445
1300	1780	0	0	0	0	0	0	1657808633465
1300	1781	0	0	0	0	0	0	1657808634485
1300	1781	0	0	0	0	0	0	1657808635505
1300	1780	0	0	0	0	0	0	1657808636525
1300	1779	0	0	0	0	0	0	1657808637545
1300	1778	0	0	0	0	0	0	1657808638565
1300	1777	0	0	0	0	0	0	1657808639585
1300	1777	0	0	0	0	0	0	1657808640605
1300	1777	0	0	0	0	0	0	1657808641625
1300	1776	0	0	0	0	0	0	1657808642645
1300	1776	0	0	0	0	0	0	1657808643665
1300	1776	0	0	0	0	0	0	1657808644685
1300	1776	0	0	0	0	0	0	1657808645705
1300	1776	0	0	0	0	0	0	1657808646725
1300	1776	0	0	0	0	0	0	1657808647745
1300	1775	0	0	0	0	0	0	1657808648765
1300	1775	0	0	0	0	0	0	1657808649785
1300	1776	0	0	0	0	0	0	1657808650805
1300	1776	0	0	0	0	0	0	1657808651825
1300	1775	0	0	0	0	0	0	1657808652845
1300	1775	0	0	0	0	0	0	1657808653865
1300	1774	0	0	0	0	0	0	1657808654885
1300	1775	0	0	0	0	0	0	1657808655905
1300	1774	0	0	0	0	0	0	1657808656925
1300	1775	0	0	0	0	0	0	1657808657945
1300	1774	0	0	0	0	0	0	1657808658965
1300	1773	0	0	0	0	0	0	1657808659985
1299	1773	0	0	0	0	0	0	1657808661005
1298	1773	0	0	0	0	0	0	1657808662025
1298	1774	0	0	0	0	0	0	1657808663045
1299	1774	0	0	0	0	0	0	1657808664065
1298	1773	0	0	0	0	0	0	1657808665085
1296	1773	0	0	0	0	0	0	1657808666105
1296	1781	0	0	0	0	0	0	1657808667125
1295	1778	0	0	0	0	0	0	1657808668145
1293	1775	0	0	0	0	0	0	1657808669165
1289	1773	0	0	0	0	0	0	1657808670185
1290	1773	0	0	0	0	0	0	1657808671205
1290	1772	0	0	0	0	0	0	1657808672225
1289	1773	0	0	0	0	0	0	1657808673245
1290	1773	0	0	0	0	0	0	1657808674265
1288	1773	0	0	0	0	0	0	1657808675285
1285	1773	0	0	0	0	0	0	1657808676305
1284	1773	0	0	0	0	0	0	1657808677325
1283	1773	0	0	0	0	0	0	1657808678345
1281	1772	0	0	0	0	0	0	1657808679365
1279	1772	0	0	0	0	0	0	1657808680385
1277	1772	0	0	0	0	0	0	1657808681405
1276	1772	0	0	0	0	0	0	1657808682425
1275	1772	0	0	0	0	0	0	1657808683445
1275	1772	0	0	0	0	0	0	1657808684465
1275	1772	0	0	0	0	0	0	1657808685485
1275	1772	0	0	0	0	0	0	1657808686505
1275	1772	0	0	0	0	0	0	1657808687525
1275	1772	0	0	0	0	0	0	1657808688545
1274	1772	0	0	0	0	0	0	1657808689565
1274	1772	0	0	0	0	0	0	1657808690585
1274	1772	0	0	0	0	0	0	1657808691605
1274	1772	0	0	0	0	0	0	1657808692625
1274	1772	0	0	0	0	0	0	1657808693645
1273	1772	0	0	0	0	0	0	1657808694665
1273	1772	0	0	0	0	0	0	1657808695685
1273	1772	0	0	0	0	0	0	1657808696705
1273	1772	0	0	0	0	0	0	1657808697725
1272	1772	0	0	0	0	0	0	1657808698745
1272	1772	0	0	0	0	0	0	1657808699765
1272	1772	0	0	0	0	0	0	1657808700785
1272	1772	0	0	0	0	0	0	1657808701805
1272	1772	0	0	0	0	0	0	1657808702825
1272	1772	0	0	0	0	0	0	1657808703845
1272	1772	0	0	0	0	0	0	1657808704865
1272	1772	0	0	0	0	0	0	1657808705885
1272	1772	0	0	0	0	0	0	1657808706905
1272	1772	0	0	0	0	0	0	1657808707925
1272	1772	0	0	0	0	0	0	1657808708945
1272	1772	0	0	0	0	0	0	1657808709965
1272	1772	0	0	0	0	0	0	1657808710985
1272	1772	0	0	0	0	0	0	1657808712005
1272	1772	0	0	0	0	0	0	1657808713025
1272	1772	0	0	0	0	0	0	1657808714045
1272	1772	0	0	0	0	0	0	1657808715065
1272	1774	0	0	0	0	0	0	1657808716085
1272	1781	0	0	0	0	0	0	1657808717105
1272	1778	0	0	0	0	0	0	1657808718125
1272	1776	0	0	0	0	0	0	1657808719145
1272	1773	0	0	0	0	0	0	1657808720165
1272	1772	0	0	0	0	0	0	1657808721185
1272	1771	0	0	0	0	0	0	1657808722205
1273	1771	0	0	0	0	0	0	1657808723225
1273	1772	0	0	0	0	0	0	1657808724245
1273	1772	0	0	0	0	0	0	1657808725265
1273	1771	0	0	0	0	0	0	1657808726285
1273	1772	0	0	0	0	0	0	1657808727305
1273	1772	0	0	0	0	0	0	1657808728325
1273	1772	0	0	0	0	0	0	1657808729345
1273	1772	0	0	0	0	0	0	1657808730365
1273	1772	0	0	0	0	0	0	1657808731385
1273	1772	0	0	0	0	0	0	1657808732405
1273	1772	0	0	0	0	0	0	1657808733425
1273	1772	0	0	0	0	0	0	1657808734445
1273	1772	0	0	0	0	0	0	1657808735465
1273	1772	0	0	0	0	0	0	1657808736485
1273	1772	0	0	0	0	0	0	1657808737505
1273	1772	0	0	0	0	0	0	1657808738525
1273	1774	0	0	0	0	0	0	1657808739545
1273	1788	0	0	0	0	0	0	1657808740565
1273	1784	0	0	0	0	0	0	1657808741585
1272	1820	0	0	0	0	0	0	1657808742605
1272	1874	0	0	0	0	0	0	1657808743625
1272	1899	0	0	0	0	0	0	1657808744645
1272	1849	0	0	0	0	0	0	1657808745665
1272	1827	0	0	0	0	0	0	1657808746685
1272	1798	0	0	0	0	0	0	1657808747705
1272	1777	0	0	0	0	0	0	1657808748725
1272	1765	0	0	0	0	0	0	1657808749745
1272	1758	0	0	0	0	0	0	1657808750765
1272	1756	0	0	0	0	0	0	1657808751785
1272	1761	0	0	0	0	0	0	1657808752805
1272	1773	0	0	0	0	0	0	1657808753825
1272	1779	0	0	0	0	0	0	1657808754845
1272	1787	0	0	0	0	0	0	1657808755865
1272	1788	0	0	0	0	0	0	1657808756885
1272	1785	0	0	0	0	0	0	1657808757905
1272	1787	0	0	0	0	0	0	1657808758925
1272	1788	0	0	0	0	0	0	1657808759945
1272	1783	0	0	0	0	0	0	1657808760965
1272	1780	0	0	0	0	0	0	1657808761985
1272	1780	0	0	0	0	0	0	1657808763005
1272	1789	0	0	0	0	0	0	1657808764025
1266	2136	0	0	0	0	0	0	1657808765045
1262	2320	0	0	0	0	0	0	1657808766065
1266	2110	0	0	0	0	0	0	1657808767085
1269	1979	0	0	0	0	0	0	1657808768105
1270	1901	0	0	0	0	0	0	1657808769125
1271	1854	0	0	0	0	0	0	1657808770145
1271	1824	0	0	0	0	0	0	1657808771165
1272	1805	0	0	0	0	0	0	1657808772185
1272	1796	0	0	0	0	0	0	1657808773205
1272	1787	0	0	0	0	0	0	1657808774225
1272	1776	0	0	0	0	0	0	1657808775245
1272	1789	0	0	0	0	0	0	1657808776265
1272	1778	0	0	0	0	0	0	1657808777285
1272	1765	0	0	0	0	0	0	1657808778305
1272	1757	0	0	0	0	0	0	1657808779325
1272	1752	0	0	0	0	0	0	1657808780345
1272	1749	0	0	0	0	0	0	1657808781365
1272	1747	0	0	0	0	0	0	1657808782385
1272	1746	0	0	0	0	0	0	1657808783405
1272	1746	0	0	0	0	0	0	1657808784425
1272	1746	0	0	0	0	0	0	1657808785445
1272	1746	0	0	0	0	0	0	1657808786465
1272	1746	0	0	0	0	0	0	1657808787485
1272	1746	0	0	0	0	0	0	1657808788505
1272	1745	0	0	0	0	0	0	1657808789525
1272	1746	0	0	0	0	0	0	1657808790545
1272	1746	0	0	0	0	0	0	1657808791565
1272	1746	0	0	0	0	0	0	1657808792585
1272	1746	0	0	0	0	0	0	1657808793605
1272	1746	0	0	0	0	0	0	1657808794625
1272	1746	0	0	0	0	0	0	1657808795645
1272	1746	0	0	0	0	0	0	1657808796665
1272	1746	0	0	0	0	0	0	1657808797685
1272	1746	0	0	0	0	0	0	1657808798705
1272	1747	0	0	0	0	0	0	1657808799725
1272	1747	0	0	0	0	0	0	1657808800745
1272	1748	0	0	0	0	0	0	1657808801765
1272	1748	0	0	0	0	0	0	1657808802785
1272	1748	0	0	0	0	0	0	1657808803805
1272	1748	0	0	0	0	0	0	1657808804825
1272	1748	0	0	0	0	0	0	1657808805845
1272	1749	0	0	0	0	0	0	1657808806865
1272	1748	0	0	0	0	0	0	1657808807885
1272	1748	0	0	0	0	0	0	1657808808905
1272	1750	0	0	0	0	0	0	1657808809925
1272	1751	0	0	0	0	0	0	1657808810945
1272	1749	0	0	0	0	0	0	1657808811965
1272	1748	0	0	0	0	0	0	1657808812985
1272	1747	0	0	0	0	0	0	1657808814005
1272	1746	0	0	0	0	0	0	1657808815025
1271	1748	0	0	0	0	0	0	1657808816045
1270	1749	0	0	0	0	0	0	1657808817065
1270	1751	0	0	0	0	0	0	1657808818085
1270	1755	0	0	0	0	0	0	1657808819105
1269	1760	0	0	0	0	0	0	1657808820125
1267	1763	0	0	0	0	0	0	1657808821145
1264	1762	0	0	0	0	0	0	1657808822165
1265	1756	0	0	0	0	0	0	1657808823185
1265	1754	0	0	0	0	0	0	1657808824205
1262	1751	0	0	0	0	0	0	1657808825225
1261	1749	0	0	0	0	0	0	1657808826245
1260	1747	0	0	0	0	0	0	1657808827265
1258	1747	0	0	0	0	0	0	1657808828285
1257	1746	0	0	0	0	0	0	1657808829305
1258	1746	0	0	0	0	0	0	1657808830325
1260	1746	0	0	0	0	0	0	1657808831345
1259	1746	0	0	0	0	0	0	1657808832365
1258	1745	0	0	0	0	0	0	1657808833385
1255	1745	0	0	0	0	0	0	1657808834405
1253	1745	0	0	0	0	0	0	1657808835425
1251	1745	0	0	0	0	0	0	1657808836445
1251	1745	0	0	0	0	0	0	1657808837465
1250	1745	0	0	0	0	0	0	1657808838485
1249	1745	0	0	0	0	0	0	1657808839505
1249	1745	0	0	0	0	0	0	1657808840525
1248	1745	0	0	0	0	0	0	1657808841545
1248	1745	0	0	0	0	0	0	1657808842565
1248	1745	0	0	0	0	0	0	1657808843585
1247	1745	0	0	0	0	0	0	1657808844605
1246	1745	0	0	0	0	0	0	1657808845625
1246	1745	0	0	0	0	0	0	1657808846645
1246	1745	0	0	0	0	0	0	1657808847665
1246	1745	0	0	0	0	0	0	1657808848685
1246	1745	0	0	0	0	0	0	1657808849705
1245	1745	0	0	0	0	0	0	1657808850725
1245	1745	0	0	0	0	0	0	1657808851745
1245	1745	0	0	0	0	0	0	1657808852765
1245	1745	0	0	0	0	0	0	1657808853785
1245	1745	0	0	0	0	0	0	1657808854805
1245	1745	0	0	0	0	0	0	1657808855825
1245	1745	0	0	0	0	0	0	1657808856845
1245	1745	0	0	0	0	0	0	1657808857865
1245	1745	0	0	0	0	0	0	1657808858885
1245	1745	0	0	0	0	0	0	1657808859905
1244	1745	0	0	0	0	0	0	1657808860925
1244	1745	0	0	0	0	0	0	1657808861945
1244	1745	0	0	0	0	0	0	1657808862965
1244	1745	0	0	0	0	0	0	1657808863985
1244	1745	0	0	0	0	0	0	1657808865005
1244	1745	0	0	0	0	0	0	1657808866025
1244	1745	0	0	0	0	0	0	1657808867045
1244	1745	0	0	0	0	0	0	1657808868065
1244	1745	0	0	0	0	0	0	1657808869085
1244	1745	0	0	0	0	0	0	1657808870105
1244	1745	0	0	0	0	0	0	1657808871125
1244	1745	0	0	0	0	0	0	1657808872145
1244	1745	0	0	0	0	0	0	1657808873165
1244	1745	0	0	0	0	0	0	1657808874185
1244	1745	0	0	0	0	0	0	1657808875205
1244	1745	0	0	0	0	0	0	1657808876225
1244	1745	0	0	0	0	0	0	1657808877245
1244	1745	0	0	0	0	0	0	1657808878265
1244	1745	0	0	0	0	0	0	1657808879285
1244	1745	0	0	0	0	0	0	1657808880305
1244	1745	0	0	0	0	0	0	1657808881325
1244	1745	0	0	0	0	0	0	1657808882345
1244	1745	0	0	0	0	0	0	1657808883365
1244	1745	0	0	0	0	0	0	1657808884385
1244	1745	0	0	0	0	0	0	1657808885405
1244	1745	0	0	0	0	0	0	1657808886425
1244	1745	0	0	0	0	0	0	1657808887445
1244	1745	0	0	0	0	0	0	1657808888465
1244	1745	0	0	0	0	0	0	1657808889485
1244	1745	0	0	0	0	0	0	1657808890505
1244	1745	0	0	0	0	0	0	1657808891525
1244	1745	0	0	0	0	0	0	1657808892545
1244	1745	0	0	0	0	0	0	1657808893565
1244	1745	0	0	0	0	0	0	1657808894585
1244	1745	0	0	0	0	0	0	1657808895605
1244	1745	0	0	0	0	0	0	1657808896625
1244	1745	0	0	0	0	0	0	1657808897645
1244	1745	0	0	0	0	0	0	1657808898665
1244	1745	0	0	0	0	0	0	1657808899685
1244	1745	0	0	0	0	0	0	1657808900705
1244	1745	0	0	0	0	0	0	1657808901725
1244	1745	0	0	0	0	0	0	1657808902745
1244	1745	0	0	0	0	0	0	1657808903765
1244	1745	0	0	0	0	0	0	1657808904785
1244	1745	0	0	0	0	0	0	1657808905805
1244	1745	0	0	0	0	0	0	1657808906825
1244	1745	0	0	0	0	0	0	1657808907845
1244	1745	0	0	0	0	0	0	1657808908865
1244	1745	0	0	0	0	0	0	1657808909885
1244	1745	0	0	0	0	0	0	1657808910905
1244	1745	0	0	0	0	0	0	1657808911925
1244	1745	0	0	0	0	0	0	1657808912945
1244	1745	0	0	0	0	0	0	1657808913965
1244	1745	0	0	0	0	0	0	1657808914985
1244	1745	0	0	0	0	0	0	1657808916005
1244	1745	0	0	0	0	0	0	1657808917025
1244	1745	0	0	0	0	0	0	1657808918045
1244	1745	0	0	0	0	0	0	1657808919065
1244	1745	0	0	0	0	0	0	1657808920085
1244	1745	0	0	0	0	0	0	1657808921105
1244	1745	0	0	0	0	0	0	1657808922125
1244	1745	0	0	0	0	0	0	1657808923145
1244	1745	0	0	0	0	0	0	1657808924165
1244	1745	0	0	0	0	0	0	1657808925185
1244	1745	0	0	0	0	0	0	1657808926205
1244	1745	0	0	0	0	0	0	1657808927225
1244	1745	0	0	0	0	0	0	1657808928245
1244	1745	0	0	0	0	0	0	1657808929265
1244	1745	0	0	0	0	0	0	1657808930285
1244	1745	0	0	0	0	0	0	1657808931305
1244	1745	0	0	0	0	0	0	1657808932325
1244	1745	0	0	0	0	0	0	1657808933345
1244	1745	0	0	0	0	0	0	1657808934365
1244	1745	0	0	0	0	0	0	1657808935385
1244	1745	0	0	0	0	0	0	1657808936405
1244	1744	0	0	0	0	0	0	1657808937425
1244	1744	0	0	0	0	0	0	1657808938445
1244	1744	0	0	0	0	0	0	1657808939465
1244	1744	0	0	0	0	0	0	1657808940485
1244	1744	0	0	0	0	0	0	1657808941505
1244	1744	0	0	0	0	0	0	1657808942525
1244	1744	0	0	0	0	0	0	1657808943545
1244	1745	0	0	0	0	0	0	1657808944565
1244	1745	0	0	0	0	0	0	1657808945585
1244	1745	0	0	0	0	0	0	1657808946605
1244	1745	0	0	0	0	0	0	1657808947625
1244	1765	0	0	0	0	0	0	1657808948645
1244	1786	0	0	0	0	0	0	1657808949665
1244	1777	0	0	0	0	0	0	1657808950685
1244	1764	0	0	0	0	0	0	1657808951705
1244	1756	0	0	0	0	0	0	1657808952725
1244	1751	0	0	0	0	0	0	1657808953745
1244	1749	0	0	0	0	0	0	1657808954765
1244	1747	0	0	0	0	0	0	1657808955785
1244	1746	0	0	0	0	0	0	1657808956805
1244	1746	0	0	0	0	0	0	1657808957825
1244	1746	0	0	0	0	0	0	1657808958845
1244	1745	0	0	0	0	0	0	1657808959865
1244	1745	0	0	0	0	0	0	1657808960885
1244	1745	0	0	0	0	0	0	1657808961905
1244	1745	0	0	0	0	0	0	1657808962925
1244	1745	0	0	0	0	0	0	1657808963945
1244	1745	0	0	0	0	0	0	1657808964965
1244	1745	0	0	0	0	0	0	1657808965985
1244	1745	0	0	0	0	0	0	1657808967005
1244	1745	0	0	0	0	0	0	1657808968025
1244	1745	0	0	0	0	0	0	1657808969045
1244	1745	0	0	0	0	0	0	1657808970065
1244	1745	0	0	0	0	0	0	1657808971085
1244	1745	0	0	0	0	0	0	1657808972105
1244	1745	0	0	0	0	0	0	1657808973125
1244	1744	0	0	0	0	0	0	1657808974145
1244	1741	0	0	0	0	0	0	1657808975165
1244	1738	0	0	0	0	0	0	1657808976185
1244	1739	0	0	0	0	0	0	1657808977205
1244	1769	0	0	0	0	0	0	1657808978225
1244	1790	0	0	0	0	0	0	1657808979245
1244	1773	0	0	0	0	0	0	1657808980265
1244	1768	0	0	0	0	0	0	1657808981285
1244	1759	0	0	0	0	0	0	1657808982305
1244	1753	0	0	0	0	0	0	1657808983325
1244	1750	0	0	0	0	0	0	1657808984345
1245	1748	0	0	0	0	0	0	1657808985365
1245	1747	0	0	0	0	0	0	1657808986385
1245	1746	0	0	0	0	0	0	1657808987405
1245	1746	0	0	0	0	0	0	1657808988425
1245	1745	0	0	0	0	0	0	1657808989445
1245	1745	0	0	0	0	0	0	1657808990465
1245	1745	0	0	0	0	0	0	1657808991485
1245	1745	0	0	0	0	0	0	1657808992505
1245	1745	0	0	0	0	0	0	1657808993525
1245	1745	0	0	0	0	0	0	1657808994545
1245	1745	0	0	0	0	0	0	1657808995565
1245	1745	0	0	0	0	0	0	1657808996585
1244	1745	0	0	0	0	0	0	1657808997605
1244	1745	0	0	0	0	0	0	1657808998625
1244	1745	0	0	0	0	0	0	1657808999645
1244	1745	0	0	0	0	0	0	1657809000665
1244	1745	0	0	0	0	0	0	1657809001685
1244	1745	0	0	0	0	0	0	1657809002705
1244	1745	0	0	0	0	0	0	1657809003725
1244	1745	0	0	0	0	0	0	1657809004745
1244	1745	0	0	0	0	0	0	1657809005765
1244	1745	0	0	0	0	0	0	1657809006785
1244	1745	0	0	0	0	0	0	1657809007805
1244	1745	0	0	0	0	0	0	1657809008825
1244	1745	0	0	0	0	0	0	1657809009845
1244	1745	0	0	0	0	0	0	1657809010865
1243	1745	0	0	0	0	0	0	1657809011885
1243	1745	0	0	0	0	0	0	1657809012905
1243	1745	0	0	0	0	0	0	1657809013925
1242	1745	0	0	0	0	0	0	1657809014945
1242	1745	0	0	0	0	0	0	1657809015965
1242	1745	0	0	0	0	0	0	1657809016985
1241	1745	0	0	0	0	0	0	1657809018005
1237	1745	0	0	0	0	0	0	1657809019025
1236	1745	0	0	0	0	0	0	1657809020045
1238	1745	0	0	0	0	0	0	1657809021065
1239	1739	0	0	0	0	0	0	1657809022085
1239	1737	0	0	0	0	0	0	1657809023105
1241	1734	0	0	0	0	0	0	1657809024125
1242	1730	0	0	0	0	0	0	1657809025145
1242	1728	0	0	0	0	0	0	1657809026165
1242	1726	0	0	0	0	0	0	1657809027185
1242	1726	0	0	0	0	0	0	1657809028205
1241	1723	0	0	0	0	0	0	1657809029225
1242	1722	0	0	0	0	0	0	1657809030245
1242	1721	0	0	0	0	0	0	1657809031265
1239	1721	0	0	0	0	0	0	1657809032285
1239	1720	0	0	0	0	0	0	1657809033305
1240	1721	0	0	0	0	0	0	1657809034325
1240	1721	0	0	0	0	0	0	1657809035345
1238	1721	0	0	0	0	0	0	1657809036365
1238	1723	0	0	0	0	0	0	1657809037385
1240	1723	0	0	0	0	0	0	1657809038405
1242	1721	0	0	0	0	0	0	1657809039425
1243	1719	0	0	0	0	0	0	1657809040445
1243	1718	0	0	0	0	0	0	1657809041465
1243	1718	0	0	0	0	0	0	1657809042485
1242	1718	0	0	0	0	0	0	1657809043505
1241	1718	0	0	0	0	0	0	1657809044525
1240	1717	0	0	0	0	0	0	1657809045545
1241	1717	0	0	0	0	0	0	1657809046565
1241	1717	0	0	0	0	0	0	1657809047585
1241	1717	0	0	0	0	0	0	1657809048605
1241	1717	0	0	0	0	0	0	1657809049625
1242	1717	0	0	0	0	0	0	1657809050645
1241	1717	0	0	0	0	0	0	1657809051665
1241	1717	0	0	0	0	0	0	1657809052685
1241	1717	0	0	0	0	0	0	1657809053705
1239	1717	0	0	0	0	0	0	1657809054725
1238	1717	0	0	0	0	0	0	1657809055745
1238	1717	0	0	0	0	0	0	1657809056765
1237	1717	0	0	0	0	0	0	1657809057785
1237	1717	0	0	0	0	0	0	1657809058805
1238	1717	0	0	0	0	0	0	1657809059825
1239	1717	0	0	0	0	0	0	1657809060845
1238	1717	0	0	0	0	0	0	1657809061865
1238	1717	0	0	0	0	0	0	1657809062885
1237	1717	0	0	0	0	0	0	1657809063905
1236	1717	0	0	0	0	0	0	1657809064925
1237	1717	0	0	0	0	0	0	1657809065945
1235	1717	0	0	0	0	0	0	1657809066965
1235	1717	0	0	0	0	0	0	1657809067985
1237	1717	0	0	0	0	0	0	1657809069005
1236	1717	0	0	0	0	0	0	1657809070025
1234	1717	0	0	0	0	0	0	1657809071045
1234	1717	0	0	0	0	0	0	1657809072065
1233	1717	0	0	0	0	0	0	1657809073085
1232	1717	0	0	0	0	0	0	1657809074105
1231	1717	0	0	0	0	0	0	1657809075125
1231	1717	0	0	0	0	0	0	1657809076145
1231	1717	0	0	0	0	0	0	1657809077165
1230	1717	0	0	0	0	0	0	1657809078185
1228	1717	0	0	0	0	0	0	1657809079205
1228	1717	0	0	0	0	0	0	1657809080225
1226	1717	0	0	0	0	0	0	1657809081245
1225	1717	0	0	0	0	0	0	1657809082265
1224	1717	0	0	0	0	0	0	1657809083285
1223	1717	0	0	0	0	0	0	1657809084305
1224	1717	0	0	0	0	0	0	1657809085325
1224	1717	0	0	0	0	0	0	1657809086345
1222	1717	0	0	0	0	0	0	1657809087365
1223	1717	0	0	0	0	0	0	1657809088385
1223	1717	0	0	0	0	0	0	1657809089405
1221	1717	0	0	0	0	0	0	1657809090425
1219	1717	0	0	0	0	0	0	1657809091445
1218	1717	0	0	0	0	0	0	1657809092465
1218	1717	0	0	0	0	0	0	1657809093485
1219	1717	0	0	0	0	0	0	1657809094505
1218	1717	0	0	0	0	0	0	1657809095525
1218	1717	0	0	0	0	0	0	1657809096545
1218	1717	0	0	0	0	0	0	1657809097565
1217	1717	0	0	0	0	0	0	1657809098585
1217	1717	0	0	0	0	0	0	1657809099605
1217	1717	0	0	0	0	0	0	1657809100625
1217	1717	0	0	0	0	0	0	1657809101645
1217	1717	0	0	0	0	0	0	1657809102665
1217	1717	0	0	0	0	0	0	1657809103685
1217	1717	0	0	0	0	0	0	1657809104705
1217	1717	0	0	0	0	0	0	1657809105725
1217	1717	0	0	0	0	0	0	1657809106745
1217	1717	0	0	0	0	0	0	1657809107765
1217	1715	0	0	0	0	0	0	1657809108785
1217	1713	0	0	0	0	0	0	1657809109805
1217	1712	0	0	0	0	0	0	1657809110825
1217	1722	0	0	0	0	0	0	1657809111845
1217	1744	0	0	0	0	0	0	1657809112865
1217	1772	0	0	0	0	0	0	1657809113885
1222	1756	0	0	0	0	0	0	1657809114905
1221	1741	0	0	0	0	0	0	1657809115925
1220	1731	0	0	0	0	0	0	1657809116945
1219	1725	0	0	0	0	0	0	1657809117965
1218	1722	0	0	0	0	0	0	1657809118985
1217	1720	0	0	0	0	0	0	1657809120005
1217	1719	0	0	0	0	0	0	1657809121025
1217	1718	0	0	0	0	0	0	1657809122045
1217	1718	0	0	0	0	0	0	1657809123065
1217	1718	0	0	0	0	0	0	1657809124085
1217	1718	0	0	0	0	0	0	1657809125105
1217	1718	0	0	0	0	0	0	1657809126125
1217	1718	0	0	0	0	0	0	1657809127145
1217	1718	0	0	0	0	0	0	1657809128165
1217	1718	0	0	0	0	0	0	1657809129185
1217	1718	0	0	0	0	0	0	1657809130205
1217	1718	0	0	0	0	0	0	1657809131225
1217	1718	0	0	0	0	0	0	1657809132245
1217	1718	0	0	0	0	0	0	1657809133265
1217	1718	0	0	0	0	0	0	1657809134285
1217	1718	0	0	0	0	0	0	1657809135305
1217	1718	0	0	0	0	0	0	1657809136325
1217	1718	0	0	0	0	0	0	1657809137345
1217	1717	0	0	0	0	0	0	1657809138365
1217	1717	0	0	0	0	0	0	1657809139385
1217	1717	0	0	0	0	0	0	1657809140405
1217	1717	0	0	0	0	0	0	1657809141425
1217	1717	0	0	0	0	0	0	1657809142445
1217	1717	0	0	0	0	0	0	1657809143465
1217	1718	0	0	0	0	0	0	1657809144485
1217	1718	0	0	0	0	0	0	1657809145505
1217	1718	0	0	0	0	0	0	1657809146525
1217	1718	0	0	0	0	0	0	1657809147545
1217	1718	0	0	0	0	0	0	1657809148565
1217	1718	0	0	0	0	0	0	1657809149585
1217	1718	0	0	0	0	0	0	1657809150605
1217	1718	0	0	0	0	0	0	1657809151625
1217	1718	0	0	0	0	0	0	1657809152645
1217	1717	0	0	0	0	0	0	1657809153665
1217	1717	0	0	0	0	0	0	1657809154685
1217	1717	0	0	0	0	0	0	1657809155705
1217	1717	0	0	0	0	0	0	1657809156725
1217	1717	0	0	0	0	0	0	1657809157745
1217	1717	0	0	0	0	0	0	1657809158765
1217	1717	0	0	0	0	0	0	1657809159785
1217	1717	0	0	0	0	0	0	1657809160805
1217	1717	0	0	0	0	0	0	1657809161825
1217	1717	0	0	0	0	0	0	1657809162845
1217	1717	0	0	0	0	0	0	1657809163865
1217	1717	0	0	0	0	0	0	1657809164885
1217	1717	0	0	0	0	0	0	1657809165905
1217	1717	0	0	0	0	0	0	1657809166925
1217	1717	0	0	0	0	0	0	1657809167945
1217	1717	0	0	0	0	0	0	1657809168965
1217	1717	0	0	0	0	0	0	1657809169985
1217	1717	0	0	0	0	0	0	1657809171005
1217	1717	0	0	0	0	0	0	1657809172025
1217	1717	0	0	0	0	0	0	1657809173045
1217	1717	0	0	0	0	0	0	1657809174065
1217	1717	0	0	0	0	0	0	1657809175085
1217	1717	0	0	0	0	0	0	1657809176105
1217	1717	0	0	0	0	0	0	1657809177125
1217	1717	0	0	0	0	0	0	1657809178145
1217	1717	0	0	0	0	0	0	1657809179165
1217	1717	0	0	0	0	0	0	1657809180185
1217	1717	0	0	0	0	0	0	1657809181205
1217	1717	0	0	0	0	0	0	1657809182225
1217	1717	0	0	0	0	0	0	1657809183245
1217	1717	0	0	0	0	0	0	1657809184265
1217	1717	0	0	0	0	0	0	1657809185285
1217	1717	0	0	0	0	0	0	1657809186305
1217	1724	0	0	0	0	0	0	1657809187325
1217	1721	0	0	0	0	0	0	1657809188345
1217	1719	0	0	0	0	0	0	1657809189365
1217	1718	0	0	0	0	0	0	1657809190385
1217	1718	0	0	0	0	0	0	1657809191405
1217	1717	0	0	0	0	0	0	1657809192425
1217	1717	0	0	0	0	0	0	1657809193445
1217	1717	0	0	0	0	0	0	1657809194465
1217	1717	0	0	0	0	0	0	1657809195485
1217	1717	0	0	0	0	0	0	1657809196505
1217	1717	0	0	0	0	0	0	1657809197525
1217	1717	0	0	0	0	0	0	1657809198545
1217	1717	0	0	0	0	0	0	1657809199565
1217	1717	0	0	0	0	0	0	1657809200585
1217	1717	0	0	0	0	0	0	1657809201605
1217	1717	0	0	0	0	0	0	1657809202625
1217	1717	0	0	0	0	0	0	1657809203645
1217	1717	0	0	0	0	0	0	1657809204665
1217	1717	0	0	0	0	0	0	1657809205685
1217	1714	0	0	0	0	0	0	1657809206705
1217	1710	0	0	0	0	0	0	1657809207725
1217	1710	0	0	0	0	0	0	1657809208745
1217	1712	0	0	0	0	0	0	1657809209765
1217	1712	0	0	0	0	0	0	1657809210785
1217	1713	0	0	0	0	0	0	1657809211805
