2368	1097	0	0	0	0	0	0	1656508975439
2352	1090	0	0	0	0	0	0	1656508976459
2338	1086	0	0	0	0	0	0	1656508977479
2324	1082	0	0	0	0	0	0	1656508978499
2315	1071	0	0	0	0	0	0	1656508979519
2299	1063	0	0	0	0	0	0	1656508980539
2289	1058	0	0	0	0	0	0	1656508981559
2283	1055	0	0	0	0	0	0	1656508982579
2276	1054	0	0	0	0	0	0	1656508983599
2264	1053	0	0	0	0	0	0	1656508984619
2256	1052	0	0	0	0	0	0	1656508985639
2252	1051	0	0	0	0	0	0	1656508986659
2249	1045	0	0	0	0	0	0	1656508987679
2246	1039	0	0	0	0	0	0	1656508988699
2236	1033	0	0	0	0	0	0	1656508989719
2229	1029	0	0	0	0	0	0	1656508990739
2224	1027	0	0	0	0	0	0	1656508991759
2222	1026	0	0	0	0	0	0	1656508992779
2220	1025	0	0	0	0	0	0	1656508993799
2219	1024	0	0	0	0	0	0	1656508994819
2217	1024	0	0	0	0	0	0	1656508995839
2211	1024	0	0	0	0	0	0	1656508996859
2203	1024	0	0	0	0	0	0	1656508997879
2198	1024	0	0	0	0	0	0	1656508998899
2195	1024	0	0	0	0	0	0	1656508999919
2193	1024	0	0	0	0	0	0	1656509000939
2192	1024	0	0	0	0	0	0	1656509001959
2191	1024	0	0	0	0	0	0	1656509002979
2191	1024	0	0	0	0	0	0	1656509003999
2190	1024	0	0	0	0	0	0	1656509005019
2187	1024	0	0	0	0	0	0	1656509006039
2181	1024	0	0	0	0	0	0	1656509007059
2173	1024	0	0	0	0	0	0	1656509008079
2168	1024	0	0	0	0	0	0	1656509009099
2166	1021	0	0	0	0	0	0	1656509010119
2165	1021	0	0	0	0	0	0	1656509011139
2163	1017	0	0	0	0	0	0	1656509012159
2162	1011	0	0	0	0	0	0	1656509013179
2162	1005	0	0	0	0	0	0	1656509014199
2162	1001	0	0	0	0	0	0	1656509015219
2161	999	0	0	0	0	0	0	1656509016239
2157	998	0	0	0	0	0	0	1656509017259
2150	997	0	0	0	0	0	0	1656509018279
2144	996	0	0	0	0	0	0	1656509019299
2140	996	0	0	0	0	0	0	1656509020319
2138	996	0	0	0	0	0	0	1656509021339
2136	996	0	0	0	0	0	0	1656509022359
2135	996	0	0	0	0	0	0	1656509023379
2135	996	0	0	0	0	0	0	1656509024399
2134	996	0	0	0	0	0	0	1656509025419
2134	996	0	0	0	0	0	0	1656509026439
2134	996	0	0	0	0	0	0	1656509027459
2134	996	0	0	0	0	0	0	1656509028479
2132	996	0	0	0	0	0	0	1656509029499
2130	996	0	0	0	0	0	0	1656509030519
2125	996	0	0	0	0	0	0	1656509031539
2118	996	0	0	0	0	0	0	1656509032559
2113	996	0	0	0	0	0	0	1656509033579
2110	996	0	0	0	0	0	0	1656509034599
2108	996	0	0	0	0	0	0	1656509035619
2107	996	0	0	0	0	0	0	1656509036639
2107	996	0	0	0	0	0	0	1656509037659
2107	996	0	0	0	0	0	0	1656509038679
2106	996	0	0	0	0	0	0	1656509039699
2106	996	0	0	0	0	0	0	1656509040719
2106	996	0	0	0	0	0	0	1656509041739
2106	996	0	0	0	0	0	0	1656509042759
2106	996	0	0	0	0	0	0	1656509043779
2106	996	0	0	0	0	0	0	1656509044799
2104	996	0	0	0	0	0	0	1656509045819
2097	996	0	0	0	0	0	0	1656509046839
2089	996	0	0	0	0	0	0	1656509047859
2085	996	0	0	0	0	0	0	1656509048879
2082	996	0	0	0	0	0	0	1656509049899
2080	996	0	0	0	0	0	0	1656509050919
2079	996	0	0	0	0	0	0	1656509051939
2079	996	0	0	0	0	0	0	1656509052959
2079	996	0	0	0	0	0	0	1656509053979
2078	996	0	0	0	0	0	0	1656509054999
2078	996	0	0	0	0	0	0	1656509056019
2078	996	0	0	0	0	0	0	1656509057039
2078	996	0	0	0	0	0	0	1656509058059
2078	996	0	0	0	0	0	0	1656509059079
2077	996	0	0	0	0	0	0	1656509060099
2077	996	0	0	0	0	0	0	1656509061119
2075	996	0	0	0	0	0	0	1656509062139
2067	996	0	0	0	0	0	0	1656509063159
2060	996	0	0	0	0	0	0	1656509064179
2056	996	0	0	0	0	0	0	1656509065199
2054	996	0	0	0	0	0	0	1656509066219
2052	996	0	0	0	0	0	0	1656509067239
2051	996	0	0	0	0	0	0	1656509068259
2051	996	0	0	0	0	0	0	1656509069279
2051	996	0	0	0	0	0	0	1656509070299
2051	996	0	0	0	0	0	0	1656509071319
2050	996	0	0	0	0	0	0	1656509072339
2050	996	0	0	0	0	0	0	1656509073359
2050	996	0	0	0	0	0	0	1656509074379
2050	996	0	0	0	0	0	0	1656509075399
2050	996	0	0	0	0	0	0	1656509076419
2049	996	0	0	0	0	0	0	1656509077439
2048	996	0	0	0	0	0	0	1656509078459
2042	996	0	0	0	0	0	0	1656509079479
2036	996	0	0	0	0	0	0	1656509080499
2030	996	0	0	0	0	0	0	1656509081519
2027	996	0	0	0	0	0	0	1656509082539
2025	996	0	0	0	0	0	0	1656509083559
2024	996	0	0	0	0	0	0	1656509084579
2023	996	0	0	0	0	0	0	1656509085599
2023	996	0	0	0	0	0	0	1656509086619
2023	996	0	0	0	0	0	0	1656509087639
2023	996	0	0	0	0	0	0	1656509088659
2023	996	0	0	0	0	0	0	1656509089679
2023	995	0	0	0	0	0	0	1656509090699
2023	995	0	0	0	0	0	0	1656509091719
2023	993	0	0	0	0	0	0	1656509092739
2022	992	0	0	0	0	0	0	1656509093759
2022	990	0	0	0	0	0	0	1656509094779
2021	988	0	0	0	0	0	0	1656509095799
2018	988	0	0	0	0	0	0	1656509096819
2011	987	0	0	0	0	0	0	1656509097839
2004	986	0	0	0	0	0	0	1656509098859
2000	984	0	0	0	0	0	0	1656509099879
1997	983	0	0	0	0	0	0	1656509100899
11198	982	0	0	0	0	0	0	1656509101919
7516	980	0	0	0	0	0	0	1656509102939
5307	978	0	0	0	0	0	0	1656509103959
3982	977	0	0	0	0	0	0	1656509104979
3187	975	0	0	0	0	0	0	1656509105999
2710	973	0	0	0	0	0	0	1656509107019
2424	971	0	0	0	0	0	0	1656509108039
2252	972	0	0	0	0	0	0	1656509109059
2149	971	0	0	0	0	0	0	1656509110079
2087	971	0	0	0	0	0	0	1656509111099
2050	970	0	0	0	0	0	0	1656509112119
2028	969	0	0	0	0	0	0	1656509113139
2014	970	0	0	0	0	0	0	1656509114159
2006	969	0	0	0	0	0	0	1656509115179
2000	969	0	0	0	0	0	0	1656509116199
1996	969	0	0	0	0	0	0	1656509117219
1991	977	0	0	0	0	0	0	1656509118239
1984	974	0	0	0	0	0	0	1656509119259
1977	971	0	0	0	0	0	0	1656509120279
1973	970	0	0	0	0	0	0	1656509121299
1970	969	0	0	0	0	0	0	1656509122319
1968	969	0	0	0	0	0	0	1656509123339
1967	969	0	0	0	0	0	0	1656509124359
1966	969	0	0	0	0	0	0	1656509125379
1966	969	0	0	0	0	0	0	1656509126399
1966	969	0	0	0	0	0	0	1656509127419
1966	969	0	0	0	0	0	0	1656509128439
1966	968	0	0	0	0	0	0	1656509129459
1966	968	0	0	0	0	0	0	1656509130479
1966	968	0	0	0	0	0	0	1656509131499
1966	968	0	0	0	0	0	0	1656509132519
1966	968	0	0	0	0	0	0	1656509133539
1966	968	0	0	0	0	0	0	1656509134559
1966	968	0	0	0	0	0	0	1656509135579
1966	968	0	0	0	0	0	0	1656509136599
1966	968	0	0	0	0	0	0	1656509137619
1965	968	0	0	0	0	0	0	1656509138639
1965	968	0	0	0	0	0	0	1656509139659
1965	968	0	0	0	0	0	0	1656509140679
1963	968	0	0	0	0	0	0	1656509141699
1960	968	0	0	0	0	0	0	1656509142719
1956	968	0	0	0	0	0	0	1656509143739
1951	968	0	0	0	0	0	0	1656509144759
1946	968	0	0	0	0	0	0	1656509145779
1943	968	0	0	0	0	0	0	1656509146799
1941	968	0	0	0	0	0	0	1656509147819
1940	968	0	0	0	0	0	0	1656509148839
1939	968	0	0	0	0	0	0	1656509149859
1938	968	0	0	0	0	0	0	1656509150879
1938	968	0	0	0	0	0	0	1656509151899
1938	968	0	0	0	0	0	0	1656509152919
1938	968	0	0	0	0	0	0	1656509153939
1938	968	0	0	0	0	0	0	1656509154959
1938	968	0	0	0	0	0	0	1656509155979
1938	968	0	0	0	0	0	0	1656509156999
1938	968	0	0	0	0	0	0	1656509158019
1938	968	0	0	0	0	0	0	1656509159039
1938	968	0	0	0	0	0	0	1656509160059
1938	968	0	0	0	0	0	0	1656509161079
1938	968	0	0	0	0	0	0	1656509162099
1938	968	0	0	0	0	0	0	1656509163119
1938	967	0	0	0	0	0	0	1656509164139
1938	967	0	0	0	0	0	0	1656509165159
1938	967	0	0	0	0	0	0	1656509166179
1938	967	0	0	0	0	0	0	1656509167199
1937	967	0	0	0	0	0	0	1656509168219
1937	967	0	0	0	0	0	0	1656509169239
1937	967	0	0	0	0	0	0	1656509170259
1936	967	0	0	0	0	0	0	1656509171279
1935	967	0	0	0	0	0	0	1656509172299
1931	967	0	0	0	0	0	0	1656509173319
1926	967	0	0	0	0	0	0	1656509174339
1924	965	0	0	0	0	0	0	1656509175359
1919	964	0	0	0	0	0	0	1656509176379
1916	964	0	0	0	0	0	0	1656509177399
1914	964	0	0	0	0	0	0	1656509178419
1913	964	0	0	0	0	0	0	1656509179439
1912	955	0	0	0	0	0	0	1656509180459
1911	949	0	0	0	0	0	0	1656509181479
1911	946	0	0	0	0	0	0	1656509182499
1911	944	0	0	0	0	0	0	1656509183519
1910	942	0	0	0	0	0	0	1656509184539
1910	941	0	0	0	0	0	0	1656509185559
1910	941	0	0	0	0	0	0	1656509186579
1910	941	0	0	0	0	0	0	1656509187599
1910	941	0	0	0	0	0	0	1656509188619
1910	940	0	0	0	0	0	0	1656509189639
1910	940	0	0	0	0	0	0	1656509190659
1910	940	0	0	0	0	0	0	1656509191679
1910	940	0	0	0	0	0	0	1656509192699
1910	940	0	0	0	0	0	0	1656509193719
1910	940	0	0	0	0	0	0	1656509194739
1910	940	0	0	0	0	0	0	1656509195759
1910	940	0	0	0	0	0	0	1656509196779
1910	940	0	0	0	0	0	0	1656509197799
1910	940	0	0	0	0	0	0	1656509198819
1910	940	0	0	0	0	0	0	1656509199839
1910	940	0	0	0	0	0	0	1656509200859
1910	940	0	0	0	0	0	0	1656509201879
1910	940	0	0	0	0	0	0	1656509202899
1910	940	0	0	0	0	0	0	1656509203919
1910	940	0	0	0	0	0	0	1656509204939
1910	940	0	0	0	0	0	0	1656509205959
1910	940	0	0	0	0	0	0	1656509206979
1910	940	0	0	0	0	0	0	1656509207999
1909	940	0	0	0	0	0	0	1656509209019
1909	940	0	0	0	0	0	0	1656509210039
1907	940	0	0	0	0	0	0	1656509211059
1903	940	0	0	0	0	0	0	1656509212079
1900	940	0	0	0	0	0	0	1656509213099
1896	940	0	0	0	0	0	0	1656509214119
1892	940	0	0	0	0	0	0	1656509215139
1889	940	0	0	0	0	0	0	1656509216159
1887	940	0	0	0	0	0	0	1656509217179
1885	940	0	0	0	0	0	0	1656509218199
1884	940	0	0	0	0	0	0	1656509219219
1884	940	0	0	0	0	0	0	1656509220239
1883	940	0	0	0	0	0	0	1656509221259
1883	940	0	0	0	0	0	0	1656509222279
1883	940	0	0	0	0	0	0	1656509223299
1883	940	0	0	0	0	0	0	1656509224319
1883	940	0	0	0	0	0	0	1656509225339
1882	940	0	0	0	0	0	0	1656509226359
1882	940	0	0	0	0	0	0	1656509227379
1882	940	0	0	0	0	0	0	1656509228399
1882	940	0	0	0	0	0	0	1656509229419
1882	940	0	0	0	0	0	0	1656509230439
1882	940	0	0	0	0	0	0	1656509231459
1882	940	0	0	0	0	0	0	1656509232479
1882	940	0	0	0	0	0	0	1656509233499
1882	940	0	0	0	0	0	0	1656509234519
1882	940	0	0	0	0	0	0	1656509235539
1882	940	0	0	0	0	0	0	1656509236559
1882	940	0	0	0	0	0	0	1656509237579
1882	940	0	0	0	0	0	0	1656509238599
1882	940	0	0	0	0	0	0	1656509239619
1882	940	0	0	0	0	0	0	1656509240639
1882	940	0	0	0	0	0	0	1656509241659
1882	940	0	0	0	0	0	0	1656509242679
1882	940	0	0	0	0	0	0	1656509243699
1882	940	0	0	0	0	0	0	1656509244719
1882	940	0	0	0	0	0	0	1656509245739
1882	940	0	0	0	0	0	0	1656509246759
1882	940	0	0	0	0	0	0	1656509247779
1882	940	0	0	0	0	0	0	1656509248799
1882	940	0	0	0	0	0	0	1656509249819
1882	940	0	0	0	0	0	0	1656509250839
1882	940	0	0	0	0	0	0	1656509251859
1882	940	0	0	0	0	0	0	1656509252879
1882	940	0	0	0	0	0	0	1656509253899
1882	940	0	0	0	0	0	0	1656509254919
1882	940	0	0	0	0	0	0	1656509255939
1882	940	0	0	0	0	0	0	1656509256959
1882	940	0	0	0	0	0	0	1656509257979
1882	940	0	0	0	0	0	0	1656509258999
1882	940	0	0	0	0	0	0	1656509260019
1882	940	0	0	0	0	0	0	1656509261039
1882	940	0	0	0	0	0	0	1656509262059
1882	940	0	0	0	0	0	0	1656509263079
1881	940	0	0	0	0	0	0	1656509264099
1880	940	0	0	0	0	0	0	1656509265119
1880	940	0	0	0	0	0	0	1656509266139
1877	940	0	0	0	0	0	0	1656509267159
1876	940	0	0	0	0	0	0	1656509268179
1875	940	0	0	0	0	0	0	1656509269199
1873	940	0	0	0	0	0	0	1656509270219
1869	940	0	0	0	0	0	0	1656509271239
1867	940	0	0	0	0	0	0	1656509272259
1864	940	0	0	0	0	0	0	1656509273279
1862	940	0	0	0	0	0	0	1656509274299
1860	940	0	0	0	0	0	0	1656509275319
1858	940	0	0	0	0	0	0	1656509276339
1858	940	0	0	0	0	0	0	1656509277359
1857	940	0	0	0	0	0	0	1656509278379
1857	940	0	0	0	0	0	0	1656509279399
1856	940	0	0	0	0	0	0	1656509280419
1855	940	0	0	0	0	0	0	1656509281439
1855	940	0	0	0	0	0	0	1656509282459
1855	940	0	0	0	0	0	0	1656509283479
1855	940	0	0	0	0	0	0	1656509284499
1855	940	0	0	0	0	0	0	1656509285519
1854	940	0	0	0	0	0	0	1656509286539
1854	940	0	0	0	0	0	0	1656509287559
1854	940	0	0	0	0	0	0	1656509288579
1854	940	0	0	0	0	0	0	1656509289599
1854	940	0	0	0	0	0	0	1656509290619
1854	940	0	0	0	0	0	0	1656509291639
1854	940	0	0	0	0	0	0	1656509292659
1854	940	0	0	0	0	0	0	1656509293679
1854	940	0	0	0	0	0	0	1656509294699
1854	940	0	0	0	0	0	0	1656509295719
1854	940	0	0	0	0	0	0	1656509296739
1854	940	0	0	0	0	0	0	1656509297759
1854	940	0	0	0	0	0	0	1656509298779
1854	940	0	0	0	0	0	0	1656509299799
1854	940	0	0	0	0	0	0	1656509300819
1854	940	0	0	0	0	0	0	1656509301839
1854	940	0	0	0	0	0	0	1656509302859
1854	939	0	0	0	0	0	0	1656509303879
1854	939	0	0	0	0	0	0	1656509304899
1854	939	0	0	0	0	0	0	1656509305919
1854	939	0	0	0	0	0	0	1656509306939
1854	939	0	0	0	0	0	0	1656509307959
1854	939	0	0	0	0	0	0	1656509308979
1854	939	0	0	0	0	0	0	1656509309999
1854	939	0	0	0	0	0	0	1656509311019
1854	940	0	0	0	0	0	0	1656509312039
1854	939	0	0	0	0	0	0	1656509313059
1854	939	0	0	0	0	0	0	1656509314079
1854	939	0	0	0	0	0	0	1656509315099
1854	938	0	0	0	0	0	0	1656509316119
1854	937	0	0	0	0	0	0	1656509317139
1854	936	0	0	0	0	0	0	1656509318159
1854	938	0	0	0	0	0	0	1656509319179
1854	936	0	0	0	0	0	0	1656509320199
1854	927	0	0	0	0	0	0	1656509321219
1854	921	0	0	0	0	0	0	1656509322239
1854	918	0	0	0	0	0	0	1656509323259
1854	916	0	0	0	0	0	0	1656509324279
1854	915	0	0	0	0	0	0	1656509325299
1854	914	0	0	0	0	0	0	1656509326319
1854	913	0	0	0	0	0	0	1656509327339
1854	913	0	0	0	0	0	0	1656509328359
1854	913	0	0	0	0	0	0	1656509329379
1854	922	0	0	0	0	0	0	1656509330399
1854	923	0	0	0	0	0	0	1656509331419
1854	919	0	0	0	0	0	0	1656509332439
1854	916	0	0	0	0	0	0	1656509333459
1854	915	0	0	0	0	0	0	1656509334479
1854	914	0	0	0	0	0	0	1656509335499
1854	913	0	0	0	0	0	0	1656509336519
1854	913	0	0	0	0	0	0	1656509337539
1854	913	0	0	0	0	0	0	1656509338559
1854	913	0	0	0	0	0	0	1656509339579
1854	913	0	0	0	0	0	0	1656509340599
1854	913	0	0	0	0	0	0	1656509341619
1852	913	0	0	0	0	0	0	1656509342639
1852	913	0	0	0	0	0	0	1656509343659
1851	913	0	0	0	0	0	0	1656509344679
1850	913	0	0	0	0	0	0	1656509345699
1850	913	0	0	0	0	0	0	1656509346719
1850	913	0	0	0	0	0	0	1656509347739
1850	913	0	0	0	0	0	0	1656509348759
1847	913	0	0	0	0	0	0	1656509349779
1845	913	0	0	0	0	0	0	1656509350799
1844	913	0	0	0	0	0	0	1656509351819
1841	913	0	0	0	0	0	0	1656509352839
1841	913	0	0	0	0	0	0	1656509353859
1839	913	0	0	0	0	0	0	1656509354879
1836	913	0	0	0	0	0	0	1656509355899
1833	913	0	0	0	0	0	0	1656509356919
1830	913	0	0	0	0	0	0	1656509357939
1829	913	0	0	0	0	0	0	1656509358959
1829	913	0	0	0	0	0	0	1656509359979
1829	913	0	0	0	0	0	0	1656509360999
1829	913	0	0	0	0	0	0	1656509362019
1828	911	0	0	0	0	0	0	1656509363039
1828	912	0	0	0	0	0	0	1656509364059
1828	912	0	0	0	0	0	0	1656509365079
1828	912	0	0	0	0	0	0	1656509366099
1828	912	0	0	0	0	0	0	1656509367119
1827	912	0	0	0	0	0	0	1656509368139
1827	912	0	0	0	0	0	0	1656509369159
1826	912	0	0	0	0	0	0	1656509370179
1826	912	0	0	0	0	0	0	1656509371199
1826	912	0	0	0	0	0	0	1656509372219
1826	912	0	0	0	0	0	0	1656509373239
1826	912	0	0	0	0	0	0	1656509374259
1826	912	0	0	0	0	0	0	1656509375279
1826	912	0	0	0	0	0	0	1656509376299
1826	912	0	0	0	0	0	0	1656509377319
1826	912	0	0	0	0	0	0	1656509378339
1826	912	0	0	0	0	0	0	1656509379359
1826	912	0	0	0	0	0	0	1656509380379
1826	912	0	0	0	0	0	0	1656509381399
1826	912	0	0	0	0	0	0	1656509382419
1826	912	0	0	0	0	0	0	1656509383439
1826	912	0	0	0	0	0	0	1656509384459
1826	912	0	0	0	0	0	0	1656509385479
1826	912	0	0	0	0	0	0	1656509386499
1826	912	0	0	0	0	0	0	1656509387519
1826	912	0	0	0	0	0	0	1656509388539
1826	912	0	0	0	0	0	0	1656509389559
1826	912	0	0	0	0	0	0	1656509390579
1826	912	0	0	0	0	0	0	1656509391599
1826	912	0	0	0	0	0	0	1656509392619
1826	912	0	0	0	0	0	0	1656509393639
1826	912	0	0	0	0	0	0	1656509394659
1826	912	0	0	0	0	0	0	1656509395679
1826	912	0	0	0	0	0	0	1656509396699
1826	912	0	0	0	0	0	0	1656509397719
1826	10547	0	0	0	0	0	0	1656509398739
1826	6693	0	0	0	0	0	0	1656509399759
1826	4381	0	0	0	0	0	0	1656509400779
1826	2993	0	0	0	0	0	0	1656509401799
1826	2161	0	0	0	0	0	0	1656509402819
1826	1661	0	0	0	0	0	0	1656509403839
1826	1362	0	0	0	0	0	0	1656509404859
1826	1182	0	0	0	0	0	0	1656509405879
1826	1074	0	0	0	0	0	0	1656509406899
1826	1009	0	0	0	0	0	0	1656509407919
1826	970	0	0	0	0	0	0	1656509408939
1826	947	0	0	0	0	0	0	1656509409959
1826	933	0	0	0	0	0	0	1656509410979
1826	925	0	0	0	0	0	0	1656509411999
1826	920	0	0	0	0	0	0	1656509413019
1826	917	0	0	0	0	0	0	1656509414039
1826	915	0	0	0	0	0	0	1656509415059
1826	914	0	0	0	0	0	0	1656509416079
1826	913	0	0	0	0	0	0	1656509417099
1826	913	0	0	0	0	0	0	1656509418119
1826	913	0	0	0	0	0	0	1656509419139
1826	913	0	0	0	0	0	0	1656509420159
1826	913	0	0	0	0	0	0	1656509421179
1826	913	0	0	0	0	0	0	1656509422199
1826	913	0	0	0	0	0	0	1656509423219
1826	913	0	0	0	0	0	0	1656509424239
1826	913	0	0	0	0	0	0	1656509425259
1826	912	0	0	0	0	0	0	1656509426279
1826	912	0	0	0	0	0	0	1656509427299
1826	912	0	0	0	0	0	0	1656509428319
1826	912	0	0	0	0	0	0	1656509429339
1826	912	0	0	0	0	0	0	1656509430359
1826	912	0	0	0	0	0	0	1656509431379
1826	912	0	0	0	0	0	0	1656509432399
1826	912	0	0	0	0	0	0	1656509433419
1826	912	0	0	0	0	0	0	1656509434439
1826	912	0	0	0	0	0	0	1656509435459
1826	911	0	0	0	0	0	0	1656509436479
1826	911	0	0	0	0	0	0	1656509437499
1826	911	0	0	0	0	0	0	1656509438519
1826	911	0	0	0	0	0	0	1656509439539
1826	911	0	0	0	0	0	0	1656509440559
1826	910	0	0	0	0	0	0	1656509441579
1826	909	0	0	0	0	0	0	1656509442599
1826	908	0	0	0	0	0	0	1656509443619
1826	908	0	0	0	0	0	0	1656509444639
1826	907	0	0	0	0	0	0	1656509445659
1826	907	0	0	0	0	0	0	1656509446679
1826	906	0	0	0	0	0	0	1656509447699
1826	906	0	0	0	0	0	0	1656509448719
1826	904	0	0	0	0	0	0	1656509449739
1826	905	0	0	0	0	0	0	1656509450759
1826	905	0	0	0	0	0	0	1656509451779
1826	905	0	0	0	0	0	0	1656509452799
1826	903	0	0	0	0	0	0	1656509453819
1826	899	0	0	0	0	0	0	1656509454839
1826	902	0	0	0	0	0	0	1656509455859
1826	901	0	0	0	0	0	0	1656509456879
1826	899	0	0	0	0	0	0	1656509457899
1826	898	0	0	0	0	0	0	1656509458919
1825	899	0	0	0	0	0	0	1656509459939
1825	901	0	0	0	0	0	0	1656509460959
1824	901	0	0	0	0	0	0	1656509461979
1823	901	0	0	0	0	0	0	1656509462999
1824	902	0	0	0	0	0	0	1656509464019
1824	900	0	0	0	0	0	0	1656509465039
1825	897	0	0	0	0	0	0	1656509466059
1826	893	0	0	0	0	0	0	1656509467079
1824	892	0	0	0	0	0	0	1656509468099
1823	890	0	0	0	0	0	0	1656509469119
1822	888	0	0	0	0	0	0	1656509470139
1820	888	0	0	0	0	0	0	1656509471159
1818	888	0	0	0	0	0	0	1656509472179
1816	887	0	0	0	0	0	0	1656509473199
1815	886	0	0	0	0	0	0	1656509474219
1812	887	0	0	0	0	0	0	1656509475239
1809	887	0	0	0	0	0	0	1656509476259
1807	887	0	0	0	0	0	0	1656509477279
1806	887	0	0	0	0	0	0	1656509478299
1804	886	0	0	0	0	0	0	1656509479319
1803	885	0	0	0	0	0	0	1656509480339
1802	885	0	0	0	0	0	0	1656509481359
1804	885	0	0	0	0	0	0	1656509482379
1802	885	0	0	0	0	0	0	1656509483399
1801	885	0	0	0	0	0	0	1656509484419
1800	885	0	0	0	0	0	0	1656509485439
1799	885	0	0	0	0	0	0	1656509486459
1799	885	0	0	0	0	0	0	1656509487479
1799	885	0	0	0	0	0	0	1656509488499
1799	885	0	0	0	0	0	0	1656509489519
1799	885	0	0	0	0	0	0	1656509490539
1799	885	0	0	0	0	0	0	1656509491559
1799	885	0	0	0	0	0	0	1656509492579
1798	885	0	0	0	0	0	0	1656509493599
1798	885	0	0	0	0	0	0	1656509494619
1798	885	0	0	0	0	0	0	1656509495639
1798	885	0	0	0	0	0	0	1656509496659
1798	885	0	0	0	0	0	0	1656509497679
1798	885	0	0	0	0	0	0	1656509498699
1798	885	0	0	0	0	0	0	1656509499719
1798	885	0	0	0	0	0	0	1656509500739
1798	885	0	0	0	0	0	0	1656509501759
1798	885	0	0	0	0	0	0	1656509502779
1798	885	0	0	0	0	0	0	1656509503799
1798	885	0	0	0	0	0	0	1656509504819
1798	885	0	0	0	0	0	0	1656509505839
1798	885	0	0	0	0	0	0	1656509506859
1798	885	0	0	0	0	0	0	1656509507879
1798	885	0	0	0	0	0	0	1656509508899
1798	885	0	0	0	0	0	0	1656509509919
1798	885	0	0	0	0	0	0	1656509510939
1798	885	0	0	0	0	0	0	1656509511959
1798	885	0	0	0	0	0	0	1656509512979
1798	885	0	0	0	0	0	0	1656509513999
1798	885	0	0	0	0	0	0	1656509515019
1798	885	0	0	0	0	0	0	1656509516039
1798	885	0	0	0	0	0	0	1656509517059
1798	885	0	0	0	0	0	0	1656509518079
1798	885	0	0	0	0	0	0	1656509519099
1798	885	0	0	0	0	0	0	1656509520119
1798	885	0	0	0	0	0	0	1656509521139
1798	885	0	0	0	0	0	0	1656509522159
1798	885	0	0	0	0	0	0	1656509523179
1798	885	0	0	0	0	0	0	1656509524199
1798	885	0	0	0	0	0	0	1656509525219
1798	885	0	0	0	0	0	0	1656509526239
1798	885	0	0	0	0	0	0	1656509527259
1798	885	0	0	0	0	0	0	1656509528279
1798	885	0	0	0	0	0	0	1656509529299
1798	885	0	0	0	0	0	0	1656509530319
1798	885	0	0	0	0	0	0	1656509531339
1798	885	0	0	0	0	0	0	1656509532359
1798	885	0	0	0	0	0	0	1656509533379
1798	885	0	0	0	0	0	0	1656509534399
1798	885	0	0	0	0	0	0	1656509535419
1798	885	0	0	0	0	0	0	1656509536439
1798	885	0	0	0	0	0	0	1656509537459
1798	885	0	0	0	0	0	0	1656509538479
1798	885	0	0	0	0	0	0	1656509539499
1798	885	0	0	0	0	0	0	1656509540519
1798	885	0	0	0	0	0	0	1656509541539
1798	885	0	0	0	0	0	0	1656509542559
1798	885	0	0	0	0	0	0	1656509543579
1798	885	0	0	0	0	0	0	1656509544599
1798	885	0	0	0	0	0	0	1656509545619
1798	885	0	0	0	0	0	0	1656509546639
1798	885	0	0	0	0	0	0	1656509547659
1798	885	0	0	0	0	0	0	1656509548679
1798	885	0	0	0	0	0	0	1656509549699
1798	885	0	0	0	0	0	0	1656509550719
1798	885	0	0	0	0	0	0	1656509551739
1798	885	0	0	0	0	0	0	1656509552759
1798	885	0	0	0	0	0	0	1656509553779
1798	885	0	0	0	0	0	0	1656509554799
1798	885	0	0	0	0	0	0	1656509555819
1798	885	0	0	0	0	0	0	1656509556839
1798	885	0	0	0	0	0	0	1656509557859
1798	885	0	0	0	0	0	0	1656509558879
1798	885	0	0	0	0	0	0	1656509559899
1798	885	0	0	0	0	0	0	1656509560919
1798	885	0	0	0	0	0	0	1656509561939
1798	885	0	0	0	0	0	0	1656509562959
1798	885	0	0	0	0	0	0	1656509563979
1798	885	0	0	0	0	0	0	1656509564999
1798	885	0	0	0	0	0	0	1656509566019
1798	885	0	0	0	0	0	0	1656509567039
1798	885	0	0	0	0	0	0	1656509568059
1798	885	0	0	0	0	0	0	1656509569079
1798	885	0	0	0	0	0	0	1656509570099
1798	885	0	0	0	0	0	0	1656509571119
1798	885	0	0	0	0	0	0	1656509572139
1798	885	0	0	0	0	0	0	1656509573159
1798	885	0	0	0	0	0	0	1656509574179
1798	885	0	0	0	0	0	0	1656509575199
1798	885	0	0	0	0	0	0	1656509576219
1798	885	0	0	0	0	0	0	1656509577239
1798	885	0	0	0	0	0	0	1656509578259
1798	885	0	0	0	0	0	0	1656509579279
1798	885	0	0	0	0	0	0	1656509580299
1798	885	0	0	0	0	0	0	1656509581319
1798	885	0	0	0	0	0	0	1656509582339
1798	885	0	0	0	0	0	0	1656509583359
1798	885	0	0	0	0	0	0	1656509584379
1798	885	0	0	0	0	0	0	1656509585399
1798	885	0	0	0	0	0	0	1656509586419
1798	885	0	0	0	0	0	0	1656509587439
1798	885	0	0	0	0	0	0	1656509588459
1798	885	0	0	0	0	0	0	1656509589479
1798	885	0	0	0	0	0	0	1656509590499
1798	885	0	0	0	0	0	0	1656509591519
1798	885	0	0	0	0	0	0	1656509592539
1798	885	0	0	0	0	0	0	1656509593559
1798	885	0	0	0	0	0	0	1656509594579
1798	885	0	0	0	0	0	0	1656509595599
1798	885	0	0	0	0	0	0	1656509596619
1798	885	0	0	0	0	0	0	1656509597639
1798	885	0	0	0	0	0	0	1656509598659
1798	885	0	0	0	0	0	0	1656509599679
1798	884	0	0	0	0	0	0	1656509600699
1798	879	0	0	0	0	0	0	1656509601719
1798	873	0	0	0	0	0	0	1656509602739
1798	877	0	0	0	0	0	0	1656509603759
1798	877	0	0	0	0	0	0	1656509604779
1798	876	0	0	0	0	0	0	1656509605799
1798	879	0	0	0	0	0	0	1656509606819
1798	881	0	0	0	0	0	0	1656509607839
1798	881	0	0	0	0	0	0	1656509608859
1798	881	0	0	0	0	0	0	1656509609879
1798	876	0	0	0	0	0	0	1656509610899
1798	870	0	0	0	0	0	0	1656509611919
1798	870	0	0	0	0	0	0	1656509612939
1798	875	0	0	0	0	0	0	1656509613959
1798	877	0	0	0	0	0	0	1656509614979
1798	880	0	0	0	0	0	0	1656509615999
1798	881	0	0	0	0	0	0	1656509617019
1798	882	0	0	0	0	0	0	1656509618039
1798	883	0	0	0	0	0	0	1656509619059
1798	884	0	0	0	0	0	0	1656509620079
1798	884	0	0	0	0	0	0	1656509621099
1798	884	0	0	0	0	0	0	1656509622119
1798	884	0	0	0	0	0	0	1656509623139
1798	884	0	0	0	0	0	0	1656509624159
1798	884	0	0	0	0	0	0	1656509625179
1798	884	0	0	0	0	0	0	1656509626199
1797	884	0	0	0	0	0	0	1656509627219
1796	884	0	0	0	0	0	0	1656509628239
1794	883	0	0	0	0	0	0	1656509629259
1791	883	0	0	0	0	0	0	1656509630279
1790	883	0	0	0	0	0	0	1656509631299
1789	883	0	0	0	0	0	0	1656509632319
1786	882	0	0	0	0	0	0	1656509633339
1783	882	0	0	0	0	0	0	1656509634359
1782	882	0	0	0	0	0	0	1656509635379
1782	882	0	0	0	0	0	0	1656509636399
1780	882	0	0	0	0	0	0	1656509637419
1781	882	0	0	0	0	0	0	1656509638439
1780	883	0	0	0	0	0	0	1656509639459
1779	883	0	0	0	0	0	0	1656509640479
1779	883	0	0	0	0	0	0	1656509641499
1778	883	0	0	0	0	0	0	1656509642519
1778	882	0	0	0	0	0	0	1656509643539
1778	882	0	0	0	0	0	0	1656509644559
1776	882	0	0	0	0	0	0	1656509645579
1775	883	0	0	0	0	0	0	1656509646599
1774	883	0	0	0	0	0	0	1656509647619
1773	883	0	0	0	0	0	0	1656509648639
1773	883	0	0	0	0	0	0	1656509649659
1773	881	0	0	0	0	0	0	1656509650679
1772	876	0	0	0	0	0	0	1656509651699
1772	869	0	0	0	0	0	0	1656509652719
1771	869	0	0	0	0	0	0	1656509653739
1771	870	0	0	0	0	0	0	1656509654759
1771	874	0	0	0	0	0	0	1656509655779
1772	876	0	0	0	0	0	0	1656509656799
1772	877	0	0	0	0	0	0	1656509657819
1771	880	0	0	0	0	0	0	1656509658839
1771	880	0	0	0	0	0	0	1656509659859
1771	881	0	0	0	0	0	0	1656509660879
1771	882	0	0	0	0	0	0	1656509661899
1767	883	0	0	0	0	0	0	1656509662919
1768	884	0	0	0	0	0	0	1656509663939
1769	883	0	0	0	0	0	0	1656509664959
1770	883	0	0	0	0	0	0	1656509665979
1770	884	0	0	0	0	0	0	1656509666999
1771	884	0	0	0	0	0	0	1656509668019
1771	884	0	0	0	0	0	0	1656509669039
1771	883	0	0	0	0	0	0	1656509670059
1771	883	0	0	0	0	0	0	1656509671079
1771	883	0	0	0	0	0	0	1656509672099
1771	884	0	0	0	0	0	0	1656509673119
1771	884	0	0	0	0	0	0	1656509674139
1771	884	0	0	0	0	0	0	1656509675159
1771	884	0	0	0	0	0	0	1656509676179
1771	883	0	0	0	0	0	0	1656509677199
1771	883	0	0	0	0	0	0	1656509678219
1771	883	0	0	0	0	0	0	1656509679239
1771	883	0	0	0	0	0	0	1656509680259
1771	883	0	0	0	0	0	0	1656509681279
1771	883	0	0	0	0	0	0	1656509682299
1771	883	0	0	0	0	0	0	1656509683319
1771	884	0	0	0	0	0	0	1656509684339
1771	883	0	0	0	0	0	0	1656509685359
1771	883	0	0	0	0	0	0	1656509686379
1771	877	0	0	0	0	0	0	1656509687399
1771	869	0	0	0	0	0	0	1656509688419
1771	864	0	0	0	0	0	0	1656509689439
1770	861	0	0	0	0	0	0	1656509690459
1770	859	0	0	0	0	0	0	1656509691479
1770	859	0	0	0	0	0	0	1656509692499
1770	870	0	0	0	0	0	0	1656509693519
1770	865	0	0	0	0	0	0	1656509694539
1770	862	0	0	0	0	0	0	1656509695559
1770	860	0	0	0	0	0	0	1656509696579
1770	859	0	0	0	0	0	0	1656509697599
1770	858	0	0	0	0	0	0	1656509698619
1770	857	0	0	0	0	0	0	1656509699639
1770	857	0	0	0	0	0	0	1656509700659
1770	857	0	0	0	0	0	0	1656509701679
1770	857	0	0	0	0	0	0	1656509702699
1770	857	0	0	0	0	0	0	1656509703719
1770	857	0	0	0	0	0	0	1656509704739
1770	857	0	0	0	0	0	0	1656509705759
1770	857	0	0	0	0	0	0	1656509706779
1770	857	0	0	0	0	0	0	1656509707799
1770	857	0	0	0	0	0	0	1656509708819
1770	857	0	0	0	0	0	0	1656509709839
1770	857	0	0	0	0	0	0	1656509710859
1770	857	0	0	0	0	0	0	1656509711879
1770	857	0	0	0	0	0	0	1656509712899
1770	857	0	0	0	0	0	0	1656509713919
1770	857	0	0	0	0	0	0	1656509714939
1770	857	0	0	0	0	0	0	1656509715959
1770	857	0	0	0	0	0	0	1656509716979
1770	857	0	0	0	0	0	0	1656509717999
1770	857	0	0	0	0	0	0	1656509719019
1770	857	0	0	0	0	0	0	1656509720039
1770	857	0	0	0	0	0	0	1656509721059
1770	857	0	0	0	0	0	0	1656509722079
1770	857	0	0	0	0	0	0	1656509723099
1770	857	0	0	0	0	0	0	1656509724119
1770	857	0	0	0	0	0	0	1656509725139
1770	857	0	0	0	0	0	0	1656509726159
1770	857	0	0	0	0	0	0	1656509727179
1770	857	0	0	0	0	0	0	1656509728199
1770	857	0	0	0	0	0	0	1656509729219
1770	857	0	0	0	0	0	0	1656509730239
1770	857	0	0	0	0	0	0	1656509731259
1770	857	0	0	0	0	0	0	1656509732279
1770	857	0	0	0	0	0	0	1656509733299
1770	857	0	0	0	0	0	0	1656509734319
1770	857	0	0	0	0	0	0	1656509735339
1770	857	0	0	0	0	0	0	1656509736359
1770	857	0	0	0	0	0	0	1656509737379
1770	857	0	0	0	0	0	0	1656509738399
1770	857	0	0	0	0	0	0	1656509739419
1770	857	0	0	0	0	0	0	1656509740439
1770	857	0	0	0	0	0	0	1656509741459
1770	857	0	0	0	0	0	0	1656509742479
1770	857	0	0	0	0	0	0	1656509743499
1770	857	0	0	0	0	0	0	1656509744519
1770	857	0	0	0	0	0	0	1656509745539
1770	857	0	0	0	0	0	0	1656509746559
1770	857	0	0	0	0	0	0	1656509747579
1770	857	0	0	0	0	0	0	1656509748599
1770	857	0	0	0	0	0	0	1656509749619
1770	857	0	0	0	0	0	0	1656509750639
1770	857	0	0	0	0	0	0	1656509751659
1770	857	0	0	0	0	0	0	1656509752679
1770	857	0	0	0	0	0	0	1656509753699
1770	857	0	0	0	0	0	0	1656509754719
1770	857	0	0	0	0	0	0	1656509755739
1770	857	0	0	0	0	0	0	1656509756759
1770	857	0	0	0	0	0	0	1656509757779
1770	857	0	0	0	0	0	0	1656509758799
1770	857	0	0	0	0	0	0	1656509759819
1770	857	0	0	0	0	0	0	1656509760839
1770	863	0	0	0	0	0	0	1656509761859
1770	872	0	0	0	0	0	0	1656509762879
1770	877	0	0	0	0	0	0	1656509763899
1770	880	0	0	0	0	0	0	1656509764919
1770	882	0	0	0	0	0	0	1656509765939
1770	883	0	0	0	0	0	0	1656509766959
1770	884	0	0	0	0	0	0	1656509767979
1770	873	0	0	0	0	0	0	1656509768999
1770	867	0	0	0	0	0	0	1656509770019
1770	863	0	0	0	0	0	0	1656509771039
1770	861	0	0	0	0	0	0	1656509772059
1770	859	0	0	0	0	0	0	1656509773079
1770	858	0	0	0	0	0	0	1656509774099
1770	858	0	0	0	0	0	0	1656509775119
1770	858	0	0	0	0	0	0	1656509776139
1770	856	0	0	0	0	0	0	1656509777159
1770	856	0	0	0	0	0	0	1656509778179
1770	856	0	0	0	0	0	0	1656509779199
1770	856	0	0	0	0	0	0	1656509780219
1770	856	0	0	0	0	0	0	1656509781239
1770	856	0	0	0	0	0	0	1656509782259
1770	856	0	0	0	0	0	0	1656509783279
1770	856	0	0	0	0	0	0	1656509784299
1770	856	0	0	0	0	0	0	1656509785319
1770	856	0	0	0	0	0	0	1656509786339
1770	856	0	0	0	0	0	0	1656509787359
1770	856	0	0	0	0	0	0	1656509788379
1770	856	0	0	0	0	0	0	1656509789399
1770	856	0	0	0	0	0	0	1656509790419
1770	856	0	0	0	0	0	0	1656509791439
1770	856	0	0	0	0	0	0	1656509792459
1770	856	0	0	0	0	0	0	1656509793479
1770	856	0	0	0	0	0	0	1656509794499
1770	856	0	0	0	0	0	0	1656509795519
1770	856	0	0	0	0	0	0	1656509796539
1770	856	0	0	0	0	0	0	1656509797559
1770	856	0	0	0	0	0	0	1656509798579
1770	856	0	0	0	0	0	0	1656509799599
1770	856	0	0	0	0	0	0	1656509800619
1770	856	0	0	0	0	0	0	1656509801639
1770	856	0	0	0	0	0	0	1656509802659
1770	856	0	0	0	0	0	0	1656509803679
1770	856	0	0	0	0	0	0	1656509804699
1770	856	0	0	0	0	0	0	1656509805719
1770	856	0	0	0	0	0	0	1656509806739
1770	856	0	0	0	0	0	0	1656509807759
1770	856	0	0	0	0	0	0	1656509808779
1770	856	0	0	0	0	0	0	1656509809799
1770	856	0	0	0	0	0	0	1656509810819
1770	856	0	0	0	0	0	0	1656509811839
1770	856	0	0	0	0	0	0	1656509812859
1770	856	0	0	0	0	0	0	1656509813879
1770	856	0	0	0	0	0	0	1656509814899
1770	856	0	0	0	0	0	0	1656509815919
1770	856	0	0	0	0	0	0	1656509816939
1769	856	0	0	0	0	0	0	1656509817959
1769	856	0	0	0	0	0	0	1656509818979
1769	856	0	0	0	0	0	0	1656509819999
1769	856	0	0	0	0	0	0	1656509821019
1769	856	0	0	0	0	0	0	1656509822039
1769	856	0	0	0	0	0	0	1656509823059
1769	856	0	0	0	0	0	0	1656509824079
1769	856	0	0	0	0	0	0	1656509825099
1769	856	0	0	0	0	0	0	1656509826119
1768	856	0	0	0	0	0	0	1656509827139
1767	856	0	0	0	0	0	0	1656509828159
1768	856	0	0	0	0	0	0	1656509829179
1766	856	0	0	0	0	0	0	1656509830199
1767	856	0	0	0	0	0	0	1656509831219
1768	856	0	0	0	0	0	0	1656509832239
1766	856	0	0	0	0	0	0	1656509833259
1766	856	0	0	0	0	0	0	1656509834279
1765	856	0	0	0	0	0	0	1656509835299
1765	856	0	0	0	0	0	0	1656509836319
1765	856	0	0	0	0	0	0	1656509837339
1763	856	0	0	0	0	0	0	1656509838359
1762	856	0	0	0	0	0	0	1656509839379
1760	856	0	0	0	0	0	0	1656509840399
1760	856	0	0	0	0	0	0	1656509841419
1760	856	0	0	0	0	0	0	1656509842439
1760	856	0	0	0	0	0	0	1656509843459
1759	856	0	0	0	0	0	0	1656509844479
1758	856	0	0	0	0	0	0	1656509845499
1757	856	0	0	0	0	0	0	1656509846519
1756	856	0	0	0	0	0	0	1656509847539
1751	856	0	0	0	0	0	0	1656509848559
1753	856	0	0	0	0	0	0	1656509849579
1753	856	0	0	0	0	0	0	1656509850599
1753	856	0	0	0	0	0	0	1656509851619
1752	856	0	0	0	0	0	0	1656509852639
1751	856	0	0	0	0	0	0	1656509853659
1751	856	0	0	0	0	0	0	1656509854679
1752	856	0	0	0	0	0	0	1656509855699
1751	856	0	0	0	0	0	0	1656509856719
1749	856	0	0	0	0	0	0	1656509857739
1748	856	0	0	0	0	0	0	1656509858759
1748	856	0	0	0	0	0	0	1656509859779
1747	856	0	0	0	0	0	0	1656509860799
1746	856	0	0	0	0	0	0	1656509861819
1745	856	0	0	0	0	0	0	1656509862839
1745	856	0	0	0	0	0	0	1656509863859
1746	856	0	0	0	0	0	0	1656509864879
1745	856	0	0	0	0	0	0	1656509865899
1745	856	0	0	0	0	0	0	1656509866919
1745	856	0	0	0	0	0	0	1656509867939
1745	856	0	0	0	0	0	0	1656509868959
1745	856	0	0	0	0	0	0	1656509869979
1744	856	0	0	0	0	0	0	1656509870999
1744	856	0	0	0	0	0	0	1656509872019
1744	856	0	0	0	0	0	0	1656509873039
1744	856	0	0	0	0	0	0	1656509874059
1743	856	0	0	0	0	0	0	1656509875079
1743	856	0	0	0	0	0	0	1656509876099
1743	856	0	0	0	0	0	0	1656509877119
1743	856	0	0	0	0	0	0	1656509878139
1743	855	0	0	0	0	0	0	1656509879159
1743	855	0	0	0	0	0	0	1656509880179
1743	855	0	0	0	0	0	0	1656509881199
1743	855	0	0	0	0	0	0	1656509882219
1743	854	0	0	0	0	0	0	1656509883239
1743	854	0	0	0	0	0	0	1656509884259
1743	853	0	0	0	0	0	0	1656509885279
1743	851	0	0	0	0	0	0	1656509886299
1743	852	0	0	0	0	0	0	1656509887319
1743	853	0	0	0	0	0	0	1656509888339
1743	854	0	0	0	0	0	0	1656509889359
1743	853	0	0	0	0	0	0	1656509890379
1743	854	0	0	0	0	0	0	1656509891399
1743	854	0	0	0	0	0	0	1656509892419
1743	853	0	0	0	0	0	0	1656509893439
1743	854	0	0	0	0	0	0	1656509894459
1743	854	0	0	0	0	0	0	1656509895479
1743	854	0	0	0	0	0	0	1656509896499
1743	853	0	0	0	0	0	0	1656509897519
1743	853	0	0	0	0	0	0	1656509898539
1743	851	0	0	0	0	0	0	1656509899559
1743	851	0	0	0	0	0	0	1656509900579
1743	852	0	0	0	0	0	0	1656509901599
1743	860	0	0	0	0	0	0	1656509902619
1743	859	0	0	0	0	0	0	1656509903639
1743	858	0	0	0	0	0	0	1656509904659
1743	857	0	0	0	0	0	0	1656509905679
1743	851	0	0	0	0	0	0	1656509906699
1743	842	0	0	0	0	0	0	1656509907719
1743	839	0	0	0	0	0	0	1656509908739
1743	839	0	0	0	0	0	0	1656509909759
1743	838	0	0	0	0	0	0	1656509910779
1743	837	0	0	0	0	0	0	1656509911799
1743	835	0	0	0	0	0	0	1656509912819
1743	835	0	0	0	0	0	0	1656509913839
1743	837	0	0	0	0	0	0	1656509914859
1743	837	0	0	0	0	0	0	1656509915879
1743	837	0	0	0	0	0	0	1656509916899
1743	838	0	0	0	0	0	0	1656509917919
1743	836	0	0	0	0	0	0	1656509918939
1743	836	0	0	0	0	0	0	1656509919959
1743	836	0	0	0	0	0	0	1656509920979
1743	835	0	0	0	0	0	0	1656509921999
1743	834	0	0	0	0	0	0	1656509923019
1743	835	0	0	0	0	0	0	1656509924039
1743	835	0	0	0	0	0	0	1656509925059
1743	836	0	0	0	0	0	0	1656509926079
1743	10501	0	0	0	0	0	0	1656509927099
1743	6635	0	0	0	0	0	0	1656509928119
1743	4314	0	0	0	0	0	0	1656509929139
1743	2922	0	0	0	0	0	0	1656509930159
1743	2087	0	0	0	0	0	0	1656509931179
1743	1587	0	0	0	0	0	0	1656509932199
1743	1285	0	0	0	0	0	0	1656509933219
1743	1106	0	0	0	0	0	0	1656509934239
1743	998	0	0	0	0	0	0	1656509935259
1743	934	0	0	0	0	0	0	1656509936279
1743	895	0	0	0	0	0	0	1656509937299
1743	871	0	0	0	0	0	0	1656509938319
1743	857	0	0	0	0	0	0	1656509939339
1743	847	0	0	0	0	0	0	1656509940359
1743	843	0	0	0	0	0	0	1656509941379
1743	847	0	0	0	0	0	0	1656509942399
1743	850	0	0	0	0	0	0	1656509943419
1743	852	0	0	0	0	0	0	1656509944439
1743	852	0	0	0	0	0	0	1656509945459
1743	853	0	0	0	0	0	0	1656509946479
1743	854	0	0	0	0	0	0	1656509947499
1743	853	0	0	0	0	0	0	1656509948519
1743	852	0	0	0	0	0	0	1656509949539
1743	851	0	0	0	0	0	0	1656509950559
1743	851	0	0	0	0	0	0	1656509951579
1743	849	0	0	0	0	0	0	1656509952599
1743	848	0	0	0	0	0	0	1656509953619
1743	848	0	0	0	0	0	0	1656509954639
1743	846	0	0	0	0	0	0	1656509955659
1743	845	0	0	0	0	0	0	1656509956679
1743	844	0	0	0	0	0	0	1656509957699
1743	843	0	0	0	0	0	0	1656509958719
1743	843	0	0	0	0	0	0	1656509959739
1743	840	0	0	0	0	0	0	1656509960759
1743	838	0	0	0	0	0	0	1656509961779
1743	835	0	0	0	0	0	0	1656509962799
1743	834	0	0	0	0	0	0	1656509963819
1743	834	0	0	0	0	0	0	1656509964839
1743	834	0	0	0	0	0	0	1656509965859
1743	834	0	0	0	0	0	0	1656509966879
1743	833	0	0	0	0	0	0	1656509967899
1743	833	0	0	0	0	0	0	1656509968919
1743	834	0	0	0	0	0	0	1656509969939
1743	835	0	0	0	0	0	0	1656509970959
1743	833	0	0	0	0	0	0	1656509971979
1743	832	0	0	0	0	0	0	1656509972999
1743	832	0	0	0	0	0	0	1656509974019
1743	831	0	0	0	0	0	0	1656509975039
1743	831	0	0	0	0	0	0	1656509976059
1743	832	0	0	0	0	0	0	1656509977079
1743	832	0	0	0	0	0	0	1656509978099
1743	833	0	0	0	0	0	0	1656509979119
1743	833	0	0	0	0	0	0	1656509980139
1743	832	0	0	0	0	0	0	1656509981159
1743	833	0	0	0	0	0	0	1656509982179
1743	836	0	0	0	0	0	0	1656509983199
1743	837	0	0	0	0	0	0	1656509984219
1743	835	0	0	0	0	0	0	1656509985239
1743	834	0	0	0	0	0	0	1656509986259
1743	833	0	0	0	0	0	0	1656509987279
1743	833	0	0	0	0	0	0	1656509988299
1743	833	0	0	0	0	0	0	1656509989319
1743	833	0	0	0	0	0	0	1656509990339
1743	832	0	0	0	0	0	0	1656509991359
1743	840	0	0	0	0	0	0	1656509992379
1743	847	0	0	0	0	0	0	1656509993399
1743	849	0	0	0	0	0	0	1656509994419
1743	842	0	0	0	0	0	0	1656509995439
1743	837	0	0	0	0	0	0	1656509996459
1743	834	0	0	0	0	0	0	1656509997479
1743	832	0	0	0	0	0	0	1656509998499
1743	831	0	0	0	0	0	0	1656509999519
1743	830	0	0	0	0	0	0	1656510000539
1743	830	0	0	0	0	0	0	1656510001559
1743	830	0	0	0	0	0	0	1656510002579
1743	830	0	0	0	0	0	0	1656510003599
1743	830	0	0	0	0	0	0	1656510004619
1743	830	0	0	0	0	0	0	1656510005639
1743	830	0	0	0	0	0	0	1656510006659
1743	829	0	0	0	0	0	0	1656510007679
1743	829	0	0	0	0	0	0	1656510008699
1743	829	0	0	0	0	0	0	1656510009719
1743	829	0	0	0	0	0	0	1656510010739
1743	829	0	0	0	0	0	0	1656510011759
1743	829	0	0	0	0	0	0	1656510012779
1743	829	0	0	0	0	0	0	1656510013799
1743	829	0	0	0	0	0	0	1656510014819
1743	829	0	0	0	0	0	0	1656510015839
1743	829	0	0	0	0	0	0	1656510016859
1743	829	0	0	0	0	0	0	1656510017879
1743	829	0	0	0	0	0	0	1656510018899
1743	829	0	0	0	0	0	0	1656510019919
1743	829	0	0	0	0	0	0	1656510020939
1743	829	0	0	0	0	0	0	1656510021959
1743	829	0	0	0	0	0	0	1656510022979
1743	829	0	0	0	0	0	0	1656510023999
1743	829	0	0	0	0	0	0	1656510025019
1743	829	0	0	0	0	0	0	1656510026039
1743	829	0	0	0	0	0	0	1656510027059
1743	829	0	0	0	0	0	0	1656510028079
1743	829	0	0	0	0	0	0	1656510029099
1743	829	0	0	0	0	0	0	1656510030119
1743	829	0	0	0	0	0	0	1656510031139
1743	829	0	0	0	0	0	0	1656510032159
1743	829	0	0	0	0	0	0	1656510033179
1743	829	0	0	0	0	0	0	1656510034199
1743	829	0	0	0	0	0	0	1656510035219
1743	829	0	0	0	0	0	0	1656510036239
1743	829	0	0	0	0	0	0	1656510037259
1743	829	0	0	0	0	0	0	1656510038279
1743	829	0	0	0	0	0	0	1656510039299
1743	829	0	0	0	0	0	0	1656510040319
1743	829	0	0	0	0	0	0	1656510041339
1743	829	0	0	0	0	0	0	1656510042359
1743	830	0	0	0	0	0	0	1656510043379
1743	847	0	0	0	0	0	0	1656510044399
1743	851	0	0	0	0	0	0	1656510045419
1743	861	0	0	0	0	0	0	1656510046439
1742	851	0	0	0	0	0	0	1656510047459
1742	848	0	0	0	0	0	0	1656510048479
1742	848	0	0	0	0	0	0	1656510049499
1742	850	0	0	0	0	0	0	1656510050519
1742	851	0	0	0	0	0	0	1656510051539
1742	852	0	0	0	0	0	0	1656510052559
1742	852	0	0	0	0	0	0	1656510053579
1742	854	0	0	0	0	0	0	1656510054599
1742	855	0	0	0	0	0	0	1656510055619
1742	850	0	0	0	0	0	0	1656510056639
1742	842	0	0	0	0	0	0	1656510057659
1742	837	0	0	0	0	0	0	1656510058679
1742	834	0	0	0	0	0	0	1656510059699
1742	832	0	0	0	0	0	0	1656510060719
1742	831	0	0	0	0	0	0	1656510061739
1742	830	0	0	0	0	0	0	1656510062759
1742	829	0	0	0	0	0	0	1656510063779
1742	829	0	0	0	0	0	0	1656510064799
1742	829	0	0	0	0	0	0	1656510065819
1742	829	0	0	0	0	0	0	1656510066839
1742	829	0	0	0	0	0	0	1656510067859
1742	829	0	0	0	0	0	0	1656510068879
1742	829	0	0	0	0	0	0	1656510069899
1742	829	0	0	0	0	0	0	1656510070919
1741	829	0	0	0	0	0	0	1656510071939
1742	829	0	0	0	0	0	0	1656510072959
1742	829	0	0	0	0	0	0	1656510073979
1742	829	0	0	0	0	0	0	1656510074999
1742	829	0	0	0	0	0	0	1656510076019
1741	829	0	0	0	0	0	0	1656510077039
1742	829	0	0	0	0	0	0	1656510078059
1742	829	0	0	0	0	0	0	1656510079079
1742	829	0	0	0	0	0	0	1656510080099
1742	829	0	0	0	0	0	0	1656510081119
1742	829	0	0	0	0	0	0	1656510082139
1742	829	0	0	0	0	0	0	1656510083159
1742	829	0	0	0	0	0	0	1656510084179
1742	829	0	0	0	0	0	0	1656510085199
1742	829	0	0	0	0	0	0	1656510086219
1742	829	0	0	0	0	0	0	1656510087239
1742	829	0	0	0	0	0	0	1656510088259
1742	829	0	0	0	0	0	0	1656510089279
1742	829	0	0	0	0	0	0	1656510090299
1742	829	0	0	0	0	0	0	1656510091319
1742	829	0	0	0	0	0	0	1656510092339
1742	829	0	0	0	0	0	0	1656510093359
1742	829	0	0	0	0	0	0	1656510094379
1742	829	0	0	0	0	0	0	1656510095399
1742	829	0	0	0	0	0	0	1656510096419
1742	829	0	0	0	0	0	0	1656510097439
1741	829	0	0	0	0	0	0	1656510098459
1741	829	0	0	0	0	0	0	1656510099479
1741	829	0	0	0	0	0	0	1656510100499
1741	829	0	0	0	0	0	0	1656510101519
1742	829	0	0	0	0	0	0	1656510102539
1741	829	0	0	0	0	0	0	1656510103559
1741	829	0	0	0	0	0	0	1656510104579
1742	829	0	0	0	0	0	0	1656510105599
1742	829	0	0	0	0	0	0	1656510106619
1742	829	0	0	0	0	0	0	1656510107639
1742	829	0	0	0	0	0	0	1656510108659
1742	829	0	0	0	0	0	0	1656510109679
1742	829	0	0	0	0	0	0	1656510110699
1741	829	0	0	0	0	0	0	1656510111719
1741	829	0	0	0	0	0	0	1656510112739
1741	829	0	0	0	0	0	0	1656510113759
1740	829	0	0	0	0	0	0	1656510114779
1741	829	0	0	0	0	0	0	1656510115799
1741	829	0	0	0	0	0	0	1656510116819
1741	829	0	0	0	0	0	0	1656510117839
1741	829	0	0	0	0	0	0	1656510118859
1741	829	0	0	0	0	0	0	1656510119879
1741	829	0	0	0	0	0	0	1656510120899
1740	829	0	0	0	0	0	0	1656510121919
1739	829	0	0	0	0	0	0	1656510122939
1739	829	0	0	0	0	0	0	1656510123959
1738	829	0	0	0	0	0	0	1656510124979
1739	829	0	0	0	0	0	0	1656510125999
1738	829	0	0	0	0	0	0	1656510127019
1739	829	0	0	0	0	0	0	1656510128039
1740	829	0	0	0	0	0	0	1656510129059
1740	829	0	0	0	0	0	0	1656510130079
1740	829	0	0	0	0	0	0	1656510131099
1739	829	0	0	0	0	0	0	1656510132119
1735	829	0	0	0	0	0	0	1656510133139
1732	829	0	0	0	0	0	0	1656510134159
1729	829	0	0	0	0	0	0	1656510135179
1725	829	0	0	0	0	0	0	1656510136199
1722	824	0	0	0	0	0	0	1656510137219
1722	824	0	0	0	0	0	0	1656510138239
1723	833	0	0	0	0	0	0	1656510139259
1722	841	0	0	0	0	0	0	1656510140279
1723	842	0	0	0	0	0	0	1656510141299
1724	844	0	0	0	0	0	0	1656510142319
1725	845	0	0	0	0	0	0	1656510143339
1726	848	0	0	0	0	0	0	1656510144359
1729	850	0	0	0	0	0	0	1656510145379
1727	851	0	0	0	0	0	0	1656510146399
1727	852	0	0	0	0	0	0	1656510147419
1727	853	0	0	0	0	0	0	1656510148439
1725	853	0	0	0	0	0	0	1656510149459
1724	853	0	0	0	0	0	0	1656510150479
1723	853	0	0	0	0	0	0	1656510151499
1724	853	0	0	0	0	0	0	1656510152519
1726	853	0	0	0	0	0	0	1656510153539
1726	853	0	0	0	0	0	0	1656510154559
1725	853	0	0	0	0	0	0	1656510155579
1724	853	0	0	0	0	0	0	1656510156599
1724	854	0	0	0	0	0	0	1656510157619
1725	854	0	0	0	0	0	0	1656510158639
1724	848	0	0	0	0	0	0	1656510159659
1721	840	0	0	0	0	0	0	1656510160679
1720	836	0	0	0	0	0	0	1656510161699
1719	833	0	0	0	0	0	0	1656510162719
1719	831	0	0	0	0	0	0	1656510163739
1719	830	0	0	0	0	0	0	1656510164759
1718	830	0	0	0	0	0	0	1656510165779
1719	830	0	0	0	0	0	0	1656510166799
1719	830	0	0	0	0	0	0	1656510167819
1719	830	0	0	0	0	0	0	1656510168839
1719	830	0	0	0	0	0	0	1656510169859
1718	830	0	0	0	0	0	0	1656510170879
1717	830	0	0	0	0	0	0	1656510171899
1717	830	0	0	0	0	0	0	1656510172919
1717	830	0	0	0	0	0	0	1656510173939
