2433	730	0	0	0	0	0	0	1659392303333
2425	725	0	0	0	0	0	0	1659392304353
2420	722	0	0	0	0	0	0	1659392305373
2409	714	0	0	0	0	0	0	1659392306393
2399	705	0	0	0	0	0	0	1659392307413
2394	699	0	0	0	0	0	0	1659392308433
2390	695	0	0	0	0	0	0	1659392309453
2388	689	0	0	0	0	0	0	1659392310473
2387	678	0	0	0	0	0	0	1659392311493
2387	672	0	0	0	0	0	0	1659392312513
2386	668	0	0	0	0	0	0	1659392313533
2386	666	0	0	0	0	0	0	1659392314553
2386	665	0	0	0	0	0	0	1659392315573
2386	664	0	0	0	0	0	0	1659392316593
2385	663	0	0	0	0	0	0	1659392317613
2382	659	0	0	0	0	0	0	1659392318633
2377	650	0	0	0	0	0	0	1659392319653
2373	645	0	0	0	0	0	0	1659392320673
2367	641	0	0	0	0	0	0	1659392321693
2364	639	0	0	0	0	0	0	1659392322713
2361	637	0	0	0	0	0	0	1659392323733
2360	636	0	0	0	0	0	0	1659392324753
2359	636	0	0	0	0	0	0	1659392325773
2359	636	0	0	0	0	0	0	1659392326793
2359	635	0	0	0	0	0	0	1659392327813
2359	635	0	0	0	0	0	0	1659392328833
2359	635	0	0	0	0	0	0	1659392329853
2359	635	0	0	0	0	0	0	1659392330873
2358	635	0	0	0	0	0	0	1659392331893
2358	635	0	0	0	0	0	0	1659392332913
2358	635	0	0	0	0	0	0	1659392333933
2358	635	0	0	0	0	0	0	1659392334953
2358	635	0	0	0	0	0	0	1659392335973
2358	635	0	0	0	0	0	0	1659392336993
2358	635	0	0	0	0	0	0	1659392338013
2358	635	0	0	0	0	0	0	1659392339033
2358	635	0	0	0	0	0	0	1659392340053
2358	634	0	0	0	0	0	0	1659392341073
2358	634	0	0	0	0	0	0	1659392342093
2358	634	0	0	0	0	0	0	1659392343113
2358	632	0	0	0	0	0	0	1659392344133
2358	630	0	0	0	0	0	0	1659392345153
2358	627	0	0	0	0	0	0	1659392346173
2357	625	0	0	0	0	0	0	1659392347193
2357	621	0	0	0	0	0	0	1659392348213
2355	620	0	0	0	0	0	0	1659392349233
2352	617	0	0	0	0	0	0	1659392350253
2347	614	0	0	0	0	0	0	1659392351273
2342	612	0	0	0	0	0	0	1659392352293
2337	611	0	0	0	0	0	0	1659392353313
2334	610	0	0	0	0	0	0	1659392354333
2332	609	0	0	0	0	0	0	1659392355353
2331	608	0	0	0	0	0	0	1659392356373
2330	608	0	0	0	0	0	0	1659392357393
2330	608	0	0	0	0	0	0	1659392358413
2330	608	0	0	0	0	0	0	1659392359433
2330	608	0	0	0	0	0	0	1659392360453
2330	608	0	0	0	0	0	0	1659392361473
2330	608	0	0	0	0	0	0	1659392362493
2330	608	0	0	0	0	0	0	1659392363513
2330	608	0	0	0	0	0	0	1659392364533
2330	608	0	0	0	0	0	0	1659392365553
2330	608	0	0	0	0	0	0	1659392366573
2330	608	0	0	0	0	0	0	1659392367593
2329	608	0	0	0	0	0	0	1659392368613
2329	608	0	0	0	0	0	0	1659392369633
2329	608	0	0	0	0	0	0	1659392370653
2329	608	0	0	0	0	0	0	1659392371673
2329	608	0	0	0	0	0	0	1659392372693
2329	608	0	0	0	0	0	0	1659392373713
2329	608	0	0	0	0	0	0	1659392374733
2329	608	0	0	0	0	0	0	1659392375753
2329	608	0	0	0	0	0	0	1659392376773
2326	608	0	0	0	0	0	0	1659392377793
2323	608	0	0	0	0	0	0	1659392378813
2318	608	0	0	0	0	0	0	1659392379833
2314	608	0	0	0	0	0	0	1659392380853
2309	608	0	0	0	0	0	0	1659392381873
2306	608	0	0	0	0	0	0	1659392382893
2304	608	0	0	0	0	0	0	1659392383913
2303	608	0	0	0	0	0	0	1659392384933
2302	608	0	0	0	0	0	0	1659392385953
2302	608	0	0	0	0	0	0	1659392386973
2302	608	0	0	0	0	0	0	1659392387993
2302	608	0	0	0	0	0	0	1659392389013
2302	608	0	0	0	0	0	0	1659392390033
2302	608	0	0	0	0	0	0	1659392391053
2302	608	0	0	0	0	0	0	1659392392073
2302	608	0	0	0	0	0	0	1659392393093
2302	608	0	0	0	0	0	0	1659392394113
2302	608	0	0	0	0	0	0	1659392395133
2302	608	0	0	0	0	0	0	1659392396153
2302	608	0	0	0	0	0	0	1659392397173
2302	608	0	0	0	0	0	0	1659392398193
2302	608	0	0	0	0	0	0	1659392399213
2302	608	0	0	0	0	0	0	1659392400233
2302	608	0	0	0	0	0	0	1659392401253
2302	608	0	0	0	0	0	0	1659392402273
2302	608	0	0	0	0	0	0	1659392403293
2302	608	0	0	0	0	0	0	1659392404313
2302	608	0	0	0	0	0	0	1659392405333
2302	608	0	0	0	0	0	0	1659392406353
2301	608	0	0	0	0	0	0	1659392407373
2299	608	0	0	0	0	0	0	1659392408393
2297	608	0	0	0	0	0	0	1659392409413
2291	608	0	0	0	0	0	0	1659392410433
2286	608	0	0	0	0	0	0	1659392411453
2282	608	0	0	0	0	0	0	1659392412473
2279	608	0	0	0	0	0	0	1659392413493
2277	608	0	0	0	0	0	0	1659392414513
2276	608	0	0	0	0	0	0	1659392415533
2275	608	0	0	0	0	0	0	1659392416553
2274	608	0	0	0	0	0	0	1659392417573
2274	608	0	0	0	0	0	0	1659392418593
2274	608	0	0	0	0	0	0	1659392419613
2274	608	0	0	0	0	0	0	1659392420633
2274	608	0	0	0	0	0	0	1659392421653
2274	608	0	0	0	0	0	0	1659392422673
2274	608	0	0	0	0	0	0	1659392423693
2274	608	0	0	0	0	0	0	1659392424713
2274	608	0	0	0	0	0	0	1659392425733
2274	608	0	0	0	0	0	0	1659392426753
2274	608	0	0	0	0	0	0	1659392427773
2274	608	0	0	0	0	0	0	1659392428793
2274	608	0	0	0	0	0	0	1659392429813
2274	608	0	0	0	0	0	0	1659392430833
2274	608	0	0	0	0	0	0	1659392431853
2274	608	0	0	0	0	0	0	1659392432873
2274	608	0	0	0	0	0	0	1659392433893
2274	608	0	0	0	0	0	0	1659392434913
2274	608	0	0	0	0	0	0	1659392435933
2274	608	0	0	0	0	0	0	1659392436953
2273	608	0	0	0	0	0	0	1659392437973
2272	608	0	0	0	0	0	0	1659392438993
2271	608	0	0	0	0	0	0	1659392440013
2269	608	0	0	0	0	0	0	1659392441033
2265	608	0	0	0	0	0	0	1659392442053
2261	608	0	0	0	0	0	0	1659392443073
2256	608	0	0	0	0	0	0	1659392444093
2252	608	0	0	0	0	0	0	1659392445113
2249	608	0	0	0	0	0	0	1659392446133
2248	608	0	0	0	0	0	0	1659392447153
2247	608	0	0	0	0	0	0	1659392448173
2247	608	0	0	0	0	0	0	1659392449193
2246	608	0	0	0	0	0	0	1659392450213
2246	608	0	0	0	0	0	0	1659392451233
2246	608	0	0	0	0	0	0	1659392452253
2246	608	0	0	0	0	0	0	1659392453273
2246	608	0	0	0	0	0	0	1659392454293
2246	608	0	0	0	0	0	0	1659392455313
2246	608	0	0	0	0	0	0	1659392456333
2246	608	0	0	0	0	0	0	1659392457353
2246	608	0	0	0	0	0	0	1659392458373
2246	608	0	0	0	0	0	0	1659392459393
2246	608	0	0	0	0	0	0	1659392460413
2246	608	0	0	0	0	0	0	1659392461433
2246	608	0	0	0	0	0	0	1659392462453
2246	608	0	0	0	0	0	0	1659392463473
2246	608	0	0	0	0	0	0	1659392464493
2246	608	0	0	0	0	0	0	1659392465513
2246	608	0	0	0	0	0	0	1659392466533
2246	608	0	0	0	0	0	0	1659392467553
2246	608	0	0	0	0	0	0	1659392468573
2246	608	0	0	0	0	0	0	1659392469593
2246	608	0	0	0	0	0	0	1659392470613
2246	608	0	0	0	0	0	0	1659392471633
2245	608	0	0	0	0	0	0	1659392472653
2245	608	0	0	0	0	0	0	1659392473673
2242	608	0	0	0	0	0	0	1659392474693
2240	608	0	0	0	0	0	0	1659392475713
2235	608	0	0	0	0	0	0	1659392476733
2232	607	0	0	0	0	0	0	1659392477753
2227	607	0	0	0	0	0	0	1659392478773
2224	607	0	0	0	0	0	0	1659392479793
2222	607	0	0	0	0	0	0	1659392480813
2220	607	0	0	0	0	0	0	1659392481833
2219	607	0	0	0	0	0	0	1659392482853
2219	607	0	0	0	0	0	0	1659392483873
2219	607	0	0	0	0	0	0	1659392484893
2218	607	0	0	0	0	0	0	1659392485913
2218	607	0	0	0	0	0	0	1659392486933
2218	607	0	0	0	0	0	0	1659392487953
2218	607	0	0	0	0	0	0	1659392488973
2218	607	0	0	0	0	0	0	1659392489993
2218	607	0	0	0	0	0	0	1659392491013
2218	607	0	0	0	0	0	0	1659392492033
2218	607	0	0	0	0	0	0	1659392493053
2218	607	0	0	0	0	0	0	1659392494073
2218	607	0	0	0	0	0	0	1659392495093
2218	607	0	0	0	0	0	0	1659392496113
2218	607	0	0	0	0	0	0	1659392497133
2218	607	0	0	0	0	0	0	1659392498153
2218	607	0	0	0	0	0	0	1659392499173
2218	607	0	0	0	0	0	0	1659392500193
2218	607	0	0	0	0	0	0	1659392501213
2218	607	0	0	0	0	0	0	1659392502233
2218	607	0	0	0	0	0	0	1659392503253
2218	607	0	0	0	0	0	0	1659392504273
2218	607	0	0	0	0	0	0	1659392505293
2218	607	0	0	0	0	0	0	1659392506313
2218	607	0	0	0	0	0	0	1659392507333
2218	607	0	0	0	0	0	0	1659392508353
2218	607	0	0	0	0	0	0	1659392509373
2218	607	0	0	0	0	0	0	1659392510393
2218	607	0	0	0	0	0	0	1659392511413
2218	607	0	0	0	0	0	0	1659392512433
2218	607	0	0	0	0	0	0	1659392513453
2218	607	0	0	0	0	0	0	1659392514473
2217	607	0	0	0	0	0	0	1659392515493
2217	607	0	0	0	0	0	0	1659392516513
2214	607	0	0	0	0	0	0	1659392517533
2211	607	0	0	0	0	0	0	1659392518553
2206	607	0	0	0	0	0	0	1659392519573
2202	607	0	0	0	0	0	0	1659392520593
2199	607	0	0	0	0	0	0	1659392521613
2196	607	0	0	0	0	0	0	1659392522633
2194	607	0	0	0	0	0	0	1659392523653
2192	607	0	0	0	0	0	0	1659392524673
2191	607	0	0	0	0	0	0	1659392525693
2190	607	0	0	0	0	0	0	1659392526713
2190	607	0	0	0	0	0	0	1659392527733
2190	607	0	0	0	0	0	0	1659392528753
2190	607	0	0	0	0	0	0	1659392529773
2190	607	0	0	0	0	0	0	1659392530793
2190	607	0	0	0	0	0	0	1659392531813
2190	607	0	0	0	0	0	0	1659392532833
2190	607	0	0	0	0	0	0	1659392533853
2190	607	0	0	0	0	0	0	1659392534873
2190	607	0	0	0	0	0	0	1659392535893
2190	607	0	0	0	0	0	0	1659392536913
2190	607	0	0	0	0	0	0	1659392537933
2190	607	0	0	0	0	0	0	1659392538953
2190	607	0	0	0	0	0	0	1659392539973
2190	607	0	0	0	0	0	0	1659392540993
2190	607	0	0	0	0	0	0	1659392542013
2190	607	0	0	0	0	0	0	1659392543033
2190	607	0	0	0	0	0	0	1659392544053
2190	607	0	0	0	0	0	0	1659392545073
2190	607	0	0	0	0	0	0	1659392546093
2190	607	0	0	0	0	0	0	1659392547113
2190	607	0	0	0	0	0	0	1659392548133
2190	607	0	0	0	0	0	0	1659392549153
2190	607	0	0	0	0	0	0	1659392550173
2190	607	0	0	0	0	0	0	1659392551193
2190	607	0	0	0	0	0	0	1659392552213
2190	607	0	0	0	0	0	0	1659392553233
2190	607	0	0	0	0	0	0	1659392554253
2190	607	0	0	0	0	0	0	1659392555273
2190	607	0	0	0	0	0	0	1659392556293
2190	607	0	0	0	0	0	0	1659392557313
2190	607	0	0	0	0	0	0	1659392558333
2189	607	0	0	0	0	0	0	1659392559353
2189	607	0	0	0	0	0	0	1659392560373
2189	607	0	0	0	0	0	0	1659392561393
2188	607	0	0	0	0	0	0	1659392562413
2189	607	0	0	0	0	0	0	1659392563433
2186	607	0	0	0	0	0	0	1659392564453
2183	607	0	0	0	0	0	0	1659392565473
2178	607	0	0	0	0	0	0	1659392566493
2174	607	0	0	0	0	0	0	1659392567513
2171	607	0	0	0	0	0	0	1659392568533
2168	607	0	0	0	0	0	0	1659392569553
2167	607	0	0	0	0	0	0	1659392570573
2165	607	0	0	0	0	0	0	1659392571593
2164	607	0	0	0	0	0	0	1659392572613
2163	610	0	0	0	0	0	0	1659392573633
2163	609	0	0	0	0	0	0	1659392574653
2163	608	0	0	0	0	0	0	1659392575673
2162	608	0	0	0	0	0	0	1659392576693
2162	608	0	0	0	0	0	0	1659392577713
2162	608	0	0	0	0	0	0	1659392578733
2162	608	0	0	0	0	0	0	1659392579753
2162	608	0	0	0	0	0	0	1659392580773
2162	608	0	0	0	0	0	0	1659392581793
2162	608	0	0	0	0	0	0	1659392582813
2162	608	0	0	0	0	0	0	1659392583833
2162	608	0	0	0	0	0	0	1659392584853
2162	608	0	0	0	0	0	0	1659392585873
2162	608	0	0	0	0	0	0	1659392586893
2162	608	0	0	0	0	0	0	1659392587913
2162	608	0	0	0	0	0	0	1659392588933
2162	608	0	0	0	0	0	0	1659392589953
2162	608	0	0	0	0	0	0	1659392590973
2162	608	0	0	0	0	0	0	1659392591993
2162	608	0	0	0	0	0	0	1659392593013
2162	608	0	0	0	0	0	0	1659392594033
2162	608	0	0	0	0	0	0	1659392595053
2162	608	0	0	0	0	0	0	1659392596073
2162	608	0	0	0	0	0	0	1659392597093
2162	608	0	0	0	0	0	0	1659392598113
2162	608	0	0	0	0	0	0	1659392599133
2162	608	0	0	0	0	0	0	1659392600153
2162	608	0	0	0	0	0	0	1659392601173
2162	608	0	0	0	0	0	0	1659392602193
2162	608	0	0	0	0	0	0	1659392603213
2162	608	0	0	0	0	0	0	1659392604233
2162	608	0	0	0	0	0	0	1659392605253
2162	608	0	0	0	0	0	0	1659392606273
2162	608	0	0	0	0	0	0	1659392607293
2162	608	0	0	0	0	0	0	1659392608313
2162	608	0	0	0	0	0	0	1659392609333
2162	608	0	0	0	0	0	0	1659392610353
2162	608	0	0	0	0	0	0	1659392611373
2161	608	0	0	0	0	0	0	1659392612393
2161	608	0	0	0	0	0	0	1659392613413
2160	608	0	0	0	0	0	0	1659392614433
2160	608	0	0	0	0	0	0	1659392615453
2159	608	0	0	0	0	0	0	1659392616473
2157	608	0	0	0	0	0	0	1659392617493
2153	608	0	0	0	0	0	0	1659392618513
2150	608	0	0	0	0	0	0	1659392619533
2148	608	0	0	0	0	0	0	1659392620553
2144	608	0	0	0	0	0	0	1659392621573
2140	608	0	0	0	0	0	0	1659392622593
2138	608	0	0	0	0	0	0	1659392623613
2137	607	0	0	0	0	0	0	1659392624633
2136	607	0	0	0	0	0	0	1659392625653
2135	606	0	0	0	0	0	0	1659392626673
2135	606	0	0	0	0	0	0	1659392627693
2135	607	0	0	0	0	0	0	1659392628713
2135	607	0	0	0	0	0	0	1659392629733
2134	607	0	0	0	0	0	0	1659392630753
2134	606	0	0	0	0	0	0	1659392631773
2134	605	0	0	0	0	0	0	1659392632793
2134	605	0	0	0	0	0	0	1659392633813
2134	604	0	0	0	0	0	0	1659392634833
2134	603	0	0	0	0	0	0	1659392635853
2134	603	0	0	0	0	0	0	1659392636873
2134	603	0	0	0	0	0	0	1659392637893
2134	603	0	0	0	0	0	0	1659392638913
2134	602	0	0	0	0	0	0	1659392639933
2134	600	0	0	0	0	0	0	1659392640953
2134	601	0	0	0	0	0	0	1659392641973
2134	599	0	0	0	0	0	0	1659392642993
2134	598	0	0	0	0	0	0	1659392644013
2134	598	0	0	0	0	0	0	1659392645033
2134	597	0	0	0	0	0	0	1659392646053
2134	599	0	0	0	0	0	0	1659392647073
2134	597	0	0	0	0	0	0	1659392648093
2134	597	0	0	0	0	0	0	1659392649113
2134	597	0	0	0	0	0	0	1659392650133
2134	595	0	0	0	0	0	0	1659392651153
2134	592	0	0	0	0	0	0	1659392652173
2134	590	0	0	0	0	0	0	1659392653193
2134	588	0	0	0	0	0	0	1659392654213
2134	588	0	0	0	0	0	0	1659392655233
2134	587	0	0	0	0	0	0	1659392656253
2134	586	0	0	0	0	0	0	1659392657273
2134	587	0	0	0	0	0	0	1659392658293
2134	586	0	0	0	0	0	0	1659392659313
2134	585	0	0	0	0	0	0	1659392660333
2134	586	0	0	0	0	0	0	1659392661353
2134	585	0	0	0	0	0	0	1659392662373
2134	583	0	0	0	0	0	0	1659392663393
2134	583	0	0	0	0	0	0	1659392664413
2134	582	0	0	0	0	0	0	1659392665433
2134	582	0	0	0	0	0	0	1659392666453
2134	582	0	0	0	0	0	0	1659392667473
2134	582	0	0	0	0	0	0	1659392668493
2134	581	0	0	0	0	0	0	1659392669513
2134	581	0	0	0	0	0	0	1659392670533
2134	581	0	0	0	0	0	0	1659392671553
2134	581	0	0	0	0	0	0	1659392672573
2134	581	0	0	0	0	0	0	1659392673593
2134	581	0	0	0	0	0	0	1659392674613
2133	580	0	0	0	0	0	0	1659392675633
2133	580	0	0	0	0	0	0	1659392676653
2133	580	0	0	0	0	0	0	1659392677673
2133	580	0	0	0	0	0	0	1659392678693
2132	580	0	0	0	0	0	0	1659392679713
2131	580	0	0	0	0	0	0	1659392680733
2128	580	0	0	0	0	0	0	1659392681753
2124	580	0	0	0	0	0	0	1659392682773
2122	580	0	0	0	0	0	0	1659392683793
2118	580	0	0	0	0	0	0	1659392684813
2115	580	0	0	0	0	0	0	1659392685833
2114	580	0	0	0	0	0	0	1659392686853
2112	580	0	0	0	0	0	0	1659392687873
2111	580	0	0	0	0	0	0	1659392688893
2110	580	0	0	0	0	0	0	1659392689913
2109	580	0	0	0	0	0	0	1659392690933
2108	580	0	0	0	0	0	0	1659392691953
2108	580	0	0	0	0	0	0	1659392692973
2107	580	0	0	0	0	0	0	1659392693993
2107	580	0	0	0	0	0	0	1659392695013
2107	580	0	0	0	0	0	0	1659392696033
2107	580	0	0	0	0	0	0	1659392697053
2107	580	0	0	0	0	0	0	1659392698073
2107	580	0	0	0	0	0	0	1659392699093
2107	580	0	0	0	0	0	0	1659392700113
2106	580	0	0	0	0	0	0	1659392701133
2106	580	0	0	0	0	0	0	1659392702153
2106	580	0	0	0	0	0	0	1659392703173
2106	580	0	0	0	0	0	0	1659392704193
2106	580	0	0	0	0	0	0	1659392705213
2106	580	0	0	0	0	0	0	1659392706233
2106	580	0	0	0	0	0	0	1659392707253
2106	580	0	0	0	0	0	0	1659392708273
2106	580	0	0	0	0	0	0	1659392709293
2106	580	0	0	0	0	0	0	1659392710313
2106	580	0	0	0	0	0	0	1659392711333
2106	580	0	0	0	0	0	0	1659392712353
2106	580	0	0	0	0	0	0	1659392713373
2106	580	0	0	0	0	0	0	1659392714393
2106	580	0	0	0	0	0	0	1659392715413
2106	580	0	0	0	0	0	0	1659392716433
2106	580	0	0	0	0	0	0	1659392717453
2106	580	0	0	0	0	0	0	1659392718473
2106	580	0	0	0	0	0	0	1659392719493
2106	580	0	0	0	0	0	0	1659392720513
2106	580	0	0	0	0	0	0	1659392721533
2106	580	0	0	0	0	0	0	1659392722553
2106	580	0	0	0	0	0	0	1659392723573
2106	580	0	0	0	0	0	0	1659392724593
2106	580	0	0	0	0	0	0	1659392725613
2106	580	0	0	0	0	0	0	1659392726633
2106	580	0	0	0	0	0	0	1659392727653
2106	580	0	0	0	0	0	0	1659392728673
2106	580	0	0	0	0	0	0	1659392729693
2106	580	0	0	0	0	0	0	1659392730713
2106	580	0	0	0	0	0	0	1659392731733
2106	580	0	0	0	0	0	0	1659392732753
2106	580	0	0	0	0	0	0	1659392733773
2106	580	0	0	0	0	0	0	1659392734793
2106	580	0	0	0	0	0	0	1659392735813
2106	580	0	0	0	0	0	0	1659392736833
2106	580	0	0	0	0	0	0	1659392737853
2106	580	0	0	0	0	0	0	1659392738873
2106	580	0	0	0	0	0	0	1659392739893
2106	580	0	0	0	0	0	0	1659392740913
2106	580	0	0	0	0	0	0	1659392741933
2106	580	0	0	0	0	0	0	1659392742953
2106	580	0	0	0	0	0	0	1659392743973
2106	580	0	0	0	0	0	0	1659392744993
2106	580	0	0	0	0	0	0	1659392746013
2106	580	0	0	0	0	0	0	1659392747033
2106	580	0	0	0	0	0	0	1659392748053
2106	580	0	0	0	0	0	0	1659392749073
2106	580	0	0	0	0	0	0	1659392750093
2106	580	0	0	0	0	0	0	1659392751113
2106	580	0	0	0	0	0	0	1659392752133
2106	580	0	0	0	0	0	0	1659392753153
2105	580	0	0	0	0	0	0	1659392754173
2104	580	0	0	0	0	0	0	1659392755193
2104	580	0	0	0	0	0	0	1659392756213
2103	580	0	0	0	0	0	0	1659392757233
2102	580	0	0	0	0	0	0	1659392758253
2099	580	0	0	0	0	0	0	1659392759273
2097	580	0	0	0	0	0	0	1659392760293
2096	580	0	0	0	0	0	0	1659392761313
2094	580	0	0	0	0	0	0	1659392762333
2093	580	0	0	0	0	0	0	1659392763353
2088	580	0	0	0	0	0	0	1659392764373
2088	580	0	0	0	0	0	0	1659392765393
2086	580	0	0	0	0	0	0	1659392766413
2084	580	0	0	0	0	0	0	1659392767433
2083	580	0	0	0	0	0	0	1659392768453
2081	580	0	0	0	0	0	0	1659392769473
2080	580	0	0	0	0	0	0	1659392770493
2079	580	0	0	0	0	0	0	1659392771513
2079	580	0	0	0	0	0	0	1659392772533
2079	580	0	0	0	0	0	0	1659392773553
2079	580	0	0	0	0	0	0	1659392774573
2079	580	0	0	0	0	0	0	1659392775593
2079	580	0	0	0	0	0	0	1659392776613
2079	580	0	0	0	0	0	0	1659392777633
2079	580	0	0	0	0	0	0	1659392778653
2079	580	0	0	0	0	0	0	1659392779673
2079	580	0	0	0	0	0	0	1659392780693
2079	580	0	0	0	0	0	0	1659392781713
2079	580	0	0	0	0	0	0	1659392782733
2079	580	0	0	0	0	0	0	1659392783753
2079	580	0	0	0	0	0	0	1659392784773
2079	580	0	0	0	0	0	0	1659392785793
2079	580	0	0	0	0	0	0	1659392786813
2079	580	0	0	0	0	0	0	1659392787833
2079	580	0	0	0	0	0	0	1659392788853
2079	580	0	0	0	0	0	0	1659392789873
2079	580	0	0	0	0	0	0	1659392790893
2079	580	0	0	0	0	0	0	1659392791913
2079	580	0	0	0	0	0	0	1659392792933
2079	580	0	0	0	0	0	0	1659392793953
2079	580	0	0	0	0	0	0	1659392794973
2079	580	0	0	0	0	0	0	1659392795993
2078	580	0	0	0	0	0	0	1659392797013
2078	580	0	0	0	0	0	0	1659392798033
2078	580	0	0	0	0	0	0	1659392799053
2078	580	0	0	0	0	0	0	1659392800073
2078	580	0	0	0	0	0	0	1659392801093
2078	580	0	0	0	0	0	0	1659392802113
2078	580	0	0	0	0	0	0	1659392803133
2078	580	0	0	0	0	0	0	1659392804153
2078	580	0	0	0	0	0	0	1659392805173
2078	580	0	0	0	0	0	0	1659392806193
2078	580	0	0	0	0	0	0	1659392807213
2078	580	0	0	0	0	0	0	1659392808233
2078	580	0	0	0	0	0	0	1659392809253
2078	580	0	0	0	0	0	0	1659392810273
2078	580	0	0	0	0	0	0	1659392811293
2078	580	0	0	0	0	0	0	1659392812313
2078	580	0	0	0	0	0	0	1659392813333
2078	580	0	0	0	0	0	0	1659392814353
2078	580	0	0	0	0	0	0	1659392815373
2078	580	0	0	0	0	0	0	1659392816393
2078	580	0	0	0	0	0	0	1659392817413
2078	580	0	0	0	0	0	0	1659392818433
2078	580	0	0	0	0	0	0	1659392819453
2078	580	0	0	0	0	0	0	1659392820473
2078	580	0	0	0	0	0	0	1659392821493
2078	580	0	0	0	0	0	0	1659392822513
2078	580	0	0	0	0	0	0	1659392823533
2078	580	0	0	0	0	0	0	1659392824553
2078	580	0	0	0	0	0	0	1659392825573
2078	580	0	0	0	0	0	0	1659392826593
2078	580	0	0	0	0	0	0	1659392827613
2078	580	0	0	0	0	0	0	1659392828633
2078	580	0	0	0	0	0	0	1659392829653
2078	580	0	0	0	0	0	0	1659392830673
2078	580	0	0	0	0	0	0	1659392831693
2078	580	0	0	0	0	0	0	1659392832713
2078	580	0	0	0	0	0	0	1659392833733
2078	580	0	0	0	0	0	0	1659392834753
2078	580	0	0	0	0	0	0	1659392835773
2078	580	0	0	0	0	0	0	1659392836793
2078	580	0	0	0	0	0	0	1659392837813
2078	580	0	0	0	0	0	0	1659392838833
2078	580	0	0	0	0	0	0	1659392839853
2078	580	0	0	0	0	0	0	1659392840873
2078	580	0	0	0	0	0	0	1659392841893
2078	580	0	0	0	0	0	0	1659392842913
2078	580	0	0	0	0	0	0	1659392843933
2078	580	0	0	0	0	0	0	1659392844953
2078	580	0	0	0	0	0	0	1659392845973
2078	580	0	0	0	0	0	0	1659392846993
2077	580	0	0	0	0	0	0	1659392848013
2077	580	0	0	0	0	0	0	1659392849033
2076	580	0	0	0	0	0	0	1659392850053
2076	580	0	0	0	0	0	0	1659392851073
2076	580	0	0	0	0	0	0	1659392852093
2076	580	0	0	0	0	0	0	1659392853113
2075	580	0	0	0	0	0	0	1659392854133
2075	580	0	0	0	0	0	0	1659392855153
2074	580	0	0	0	0	0	0	1659392856173
2071	580	0	0	0	0	0	0	1659392857193
2071	580	0	0	0	0	0	0	1659392858213
2070	579	0	0	0	0	0	0	1659392859233
2066	579	0	0	0	0	0	0	1659392860253
2067	579	0	0	0	0	0	0	1659392861273
2066	579	0	0	0	0	0	0	1659392862293
2064	579	0	0	0	0	0	0	1659392863313
2062	578	0	0	0	0	0	0	1659392864333
2061	578	0	0	0	0	0	0	1659392865353
2060	579	0	0	0	0	0	0	1659392866373
2060	579	0	0	0	0	0	0	1659392867393
2059	578	0	0	0	0	0	0	1659392868413
2057	579	0	0	0	0	0	0	1659392869433
2056	578	0	0	0	0	0	0	1659392870453
2054	577	0	0	0	0	0	0	1659392871473
2054	576	0	0	0	0	0	0	1659392872493
2054	576	0	0	0	0	0	0	1659392873513
2054	576	0	0	0	0	0	0	1659392874533
2054	576	0	0	0	0	0	0	1659392875553
2053	576	0	0	0	0	0	0	1659392876573
2052	576	0	0	0	0	0	0	1659392877593
2051	575	0	0	0	0	0	0	1659392878613
2051	574	0	0	0	0	0	0	1659392879633
2051	573	0	0	0	0	0	0	1659392880653
2051	573	0	0	0	0	0	0	1659392881673
2051	573	0	0	0	0	0	0	1659392882693
2051	573	0	0	0	0	0	0	1659392883713
2051	573	0	0	0	0	0	0	1659392884733
2051	571	0	0	0	0	0	0	1659392885753
2051	571	0	0	0	0	0	0	1659392886773
2051	570	0	0	0	0	0	0	1659392887793
2051	571	0	0	0	0	0	0	1659392888813
2051	570	0	0	0	0	0	0	1659392889833
2051	568	0	0	0	0	0	0	1659392890853
2051	566	0	0	0	0	0	0	1659392891873
2051	565	0	0	0	0	0	0	1659392892893
2051	565	0	0	0	0	0	0	1659392893913
2051	566	0	0	0	0	0	0	1659392894933
2051	564	0	0	0	0	0	0	1659392895953
2051	564	0	0	0	0	0	0	1659392896973
2051	563	0	0	0	0	0	0	1659392897993
2051	562	0	0	0	0	0	0	1659392899013
2050	562	0	0	0	0	0	0	1659392900033
2050	562	0	0	0	0	0	0	1659392901053
2050	563	0	0	0	0	0	0	1659392902073
2050	562	0	0	0	0	0	0	1659392903093
2050	561	0	0	0	0	0	0	1659392904113
2050	561	0	0	0	0	0	0	1659392905133
2050	561	0	0	0	0	0	0	1659392906153
2050	560	0	0	0	0	0	0	1659392907173
2050	559	0	0	0	0	0	0	1659392908193
2050	558	0	0	0	0	0	0	1659392909213
2050	559	0	0	0	0	0	0	1659392910233
2050	559	0	0	0	0	0	0	1659392911253
2050	558	0	0	0	0	0	0	1659392912273
2050	558	0	0	0	0	0	0	1659392913293
2050	556	0	0	0	0	0	0	1659392914313
2050	555	0	0	0	0	0	0	1659392915333
2050	554	0	0	0	0	0	0	1659392916353
2050	553	0	0	0	0	0	0	1659392917373
2050	553	0	0	0	0	0	0	1659392918393
2050	553	0	0	0	0	0	0	1659392919413
2050	553	0	0	0	0	0	0	1659392920433
2050	552	0	0	0	0	0	0	1659392921453
2050	553	0	0	0	0	0	0	1659392922473
2050	553	0	0	0	0	0	0	1659392923493
2050	553	0	0	0	0	0	0	1659392924513
2050	552	0	0	0	0	0	0	1659392925533
2050	552	0	0	0	0	0	0	1659392926553
2050	552	0	0	0	0	0	0	1659392927573
2050	552	0	0	0	0	0	0	1659392928593
2050	552	0	0	0	0	0	0	1659392929613
2050	552	0	0	0	0	0	0	1659392930633
2050	553	0	0	0	0	0	0	1659392931653
2050	552	0	0	0	0	0	0	1659392932673
2050	553	0	0	0	0	0	0	1659392933693
2050	553	0	0	0	0	0	0	1659392934713
2050	553	0	0	0	0	0	0	1659392935733
2050	553	0	0	0	0	0	0	1659392936753
2050	553	0	0	0	0	0	0	1659392937773
2050	552	0	0	0	0	0	0	1659392938793
2050	552	0	0	0	0	0	0	1659392939813
2050	552	0	0	0	0	0	0	1659392940833
2050	552	0	0	0	0	0	0	1659392941853
2050	552	0	0	0	0	0	0	1659392942873
2050	552	0	0	0	0	0	0	1659392943893
2050	552	0	0	0	0	0	0	1659392944913
2050	552	0	0	0	0	0	0	1659392945933
2050	552	0	0	0	0	0	0	1659392946953
2050	552	0	0	0	0	0	0	1659392947973
2050	552	0	0	0	0	0	0	1659392948993
2050	552	0	0	0	0	0	0	1659392950013
2050	552	0	0	0	0	0	0	1659392951033
2050	552	0	0	0	0	0	0	1659392952053
2050	552	0	0	0	0	0	0	1659392953073
2050	552	0	0	0	0	0	0	1659392954093
2050	552	0	0	0	0	0	0	1659392955113
2050	552	0	0	0	0	0	0	1659392956133
2050	552	0	0	0	0	0	0	1659392957153
2050	552	0	0	0	0	0	0	1659392958173
2050	552	0	0	0	0	0	0	1659392959193
2050	552	0	0	0	0	0	0	1659392960213
2050	552	0	0	0	0	0	0	1659392961233
2050	552	0	0	0	0	0	0	1659392962253
2050	552	0	0	0	0	0	0	1659392963273
2050	552	0	0	0	0	0	0	1659392964293
2050	552	0	0	0	0	0	0	1659392965313
2050	552	0	0	0	0	0	0	1659392966333
2050	552	0	0	0	0	0	0	1659392967353
2050	552	0	0	0	0	0	0	1659392968373
2050	552	0	0	0	0	0	0	1659392969393
2050	552	0	0	0	0	0	0	1659392970413
2050	552	0	0	0	0	0	0	1659392971433
2050	552	0	0	0	0	0	0	1659392972453
2050	552	0	0	0	0	0	0	1659392973473
2050	552	0	0	0	0	0	0	1659392974493
2050	552	0	0	0	0	0	0	1659392975513
2050	552	0	0	0	0	0	0	1659392976533
2050	552	0	0	0	0	0	0	1659392977553
2050	552	0	0	0	0	0	0	1659392978573
2050	552	0	0	0	0	0	0	1659392979593
2050	552	0	0	0	0	0	0	1659392980613
2050	552	0	0	0	0	0	0	1659392981633
2050	552	0	0	0	0	0	0	1659392982653
2050	552	0	0	0	0	0	0	1659392983673
2050	552	0	0	0	0	0	0	1659392984693
2050	552	0	0	0	0	0	0	1659392985713
2050	552	0	0	0	0	0	0	1659392986733
2050	552	0	0	0	0	0	0	1659392987753
2050	552	0	0	0	0	0	0	1659392988773
2050	552	0	0	0	0	0	0	1659392989793
2050	552	0	0	0	0	0	0	1659392990813
2050	552	0	0	0	0	0	0	1659392991833
2050	552	0	0	0	0	0	0	1659392992853
2050	552	0	0	0	0	0	0	1659392993873
2050	552	0	0	0	0	0	0	1659392994893
2049	552	0	0	0	0	0	0	1659392995913
2049	552	0	0	0	0	0	0	1659392996933
2049	552	0	0	0	0	0	0	1659392997953
2049	552	0	0	0	0	0	0	1659392998973
2049	552	0	0	0	0	0	0	1659392999993
2049	552	0	0	0	0	0	0	1659393001013
2048	552	0	0	0	0	0	0	1659393002033
2048	552	0	0	0	0	0	0	1659393003053
2048	552	0	0	0	0	0	0	1659393004073
2048	552	0	0	0	0	0	0	1659393005093
2048	552	0	0	0	0	0	0	1659393006113
2048	552	0	0	0	0	0	0	1659393007133
2048	552	0	0	0	0	0	0	1659393008153
2046	552	0	0	0	0	0	0	1659393009173
2047	552	0	0	0	0	0	0	1659393010193
2047	552	0	0	0	0	0	0	1659393011213
2046	552	0	0	0	0	0	0	1659393012233
2045	552	0	0	0	0	0	0	1659393013253
2044	552	0	0	0	0	0	0	1659393014273
2045	552	0	0	0	0	0	0	1659393015293
2046	552	0	0	0	0	0	0	1659393016313
2045	552	0	0	0	0	0	0	1659393017333
2045	552	0	0	0	0	0	0	1659393018353
2046	552	0	0	0	0	0	0	1659393019373
2044	552	0	0	0	0	0	0	1659393020393
2045	552	0	0	0	0	0	0	1659393021413
2043	552	0	0	0	0	0	0	1659393022433
2043	552	0	0	0	0	0	0	1659393023453
2042	552	0	0	0	0	0	0	1659393024473
2042	552	0	0	0	0	0	0	1659393025493
2041	552	0	0	0	0	0	0	1659393026513
2039	552	0	0	0	0	0	0	1659393027533
2038	552	0	0	0	0	0	0	1659393028553
2037	552	0	0	0	0	0	0	1659393029573
2038	552	0	0	0	0	0	0	1659393030593
2037	552	0	0	0	0	0	0	1659393031613
2038	552	0	0	0	0	0	0	1659393032633
2037	552	0	0	0	0	0	0	1659393033653
2035	552	0	0	0	0	0	0	1659393034673
2034	552	0	0	0	0	0	0	1659393035693
2033	552	0	0	0	0	0	0	1659393036713
2033	552	0	0	0	0	0	0	1659393037733
2032	552	0	0	0	0	0	0	1659393038753
2031	552	0	0	0	0	0	0	1659393039773
2029	552	0	0	0	0	0	0	1659393040793
2029	552	0	0	0	0	0	0	1659393041813
2028	552	0	0	0	0	0	0	1659393042833
2028	552	0	0	0	0	0	0	1659393043853
2029	552	0	0	0	0	0	0	1659393044873
2029	552	0	0	0	0	0	0	1659393045893
2028	552	0	0	0	0	0	0	1659393046913
2029	552	0	0	0	0	0	0	1659393047933
2029	552	0	0	0	0	0	0	1659393048953
2027	552	0	0	0	0	0	0	1659393049973
2026	552	0	0	0	0	0	0	1659393050993
2026	552	0	0	0	0	0	0	1659393052013
2026	552	0	0	0	0	0	0	1659393053033
2025	552	0	0	0	0	0	0	1659393054053
2026	552	0	0	0	0	0	0	1659393055073
2025	554	0	0	0	0	0	0	1659393056093
2024	565	0	0	0	0	0	0	1659393057113
2024	571	0	0	0	0	0	0	1659393058133
2024	574	0	0	0	0	0	0	1659393059153
2023	576	0	0	0	0	0	0	1659393060173
2023	577	0	0	0	0	0	0	1659393061193
2023	578	0	0	0	0	0	0	1659393062213
2023	579	0	0	0	0	0	0	1659393063233
2023	579	0	0	0	0	0	0	1659393064253
2023	579	0	0	0	0	0	0	1659393065273
2019	10347	0	0	0	0	0	0	1659393066293
2020	6440	0	0	0	0	0	0	1659393067313
2021	4096	0	0	0	0	0	0	1659393068333
2022	2689	0	0	0	0	0	0	1659393069353
2022	1845	0	0	0	0	0	0	1659393070373
2022	1339	0	0	0	0	0	0	1659393071393
2022	1035	0	0	0	0	0	0	1659393072413
2022	853	0	0	0	0	0	0	1659393073433
2022	744	0	0	0	0	0	0	1659393074453
2022	678	0	0	0	0	0	0	1659393075473
2022	639	0	0	0	0	0	0	1659393076493
2022	615	0	0	0	0	0	0	1659393077513
2022	601	0	0	0	0	0	0	1659393078533
2022	592	0	0	0	0	0	0	1659393079553
2022	587	0	0	0	0	0	0	1659393080573
2022	584	0	0	0	0	0	0	1659393081593
2022	582	0	0	0	0	0	0	1659393082613
2022	581	0	0	0	0	0	0	1659393083633
2022	580	0	0	0	0	0	0	1659393084653
2022	580	0	0	0	0	0	0	1659393085673
2022	580	0	0	0	0	0	0	1659393086693
2022	580	0	0	0	0	0	0	1659393087713
2022	580	0	0	0	0	0	0	1659393088733
2022	580	0	0	0	0	0	0	1659393089753
2022	580	0	0	0	0	0	0	1659393090773
2022	580	0	0	0	0	0	0	1659393091793
2022	580	0	0	0	0	0	0	1659393092813
2022	580	0	0	0	0	0	0	1659393093833
2022	580	0	0	0	0	0	0	1659393094853
2022	580	0	0	0	0	0	0	1659393095873
2022	580	0	0	0	0	0	0	1659393096893
2022	580	0	0	0	0	0	0	1659393097913
2022	580	0	0	0	0	0	0	1659393098933
2022	580	0	0	0	0	0	0	1659393099953
2022	580	0	0	0	0	0	0	1659393100973
2022	580	0	0	0	0	0	0	1659393101993
2022	580	0	0	0	0	0	0	1659393103013
2022	580	0	0	0	0	0	0	1659393104033
2022	580	0	0	0	0	0	0	1659393105053
2022	580	0	0	0	0	0	0	1659393106073
2022	580	0	0	0	0	0	0	1659393107093
2022	580	0	0	0	0	0	0	1659393108113
2022	580	0	0	0	0	0	0	1659393109133
2022	580	0	0	0	0	0	0	1659393110153
2022	580	0	0	0	0	0	0	1659393111173
2022	580	0	0	0	0	0	0	1659393112193
2022	580	0	0	0	0	0	0	1659393113213
2022	580	0	0	0	0	0	0	1659393114233
2022	580	0	0	0	0	0	0	1659393115253
2022	580	0	0	0	0	0	0	1659393116273
2022	580	0	0	0	0	0	0	1659393117293
2022	580	0	0	0	0	0	0	1659393118313
2022	580	0	0	0	0	0	0	1659393119333
2022	580	0	0	0	0	0	0	1659393120353
2022	580	0	0	0	0	0	0	1659393121373
2022	580	0	0	0	0	0	0	1659393122393
2022	580	0	0	0	0	0	0	1659393123413
2022	580	0	0	0	0	0	0	1659393124433
2022	580	0	0	0	0	0	0	1659393125453
2022	580	0	0	0	0	0	0	1659393126473
2022	580	0	0	0	0	0	0	1659393127493
2022	580	0	0	0	0	0	0	1659393128513
2022	580	0	0	0	0	0	0	1659393129533
2022	580	0	0	0	0	0	0	1659393130553
2022	580	0	0	0	0	0	0	1659393131573
2022	580	0	0	0	0	0	0	1659393132593
2022	580	0	0	0	0	0	0	1659393133613
2022	580	0	0	0	0	0	0	1659393134633
2022	580	0	0	0	0	0	0	1659393135653
2022	580	0	0	0	0	0	0	1659393136673
2022	580	0	0	0	0	0	0	1659393137693
2022	580	0	0	0	0	0	0	1659393138713
2022	580	0	0	0	0	0	0	1659393139733
2022	580	0	0	0	0	0	0	1659393140753
2022	580	0	0	0	0	0	0	1659393141773
2022	580	0	0	0	0	0	0	1659393142793
2022	580	0	0	0	0	0	0	1659393143813
2022	580	0	0	0	0	0	0	1659393144833
2022	580	0	0	0	0	0	0	1659393145853
2022	580	0	0	0	0	0	0	1659393146873
2022	580	0	0	0	0	0	0	1659393147893
2022	580	0	0	0	0	0	0	1659393148913
2022	580	0	0	0	0	0	0	1659393149933
2022	580	0	0	0	0	0	0	1659393150953
2022	580	0	0	0	0	0	0	1659393151973
2022	580	0	0	0	0	0	0	1659393152993
2022	580	0	0	0	0	0	0	1659393154013
2022	580	0	0	0	0	0	0	1659393155033
2022	580	0	0	0	0	0	0	1659393156053
2022	580	0	0	0	0	0	0	1659393157073
2022	580	0	0	0	0	0	0	1659393158093
2022	580	0	0	0	0	0	0	1659393159113
2022	580	0	0	0	0	0	0	1659393160133
2022	580	0	0	0	0	0	0	1659393161153
2022	580	0	0	0	0	0	0	1659393162173
2022	580	0	0	0	0	0	0	1659393163193
2022	580	0	0	0	0	0	0	1659393164213
2022	580	0	0	0	0	0	0	1659393165233
2022	580	0	0	0	0	0	0	1659393166253
2022	580	0	0	0	0	0	0	1659393167273
2023	580	0	0	0	0	0	0	1659393168293
2023	579	0	0	0	0	0	0	1659393169313
2023	579	0	0	0	0	0	0	1659393170333
2023	579	0	0	0	0	0	0	1659393171353
2023	579	0	0	0	0	0	0	1659393172373
2023	579	0	0	0	0	0	0	1659393173393
2023	579	0	0	0	0	0	0	1659393174413
2023	578	0	0	0	0	0	0	1659393175433
2023	578	0	0	0	0	0	0	1659393176453
2023	578	0	0	0	0	0	0	1659393177473
2023	578	0	0	0	0	0	0	1659393178493
2023	578	0	0	0	0	0	0	1659393179513
2023	578	0	0	0	0	0	0	1659393180533
2023	577	0	0	0	0	0	0	1659393181553
2023	576	0	0	0	0	0	0	1659393182573
2023	576	0	0	0	0	0	0	1659393183593
2023	576	0	0	0	0	0	0	1659393184613
2023	576	0	0	0	0	0	0	1659393185633
2023	577	0	0	0	0	0	0	1659393186653
2023	576	0	0	0	0	0	0	1659393187673
2023	576	0	0	0	0	0	0	1659393188693
2023	577	0	0	0	0	0	0	1659393189713
2023	575	0	0	0	0	0	0	1659393190733
2023	575	0	0	0	0	0	0	1659393191753
2023	574	0	0	0	0	0	0	1659393192773
2023	575	0	0	0	0	0	0	1659393193793
2023	574	0	0	0	0	0	0	1659393194813
2023	571	0	0	0	0	0	0	1659393195833
2023	570	0	0	0	0	0	0	1659393196853
2023	569	0	0	0	0	0	0	1659393197873
2023	570	0	0	0	0	0	0	1659393198893
2023	571	0	0	0	0	0	0	1659393199913
2023	570	0	0	0	0	0	0	1659393200933
2023	569	0	0	0	0	0	0	1659393201953
2023	568	0	0	0	0	0	0	1659393202973
2023	567	0	0	0	0	0	0	1659393203993
2023	566	0	0	0	0	0	0	1659393205013
2023	565	0	0	0	0	0	0	1659393206033
2023	564	0	0	0	0	0	0	1659393207053
2023	564	0	0	0	0	0	0	1659393208073
2023	564	0	0	0	0	0	0	1659393209093
2023	561	0	0	0	0	0	0	1659393210113
2023	560	0	0	0	0	0	0	1659393211133
2023	559	0	0	0	0	0	0	1659393212153
2023	559	0	0	0	0	0	0	1659393213173
2023	559	0	0	0	0	0	0	1659393214193
2023	558	0	0	0	0	0	0	1659393215213
2023	559	0	0	0	0	0	0	1659393216233
2023	558	0	0	0	0	0	0	1659393217253
2023	559	0	0	0	0	0	0	1659393218273
2023	558	0	0	0	0	0	0	1659393219293
2023	556	0	0	0	0	0	0	1659393220313
2023	556	0	0	0	0	0	0	1659393221333
2023	555	0	0	0	0	0	0	1659393222353
2023	555	0	0	0	0	0	0	1659393223373
2023	554	0	0	0	0	0	0	1659393224393
2023	555	0	0	0	0	0	0	1659393225413
2023	554	0	0	0	0	0	0	1659393226433
2023	554	0	0	0	0	0	0	1659393227453
2023	554	0	0	0	0	0	0	1659393228473
2023	555	0	0	0	0	0	0	1659393229493
2022	555	0	0	0	0	0	0	1659393230513
2022	554	0	0	0	0	0	0	1659393231533
2022	553	0	0	0	0	0	0	1659393232553
2022	553	0	0	0	0	0	0	1659393233573
2022	552	0	0	0	0	0	0	1659393234593
2022	552	0	0	0	0	0	0	1659393235613
2022	554	0	0	0	0	0	0	1659393236633
2022	553	0	0	0	0	0	0	1659393237653
2022	552	0	0	0	0	0	0	1659393238673
2022	552	0	0	0	0	0	0	1659393239693
2022	552	0	0	0	0	0	0	1659393240713
2022	552	0	0	0	0	0	0	1659393241733
2022	552	0	0	0	0	0	0	1659393242753
2022	552	0	0	0	0	0	0	1659393243773
2022	553	0	0	0	0	0	0	1659393244793
2022	553	0	0	0	0	0	0	1659393245813
2022	553	0	0	0	0	0	0	1659393246833
2022	553	0	0	0	0	0	0	1659393247853
2022	553	0	0	0	0	0	0	1659393248873
2022	553	0	0	0	0	0	0	1659393249893
2022	553	0	0	0	0	0	0	1659393250913
2022	553	0	0	0	0	0	0	1659393251933
2022	552	0	0	0	0	0	0	1659393252953
2022	553	0	0	0	0	0	0	1659393253973
2022	553	0	0	0	0	0	0	1659393254993
2022	553	0	0	0	0	0	0	1659393256013
2022	553	0	0	0	0	0	0	1659393257033
2022	552	0	0	0	0	0	0	1659393258053
2022	552	0	0	0	0	0	0	1659393259073
2022	552	0	0	0	0	0	0	1659393260093
2022	552	0	0	0	0	0	0	1659393261113
2022	552	0	0	0	0	0	0	1659393262133
2022	552	0	0	0	0	0	0	1659393263153
2022	552	0	0	0	0	0	0	1659393264173
2022	552	0	0	0	0	0	0	1659393265193
2022	552	0	0	0	0	0	0	1659393266213
2022	552	0	0	0	0	0	0	1659393267233
2022	552	0	0	0	0	0	0	1659393268253
2022	552	0	0	0	0	0	0	1659393269273
2022	552	0	0	0	0	0	0	1659393270293
2022	552	0	0	0	0	0	0	1659393271313
2022	552	0	0	0	0	0	0	1659393272333
2022	552	0	0	0	0	0	0	1659393273353
2022	552	0	0	0	0	0	0	1659393274373
2022	552	0	0	0	0	0	0	1659393275393
2022	552	0	0	0	0	0	0	1659393276413
2022	552	0	0	0	0	0	0	1659393277433
2022	552	0	0	0	0	0	0	1659393278453
2022	552	0	0	0	0	0	0	1659393279473
2022	552	0	0	0	0	0	0	1659393280493
2022	552	0	0	0	0	0	0	1659393281513
2022	552	0	0	0	0	0	0	1659393282533
2022	552	0	0	0	0	0	0	1659393283553
2022	552	0	0	0	0	0	0	1659393284573
2022	552	0	0	0	0	0	0	1659393285593
2022	552	0	0	0	0	0	0	1659393286613
2022	552	0	0	0	0	0	0	1659393287633
2022	552	0	0	0	0	0	0	1659393288653
2022	552	0	0	0	0	0	0	1659393289673
2022	552	0	0	0	0	0	0	1659393290693
2022	552	0	0	0	0	0	0	1659393291713
2022	552	0	0	0	0	0	0	1659393292733
2022	552	0	0	0	0	0	0	1659393293753
2022	552	0	0	0	0	0	0	1659393294773
2022	552	0	0	0	0	0	0	1659393295793
2022	552	0	0	0	0	0	0	1659393296813
2022	552	0	0	0	0	0	0	1659393297833
2022	552	0	0	0	0	0	0	1659393298853
2022	552	0	0	0	0	0	0	1659393299873
2022	552	0	0	0	0	0	0	1659393300893
2022	552	0	0	0	0	0	0	1659393301913
2022	552	0	0	0	0	0	0	1659393302933
2022	552	0	0	0	0	0	0	1659393303953
2022	552	0	0	0	0	0	0	1659393304973
2022	552	0	0	0	0	0	0	1659393305993
2022	552	0	0	0	0	0	0	1659393307013
2022	552	0	0	0	0	0	0	1659393308033
2022	552	0	0	0	0	0	0	1659393309053
2022	552	0	0	0	0	0	0	1659393310073
2022	552	0	0	0	0	0	0	1659393311093
2022	552	0	0	0	0	0	0	1659393312113
2022	552	0	0	0	0	0	0	1659393313133
2022	552	0	0	0	0	0	0	1659393314153
2022	552	0	0	0	0	0	0	1659393315173
2022	552	0	0	0	0	0	0	1659393316193
2022	552	0	0	0	0	0	0	1659393317213
2022	552	0	0	0	0	0	0	1659393318233
2023	552	0	0	0	0	0	0	1659393319253
2023	552	0	0	0	0	0	0	1659393320273
2023	552	0	0	0	0	0	0	1659393321293
2023	552	0	0	0	0	0	0	1659393322313
2023	552	0	0	0	0	0	0	1659393323333
2023	552	0	0	0	0	0	0	1659393324353
2023	552	0	0	0	0	0	0	1659393325373
2023	552	0	0	0	0	0	0	1659393326393
2023	552	0	0	0	0	0	0	1659393327413
2023	552	0	0	0	0	0	0	1659393328433
2023	552	0	0	0	0	0	0	1659393329453
2023	552	0	0	0	0	0	0	1659393330473
2023	552	0	0	0	0	0	0	1659393331493
2023	552	0	0	0	0	0	0	1659393332513
2023	552	0	0	0	0	0	0	1659393333533
2023	552	0	0	0	0	0	0	1659393334553
2023	552	0	0	0	0	0	0	1659393335573
2023	552	0	0	0	0	0	0	1659393336593
2023	552	0	0	0	0	0	0	1659393337613
2023	552	0	0	0	0	0	0	1659393338633
2023	552	0	0	0	0	0	0	1659393339653
2023	552	0	0	0	0	0	0	1659393340673
2023	552	0	0	0	0	0	0	1659393341693
2023	552	0	0	0	0	0	0	1659393342713
2023	552	0	0	0	0	0	0	1659393343733
2023	552	0	0	0	0	0	0	1659393344753
2023	552	0	0	0	0	0	0	1659393345773
2023	552	0	0	0	0	0	0	1659393346793
2023	552	0	0	0	0	0	0	1659393347813
2023	552	0	0	0	0	0	0	1659393348833
2023	552	0	0	0	0	0	0	1659393349853
2023	552	0	0	0	0	0	0	1659393350873
2022	552	0	0	0	0	0	0	1659393351893
2022	552	0	0	0	0	0	0	1659393352913
2022	552	0	0	0	0	0	0	1659393353933
2022	552	0	0	0	0	0	0	1659393354953
2022	552	0	0	0	0	0	0	1659393355973
2022	552	0	0	0	0	0	0	1659393356993
2022	552	0	0	0	0	0	0	1659393358013
2022	552	0	0	0	0	0	0	1659393359033
2022	552	0	0	0	0	0	0	1659393360053
2022	552	0	0	0	0	0	0	1659393361073
2022	552	0	0	0	0	0	0	1659393362093
2022	552	0	0	0	0	0	0	1659393363113
2022	552	0	0	0	0	0	0	1659393364133
2022	552	0	0	0	0	0	0	1659393365153
2022	552	0	0	0	0	0	0	1659393366173
2022	552	0	0	0	0	0	0	1659393367193
2022	552	0	0	0	0	0	0	1659393368213
2022	552	0	0	0	0	0	0	1659393369233
2022	552	0	0	0	0	0	0	1659393370253
2022	552	0	0	0	0	0	0	1659393371273
2022	552	0	0	0	0	0	0	1659393372293
2022	552	0	0	0	0	0	0	1659393373313
2022	552	0	0	0	0	0	0	1659393374333
2022	552	0	0	0	0	0	0	1659393375353
2022	552	0	0	0	0	0	0	1659393376373
2022	552	0	0	0	0	0	0	1659393377393
2022	552	0	0	0	0	0	0	1659393378413
2022	552	0	0	0	0	0	0	1659393379433
2022	552	0	0	0	0	0	0	1659393380453
2022	552	0	0	0	0	0	0	1659393381473
2022	552	0	0	0	0	0	0	1659393382493
2022	552	0	0	0	0	0	0	1659393383513
2022	552	0	0	0	0	0	0	1659393384533
2022	552	0	0	0	0	0	0	1659393385553
2022	552	0	0	0	0	0	0	1659393386573
2022	552	0	0	0	0	0	0	1659393387593
2022	552	0	0	0	0	0	0	1659393388613
2022	552	0	0	0	0	0	0	1659393389633
2022	552	0	0	0	0	0	0	1659393390653
2022	552	0	0	0	0	0	0	1659393391673
2022	552	0	0	0	0	0	0	1659393392693
2022	552	0	0	0	0	0	0	1659393393713
2022	552	0	0	0	0	0	0	1659393394733
2022	552	0	0	0	0	0	0	1659393395753
2022	552	0	0	0	0	0	0	1659393396773
2022	552	0	0	0	0	0	0	1659393397793
2022	552	0	0	0	0	0	0	1659393398813
2022	552	0	0	0	0	0	0	1659393399833
2022	552	0	0	0	0	0	0	1659393400853
2022	552	0	0	0	0	0	0	1659393401873
2022	552	0	0	0	0	0	0	1659393402893
2022	552	0	0	0	0	0	0	1659393403913
2023	552	0	0	0	0	0	0	1659393404933
2023	552	0	0	0	0	0	0	1659393405953
2023	552	0	0	0	0	0	0	1659393406973
2023	552	0	0	0	0	0	0	1659393407993
2023	552	0	0	0	0	0	0	1659393409013
2023	552	0	0	0	0	0	0	1659393410033
2023	552	0	0	0	0	0	0	1659393411053
2023	552	0	0	0	0	0	0	1659393412073
2023	552	0	0	0	0	0	0	1659393413093
2023	552	0	0	0	0	0	0	1659393414113
2023	552	0	0	0	0	0	0	1659393415133
2023	552	0	0	0	0	0	0	1659393416153
2023	552	0	0	0	0	0	0	1659393417173
2023	552	0	0	0	0	0	0	1659393418193
2023	552	0	0	0	0	0	0	1659393419213
2022	552	0	0	0	0	0	0	1659393420233
2022	552	0	0	0	0	0	0	1659393421253
2022	552	0	0	0	0	0	0	1659393422273
2022	552	0	0	0	0	0	0	1659393423293
2022	552	0	0	0	0	0	0	1659393424313
2022	552	0	0	0	0	0	0	1659393425333
2022	552	0	0	0	0	0	0	1659393426353
2022	552	0	0	0	0	0	0	1659393427373
2022	552	0	0	0	0	0	0	1659393428393
2022	552	0	0	0	0	0	0	1659393429413
2022	552	0	0	0	0	0	0	1659393430433
2022	552	0	0	0	0	0	0	1659393431453
2022	552	0	0	0	0	0	0	1659393432473
2022	552	0	0	0	0	0	0	1659393433493
2022	552	0	0	0	0	0	0	1659393434513
2022	552	0	0	0	0	0	0	1659393435533
2022	552	0	0	0	0	0	0	1659393436553
2022	552	0	0	0	0	0	0	1659393437573
2022	552	0	0	0	0	0	0	1659393438593
2022	552	0	0	0	0	0	0	1659393439613
2022	552	0	0	0	0	0	0	1659393440633
2022	552	0	0	0	0	0	0	1659393441653
2022	552	0	0	0	0	0	0	1659393442673
2022	552	0	0	0	0	0	0	1659393443693
2022	552	0	0	0	0	0	0	1659393444713
2022	552	0	0	0	0	0	0	1659393445733
2022	552	0	0	0	0	0	0	1659393446753
2023	552	0	0	0	0	0	0	1659393447773
2023	552	0	0	0	0	0	0	1659393448793
2023	552	0	0	0	0	0	0	1659393449813
2023	552	0	0	0	0	0	0	1659393450833
2023	552	0	0	0	0	0	0	1659393451853
2023	552	0	0	0	0	0	0	1659393452873
2023	552	0	0	0	0	0	0	1659393453893
2023	552	0	0	0	0	0	0	1659393454913
2023	552	0	0	0	0	0	0	1659393455933
2023	552	0	0	0	0	0	0	1659393456953
2023	552	0	0	0	0	0	0	1659393457973
2023	552	0	0	0	0	0	0	1659393458993
2023	552	0	0	0	0	0	0	1659393460013
2023	552	0	0	0	0	0	0	1659393461033
2023	552	0	0	0	0	0	0	1659393462053
2023	552	0	0	0	0	0	0	1659393463073
2023	552	0	0	0	0	0	0	1659393464093
2023	552	0	0	0	0	0	0	1659393465113
2023	552	0	0	0	0	0	0	1659393466133
2023	552	0	0	0	0	0	0	1659393467153
2023	552	0	0	0	0	0	0	1659393468173
2023	552	0	0	0	0	0	0	1659393469193
2023	552	0	0	0	0	0	0	1659393470213
2023	552	0	0	0	0	0	0	1659393471233
2023	552	0	0	0	0	0	0	1659393472253
2023	552	0	0	0	0	0	0	1659393473273
2023	552	0	0	0	0	0	0	1659393474293
2023	552	0	0	0	0	0	0	1659393475313
2023	552	0	0	0	0	0	0	1659393476333
2023	552	0	0	0	0	0	0	1659393477353
2023	552	0	0	0	0	0	0	1659393478373
2023	552	0	0	0	0	0	0	1659393479393
2023	552	0	0	0	0	0	0	1659393480413
2023	552	0	0	0	0	0	0	1659393481433
2023	552	0	0	0	0	0	0	1659393482453
2023	552	0	0	0	0	0	0	1659393483473
2023	552	0	0	0	0	0	0	1659393484493
2023	552	0	0	0	0	0	0	1659393485513
2023	552	0	0	0	0	0	0	1659393486533
2023	552	0	0	0	0	0	0	1659393487553
2023	552	0	0	0	0	0	0	1659393488573
2023	552	0	0	0	0	0	0	1659393489593
2023	552	0	0	0	0	0	0	1659393490613
2023	552	0	0	0	0	0	0	1659393491633
2023	552	0	0	0	0	0	0	1659393492653
2023	552	0	0	0	0	0	0	1659393493673
2023	552	0	0	0	0	0	0	1659393494693
2023	552	0	0	0	0	0	0	1659393495713
2023	552	0	0	0	0	0	0	1659393496733
2023	552	0	0	0	0	0	0	1659393497753
2023	551	0	0	0	0	0	0	1659393498773
2023	551	0	0	0	0	0	0	1659393499793
2023	551	0	0	0	0	0	0	1659393500813
2023	551	0	0	0	0	0	0	1659393501833
