2979	2444	0	0	0	0	0	0	1656086842108
2965	2430	0	0	0	0	0	0	1656086843128
2945	2415	0	0	0	0	0	0	1656086844148
2925	2404	0	0	0	0	0	0	1656086845168
2903	2387	0	0	0	0	0	0	1656086846188
2887	2376	0	0	0	0	0	0	1656086847208
2869	2370	0	0	0	0	0	0	1656086848228
2855	2357	0	0	0	0	0	0	1656086849248
2838	2347	0	0	0	0	0	0	1656086850268
2828	2341	0	0	0	0	0	0	1656086851288
2818	2338	0	0	0	0	0	0	1656086852308
2805	2339	0	0	0	0	0	0	1656086853328
2797	2336	0	0	0	0	0	0	1656086854348
2793	2330	0	0	0	0	0	0	1656086855368
2780	2320	0	0	0	0	0	0	1656086856388
2771	2312	0	0	0	0	0	0	1656086857408
2766	2310	0	0	0	0	0	0	1656086858428
2763	2308	0	0	0	0	0	0	1656086859448
2756	2307	0	0	0	0	0	0	1656086860468
2745	2306	0	0	0	0	0	0	1656086861488
2739	2305	0	0	0	0	0	0	1656086862508
2736	2318	0	0	0	0	0	0	1656086863528
2734	2322	0	0	0	0	0	0	1656086864548
2732	2315	0	0	0	0	0	0	1656086865568
2725	2311	0	0	0	0	0	0	1656086866588
2716	2309	0	0	0	0	0	0	1656086867608
2710	2307	0	0	0	0	0	0	1656086868628
2707	2316	0	0	0	0	0	0	1656086869648
2705	2322	0	0	0	0	0	0	1656086870668
2704	2318	0	0	0	0	0	0	1656086871688
2703	2319	0	0	0	0	0	0	1656086872708
2703	2325	0	0	0	0	0	0	1656086873728
2703	2328	0	0	0	0	0	0	1656086874748
2701	2330	0	0	0	0	0	0	1656086875768
2700	2327	0	0	0	0	0	0	1656086876788
2695	2321	0	0	0	0	0	0	1656086877808
2692	2317	0	0	0	0	0	0	1656086878828
2684	2316	0	0	0	0	0	0	1656086879848
2681	2311	0	0	0	0	0	0	1656086880868
2678	2308	0	0	0	0	0	0	1656086881888
2677	2319	0	0	0	0	0	0	1656086882908
2675	2321	0	0	0	0	0	0	1656086883928
2674	2319	0	0	0	0	0	0	1656086884948
2674	2311	0	0	0	0	0	0	1656086885968
2674	2298	0	0	0	0	0	0	1656086886988
2673	2310	0	0	0	0	0	0	1656086888008
2673	2309	0	0	0	0	0	0	1656086889028
2673	2305	0	0	0	0	0	0	1656086890048
2673	2297	0	0	0	0	0	0	1656086891068
2673	2289	0	0	0	0	0	0	1656086892088
2666	2284	0	0	0	0	0	0	1656086893108
2658	2281	0	0	0	0	0	0	1656086894128
2652	2279	0	0	0	0	0	0	1656086895148
2649	2278	0	0	0	0	0	0	1656086896168
2648	2277	0	0	0	0	0	0	1656086897188
2647	2277	0	0	0	0	0	0	1656086898208
2646	2277	0	0	0	0	0	0	1656086899228
2646	2277	0	0	0	0	0	0	1656086900248
2646	2277	0	0	0	0	0	0	1656086901268
2646	2276	0	0	0	0	0	0	1656086902288
2645	2276	0	0	0	0	0	0	1656086903308
2645	2276	0	0	0	0	0	0	1656086904328
2645	2276	0	0	0	0	0	0	1656086905348
2645	2276	0	0	0	0	0	0	1656086906368
2645	2276	0	0	0	0	0	0	1656086907388
2645	2276	0	0	0	0	0	0	1656086908408
2645	2276	0	0	0	0	0	0	1656086909428
2645	2276	0	0	0	0	0	0	1656086910448
2645	2276	0	0	0	0	0	0	1656086911468
2645	2276	0	0	0	0	0	0	1656086912488
2644	2276	0	0	0	0	0	0	1656086913508
2644	2276	0	0	0	0	0	0	1656086914528
2644	2277	0	0	0	0	0	0	1656086915548
2644	2277	0	0	0	0	0	0	1656086916568
2640	2277	0	0	0	0	0	0	1656086917588
2632	2277	0	0	0	0	0	0	1656086918608
2626	2276	0	0	0	0	0	0	1656086919628
2622	2276	0	0	0	0	0	0	1656086920648
2620	2276	0	0	0	0	0	0	1656086921668
2618	2276	0	0	0	0	0	0	1656086922688
2618	2276	0	0	0	0	0	0	1656086923708
2618	2276	0	0	0	0	0	0	1656086924728
2617	2276	0	0	0	0	0	0	1656086925748
2617	2285	0	0	0	0	0	0	1656086926768
2617	2293	0	0	0	0	0	0	1656086927788
2617	2297	0	0	0	0	0	0	1656086928808
2617	2291	0	0	0	0	0	0	1656086929828
2617	2285	0	0	0	0	0	0	1656086930848
2617	2282	0	0	0	0	0	0	1656086931868
2617	2280	0	0	0	0	0	0	1656086932888
2617	2279	0	0	0	0	0	0	1656086933908
2617	2278	0	0	0	0	0	0	1656086934928
2616	2277	0	0	0	0	0	0	1656086935948
2616	2276	0	0	0	0	0	0	1656086936968
2616	2276	0	0	0	0	0	0	1656086937988
2616	2286	0	0	0	0	0	0	1656086939008
2616	2290	0	0	0	0	0	0	1656086940028
2616	2285	0	0	0	0	0	0	1656086941048
2616	2281	0	0	0	0	0	0	1656086942068
2616	2279	0	0	0	0	0	0	1656086943088
2616	2278	0	0	0	0	0	0	1656086944108
2617	2277	0	0	0	0	0	0	1656086945128
2617	2277	0	0	0	0	0	0	1656086946148
2617	2277	0	0	0	0	0	0	1656086947168
2617	2277	0	0	0	0	0	0	1656086948188
2617	2276	0	0	0	0	0	0	1656086949208
2617	2276	0	0	0	0	0	0	1656086950228
2614	2276	0	0	0	0	0	0	1656086951248
2613	2276	0	0	0	0	0	0	1656086952268
2607	2276	0	0	0	0	0	0	1656086953288
2603	2276	0	0	0	0	0	0	1656086954308
2598	2276	0	0	0	0	0	0	1656086955328
2595	2276	0	0	0	0	0	0	1656086956348
2601	2285	0	0	0	0	0	0	1656086957368
2606	2293	0	0	0	0	0	0	1656086958388
2610	2297	0	0	0	0	0	0	1656086959408
2612	2300	0	0	0	0	0	0	1656086960428
2611	2302	0	0	0	0	0	0	1656086961448
2610	2303	0	0	0	0	0	0	1656086962468
2604	2304	0	0	0	0	0	0	1656086963488
2599	2304	0	0	0	0	0	0	1656086964508
2597	2304	0	0	0	0	0	0	1656086965528
2595	2300	0	0	0	0	0	0	1656086966548
2593	2294	0	0	0	0	0	0	1656086967568
2591	2287	0	0	0	0	0	0	1656086968588
2590	2282	0	0	0	0	0	0	1656086969608
2590	2280	0	0	0	0	0	0	1656086970628
2590	2281	0	0	0	0	0	0	1656086971648
2590	2290	0	0	0	0	0	0	1656086972668
2590	2296	0	0	0	0	0	0	1656086973688
2589	2300	0	0	0	0	0	0	1656086974708
2588	2302	0	0	0	0	0	0	1656086975728
2588	2303	0	0	0	0	0	0	1656086976748
2588	2304	0	0	0	0	0	0	1656086977768
2588	2304	0	0	0	0	0	0	1656086978788
2589	2304	0	0	0	0	0	0	1656086979808
2589	2304	0	0	0	0	0	0	1656086980828
2589	2304	0	0	0	0	0	0	1656086981848
2588	2304	0	0	0	0	0	0	1656086982868
2588	2304	0	0	0	0	0	0	1656086983888
2588	2304	0	0	0	0	0	0	1656086984908
2588	2304	0	0	0	0	0	0	1656086985928
2588	2302	0	0	0	0	0	0	1656086986948
2588	2303	0	0	0	0	0	0	1656086987968
2589	2296	0	0	0	0	0	0	1656086988988
2589	2289	0	0	0	0	0	0	1656086990008
2589	2285	0	0	0	0	0	0	1656086991028
2589	2282	0	0	0	0	0	0	1656086992048
2588	2280	0	0	0	0	0	0	1656086993068
2588	2279	0	0	0	0	0	0	1656086994088
2588	2278	0	0	0	0	0	0	1656086995108
2588	2277	0	0	0	0	0	0	1656086996128
2588	2277	0	0	0	0	0	0	1656086997148
2588	2277	0	0	0	0	0	0	1656086998168
2588	2277	0	0	0	0	0	0	1656086999188
2588	2277	0	0	0	0	0	0	1656087000208
2588	2277	0	0	0	0	0	0	1656087001228
2587	2277	0	0	0	0	0	0	1656087002248
2586	2277	0	0	0	0	0	0	1656087003268
2584	2277	0	0	0	0	0	0	1656087004288
2586	2277	0	0	0	0	0	0	1656087005308
2587	2276	0	0	0	0	0	0	1656087006328
2582	2276	0	0	0	0	0	0	1656087007348
2576	2276	0	0	0	0	0	0	1656087008368
2570	2276	0	0	0	0	0	0	1656087009388
2566	2276	0	0	0	0	0	0	1656087010408
2563	2276	0	0	0	0	0	0	1656087011428
2562	2276	0	0	0	0	0	0	1656087012448
2561	2276	0	0	0	0	0	0	1656087013468
2561	2276	0	0	0	0	0	0	1656087014488
2561	2276	0	0	0	0	0	0	1656087015508
2561	2276	0	0	0	0	0	0	1656087016528
2561	2276	0	0	0	0	0	0	1656087017548
2561	2276	0	0	0	0	0	0	1656087018568
2561	2277	0	0	0	0	0	0	1656087019588
2561	2277	0	0	0	0	0	0	1656087020608
2561	2276	0	0	0	0	0	0	1656087021628
2561	2276	0	0	0	0	0	0	1656087022648
2561	2275	0	0	0	0	0	0	1656087023668
2561	2275	0	0	0	0	0	0	1656087024688
2560	2275	0	0	0	0	0	0	1656087025708
2560	2274	0	0	0	0	0	0	1656087026728
2561	2274	0	0	0	0	0	0	1656087027748
2561	2273	0	0	0	0	0	0	1656087028768
2561	2274	0	0	0	0	0	0	1656087029788
2561	2273	0	0	0	0	0	0	1656087030808
2560	2270	0	0	0	0	0	0	1656087031828
2560	2267	0	0	0	0	0	0	1656087032848
2560	2264	0	0	0	0	0	0	1656087033868
2560	2261	0	0	0	0	0	0	1656087034888
2561	2258	0	0	0	0	0	0	1656087035908
2560	2257	0	0	0	0	0	0	1656087036928
2560	2254	0	0	0	0	0	0	1656087037948
2561	2253	0	0	0	0	0	0	1656087038968
2560	2253	0	0	0	0	0	0	1656087039988
2560	2253	0	0	0	0	0	0	1656087041008
2560	2252	0	0	0	0	0	0	1656087042028
2559	2251	0	0	0	0	0	0	1656087043048
2559	2250	0	0	0	0	0	0	1656087044068
2557	2249	0	0	0	0	0	0	1656087045088
2554	2249	0	0	0	0	0	0	1656087046108
2552	2249	0	0	0	0	0	0	1656087047128
2551	2248	0	0	0	0	0	0	1656087048148
2549	2248	0	0	0	0	0	0	1656087049168
2545	2248	0	0	0	0	0	0	1656087050188
2542	2249	0	0	0	0	0	0	1656087051208
2541	2249	0	0	0	0	0	0	1656087052228
2538	2249	0	0	0	0	0	0	1656087053248
2537	2249	0	0	0	0	0	0	1656087054268
2535	2249	0	0	0	0	0	0	1656087055288
2534	2249	0	0	0	0	0	0	1656087056308
2533	2249	0	0	0	0	0	0	1656087057328
2533	2248	0	0	0	0	0	0	1656087058348
2533	2248	0	0	0	0	0	0	1656087059368
2532	2248	0	0	0	0	0	0	1656087060388
2532	2248	0	0	0	0	0	0	1656087061408
2532	2248	0	0	0	0	0	0	1656087062428
2532	2248	0	0	0	0	0	0	1656087063448
2532	2248	0	0	0	0	0	0	1656087064468
2532	2248	0	0	0	0	0	0	1656087065488
2533	2248	0	0	0	0	0	0	1656087066508
2533	2248	0	0	0	0	0	0	1656087067528
2532	2248	0	0	0	0	0	0	1656087068548
2533	2248	0	0	0	0	0	0	1656087069568
2533	2248	0	0	0	0	0	0	1656087070588
2533	2248	0	0	0	0	0	0	1656087071608
2533	2248	0	0	0	0	0	0	1656087072628
2532	2248	0	0	0	0	0	0	1656087073648
2531	2248	0	0	0	0	0	0	1656087074668
2532	2248	0	0	0	0	0	0	1656087075688
2532	2248	0	0	0	0	0	0	1656087076708
2532	2248	0	0	0	0	0	0	1656087077728
2532	2248	0	0	0	0	0	0	1656087078748
2532	2249	0	0	0	0	0	0	1656087079768
2532	2248	0	0	0	0	0	0	1656087080788
2532	2248	0	0	0	0	0	0	1656087081808
2532	2248	0	0	0	0	0	0	1656087082828
2532	2248	0	0	0	0	0	0	1656087083848
2532	2248	0	0	0	0	0	0	1656087084868
2532	2248	0	0	0	0	0	0	1656087085888
2532	2248	0	0	0	0	0	0	1656087086908
2532	2248	0	0	0	0	0	0	1656087087928
2532	2248	0	0	0	0	0	0	1656087088948
2532	2248	0	0	0	0	0	0	1656087089968
2532	2248	0	0	0	0	0	0	1656087090988
2532	2248	0	0	0	0	0	0	1656087092008
2532	2248	0	0	0	0	0	0	1656087093028
2532	2248	0	0	0	0	0	0	1656087094048
2533	2248	0	0	0	0	0	0	1656087095068
2533	2248	0	0	0	0	0	0	1656087096088
2532	2248	0	0	0	0	0	0	1656087097108
2532	2247	0	0	0	0	0	0	1656087098128
2532	2246	0	0	0	0	0	0	1656087099148
2530	2240	0	0	0	0	0	0	1656087100168
2528	2233	0	0	0	0	0	0	1656087101188
2525	2229	0	0	0	0	0	0	1656087102208
2522	2228	0	0	0	0	0	0	1656087103228
2518	2225	0	0	0	0	0	0	1656087104248
2521	2225	0	0	0	0	0	0	1656087105268
2522	2225	0	0	0	0	0	0	1656087106288
2524	2243	0	0	0	0	0	0	1656087107308
2527	2267	0	0	0	0	0	0	1656087108328
2529	2272	0	0	0	0	0	0	1656087109348
2530	2270	0	0	0	0	0	0	1656087110368
2531	2262	0	0	0	0	0	0	1656087111388
2532	2255	0	0	0	0	0	0	1656087112408
2530	2242	0	0	0	0	0	0	1656087113428
2523	2236	0	0	0	0	0	0	1656087114448
2518	2230	0	0	0	0	0	0	1656087115468
2513	2226	0	0	0	0	0	0	1656087116488
2510	2224	0	0	0	0	0	0	1656087117508
2508	2223	0	0	0	0	0	0	1656087118528
2507	2222	0	0	0	0	0	0	1656087119548
2506	2221	0	0	0	0	0	0	1656087120568
2505	2220	0	0	0	0	0	0	1656087121588
2505	2220	0	0	0	0	0	0	1656087122608
2505	2220	0	0	0	0	0	0	1656087123628
2505	2220	0	0	0	0	0	0	1656087124648
2505	2220	0	0	0	0	0	0	1656087125668
2504	2220	0	0	0	0	0	0	1656087126688
2504	2220	0	0	0	0	0	0	1656087127708
2504	2220	0	0	0	0	0	0	1656087128728
2504	2220	0	0	0	0	0	0	1656087129748
2504	2220	0	0	0	0	0	0	1656087130768
2503	2220	0	0	0	0	0	0	1656087131788
2504	2220	0	0	0	0	0	0	1656087132808
2504	2220	0	0	0	0	0	0	1656087133828
2504	2220	0	0	0	0	0	0	1656087134848
2504	2219	0	0	0	0	0	0	1656087135868
2504	2218	0	0	0	0	0	0	1656087136888
2504	2219	0	0	0	0	0	0	1656087137908
2504	2220	0	0	0	0	0	0	1656087138928
2504	2220	0	0	0	0	0	0	1656087139948
2504	2220	0	0	0	0	0	0	1656087140968
2503	2220	0	0	0	0	0	0	1656087141988
2504	2220	0	0	0	0	0	0	1656087143008
2504	2220	0	0	0	0	0	0	1656087144028
2504	2220	0	0	0	0	0	0	1656087145048
2504	2215	0	0	0	0	0	0	1656087146068
2504	2210	0	0	0	0	0	0	1656087147088
2504	2204	0	0	0	0	0	0	1656087148108
2504	2200	0	0	0	0	0	0	1656087149128
2503	2197	0	0	0	0	0	0	1656087150148
2502	2195	0	0	0	0	0	0	1656087151168
2502	2194	0	0	0	0	0	0	1656087152188
2499	2193	0	0	0	0	0	0	1656087153208
2497	2193	0	0	0	0	0	0	1656087154228
2494	2192	0	0	0	0	0	0	1656087155248
2490	2192	0	0	0	0	0	0	1656087156268
2485	2192	0	0	0	0	0	0	1656087157288
2482	2192	0	0	0	0	0	0	1656087158308
2480	2192	0	0	0	0	0	0	1656087159328
2478	2192	0	0	0	0	0	0	1656087160348
2477	2192	0	0	0	0	0	0	1656087161368
2477	2192	0	0	0	0	0	0	1656087162388
2476	2192	0	0	0	0	0	0	1656087163408
2476	2192	0	0	0	0	0	0	1656087164428
2476	2192	0	0	0	0	0	0	1656087165448
2476	2192	0	0	0	0	0	0	1656087166468
2476	2192	0	0	0	0	0	0	1656087167488
2476	2192	0	0	0	0	0	0	1656087168508
2476	2192	0	0	0	0	0	0	1656087169528
2476	2192	0	0	0	0	0	0	1656087170548
2476	2192	0	0	0	0	0	0	1656087171568
2476	2192	0	0	0	0	0	0	1656087172588
2476	2192	0	0	0	0	0	0	1656087173608
2476	2192	0	0	0	0	0	0	1656087174628
2476	2192	0	0	0	0	0	0	1656087175648
2476	2192	0	0	0	0	0	0	1656087176668
2476	2192	0	0	0	0	0	0	1656087177688
2476	2192	0	0	0	0	0	0	1656087178708
2476	2192	0	0	0	0	0	0	1656087179728
2476	2192	0	0	0	0	0	0	1656087180748
2476	2192	0	0	0	0	0	0	1656087181768
2476	2192	0	0	0	0	0	0	1656087182788
2476	2192	0	0	0	0	0	0	1656087183808
2477	2192	0	0	0	0	0	0	1656087184828
2476	2191	0	0	0	0	0	0	1656087185848
2475	2189	0	0	0	0	0	0	1656087186868
2475	2189	0	0	0	0	0	0	1656087187888
2475	2186	0	0	0	0	0	0	1656087188908
2475	2185	0	0	0	0	0	0	1656087189928
2475	2183	0	0	0	0	0	0	1656087190948
2475	2183	0	0	0	0	0	0	1656087191968
2476	2184	0	0	0	0	0	0	1656087192988
2476	2178	0	0	0	0	0	0	1656087194008
2476	2173	0	0	0	0	0	0	1656087195028
2476	2170	0	0	0	0	0	0	1656087196048
2476	2169	0	0	0	0	0	0	1656087197068
2476	2168	0	0	0	0	0	0	1656087198088
2476	2167	0	0	0	0	0	0	1656087199108
2476	2166	0	0	0	0	0	0	1656087200128
2476	2165	0	0	0	0	0	0	1656087201148
2476	2165	0	0	0	0	0	0	1656087202168
2476	2165	0	0	0	0	0	0	1656087203188
2476	2165	0	0	0	0	0	0	1656087204208
2476	2165	0	0	0	0	0	0	1656087205228
2476	2165	0	0	0	0	0	0	1656087206248
2476	2165	0	0	0	0	0	0	1656087207268
2476	2165	0	0	0	0	0	0	1656087208288
2476	2165	0	0	0	0	0	0	1656087209308
2476	2165	0	0	0	0	0	0	1656087210328
2476	2165	0	0	0	0	0	0	1656087211348
2476	2164	0	0	0	0	0	0	1656087212368
2476	2164	0	0	0	0	0	0	1656087213388
2476	2164	0	0	0	0	0	0	1656087214408
2476	2164	0	0	0	0	0	0	1656087215428
2475	2164	0	0	0	0	0	0	1656087216448
2474	2164	0	0	0	0	0	0	1656087217468
2474	2164	0	0	0	0	0	0	1656087218488
2470	2164	0	0	0	0	0	0	1656087219508
2469	2165	0	0	0	0	0	0	1656087220528
2466	2165	0	0	0	0	0	0	1656087221548
2465	2165	0	0	0	0	0	0	1656087222568
2460	2165	0	0	0	0	0	0	1656087223588
2457	2165	0	0	0	0	0	0	1656087224608
2456	2164	0	0	0	0	0	0	1656087225628
2455	2164	0	0	0	0	0	0	1656087226648
2455	2164	0	0	0	0	0	0	1656087227668
2452	2164	0	0	0	0	0	0	1656087228688
2451	2164	0	0	0	0	0	0	1656087229708
2450	2164	0	0	0	0	0	0	1656087230728
2449	2164	0	0	0	0	0	0	1656087231748
2448	2164	0	0	0	0	0	0	1656087232768
2448	2164	0	0	0	0	0	0	1656087233788
2448	2164	0	0	0	0	0	0	1656087234808
2448	2164	0	0	0	0	0	0	1656087235828
2448	2164	0	0	0	0	0	0	1656087236848
2448	2164	0	0	0	0	0	0	1656087237868
2448	2162	0	0	0	0	0	0	1656087238888
2448	2161	0	0	0	0	0	0	1656087239908
2448	2157	0	0	0	0	0	0	1656087240928
2448	2153	0	0	0	0	0	0	1656087241948
2448	2150	0	0	0	0	0	0	1656087242968
2448	2150	0	0	0	0	0	0	1656087243988
2448	2147	0	0	0	0	0	0	1656087245008
2448	2142	0	0	0	0	0	0	1656087246028
2447	2140	0	0	0	0	0	0	1656087247048
2448	2138	0	0	0	0	0	0	1656087248068
2448	2137	0	0	0	0	0	0	1656087249088
2448	2137	0	0	0	0	0	0	1656087250108
2448	2137	0	0	0	0	0	0	1656087251128
2448	2136	0	0	0	0	0	0	1656087252148
2448	2136	0	0	0	0	0	0	1656087253168
2447	2136	0	0	0	0	0	0	1656087254188
2448	2136	0	0	0	0	0	0	1656087255208
2448	2136	0	0	0	0	0	0	1656087256228
2448	2136	0	0	0	0	0	0	1656087257248
2448	2136	0	0	0	0	0	0	1656087258268
2448	2136	0	0	0	0	0	0	1656087259288
2448	2136	0	0	0	0	0	0	1656087260308
2448	2136	0	0	0	0	0	0	1656087261328
2448	2136	0	0	0	0	0	0	1656087262348
2448	2136	0	0	0	0	0	0	1656087263368
2448	2136	0	0	0	0	0	0	1656087264388
2448	2136	0	0	0	0	0	0	1656087265408
2448	2136	0	0	0	0	0	0	1656087266428
2447	2136	0	0	0	0	0	0	1656087267448
2447	2136	0	0	0	0	0	0	1656087268468
2447	2136	0	0	0	0	0	0	1656087269488
2447	2136	0	0	0	0	0	0	1656087270508
2447	2136	0	0	0	0	0	0	1656087271528
2447	2136	0	0	0	0	0	0	1656087272548
2447	2136	0	0	0	0	0	0	1656087273568
2448	2136	0	0	0	0	0	0	1656087274588
2448	2136	0	0	0	0	0	0	1656087275608
2448	2136	0	0	0	0	0	0	1656087276628
2448	2136	0	0	0	0	0	0	1656087277648
2448	2136	0	0	0	0	0	0	1656087278668
2448	2136	0	0	0	0	0	0	1656087279688
2448	2136	0	0	0	0	0	0	1656087280708
2447	2136	0	0	0	0	0	0	1656087281728
2447	2136	0	0	0	0	0	0	1656087282748
2446	2136	0	0	0	0	0	0	1656087283768
2447	2136	0	0	0	0	0	0	1656087284788
2447	2136	0	0	0	0	0	0	1656087285808
2447	2135	0	0	0	0	0	0	1656087286828
2446	2134	0	0	0	0	0	0	1656087287848
2446	2134	0	0	0	0	0	0	1656087288868
2447	2134	0	0	0	0	0	0	1656087289888
2446	2134	0	0	0	0	0	0	1656087290908
2445	2134	0	0	0	0	0	0	1656087291928
2445	2133	0	0	0	0	0	0	1656087292948
2443	2133	0	0	0	0	0	0	1656087293968
2443	2132	0	0	0	0	0	0	1656087294988
2442	2131	0	0	0	0	0	0	1656087296008
2439	2127	0	0	0	0	0	0	1656087297028
2438	2124	0	0	0	0	0	0	1656087298048
2437	2121	0	0	0	0	0	0	1656087299068
2433	2117	0	0	0	0	0	0	1656087300088
2432	2115	0	0	0	0	0	0	1656087301108
2431	2113	0	0	0	0	0	0	1656087302128
2428	2111	0	0	0	0	0	0	1656087303148
2425	2111	0	0	0	0	0	0	1656087304168
2424	2110	0	0	0	0	0	0	1656087305188
2422	2109	0	0	0	0	0	0	1656087306208
2421	2109	0	0	0	0	0	0	1656087307228
2422	2109	0	0	0	0	0	0	1656087308248
2421	2108	0	0	0	0	0	0	1656087309268
2420	2108	0	0	0	0	0	0	1656087310288
2420	2108	0	0	0	0	0	0	1656087311308
2420	2108	0	0	0	0	0	0	1656087312328
2420	2108	0	0	0	0	0	0	1656087313348
2420	2108	0	0	0	0	0	0	1656087314368
2420	2108	0	0	0	0	0	0	1656087315388
2420	2108	0	0	0	0	0	0	1656087316408
2420	2109	0	0	0	0	0	0	1656087317428
2421	2120	0	0	0	0	0	0	1656087318448
2421	2126	0	0	0	0	0	0	1656087319468
2420	2130	0	0	0	0	0	0	1656087320488
2420	2133	0	0	0	0	0	0	1656087321508
2420	2134	0	0	0	0	0	0	1656087322528
2420	2135	0	0	0	0	0	0	1656087323548
2420	2135	0	0	0	0	0	0	1656087324568
2420	2135	0	0	0	0	0	0	1656087325588
2420	2135	0	0	0	0	0	0	1656087326608
2420	2135	0	0	0	0	0	0	1656087327628
2420	2135	0	0	0	0	0	0	1656087328648
2420	2135	0	0	0	0	0	0	1656087329668
2420	2135	0	0	0	0	0	0	1656087330688
2420	2136	0	0	0	0	0	0	1656087331708
2420	2136	0	0	0	0	0	0	1656087332728
2420	2136	0	0	0	0	0	0	1656087333748
2420	2136	0	0	0	0	0	0	1656087334768
2420	2136	0	0	0	0	0	0	1656087335788
2420	2135	0	0	0	0	0	0	1656087336808
2419	2135	0	0	0	0	0	0	1656087337828
2419	2135	0	0	0	0	0	0	1656087338848
2419	2133	0	0	0	0	0	0	1656087339868
2419	2123	0	0	0	0	0	0	1656087340888
2419	2119	0	0	0	0	0	0	1656087341908
2419	2123	0	0	0	0	0	0	1656087342928
2419	2119	0	0	0	0	0	0	1656087343948
2420	2115	0	0	0	0	0	0	1656087344968
2420	2112	0	0	0	0	0	0	1656087345988
2420	2110	0	0	0	0	0	0	1656087347008
2420	2109	0	0	0	0	0	0	1656087348028
2419	2108	0	0	0	0	0	0	1656087349048
2420	2108	0	0	0	0	0	0	1656087350068
2420	2108	0	0	0	0	0	0	1656087351088
2420	2108	0	0	0	0	0	0	1656087352108
2420	2108	0	0	0	0	0	0	1656087353128
2420	2108	0	0	0	0	0	0	1656087354148
2420	2108	0	0	0	0	0	0	1656087355168
2420	2108	0	0	0	0	0	0	1656087356188
2420	2108	0	0	0	0	0	0	1656087357208
2420	2108	0	0	0	0	0	0	1656087358228
2420	2108	0	0	0	0	0	0	1656087359248
2419	2108	0	0	0	0	0	0	1656087360268
2420	2108	0	0	0	0	0	0	1656087361288
2420	2108	0	0	0	0	0	0	1656087362308
2420	2108	0	0	0	0	0	0	1656087363328
2420	2108	0	0	0	0	0	0	1656087364348
2420	2108	0	0	0	0	0	0	1656087365368
2420	2108	0	0	0	0	0	0	1656087366388
2420	2108	0	0	0	0	0	0	1656087367408
2420	2108	0	0	0	0	0	0	1656087368428
2420	2108	0	0	0	0	0	0	1656087369448
2420	2108	0	0	0	0	0	0	1656087370468
2420	2108	0	0	0	0	0	0	1656087371488
2419	2108	0	0	0	0	0	0	1656087372508
2419	2108	0	0	0	0	0	0	1656087373528
2419	2108	0	0	0	0	0	0	1656087374548
2419	2108	0	0	0	0	0	0	1656087375568
2419	2108	0	0	0	0	0	0	1656087376588
2419	2108	0	0	0	0	0	0	1656087377608
2419	2108	0	0	0	0	0	0	1656087378628
2419	2108	0	0	0	0	0	0	1656087379648
2419	2108	0	0	0	0	0	0	1656087380668
2419	2108	0	0	0	0	0	0	1656087381688
2420	2108	0	0	0	0	0	0	1656087382708
2419	2108	0	0	0	0	0	0	1656087383728
2419	2108	0	0	0	0	0	0	1656087384748
2419	2107	0	0	0	0	0	0	1656087385768
2419	2107	0	0	0	0	0	0	1656087386788
2420	2107	0	0	0	0	0	0	1656087387808
2419	2107	0	0	0	0	0	0	1656087388828
2419	2103	0	0	0	0	0	0	1656087389848
2419	2095	0	0	0	0	0	0	1656087390868
2419	2096	0	0	0	0	0	0	1656087391888
2419	2099	0	0	0	0	0	0	1656087392908
2419	2095	0	0	0	0	0	0	1656087393928
2419	2089	0	0	0	0	0	0	1656087394948
2419	2085	0	0	0	0	0	0	1656087395968
2419	2083	0	0	0	0	0	0	1656087396988
2419	2082	0	0	0	0	0	0	1656087398008
2419	2081	0	0	0	0	0	0	1656087399028
2418	2080	0	0	0	0	0	0	1656087400048
2417	2080	0	0	0	0	0	0	1656087401068
2414	2080	0	0	0	0	0	0	1656087402088
2412	2080	0	0	0	0	0	0	1656087403108
2411	2080	0	0	0	0	0	0	1656087404128
2412	2080	0	0	0	0	0	0	1656087405148
2411	2080	0	0	0	0	0	0	1656087406168
2411	2080	0	0	0	0	0	0	1656087407188
2411	2080	0	0	0	0	0	0	1656087408208
2408	2080	0	0	0	0	0	0	1656087409228
2405	2080	0	0	0	0	0	0	1656087410248
2402	2080	0	0	0	0	0	0	1656087411268
2400	2080	0	0	0	0	0	0	1656087412288
2398	2080	0	0	0	0	0	0	1656087413308
2396	2080	0	0	0	0	0	0	1656087414328
2395	2080	0	0	0	0	0	0	1656087415348
2395	2080	0	0	0	0	0	0	1656087416368
2394	2079	0	0	0	0	0	0	1656087417388
2394	2079	0	0	0	0	0	0	1656087418408
2393	2079	0	0	0	0	0	0	1656087419428
2393	2077	0	0	0	0	0	0	1656087420448
2393	2071	0	0	0	0	0	0	1656087421468
2393	2066	0	0	0	0	0	0	1656087422488
2392	2063	0	0	0	0	0	0	1656087423508
2392	2059	0	0	0	0	0	0	1656087424528
2392	2056	0	0	0	0	0	0	1656087425548
2392	2055	0	0	0	0	0	0	1656087426568
2392	2054	0	0	0	0	0	0	1656087427588
2392	2053	0	0	0	0	0	0	1656087428608
2392	2053	0	0	0	0	0	0	1656087429628
2392	2052	0	0	0	0	0	0	1656087430648
2392	2059	0	0	0	0	0	0	1656087431668
2392	2067	0	0	0	0	0	0	1656087432688
2392	2072	0	0	0	0	0	0	1656087433708
2392	2075	0	0	0	0	0	0	1656087434728
2391	2077	0	0	0	0	0	0	1656087435748
2391	2078	0	0	0	0	0	0	1656087436768
2391	2079	0	0	0	0	0	0	1656087437788
2391	2079	0	0	0	0	0	0	1656087438808
2391	2080	0	0	0	0	0	0	1656087439828
2391	2080	0	0	0	0	0	0	1656087440848
2391	2080	0	0	0	0	0	0	1656087441868
2391	2080	0	0	0	0	0	0	1656087442888
2391	2080	0	0	0	0	0	0	1656087443908
2391	2080	0	0	0	0	0	0	1656087444928
2391	2080	0	0	0	0	0	0	1656087445948
2391	2080	0	0	0	0	0	0	1656087446968
2391	2080	0	0	0	0	0	0	1656087447988
2391	2080	0	0	0	0	0	0	1656087449008
2392	2079	0	0	0	0	0	0	1656087450028
2392	2076	0	0	0	0	0	0	1656087451048
2391	2073	0	0	0	0	0	0	1656087452068
2391	2070	0	0	0	0	0	0	1656087453088
2392	2066	0	0	0	0	0	0	1656087454108
2392	2062	0	0	0	0	0	0	1656087455128
2392	2060	0	0	0	0	0	0	1656087456148
2392	2057	0	0	0	0	0	0	1656087457168
2392	2055	0	0	0	0	0	0	1656087458188
2392	2054	0	0	0	0	0	0	1656087459208
2392	2053	0	0	0	0	0	0	1656087460228
2392	2052	0	0	0	0	0	0	1656087461248
2392	2052	0	0	0	0	0	0	1656087462268
2392	2052	0	0	0	0	0	0	1656087463288
2392	2052	0	0	0	0	0	0	1656087464308
2392	2052	0	0	0	0	0	0	1656087465328
2392	2052	0	0	0	0	0	0	1656087466348
2392	2052	0	0	0	0	0	0	1656087467368
2392	2052	0	0	0	0	0	0	1656087468388
2391	2052	0	0	0	0	0	0	1656087469408
2391	2052	0	0	0	0	0	0	1656087470428
2391	2052	0	0	0	0	0	0	1656087471448
2391	2052	0	0	0	0	0	0	1656087472468
2391	2052	0	0	0	0	0	0	1656087473488
2391	2052	0	0	0	0	0	0	1656087474508
2391	2052	0	0	0	0	0	0	1656087475528
2391	2052	0	0	0	0	0	0	1656087476548
2391	2052	0	0	0	0	0	0	1656087477568
2391	2052	0	0	0	0	0	0	1656087478588
2391	2052	0	0	0	0	0	0	1656087479608
2390	2052	0	0	0	0	0	0	1656087480628
2391	2052	0	0	0	0	0	0	1656087481648
2391	2052	0	0	0	0	0	0	1656087482668
2388	2052	0	0	0	0	0	0	1656087483688
2386	2052	0	0	0	0	0	0	1656087484708
2384	2052	0	0	0	0	0	0	1656087485728
2383	2052	0	0	0	0	0	0	1656087486748
2381	2052	0	0	0	0	0	0	1656087487768
2378	2052	0	0	0	0	0	0	1656087488788
2376	2052	0	0	0	0	0	0	1656087489808
2373	2052	0	0	0	0	0	0	1656087490828
2370	2052	0	0	0	0	0	0	1656087491848
2368	2052	0	0	0	0	0	0	1656087492868
2367	2052	0	0	0	0	0	0	1656087493888
2366	2052	0	0	0	0	0	0	1656087494908
2366	2052	0	0	0	0	0	0	1656087495928
2365	2052	0	0	0	0	0	0	1656087496948
2364	2052	0	0	0	0	0	0	1656087497968
2364	2052	0	0	0	0	0	0	1656087498988
2364	2052	0	0	0	0	0	0	1656087500008
2364	2052	0	0	0	0	0	0	1656087501028
2363	2052	0	0	0	0	0	0	1656087502048
2363	2052	0	0	0	0	0	0	1656087503068
2363	2052	0	0	0	0	0	0	1656087504088
2363	2052	0	0	0	0	0	0	1656087505108
2363	2052	0	0	0	0	0	0	1656087506128
2363	2052	0	0	0	0	0	0	1656087507148
2363	2052	0	0	0	0	0	0	1656087508168
2363	2052	0	0	0	0	0	0	1656087509188
2363	2052	0	0	0	0	0	0	1656087510208
2363	2052	0	0	0	0	0	0	1656087511228
2363	2052	0	0	0	0	0	0	1656087512248
2363	2052	0	0	0	0	0	0	1656087513268
2362	2052	0	0	0	0	0	0	1656087514288
2363	2052	0	0	0	0	0	0	1656087515308
2363	2051	0	0	0	0	0	0	1656087516328
2364	2051	0	0	0	0	0	0	1656087517348
2364	2051	0	0	0	0	0	0	1656087518368
2364	2051	0	0	0	0	0	0	1656087519388
2363	2051	0	0	0	0	0	0	1656087520408
2363	2051	0	0	0	0	0	0	1656087521428
2363	2051	0	0	0	0	0	0	1656087522448
2363	2051	0	0	0	0	0	0	1656087523468
2362	2051	0	0	0	0	0	0	1656087524488
2362	2051	0	0	0	0	0	0	1656087525508
2363	2051	0	0	0	0	0	0	1656087526528
2363	2050	0	0	0	0	0	0	1656087527548
2363	2049	0	0	0	0	0	0	1656087528568
2363	2049	0	0	0	0	0	0	1656087529588
2363	2047	0	0	0	0	0	0	1656087530608
2363	2043	0	0	0	0	0	0	1656087531628
2363	2041	0	0	0	0	0	0	1656087532648
2363	2038	0	0	0	0	0	0	1656087533668
2363	2035	0	0	0	0	0	0	1656087534688
2363	2032	0	0	0	0	0	0	1656087535708
2363	2031	0	0	0	0	0	0	1656087536728
2363	2029	0	0	0	0	0	0	1656087537748
2363	2027	0	0	0	0	0	0	1656087538768
2363	2026	0	0	0	0	0	0	1656087539788
2363	2026	0	0	0	0	0	0	1656087540808
2363	2026	0	0	0	0	0	0	1656087541828
2363	2025	0	0	0	0	0	0	1656087542848
2363	2025	0	0	0	0	0	0	1656087543868
2364	2025	0	0	0	0	0	0	1656087544888
2364	2025	0	0	0	0	0	0	1656087545908
2364	2024	0	0	0	0	0	0	1656087546928
2363	2024	0	0	0	0	0	0	1656087547948
2363	2024	0	0	0	0	0	0	1656087548968
2363	2024	0	0	0	0	0	0	1656087549988
2363	2024	0	0	0	0	0	0	1656087551008
2363	2024	0	0	0	0	0	0	1656087552028
2363	2024	0	0	0	0	0	0	1656087553048
2363	2024	0	0	0	0	0	0	1656087554068
2363	2024	0	0	0	0	0	0	1656087555088
2363	2024	0	0	0	0	0	0	1656087556108
2363	2024	0	0	0	0	0	0	1656087557128
2363	2024	0	0	0	0	0	0	1656087558148
2363	2024	0	0	0	0	0	0	1656087559168
2363	2024	0	0	0	0	0	0	1656087560188
2363	2024	0	0	0	0	0	0	1656087561208
2363	2024	0	0	0	0	0	0	1656087562228
2363	2024	0	0	0	0	0	0	1656087563248
2363	2024	0	0	0	0	0	0	1656087564268
2363	2025	0	0	0	0	0	0	1656087565288
2363	2033	0	0	0	0	0	0	1656087566308
2363	2035	0	0	0	0	0	0	1656087567328
2363	2042	0	0	0	0	0	0	1656087568348
2364	2037	0	0	0	0	0	0	1656087569368
2364	2032	0	0	0	0	0	0	1656087570388
2364	2029	0	0	0	0	0	0	1656087571408
2364	2027	0	0	0	0	0	0	1656087572428
2364	2026	0	0	0	0	0	0	1656087573448
2364	2025	0	0	0	0	0	0	1656087574468
2364	2025	0	0	0	0	0	0	1656087575488
2364	2025	0	0	0	0	0	0	1656087576508
2364	2025	0	0	0	0	0	0	1656087577528
2364	2025	0	0	0	0	0	0	1656087578548
2363	2025	0	0	0	0	0	0	1656087579568
2363	2024	0	0	0	0	0	0	1656087580588
2364	2024	0	0	0	0	0	0	1656087581608
2364	2024	0	0	0	0	0	0	1656087582628
2364	2024	0	0	0	0	0	0	1656087583648
2364	2024	0	0	0	0	0	0	1656087584668
2364	2024	0	0	0	0	0	0	1656087585688
2364	2024	0	0	0	0	0	0	1656087586708
2364	2024	0	0	0	0	0	0	1656087587728
2364	2024	0	0	0	0	0	0	1656087588748
2364	2024	0	0	0	0	0	0	1656087589768
2364	2024	0	0	0	0	0	0	1656087590788
2364	2024	0	0	0	0	0	0	1656087591808
2363	2024	0	0	0	0	0	0	1656087592828
2363	2024	0	0	0	0	0	0	1656087593848
2363	2024	0	0	0	0	0	0	1656087594868
2363	2024	0	0	0	0	0	0	1656087595888
2363	2024	0	0	0	0	0	0	1656087596908
2363	2024	0	0	0	0	0	0	1656087597928
2363	2024	0	0	0	0	0	0	1656087598948
2363	2024	0	0	0	0	0	0	1656087599968
2363	2024	0	0	0	0	0	0	1656087600988
2363	2024	0	0	0	0	0	0	1656087602008
2363	2024	0	0	0	0	0	0	1656087603028
2363	2024	0	0	0	0	0	0	1656087604048
2363	2024	0	0	0	0	0	0	1656087605068
2363	2024	0	0	0	0	0	0	1656087606088
2363	2024	0	0	0	0	0	0	1656087607108
2363	2024	0	0	0	0	0	0	1656087608128
2363	2024	0	0	0	0	0	0	1656087609148
2364	2024	0	0	0	0	0	0	1656087610168
2364	2024	0	0	0	0	0	0	1656087611188
2364	2024	0	0	0	0	0	0	1656087612208
2363	2024	0	0	0	0	0	0	1656087613228
2363	2024	0	0	0	0	0	0	1656087614248
2363	2024	0	0	0	0	0	0	1656087615268
2363	2024	0	0	0	0	0	0	1656087616288
2363	2024	0	0	0	0	0	0	1656087617308
2363	2024	0	0	0	0	0	0	1656087618328
2363	2024	0	0	0	0	0	0	1656087619348
2362	2024	0	0	0	0	0	0	1656087620368
2362	2024	0	0	0	0	0	0	1656087621388
2363	2024	0	0	0	0	0	0	1656087622408
2363	2024	0	0	0	0	0	0	1656087623428
2363	2024	0	0	0	0	0	0	1656087624448
2362	2024	0	0	0	0	0	0	1656087625468
2362	2024	0	0	0	0	0	0	1656087626488
2362	2024	0	0	0	0	0	0	1656087627508
2363	2024	0	0	0	0	0	0	1656087628528
2362	2024	0	0	0	0	0	0	1656087629548
2363	2024	0	0	0	0	0	0	1656087630568
2363	2024	0	0	0	0	0	0	1656087631588
2363	2024	0	0	0	0	0	0	1656087632608
2363	2030	0	0	0	0	0	0	1656087633628
2363	2028	0	0	0	0	0	0	1656087634648
2363	2026	0	0	0	0	0	0	1656087635668
2363	2025	0	0	0	0	0	0	1656087636688
2360	2025	0	0	0	0	0	0	1656087637708
2359	2025	0	0	0	0	0	0	1656087638728
2359	2025	0	0	0	0	0	0	1656087639748
2359	2025	0	0	0	0	0	0	1656087640768
2357	2025	0	0	0	0	0	0	1656087641788
2357	2025	0	0	0	0	0	0	1656087642808
2357	2025	0	0	0	0	0	0	1656087643828
2357	2025	0	0	0	0	0	0	1656087644848
2356	2025	0	0	0	0	0	0	1656087645868
2356	2025	0	0	0	0	0	0	1656087646888
2357	2030	0	0	0	0	0	0	1656087647908
2360	2059	0	0	0	0	0	0	1656087648928
2361	2085	0	0	0	0	0	0	1656087649948
2362	2103	0	0	0	0	0	0	1656087650968
2363	2105	0	0	0	0	0	0	1656087651988
2363	2106	0	0	0	0	0	0	1656087653008
2363	2099	0	0	0	0	0	0	1656087654028
2363	2091	0	0	0	0	0	0	1656087655048
2363	2086	0	0	0	0	0	0	1656087656068
2363	2084	0	0	0	0	0	0	1656087657088
2363	2082	0	0	0	0	0	0	1656087658108
2363	2081	0	0	0	0	0	0	1656087659128
2363	2079	0	0	0	0	0	0	1656087660148
2363	2070	0	0	0	0	0	0	1656087661168
2363	2064	0	0	0	0	0	0	1656087662188
2363	2066	0	0	0	0	0	0	1656087663208
2362	2079	0	0	0	0	0	0	1656087664228
2362	2079	0	0	0	0	0	0	1656087665248
2360	2079	0	0	0	0	0	0	1656087666268
2357	2079	0	0	0	0	0	0	1656087667288
2354	2078	0	0	0	0	0	0	1656087668308
2349	2077	0	0	0	0	0	0	1656087669328
2343	2076	0	0	0	0	0	0	1656087670348
2340	2071	0	0	0	0	0	0	1656087671368
2338	2065	0	0	0	0	0	0	1656087672388
2337	2061	0	0	0	0	0	0	1656087673408
2336	2058	0	0	0	0	0	0	1656087674428
2335	2056	0	0	0	0	0	0	1656087675448
2335	2054	0	0	0	0	0	0	1656087676468
2335	2053	0	0	0	0	0	0	1656087677488
2335	2053	0	0	0	0	0	0	1656087678508
2337	2053	0	0	0	0	0	0	1656087679528
2337	2053	0	0	0	0	0	0	1656087680548
2337	2052	0	0	0	0	0	0	1656087681568
2336	2052	0	0	0	0	0	0	1656087682588
2335	2052	0	0	0	0	0	0	1656087683608
2335	2052	0	0	0	0	0	0	1656087684628
2335	2052	0	0	0	0	0	0	1656087685648
2335	2052	0	0	0	0	0	0	1656087686668
2335	2052	0	0	0	0	0	0	1656087687688
2335	2051	0	0	0	0	0	0	1656087688708
2335	2050	0	0	0	0	0	0	1656087689728
2336	2046	0	0	0	0	0	0	1656087690748
2336	2040	0	0	0	0	0	0	1656087691768
2336	2034	0	0	0	0	0	0	1656087692788
2335	2035	0	0	0	0	0	0	1656087693808
2335	2030	0	0	0	0	0	0	1656087694828
2335	2028	0	0	0	0	0	0	1656087695848
2335	2027	0	0	0	0	0	0	1656087696868
2335	2026	0	0	0	0	0	0	1656087697888
2335	2025	0	0	0	0	0	0	1656087698908
2335	2025	0	0	0	0	0	0	1656087699928
2335	2025	0	0	0	0	0	0	1656087700948
2335	2025	0	0	0	0	0	0	1656087701968
2336	2025	0	0	0	0	0	0	1656087702988
2335	2025	0	0	0	0	0	0	1656087704008
2335	2024	0	0	0	0	0	0	1656087705028
2335	2024	0	0	0	0	0	0	1656087706048
2335	2024	0	0	0	0	0	0	1656087707068
2335	2024	0	0	0	0	0	0	1656087708088
2335	2024	0	0	0	0	0	0	1656087709108
2335	2024	0	0	0	0	0	0	1656087710128
2335	2024	0	0	0	0	0	0	1656087711148
2335	2024	0	0	0	0	0	0	1656087712168
2335	2024	0	0	0	0	0	0	1656087713188
2335	2024	0	0	0	0	0	0	1656087714208
2335	2042	0	0	0	0	0	0	1656087715228
2336	2057	0	0	0	0	0	0	1656087716248
2335	2066	0	0	0	0	0	0	1656087717268
2335	2064	0	0	0	0	0	0	1656087718288
2335	2059	0	0	0	0	0	0	1656087719308
2335	2056	0	0	0	0	0	0	1656087720328
2335	2048	0	0	0	0	0	0	1656087721348
2335	2041	0	0	0	0	0	0	1656087722368
2335	2035	0	0	0	0	0	0	1656087723388
2335	2037	0	0	0	0	0	0	1656087724408
2335	2043	0	0	0	0	0	0	1656087725428
2335	2043	0	0	0	0	0	0	1656087726448
2335	2036	0	0	0	0	0	0	1656087727468
2335	2031	0	0	0	0	0	0	1656087728488
2335	2028	0	0	0	0	0	0	1656087729508
2335	2026	0	0	0	0	0	0	1656087730528
2335	2025	0	0	0	0	0	0	1656087731548
2335	2025	0	0	0	0	0	0	1656087732568
2335	2025	0	0	0	0	0	0	1656087733588
2335	2025	0	0	0	0	0	0	1656087734608
2335	2025	0	0	0	0	0	0	1656087735628
2335	2025	0	0	0	0	0	0	1656087736648
2335	2025	0	0	0	0	0	0	1656087737668
2335	2025	0	0	0	0	0	0	1656087738688
2335	2024	0	0	0	0	0	0	1656087739708
2335	2024	0	0	0	0	0	0	1656087740728
2335	2024	0	0	0	0	0	0	1656087741748
2335	2024	0	0	0	0	0	0	1656087742768
2335	2024	0	0	0	0	0	0	1656087743788
2335	2024	0	0	0	0	0	0	1656087744808
2335	2024	0	0	0	0	0	0	1656087745828
2335	2024	0	0	0	0	0	0	1656087746848
2335	2024	0	0	0	0	0	0	1656087747868
2335	2024	0	0	0	0	0	0	1656087748888
2335	2024	0	0	0	0	0	0	1656087749908
2335	2024	0	0	0	0	0	0	1656087750928
2335	2024	0	0	0	0	0	0	1656087751948
2335	2024	0	0	0	0	0	0	1656087752968
2335	2024	0	0	0	0	0	0	1656087753988
2335	2024	0	0	0	0	0	0	1656087755008
2335	2024	0	0	0	0	0	0	1656087756028
2335	2024	0	0	0	0	0	0	1656087757048
2335	2023	0	0	0	0	0	0	1656087758068
2335	2023	0	0	0	0	0	0	1656087759088
2335	2022	0	0	0	0	0	0	1656087760108
2335	2023	0	0	0	0	0	0	1656087761128
2335	2023	0	0	0	0	0	0	1656087762148
2335	2020	0	0	0	0	0	0	1656087763168
2335	2020	0	0	0	0	0	0	1656087764188
2335	2021	0	0	0	0	0	0	1656087765208
2335	2020	0	0	0	0	0	0	1656087766228
2335	2017	0	0	0	0	0	0	1656087767248
2335	2018	0	0	0	0	0	0	1656087768268
2335	2015	0	0	0	0	0	0	1656087769288
2335	2010	0	0	0	0	0	0	1656087770308
2335	2006	0	0	0	0	0	0	1656087771328
2335	2003	0	0	0	0	0	0	1656087772348
2335	2000	0	0	0	0	0	0	1656087773368
2335	1998	0	0	0	0	0	0	1656087774388
2335	1997	0	0	0	0	0	0	1656087775408
2335	1997	0	0	0	0	0	0	1656087776428
2335	2004	0	0	0	0	0	0	1656087777448
2335	2005	0	0	0	0	0	0	1656087778468
2335	2002	0	0	0	0	0	0	1656087779488
2335	2000	0	0	0	0	0	0	1656087780508
2335	2003	0	0	0	0	0	0	1656087781528
2335	2013	0	0	0	0	0	0	1656087782548
2335	2017	0	0	0	0	0	0	1656087783568
2335	2019	0	0	0	0	0	0	1656087784588
2335	2021	0	0	0	0	0	0	1656087785608
2335	2020	0	0	0	0	0	0	1656087786628
2335	2018	0	0	0	0	0	0	1656087787648
2335	2012	0	0	0	0	0	0	1656087788668
2335	2009	0	0	0	0	0	0	1656087789688
2335	2004	0	0	0	0	0	0	1656087790708
2335	2002	0	0	0	0	0	0	1656087791728
2336	2000	0	0	0	0	0	0	1656087792748
2335	1998	0	0	0	0	0	0	1656087793768
2335	1997	0	0	0	0	0	0	1656087794788
2335	1997	0	0	0	0	0	0	1656087795808
2335	1997	0	0	0	0	0	0	1656087796828
2335	2000	0	0	0	0	0	0	1656087797848
2335	2010	0	0	0	0	0	0	1656087798868
2335	2015	0	0	0	0	0	0	1656087799888
2335	2017	0	0	0	0	0	0	1656087800908
2336	2017	0	0	0	0	0	0	1656087801928
2336	2015	0	0	0	0	0	0	1656087802948
2335	2010	0	0	0	0	0	0	1656087803968
2335	2007	0	0	0	0	0	0	1656087804988
2336	2002	0	0	0	0	0	0	1656087806008
2336	2000	0	0	0	0	0	0	1656087807028
2336	1999	0	0	0	0	0	0	1656087808048
2335	1998	0	0	0	0	0	0	1656087809068
2335	1997	0	0	0	0	0	0	1656087810088
2335	1997	0	0	0	0	0	0	1656087811108
2336	1997	0	0	0	0	0	0	1656087812128
2335	1997	0	0	0	0	0	0	1656087813148
2335	1996	0	0	0	0	0	0	1656087814168
2335	1996	0	0	0	0	0	0	1656087815188
2335	1996	0	0	0	0	0	0	1656087816208
2335	1996	0	0	0	0	0	0	1656087817228
2335	1996	0	0	0	0	0	0	1656087818248
2335	1996	0	0	0	0	0	0	1656087819268
2335	1996	0	0	0	0	0	0	1656087820288
2335	1996	0	0	0	0	0	0	1656087821308
2335	2028	0	0	0	0	0	0	1656087822328
2335	2060	0	0	0	0	0	0	1656087823348
2335	2073	0	0	0	0	0	0	1656087824368
2335	2068	0	0	0	0	0	0	1656087825388
2335	2062	0	0	0	0	0	0	1656087826408
2336	2060	0	0	0	0	0	0	1656087827428
2336	2056	0	0	0	0	0	0	1656087828448
2335	2054	0	0	0	0	0	0	1656087829468
2336	2053	0	0	0	0	0	0	1656087830488
2336	2051	0	0	0	0	0	0	1656087831508
2336	2049	0	0	0	0	0	0	1656087832528
2336	2042	0	0	0	0	0	0	1656087833548
2335	2038	0	0	0	0	0	0	1656087834568
2335	2034	0	0	0	0	0	0	1656087835588
2335	2031	0	0	0	0	0	0	1656087836608
2335	2028	0	0	0	0	0	0	1656087837628
2335	2026	0	0	0	0	0	0	1656087838648
2335	2025	0	0	0	0	0	0	1656087839668
2335	2025	0	0	0	0	0	0	1656087840688
2335	2025	0	0	0	0	0	0	1656087841708
2335	2025	0	0	0	0	0	0	1656087842728
2335	2025	0	0	0	0	0	0	1656087843748
2335	2025	0	0	0	0	0	0	1656087844768
2335	2025	0	0	0	0	0	0	1656087845788
2335	2025	0	0	0	0	0	0	1656087846808
2335	2025	0	0	0	0	0	0	1656087847828
2335	2025	0	0	0	0	0	0	1656087848848
2335	2025	0	0	0	0	0	0	1656087849868
2335	2025	0	0	0	0	0	0	1656087850888
2336	2024	0	0	0	0	0	0	1656087851908
2335	2024	0	0	0	0	0	0	1656087852928
2335	2024	0	0	0	0	0	0	1656087853948
2335	2024	0	0	0	0	0	0	1656087854968
2335	2024	0	0	0	0	0	0	1656087855988
2335	2024	0	0	0	0	0	0	1656087857008
2335	2024	0	0	0	0	0	0	1656087858028
2336	2024	0	0	0	0	0	0	1656087859048
2336	2024	0	0	0	0	0	0	1656087860068
2336	2024	0	0	0	0	0	0	1656087861088
2336	2024	0	0	0	0	0	0	1656087862108
2335	2024	0	0	0	0	0	0	1656087863128
2335	2024	0	0	0	0	0	0	1656087864148
2335	2024	0	0	0	0	0	0	1656087865168
2335	2024	0	0	0	0	0	0	1656087866188
2335	2024	0	0	0	0	0	0	1656087867208
2335	2024	0	0	0	0	0	0	1656087868228
2335	2024	0	0	0	0	0	0	1656087869248
2335	2024	0	0	0	0	0	0	1656087870268
2335	2023	0	0	0	0	0	0	1656087871288
2335	2022	0	0	0	0	0	0	1656087872308
2335	2022	0	0	0	0	0	0	1656087873328
2335	2022	0	0	0	0	0	0	1656087874348
2335	2020	0	0	0	0	0	0	1656087875368
2336	2019	0	0	0	0	0	0	1656087876388
2336	2016	0	0	0	0	0	0	1656087877408
2335	2016	0	0	0	0	0	0	1656087878428
2335	2014	0	0	0	0	0	0	1656087879448
2335	2012	0	0	0	0	0	0	1656087880468
2335	2011	0	0	0	0	0	0	1656087881488
2335	2011	0	0	0	0	0	0	1656087882508
2335	2013	0	0	0	0	0	0	1656087883528
2335	2011	0	0	0	0	0	0	1656087884548
2335	2009	0	0	0	0	0	0	1656087885568
2335	2008	0	0	0	0	0	0	1656087886588
2334	2007	0	0	0	0	0	0	1656087887608
2335	2005	0	0	0	0	0	0	1656087888628
2335	2006	0	0	0	0	0	0	1656087889648
2335	2003	0	0	0	0	0	0	1656087890668
2335	2000	0	0	0	0	0	0	1656087891688
2335	2005	0	0	0	0	0	0	1656087892708
2335	2013	0	0	0	0	0	0	1656087893728
2335	2017	0	0	0	0	0	0	1656087894748
2334	2020	0	0	0	0	0	0	1656087895768
2334	2020	0	0	0	0	0	0	1656087896788
2334	2022	0	0	0	0	0	0	1656087897808
2334	2012	0	0	0	0	0	0	1656087898828
2334	2006	0	0	0	0	0	0	1656087899848
2334	2002	0	0	0	0	0	0	1656087900868
2334	2000	0	0	0	0	0	0	1656087901888
2335	1999	0	0	0	0	0	0	1656087902908
2335	1998	0	0	0	0	0	0	1656087903928
2334	1997	0	0	0	0	0	0	1656087904948
2335	1997	0	0	0	0	0	0	1656087905968
2335	1997	0	0	0	0	0	0	1656087906988
2335	1997	0	0	0	0	0	0	1656087908008
2334	1997	0	0	0	0	0	0	1656087909028
2331	1997	0	0	0	0	0	0	1656087910048
2331	1997	0	0	0	0	0	0	1656087911068
2331	1996	0	0	0	0	0	0	1656087912088
2330	1996	0	0	0	0	0	0	1656087913108
2329	1996	0	0	0	0	0	0	1656087914128
2329	1996	0	0	0	0	0	0	1656087915148
2329	1996	0	0	0	0	0	0	1656087916168
2327	1996	0	0	0	0	0	0	1656087917188
2325	1996	0	0	0	0	0	0	1656087918208
2323	1996	0	0	0	0	0	0	1656087919228
2320	1996	0	0	0	0	0	0	1656087920248
2317	1996	0	0	0	0	0	0	1656087921268
2317	1996	0	0	0	0	0	0	1656087922288
2315	1996	0	0	0	0	0	0	1656087923308
2313	1996	0	0	0	0	0	0	1656087924328
2311	1996	0	0	0	0	0	0	1656087925348
2311	1996	0	0	0	0	0	0	1656087926368
2310	1996	0	0	0	0	0	0	1656087927388
2309	1996	0	0	0	0	0	0	1656087928408
2309	1996	0	0	0	0	0	0	1656087929428
2313	1996	0	0	0	0	0	0	1656087930448
2314	1996	0	0	0	0	0	0	1656087931468
2321	1996	0	0	0	0	0	0	1656087932488
2322	1996	0	0	0	0	0	0	1656087933508
2318	1996	0	0	0	0	0	0	1656087934528
2319	1996	0	0	0	0	0	0	1656087935548
2317	1996	0	0	0	0	0	0	1656087936568
2315	1996	0	0	0	0	0	0	1656087937588
2314	1996	0	0	0	0	0	0	1656087938608
2313	1996	0	0	0	0	0	0	1656087939628
2313	1996	0	0	0	0	0	0	1656087940648
2313	1996	0	0	0	0	0	0	1656087941668
2312	1996	0	0	0	0	0	0	1656087942688
2310	1996	0	0	0	0	0	0	1656087943708
2309	1996	0	0	0	0	0	0	1656087944728
2308	1996	0	0	0	0	0	0	1656087945748
2307	1996	0	0	0	0	0	0	1656087946768
2307	1996	0	0	0	0	0	0	1656087947788
2307	1996	0	0	0	0	0	0	1656087948808
2308	1996	0	0	0	0	0	0	1656087949828
2308	1996	0	0	0	0	0	0	1656087950848
2308	1996	0	0	0	0	0	0	1656087951868
2307	1996	0	0	0	0	0	0	1656087952888
2307	1996	0	0	0	0	0	0	1656087953908
2307	1996	0	0	0	0	0	0	1656087954928
2307	1996	0	0	0	0	0	0	1656087955948
2307	1996	0	0	0	0	0	0	1656087956968
2307	1996	0	0	0	0	0	0	1656087957988
2307	1996	0	0	0	0	0	0	1656087959008
2308	1996	0	0	0	0	0	0	1656087960028
2308	1996	0	0	0	0	0	0	1656087961048
2307	1996	0	0	0	0	0	0	1656087962068
2307	1995	0	0	0	0	0	0	1656087963088
2307	1995	0	0	0	0	0	0	1656087964108
2307	1995	0	0	0	0	0	0	1656087965128
2307	1995	0	0	0	0	0	0	1656087966148
2307	1994	0	0	0	0	0	0	1656087967168
2307	1993	0	0	0	0	0	0	1656087968188
2307	1992	0	0	0	0	0	0	1656087969208
2307	1991	0	0	0	0	0	0	1656087970228
2307	1991	0	0	0	0	0	0	1656087971248
2307	1989	0	0	0	0	0	0	1656087972268
2307	1987	0	0	0	0	0	0	1656087973288
2307	1985	0	0	0	0	0	0	1656087974308
2307	1983	0	0	0	0	0	0	1656087975328
2307	1979	0	0	0	0	0	0	1656087976348
2307	1976	0	0	0	0	0	0	1656087977368
2307	1975	0	0	0	0	0	0	1656087978388
2307	1973	0	0	0	0	0	0	1656087979408
2307	1971	0	0	0	0	0	0	1656087980428
2307	1970	0	0	0	0	0	0	1656087981448
2307	1969	0	0	0	0	0	0	1656087982468
2307	1969	0	0	0	0	0	0	1656087983488
2307	1969	0	0	0	0	0	0	1656087984508
2307	1969	0	0	0	0	0	0	1656087985528
2307	1969	0	0	0	0	0	0	1656087986548
2307	1969	0	0	0	0	0	0	1656087987568
2307	1969	0	0	0	0	0	0	1656087988588
2307	1969	0	0	0	0	0	0	1656087989608
2307	1969	0	0	0	0	0	0	1656087990628
2306	1969	0	0	0	0	0	0	1656087991648
2306	1969	0	0	0	0	0	0	1656087992668
2307	1969	0	0	0	0	0	0	1656087993688
2308	1969	0	0	0	0	0	0	1656087994708
2307	1969	0	0	0	0	0	0	1656087995728
2307	1969	0	0	0	0	0	0	1656087996748
2307	1969	0	0	0	0	0	0	1656087997768
2308	1969	0	0	0	0	0	0	1656087998788
2307	1969	0	0	0	0	0	0	1656087999808
2307	1969	0	0	0	0	0	0	1656088000828
2307	1969	0	0	0	0	0	0	1656088001848
2307	1969	0	0	0	0	0	0	1656088002868
2307	1969	0	0	0	0	0	0	1656088003888
2307	1969	0	0	0	0	0	0	1656088004908
2307	1971	0	0	0	0	0	0	1656088005928
2307	1972	0	0	0	0	0	0	1656088006948
2307	1971	0	0	0	0	0	0	1656088007968
2307	1971	0	0	0	0	0	0	1656088008988
2307	1971	0	0	0	0	0	0	1656088010008
2307	1970	0	0	0	0	0	0	1656088011028
2307	1969	0	0	0	0	0	0	1656088012048
2307	1969	0	0	0	0	0	0	1656088013068
2307	1969	0	0	0	0	0	0	1656088014088
2307	1969	0	0	0	0	0	0	1656088015108
2307	1969	0	0	0	0	0	0	1656088016128
2307	1969	0	0	0	0	0	0	1656088017148
2307	1969	0	0	0	0	0	0	1656088018168
2307	1969	0	0	0	0	0	0	1656088019188
2307	1969	0	0	0	0	0	0	1656088020208
2307	1969	0	0	0	0	0	0	1656088021228
2307	1969	0	0	0	0	0	0	1656088022248
2307	1969	0	0	0	0	0	0	1656088023268
2307	1969	0	0	0	0	0	0	1656088024288
2307	1969	0	0	0	0	0	0	1656088025308
2307	1969	0	0	0	0	0	0	1656088026328
2307	1969	0	0	0	0	0	0	1656088027348
2307	1969	0	0	0	0	0	0	1656088028368
2307	1969	0	0	0	0	0	0	1656088029388
2307	1969	0	0	0	0	0	0	1656088030408
2307	1969	0	0	0	0	0	0	1656088031428
2307	1969	0	0	0	0	0	0	1656088032448
2307	1968	0	0	0	0	0	0	1656088033468
2307	1968	0	0	0	0	0	0	1656088034488
2307	1968	0	0	0	0	0	0	1656088035508
2307	1968	0	0	0	0	0	0	1656088036528
2306	1968	0	0	0	0	0	0	1656088037548
2306	1968	0	0	0	0	0	0	1656088038568
2307	1968	0	0	0	0	0	0	1656088039588
2307	1968	0	0	0	0	0	0	1656088040608
