3775	2766	0	0	0	0	0	0	1654289170976
3759	2754	0	0	0	0	0	0	1654289171996
3738	2742	0	0	0	0	0	0	1654289173016
3715	2735	0	0	0	0	0	0	1654289174036
3695	2730	0	0	0	0	0	0	1654289175056
3672	2719	0	0	0	0	0	0	1654289176076
3652	2710	0	0	0	0	0	0	1654289177096
3634	2704	0	0	0	0	0	0	1654289178116
3617	2701	0	0	0	0	0	0	1654289179136
3601	2699	0	0	0	0	0	0	1654289180156
3590	2698	0	0	0	0	0	0	1654289181176
3573	2697	0	0	0	0	0	0	1654289182196
3564	2696	0	0	0	0	0	0	1654289183216
3554	2696	0	0	0	0	0	0	1654289184236
3541	2695	0	0	0	0	0	0	1654289185256
3533	2693	0	0	0	0	0	0	1654289186276
3522	2687	0	0	0	0	0	0	1654289187296
3510	2681	0	0	0	0	0	0	1654289188316
3504	2676	0	0	0	0	0	0	1654289189336
3499	2673	0	0	0	0	0	0	1654289190356
3486	2671	0	0	0	0	0	0	1654289191376
3478	2670	0	0	0	0	0	0	1654289192396
3473	2669	0	0	0	0	0	0	1654289193416
3469	2669	0	0	0	0	0	0	1654289194436
3466	2669	0	0	0	0	0	0	1654289195456
3455	2668	0	0	0	0	0	0	1654289196476
3448	2668	0	0	0	0	0	0	1654289197496
3443	2668	0	0	0	0	0	0	1654289198516
3439	2668	0	0	0	0	0	0	1654289199536
3438	2668	0	0	0	0	0	0	1654289200556
3437	2668	0	0	0	0	0	0	1654289201576
3434	2668	0	0	0	0	0	0	1654289202596
3424	2668	0	0	0	0	0	0	1654289203616
3418	2668	0	0	0	0	0	0	1654289204636
3413	2668	0	0	0	0	0	0	1654289205656
3411	2668	0	0	0	0	0	0	1654289206676
3410	2668	0	0	0	0	0	0	1654289207696
3402	2668	0	0	0	0	0	0	1654289208716
3395	2668	0	0	0	0	0	0	1654289209736
3389	2668	0	0	0	0	0	0	1654289210756
3386	2668	0	0	0	0	0	0	1654289211776
3384	2668	0	0	0	0	0	0	1654289212796
3383	2668	0	0	0	0	0	0	1654289213816
3381	2668	0	0	0	0	0	0	1654289214836
3380	2668	0	0	0	0	0	0	1654289215856
3379	2668	0	0	0	0	0	0	1654289216876
3375	2667	0	0	0	0	0	0	1654289217896
3365	2666	0	0	0	0	0	0	1654289218916
3359	2664	0	0	0	0	0	0	1654289219936
3356	2661	0	0	0	0	0	0	1654289220956
3355	2659	0	0	0	0	0	0	1654289221976
3353	2655	0	0	0	0	0	0	1654289222996
3352	2654	0	0	0	0	0	0	1654289224016
3344	2650	0	0	0	0	0	0	1654289225036
3337	2646	0	0	0	0	0	0	1654289226056
3331	2644	0	0	0	0	0	0	1654289227076
3327	2643	0	0	0	0	0	0	1654289228096
3325	2642	0	0	0	0	0	0	1654289229116
3327	2641	0	0	0	0	0	0	1654289230136
3326	2641	0	0	0	0	0	0	1654289231156
3325	2641	0	0	0	0	0	0	1654289232176
3324	2641	0	0	0	0	0	0	1654289233196
3323	2641	0	0	0	0	0	0	1654289234216
3322	2641	0	0	0	0	0	0	1654289235236
3316	2641	0	0	0	0	0	0	1654289236256
3308	2640	0	0	0	0	0	0	1654289237276
3302	2640	0	0	0	0	0	0	1654289238296
3299	2640	0	0	0	0	0	0	1654289239316
3298	2640	0	0	0	0	0	0	1654289240336
3298	2640	0	0	0	0	0	0	1654289241356
3297	2640	0	0	0	0	0	0	1654289242376
3296	2640	0	0	0	0	0	0	1654289243396
3296	2640	0	0	0	0	0	0	1654289244416
3296	2640	0	0	0	0	0	0	1654289245436
3295	2640	0	0	0	0	0	0	1654289246456
3295	2640	0	0	0	0	0	0	1654289247476
3294	2640	0	0	0	0	0	0	1654289248496
3293	2640	0	0	0	0	0	0	1654289249516
3287	2640	0	0	0	0	0	0	1654289250536
3279	2640	0	0	0	0	0	0	1654289251556
3274	2640	0	0	0	0	0	0	1654289252576
3272	2640	0	0	0	0	0	0	1654289253596
3270	2640	0	0	0	0	0	0	1654289254616
3268	2640	0	0	0	0	0	0	1654289255636
3268	2640	0	0	0	0	0	0	1654289256656
3267	2640	0	0	0	0	0	0	1654289257676
3267	2640	0	0	0	0	0	0	1654289258696
3266	2640	0	0	0	0	0	0	1654289259716
3266	2639	0	0	0	0	0	0	1654289260736
3265	2638	0	0	0	0	0	0	1654289261756
3261	2637	0	0	0	0	0	0	1654289262776
3256	2635	0	0	0	0	0	0	1654289263796
3254	11581	0	0	0	0	0	0	1654289264816
3248	7999	0	0	0	0	0	0	1654289265836
3244	5846	0	0	0	0	0	0	1654289266856
3242	4554	0	0	0	0	0	0	1654289267876
3240	3779	0	0	0	0	0	0	1654289268896
3239	3313	0	0	0	0	0	0	1654289269916
3239	3033	0	0	0	0	0	0	1654289270936
3239	2865	0	0	0	0	0	0	1654289271956
3233	2764	0	0	0	0	0	0	1654289272976
3224	2703	0	0	0	0	0	0	1654289273996
3225	2667	0	0	0	0	0	0	1654289275016
3219	2645	0	0	0	0	0	0	1654289276036
3216	2632	0	0	0	0	0	0	1654289277056
3213	2624	0	0	0	0	0	0	1654289278076
3211	2619	0	0	0	0	0	0	1654289279096
3210	2616	0	0	0	0	0	0	1654289280116
3210	2614	0	0	0	0	0	0	1654289281136
3209	2613	0	0	0	0	0	0	1654289282156
3209	2613	0	0	0	0	0	0	1654289283176
3208	2613	0	0	0	0	0	0	1654289284196
3209	2613	0	0	0	0	0	0	1654289285216
3209	2613	0	0	0	0	0	0	1654289286236
3209	2613	0	0	0	0	0	0	1654289287256
3208	2612	0	0	0	0	0	0	1654289288276
3208	2612	0	0	0	0	0	0	1654289289296
3208	2612	0	0	0	0	0	0	1654289290316
3204	2612	0	0	0	0	0	0	1654289291336
3198	2612	0	0	0	0	0	0	1654289292356
3199	2612	0	0	0	0	0	0	1654289293376
3194	2612	0	0	0	0	0	0	1654289294396
3189	2612	0	0	0	0	0	0	1654289295416
3186	2612	0	0	0	0	0	0	1654289296436
3184	2612	0	0	0	0	0	0	1654289297456
3183	2612	0	0	0	0	0	0	1654289298476
3182	2612	0	0	0	0	0	0	1654289299496
3181	2612	0	0	0	0	0	0	1654289300516
3181	2612	0	0	0	0	0	0	1654289301536
3182	2612	0	0	0	0	0	0	1654289302556
3181	2612	0	0	0	0	0	0	1654289303576
3181	2612	0	0	0	0	0	0	1654289304596
3181	2612	0	0	0	0	0	0	1654289305616
3179	2612	0	0	0	0	0	0	1654289306636
3174	2612	0	0	0	0	0	0	1654289307656
3166	2612	0	0	0	0	0	0	1654289308676
3161	2612	0	0	0	0	0	0	1654289309696
3158	2612	0	0	0	0	0	0	1654289310716
3157	2611	0	0	0	0	0	0	1654289311736
3156	2610	0	0	0	0	0	0	1654289312756
3154	2609	0	0	0	0	0	0	1654289313776
3153	2609	0	0	0	0	0	0	1654289314796
3153	2605	0	0	0	0	0	0	1654289315816
3153	2601	0	0	0	0	0	0	1654289316836
3153	2597	0	0	0	0	0	0	1654289317856
3153	2595	0	0	0	0	0	0	1654289318876
3153	2592	0	0	0	0	0	0	1654289319896
3153	2589	0	0	0	0	0	0	1654289320916
3153	2587	0	0	0	0	0	0	1654289321936
3151	2586	0	0	0	0	0	0	1654289322956
3150	2586	0	0	0	0	0	0	1654289323976
3151	2585	0	0	0	0	0	0	1654289324996
3150	2585	0	0	0	0	0	0	1654289326016
3144	2585	0	0	0	0	0	0	1654289327036
3137	2585	0	0	0	0	0	0	1654289328056
3132	2585	0	0	0	0	0	0	1654289329076
3129	2585	0	0	0	0	0	0	1654289330096
3127	2585	0	0	0	0	0	0	1654289331116
3125	2585	0	0	0	0	0	0	1654289332136
3125	2585	0	0	0	0	0	0	1654289333156
3125	2585	0	0	0	0	0	0	1654289334176
3125	2585	0	0	0	0	0	0	1654289335196
3125	2585	0	0	0	0	0	0	1654289336216
3125	2585	0	0	0	0	0	0	1654289337236
3125	2585	0	0	0	0	0	0	1654289338256
3125	2584	0	0	0	0	0	0	1654289339276
3124	2584	0	0	0	0	0	0	1654289340296
3124	2584	0	0	0	0	0	0	1654289341316
3125	2584	0	0	0	0	0	0	1654289342336
3126	2584	0	0	0	0	0	0	1654289343356
3126	2584	0	0	0	0	0	0	1654289344376
3126	2584	0	0	0	0	0	0	1654289345396
3125	2584	0	0	0	0	0	0	1654289346416
3124	2584	0	0	0	0	0	0	1654289347436
3124	2584	0	0	0	0	0	0	1654289348456
3124	2584	0	0	0	0	0	0	1654289349476
3124	2584	0	0	0	0	0	0	1654289350496
3124	2584	0	0	0	0	0	0	1654289351516
3124	2584	0	0	0	0	0	0	1654289352536
3125	2584	0	0	0	0	0	0	1654289353556
3124	2584	0	0	0	0	0	0	1654289354576
3125	2583	0	0	0	0	0	0	1654289355596
3125	2583	0	0	0	0	0	0	1654289356616
3124	2582	0	0	0	0	0	0	1654289357636
3122	2581	0	0	0	0	0	0	1654289358656
3118	2580	0	0	0	0	0	0	1654289359676
3113	2579	0	0	0	0	0	0	1654289360696
3108	2578	0	0	0	0	0	0	1654289361716
3103	2574	0	0	0	0	0	0	1654289362736
3101	2570	0	0	0	0	0	0	1654289363756
3098	2566	0	0	0	0	0	0	1654289364776
3098	2563	0	0	0	0	0	0	1654289365796
3097	2562	0	0	0	0	0	0	1654289366816
3097	2562	0	0	0	0	0	0	1654289367836
3097	2560	0	0	0	0	0	0	1654289368856
3096	2558	0	0	0	0	0	0	1654289369876
3096	2557	0	0	0	0	0	0	1654289370896
3097	2557	0	0	0	0	0	0	1654289371916
3096	2557	0	0	0	0	0	0	1654289372936
3096	2557	0	0	0	0	0	0	1654289373956
3096	2557	0	0	0	0	0	0	1654289374976
3096	2557	0	0	0	0	0	0	1654289375996
3096	2557	0	0	0	0	0	0	1654289377016
3094	2557	0	0	0	0	0	0	1654289378036
3091	2557	0	0	0	0	0	0	1654289379056
3086	2557	0	0	0	0	0	0	1654289380076
3082	2557	0	0	0	0	0	0	1654289381096
3081	2557	0	0	0	0	0	0	1654289382116
3078	2557	0	0	0	0	0	0	1654289383136
3074	2556	0	0	0	0	0	0	1654289384156
3072	2556	0	0	0	0	0	0	1654289385176
3070	2556	0	0	0	0	0	0	1654289386196
3068	2556	0	0	0	0	0	0	1654289387216
3068	2556	0	0	0	0	0	0	1654289388236
3068	2556	0	0	0	0	0	0	1654289389256
3068	2556	0	0	0	0	0	0	1654289390276
3068	2556	0	0	0	0	0	0	1654289391296
3068	2556	0	0	0	0	0	0	1654289392316
3068	2556	0	0	0	0	0	0	1654289393336
3068	2556	0	0	0	0	0	0	1654289394356
3068	2556	0	0	0	0	0	0	1654289395376
3067	2556	0	0	0	0	0	0	1654289396396
3067	2556	0	0	0	0	0	0	1654289397416
3067	2556	0	0	0	0	0	0	1654289398436
3068	2556	0	0	0	0	0	0	1654289399456
3068	2556	0	0	0	0	0	0	1654289400476
3068	2556	0	0	0	0	0	0	1654289401496
3068	2556	0	0	0	0	0	0	1654289402516
3068	2556	0	0	0	0	0	0	1654289403536
3068	2556	0	0	0	0	0	0	1654289404556
3068	2556	0	0	0	0	0	0	1654289405576
3068	2556	0	0	0	0	0	0	1654289406596
3068	2556	0	0	0	0	0	0	1654289407616
3067	2556	0	0	0	0	0	0	1654289408636
3063	2556	0	0	0	0	0	0	1654289409656
3054	2556	0	0	0	0	0	0	1654289410676
3048	2556	0	0	0	0	0	0	1654289411696
3043	2556	0	0	0	0	0	0	1654289412716
3042	2556	0	0	0	0	0	0	1654289413736
3041	2556	0	0	0	0	0	0	1654289414756
3040	2555	0	0	0	0	0	0	1654289415776
3040	2554	0	0	0	0	0	0	1654289416796
3040	2551	0	0	0	0	0	0	1654289417816
3039	2548	0	0	0	0	0	0	1654289418836
3039	2542	0	0	0	0	0	0	1654289419856
3039	2539	0	0	0	0	0	0	1654289420876
3039	2536	0	0	0	0	0	0	1654289421896
3039	2533	0	0	0	0	0	0	1654289422916
3039	2531	0	0	0	0	0	0	1654289423936
3040	2530	0	0	0	0	0	0	1654289424956
3040	2529	0	0	0	0	0	0	1654289425976
3040	2529	0	0	0	0	0	0	1654289426996
3039	2529	0	0	0	0	0	0	1654289428016
3039	2529	0	0	0	0	0	0	1654289429036
3039	2529	0	0	0	0	0	0	1654289430056
3039	2540	0	0	0	0	0	0	1654289431076
3039	2570	0	0	0	0	0	0	1654289432096
3039	2578	0	0	0	0	0	0	1654289433116
3040	2581	0	0	0	0	0	0	1654289434136
3040	2582	0	0	0	0	0	0	1654289435156
3040	2583	0	0	0	0	0	0	1654289436176
3039	2583	0	0	0	0	0	0	1654289437196
3039	2583	0	0	0	0	0	0	1654289438216
3039	2584	0	0	0	0	0	0	1654289439236
3039	2585	0	0	0	0	0	0	1654289440256
3039	2586	0	0	0	0	0	0	1654289441276
3039	2587	0	0	0	0	0	0	1654289442296
3039	2586	0	0	0	0	0	0	1654289443316
3039	2586	0	0	0	0	0	0	1654289444336
3039	2586	0	0	0	0	0	0	1654289445356
3039	2586	0	0	0	0	0	0	1654289446376
3039	2585	0	0	0	0	0	0	1654289447396
3039	2585	0	0	0	0	0	0	1654289448416
3039	2585	0	0	0	0	0	0	1654289449436
3039	2585	0	0	0	0	0	0	1654289450456
3038	2585	0	0	0	0	0	0	1654289451476
3035	2585	0	0	0	0	0	0	1654289452496
3027	2585	0	0	0	0	0	0	1654289453516
3020	2585	0	0	0	0	0	0	1654289454536
3017	2585	0	0	0	0	0	0	1654289455556
3015	2585	0	0	0	0	0	0	1654289456576
3013	2585	0	0	0	0	0	0	1654289457596
3013	2585	0	0	0	0	0	0	1654289458616
3012	2585	0	0	0	0	0	0	1654289459636
3012	2585	0	0	0	0	0	0	1654289460656
3012	2585	0	0	0	0	0	0	1654289461676
3012	2585	0	0	0	0	0	0	1654289462696
3012	2585	0	0	0	0	0	0	1654289463716
3011	2585	0	0	0	0	0	0	1654289464736
3011	2585	0	0	0	0	0	0	1654289465756
3011	2585	0	0	0	0	0	0	1654289466776
3011	2585	0	0	0	0	0	0	1654289467796
3011	2585	0	0	0	0	0	0	1654289468816
3011	2585	0	0	0	0	0	0	1654289469836
3011	2585	0	0	0	0	0	0	1654289470856
3012	2585	0	0	0	0	0	0	1654289471876
3011	2585	0	0	0	0	0	0	1654289472896
3011	2585	0	0	0	0	0	0	1654289473916
3010	2585	0	0	0	0	0	0	1654289474936
3010	2585	0	0	0	0	0	0	1654289475956
3011	2585	0	0	0	0	0	0	1654289476976
3011	2585	0	0	0	0	0	0	1654289477996
3011	2585	0	0	0	0	0	0	1654289479016
3011	2585	0	0	0	0	0	0	1654289480036
3011	2584	0	0	0	0	0	0	1654289481056
3011	2583	0	0	0	0	0	0	1654289482076
3011	2577	0	0	0	0	0	0	1654289483096
3010	2570	0	0	0	0	0	0	1654289484116
3007	2564	0	0	0	0	0	0	1654289485136
3005	2561	0	0	0	0	0	0	1654289486156
2997	2559	0	0	0	0	0	0	1654289487176
2992	2558	0	0	0	0	0	0	1654289488196
2989	2557	0	0	0	0	0	0	1654289489216
2986	2557	0	0	0	0	0	0	1654289490236
2990	2559	0	0	0	0	0	0	1654289491256
3003	2666	0	0	0	0	0	0	1654289492276
3023	2679	0	0	0	0	0	0	1654289493296
3040	2675	0	0	0	0	0	0	1654289494316
3051	2672	0	0	0	0	0	0	1654289495336
3058	2670	0	0	0	0	0	0	1654289496356
3062	2669	0	0	0	0	0	0	1654289497376
3064	2669	0	0	0	0	0	0	1654289498396
3065	2669	0	0	0	0	0	0	1654289499416
3067	2669	0	0	0	0	0	0	1654289500436
3067	2669	0	0	0	0	0	0	1654289501456
3067	2669	0	0	0	0	0	0	1654289502476
3067	2669	0	0	0	0	0	0	1654289503496
3067	2669	0	0	0	0	0	0	1654289504516
3067	2669	0	0	0	0	0	0	1654289505536
3067	2669	0	0	0	0	0	0	1654289506556
3068	2669	0	0	0	0	0	0	1654289507576
3066	2668	0	0	0	0	0	0	1654289508596
3066	2668	0	0	0	0	0	0	1654289509616
3066	11600	0	0	0	0	0	0	1654289510636
3066	8027	0	0	0	0	0	0	1654289511656
3065	5884	0	0	0	0	0	0	1654289512676
3059	4598	0	0	0	0	0	0	1654289513696
3054	3824	0	0	0	0	0	0	1654289514716
3057	3355	0	0	0	0	0	0	1654289515736
3059	3072	0	0	0	0	0	0	1654289516756
3061	2900	0	0	0	0	0	0	1654289517776
3061	2797	0	0	0	0	0	0	1654289518796
3055	2735	0	0	0	0	0	0	1654289519816
3050	2697	0	0	0	0	0	0	1654289520836
3047	2674	0	0	0	0	0	0	1654289521856
3046	2661	0	0	0	0	0	0	1654289522876
3044	2653	0	0	0	0	0	0	1654289523896
3042	2648	0	0	0	0	0	0	1654289524916
3041	2645	0	0	0	0	0	0	1654289525936
3040	2643	0	0	0	0	0	0	1654289526956
3040	2642	0	0	0	0	0	0	1654289527976
3039	2641	0	0	0	0	0	0	1654289528996
3039	2640	0	0	0	0	0	0	1654289530016
3039	2640	0	0	0	0	0	0	1654289531036
3039	2640	0	0	0	0	0	0	1654289532056
3039	2640	0	0	0	0	0	0	1654289533076
3039	2640	0	0	0	0	0	0	1654289534096
3039	2640	0	0	0	0	0	0	1654289535116
3039	2640	0	0	0	0	0	0	1654289536136
3039	2640	0	0	0	0	0	0	1654289537156
3039	2640	0	0	0	0	0	0	1654289538176
3039	2640	0	0	0	0	0	0	1654289539196
3039	2640	0	0	0	0	0	0	1654289540216
3039	2640	0	0	0	0	0	0	1654289541236
3039	2640	0	0	0	0	0	0	1654289542256
3039	2640	0	0	0	0	0	0	1654289543276
3039	2640	0	0	0	0	0	0	1654289544296
3039	2640	0	0	0	0	0	0	1654289545316
3040	2639	0	0	0	0	0	0	1654289546336
3037	2636	0	0	0	0	0	0	1654289547356
3027	2637	0	0	0	0	0	0	1654289548376
3020	2636	0	0	0	0	0	0	1654289549396
3017	2629	0	0	0	0	0	0	1654289550416
3014	2627	0	0	0	0	0	0	1654289551436
3013	2623	0	0	0	0	0	0	1654289552456
3013	2619	0	0	0	0	0	0	1654289553476
3012	2616	0	0	0	0	0	0	1654289554496
3011	2615	0	0	0	0	0	0	1654289555516
3011	2614	0	0	0	0	0	0	1654289556536
3011	2613	0	0	0	0	0	0	1654289557556
3011	2613	0	0	0	0	0	0	1654289558576
3011	2613	0	0	0	0	0	0	1654289559596
3010	2613	0	0	0	0	0	0	1654289560616
3010	2613	0	0	0	0	0	0	1654289561636
3011	2613	0	0	0	0	0	0	1654289562656
3012	2613	0	0	0	0	0	0	1654289563676
3011	11567	0	0	0	0	0	0	1654289564696
3011	7985	0	0	0	0	0	0	1654289565716
3011	5836	0	0	0	0	0	0	1654289566736
3011	4546	0	0	0	0	0	0	1654289567756
3012	3773	0	0	0	0	0	0	1654289568776
3012	3308	0	0	0	0	0	0	1654289569796
3011	3030	0	0	0	0	0	0	1654289570816
3007	2863	0	0	0	0	0	0	1654289571836
3007	2763	0	0	0	0	0	0	1654289572856
3009	2703	0	0	0	0	0	0	1654289573876
3009	2667	0	0	0	0	0	0	1654289574896
3010	2645	0	0	0	0	0	0	1654289575916
3011	2632	0	0	0	0	0	0	1654289576936
3011	2624	0	0	0	0	0	0	1654289577956
3011	2619	0	0	0	0	0	0	1654289578976
3011	2616	0	0	0	0	0	0	1654289579996
3010	2615	0	0	0	0	0	0	1654289581016
3010	2614	0	0	0	0	0	0	1654289582036
3005	2613	0	0	0	0	0	0	1654289583056
3001	2612	0	0	0	0	0	0	1654289584076
3002	2611	0	0	0	0	0	0	1654289585096
2998	2607	0	0	0	0	0	0	1654289586116
2995	2605	0	0	0	0	0	0	1654289587136
2991	2603	0	0	0	0	0	0	1654289588156
2988	2602	0	0	0	0	0	0	1654289589176
2986	2597	0	0	0	0	0	0	1654289590196
2985	2593	0	0	0	0	0	0	1654289591216
2985	2590	0	0	0	0	0	0	1654289592236
2984	2588	0	0	0	0	0	0	1654289593256
2983	2586	0	0	0	0	0	0	1654289594276
2983	2586	0	0	0	0	0	0	1654289595296
2982	2585	0	0	0	0	0	0	1654289596316
2982	2585	0	0	0	0	0	0	1654289597336
2982	2585	0	0	0	0	0	0	1654289598356
2983	2585	0	0	0	0	0	0	1654289599376
2983	2585	0	0	0	0	0	0	1654289600396
2982	2584	0	0	0	0	0	0	1654289601416
2982	2584	0	0	0	0	0	0	1654289602436
2983	2584	0	0	0	0	0	0	1654289603456
2984	2584	0	0	0	0	0	0	1654289604476
2984	2584	0	0	0	0	0	0	1654289605496
2984	2584	0	0	0	0	0	0	1654289606516
2984	2584	0	0	0	0	0	0	1654289607536
2983	2584	0	0	0	0	0	0	1654289608556
2983	2584	0	0	0	0	0	0	1654289609576
2983	2584	0	0	0	0	0	0	1654289610596
2983	2584	0	0	0	0	0	0	1654289611616
2983	2584	0	0	0	0	0	0	1654289612636
2983	2584	0	0	0	0	0	0	1654289613656
2983	2584	0	0	0	0	0	0	1654289614676
2982	2584	0	0	0	0	0	0	1654289615696
2983	2584	0	0	0	0	0	0	1654289616716
2983	2584	0	0	0	0	0	0	1654289617736
2983	2584	0	0	0	0	0	0	1654289618756
2983	2584	0	0	0	0	0	0	1654289619776
2983	2584	0	0	0	0	0	0	1654289620796
2983	2584	0	0	0	0	0	0	1654289621816
2982	2584	0	0	0	0	0	0	1654289622836
2983	2584	0	0	0	0	0	0	1654289623856
2983	2584	0	0	0	0	0	0	1654289624876
2983	2584	0	0	0	0	0	0	1654289625896
2983	2584	0	0	0	0	0	0	1654289626916
2983	2584	0	0	0	0	0	0	1654289627936
2983	2584	0	0	0	0	0	0	1654289628956
2983	2584	0	0	0	0	0	0	1654289629976
2982	2584	0	0	0	0	0	0	1654289630996
2982	2584	0	0	0	0	0	0	1654289632016
2983	2583	0	0	0	0	0	0	1654289633036
2983	2582	0	0	0	0	0	0	1654289634056
2983	2581	0	0	0	0	0	0	1654289635076
2983	2577	0	0	0	0	0	0	1654289636096
2983	2576	0	0	0	0	0	0	1654289637116
2982	2572	0	0	0	0	0	0	1654289638136
2980	2566	0	0	0	0	0	0	1654289639156
2982	2563	0	0	0	0	0	0	1654289640176
2982	2560	0	0	0	0	0	0	1654289641196
2982	2558	0	0	0	0	0	0	1654289642216
2982	2558	0	0	0	0	0	0	1654289643236
2982	2557	0	0	0	0	0	0	1654289644256
2982	2557	0	0	0	0	0	0	1654289645276
2982	2557	0	0	0	0	0	0	1654289646296
2983	2557	0	0	0	0	0	0	1654289647316
2983	2557	0	0	0	0	0	0	1654289648336
2980	2557	0	0	0	0	0	0	1654289649356
2976	2557	0	0	0	0	0	0	1654289650376
2969	2557	0	0	0	0	0	0	1654289651396
2965	2557	0	0	0	0	0	0	1654289652416
2964	2557	0	0	0	0	0	0	1654289653436
2960	2557	0	0	0	0	0	0	1654289654456
2959	2557	0	0	0	0	0	0	1654289655476
2958	2557	0	0	0	0	0	0	1654289656496
2956	2557	0	0	0	0	0	0	1654289657516
2956	2557	0	0	0	0	0	0	1654289658536
2956	2557	0	0	0	0	0	0	1654289659556
2955	2557	0	0	0	0	0	0	1654289660576
2955	2557	0	0	0	0	0	0	1654289661596
2956	2557	0	0	0	0	0	0	1654289662616
2956	2557	0	0	0	0	0	0	1654289663636
2956	2557	0	0	0	0	0	0	1654289664656
2956	2557	0	0	0	0	0	0	1654289665676
2956	2557	0	0	0	0	0	0	1654289666696
2956	2557	0	0	0	0	0	0	1654289667716
2955	2557	0	0	0	0	0	0	1654289668736
2954	2557	0	0	0	0	0	0	1654289669756
2953	2557	0	0	0	0	0	0	1654289670776
2953	2557	0	0	0	0	0	0	1654289671796
2953	2557	0	0	0	0	0	0	1654289672816
2953	2557	0	0	0	0	0	0	1654289673836
2954	2557	0	0	0	0	0	0	1654289674856
2955	2557	0	0	0	0	0	0	1654289675876
2955	2557	0	0	0	0	0	0	1654289676896
2955	2557	0	0	0	0	0	0	1654289677916
2954	11534	0	0	0	0	0	0	1654289678936
2954	7941	0	0	0	0	0	0	1654289679956
2954	5785	0	0	0	0	0	0	1654289680976
2954	4491	0	0	0	0	0	0	1654289681996
2955	3713	0	0	0	0	0	0	1654289683016
2955	3246	0	0	0	0	0	0	1654289684036
2955	2964	0	0	0	0	0	0	1654289685056
2955	2795	0	0	0	0	0	0	1654289686076
2954	2692	0	0	0	0	0	0	1654289687096
2954	2627	0	0	0	0	0	0	1654289688116
2954	2588	0	0	0	0	0	0	1654289689136
2954	2564	0	0	0	0	0	0	1654289690156
2955	2550	0	0	0	0	0	0	1654289691176
2954	2541	0	0	0	0	0	0	1654289692196
2955	2536	0	0	0	0	0	0	1654289693216
2955	2533	0	0	0	0	0	0	1654289694236
2955	2531	0	0	0	0	0	0	1654289695256
2955	2530	0	0	0	0	0	0	1654289696276
2954	2529	0	0	0	0	0	0	1654289697296
2955	2529	0	0	0	0	0	0	1654289698316
2955	2529	0	0	0	0	0	0	1654289699336
2955	2529	0	0	0	0	0	0	1654289700356
2956	2529	0	0	0	0	0	0	1654289701376
2955	2529	0	0	0	0	0	0	1654289702396
2955	2529	0	0	0	0	0	0	1654289703416
2955	2529	0	0	0	0	0	0	1654289704436
2954	2529	0	0	0	0	0	0	1654289705456
2954	2529	0	0	0	0	0	0	1654289706476
2954	2529	0	0	0	0	0	0	1654289707496
2954	2529	0	0	0	0	0	0	1654289708516
2954	2529	0	0	0	0	0	0	1654289709536
2954	2529	0	0	0	0	0	0	1654289710556
2954	2529	0	0	0	0	0	0	1654289711576
2954	2529	0	0	0	0	0	0	1654289712596
2954	2529	0	0	0	0	0	0	1654289713616
2954	2529	0	0	0	0	0	0	1654289714636
2954	2529	0	0	0	0	0	0	1654289715656
2954	2529	0	0	0	0	0	0	1654289716676
2954	2529	0	0	0	0	0	0	1654289717696
2954	2529	0	0	0	0	0	0	1654289718716
2954	2529	0	0	0	0	0	0	1654289719736
2955	2529	0	0	0	0	0	0	1654289720756
2954	2529	0	0	0	0	0	0	1654289721776
2953	2529	0	0	0	0	0	0	1654289722796
2951	2529	0	0	0	0	0	0	1654289723816
2946	2529	0	0	0	0	0	0	1654289724836
2946	2529	0	0	0	0	0	0	1654289725856
2949	2529	0	0	0	0	0	0	1654289726876
2949	2529	0	0	0	0	0	0	1654289727896
2948	2529	0	0	0	0	0	0	1654289728916
2944	2529	0	0	0	0	0	0	1654289729936
2945	2529	0	0	0	0	0	0	1654289730956
2942	2529	0	0	0	0	0	0	1654289731976
2938	2529	0	0	0	0	0	0	1654289732996
2937	2529	0	0	0	0	0	0	1654289734016
2934	2529	0	0	0	0	0	0	1654289735036
2931	2528	0	0	0	0	0	0	1654289736056
2930	2526	0	0	0	0	0	0	1654289737076
2930	2525	0	0	0	0	0	0	1654289738096
2930	2525	0	0	0	0	0	0	1654289739116
2929	2523	0	0	0	0	0	0	1654289740136
2928	2521	0	0	0	0	0	0	1654289741156
2927	2517	0	0	0	0	0	0	1654289742176
2926	2511	0	0	0	0	0	0	1654289743196
2929	2507	0	0	0	0	0	0	1654289744216
2932	2505	0	0	0	0	0	0	1654289745236
2933	2503	0	0	0	0	0	0	1654289746256
2932	2502	0	0	0	0	0	0	1654289747276
2931	2501	0	0	0	0	0	0	1654289748296
2929	2501	0	0	0	0	0	0	1654289749316
2928	2501	0	0	0	0	0	0	1654289750336
2927	2501	0	0	0	0	0	0	1654289751356
2927	2501	0	0	0	0	0	0	1654289752376
2927	2501	0	0	0	0	0	0	1654289753396
2928	2501	0	0	0	0	0	0	1654289754416
2928	2501	0	0	0	0	0	0	1654289755436
2928	2501	0	0	0	0	0	0	1654289756456
2928	2501	0	0	0	0	0	0	1654289757476
2927	2501	0	0	0	0	0	0	1654289758496
2927	2501	0	0	0	0	0	0	1654289759516
2927	2501	0	0	0	0	0	0	1654289760536
2927	2501	0	0	0	0	0	0	1654289761556
2927	2501	0	0	0	0	0	0	1654289762576
2927	2501	0	0	0	0	0	0	1654289763596
2927	2501	0	0	0	0	0	0	1654289764616
2927	2501	0	0	0	0	0	0	1654289765636
2927	2501	0	0	0	0	0	0	1654289766656
2927	2501	0	0	0	0	0	0	1654289767676
2927	2501	0	0	0	0	0	0	1654289768696
2927	2501	0	0	0	0	0	0	1654289769716
2926	2501	0	0	0	0	0	0	1654289770736
2927	2501	0	0	0	0	0	0	1654289771756
2926	2501	0	0	0	0	0	0	1654289772776
2926	2501	0	0	0	0	0	0	1654289773796
2926	2501	0	0	0	0	0	0	1654289774816
2926	2501	0	0	0	0	0	0	1654289775836
2926	2501	0	0	0	0	0	0	1654289776856
2926	2501	0	0	0	0	0	0	1654289777876
2926	2501	0	0	0	0	0	0	1654289778896
2926	2501	0	0	0	0	0	0	1654289779916
2925	2501	0	0	0	0	0	0	1654289780936
2925	2501	0	0	0	0	0	0	1654289781956
2926	2501	0	0	0	0	0	0	1654289782976
2927	2500	0	0	0	0	0	0	1654289783996
2926	2499	0	0	0	0	0	0	1654289785016
2926	2500	0	0	0	0	0	0	1654289786036
2926	2499	0	0	0	0	0	0	1654289787056
2928	2497	0	0	0	0	0	0	1654289788076
2928	2495	0	0	0	0	0	0	1654289789096
2928	2493	0	0	0	0	0	0	1654289790116
2927	2493	0	0	0	0	0	0	1654289791136
2926	2490	0	0	0	0	0	0	1654289792156
2926	2485	0	0	0	0	0	0	1654289793176
2927	2481	0	0	0	0	0	0	1654289794196
2927	2478	0	0	0	0	0	0	1654289795216
2927	2477	0	0	0	0	0	0	1654289796236
2926	2476	0	0	0	0	0	0	1654289797256
2926	2475	0	0	0	0	0	0	1654289798276
2926	2474	0	0	0	0	0	0	1654289799296
2926	2474	0	0	0	0	0	0	1654289800316
2926	2474	0	0	0	0	0	0	1654289801336
2926	2473	0	0	0	0	0	0	1654289802356
2926	2473	0	0	0	0	0	0	1654289803376
2926	2473	0	0	0	0	0	0	1654289804396
2926	2473	0	0	0	0	0	0	1654289805416
2926	2473	0	0	0	0	0	0	1654289806436
2927	2473	0	0	0	0	0	0	1654289807456
2926	2473	0	0	0	0	0	0	1654289808476
2925	2473	0	0	0	0	0	0	1654289809496
2925	2473	0	0	0	0	0	0	1654289810516
2923	2473	0	0	0	0	0	0	1654289811536
2923	2473	0	0	0	0	0	0	1654289812556
2924	2473	0	0	0	0	0	0	1654289813576
2925	2473	0	0	0	0	0	0	1654289814596
2923	2473	0	0	0	0	0	0	1654289815616
2919	2473	0	0	0	0	0	0	1654289816636
2914	2473	0	0	0	0	0	0	1654289817656
2910	2473	0	0	0	0	0	0	1654289818676
2907	2473	0	0	0	0	0	0	1654289819696
2906	2473	0	0	0	0	0	0	1654289820716
2907	2473	0	0	0	0	0	0	1654289821736
2906	2473	0	0	0	0	0	0	1654289822756
2906	2473	0	0	0	0	0	0	1654289823776
2907	2473	0	0	0	0	0	0	1654289824796
2905	2473	0	0	0	0	0	0	1654289825816
2904	2473	0	0	0	0	0	0	1654289826836
2903	2473	0	0	0	0	0	0	1654289827856
2902	2473	0	0	0	0	0	0	1654289828876
2900	2473	0	0	0	0	0	0	1654289829896
2899	2473	0	0	0	0	0	0	1654289830916
2898	2473	0	0	0	0	0	0	1654289831936
2898	2473	0	0	0	0	0	0	1654289832956
2899	2473	0	0	0	0	0	0	1654289833976
2899	2473	0	0	0	0	0	0	1654289834996
2899	2473	0	0	0	0	0	0	1654289836016
2898	2473	0	0	0	0	0	0	1654289837036
2898	2473	0	0	0	0	0	0	1654289838056
2899	2472	0	0	0	0	0	0	1654289839076
2899	2471	0	0	0	0	0	0	1654289840096
2899	2470	0	0	0	0	0	0	1654289841116
2899	2468	0	0	0	0	0	0	1654289842136
2903	2466	0	0	0	0	0	0	1654289843156
2908	2461	0	0	0	0	0	0	1654289844176
2912	2457	0	0	0	0	0	0	1654289845196
2908	2454	0	0	0	0	0	0	1654289846216
2904	2452	0	0	0	0	0	0	1654289847236
2902	2450	0	0	0	0	0	0	1654289848256
2901	2448	0	0	0	0	0	0	1654289849276
2910	2447	0	0	0	0	0	0	1654289850296
2928	2450	0	0	0	0	0	0	1654289851316
2935	2449	0	0	0	0	0	0	1654289852336
2932	2447	0	0	0	0	0	0	1654289853356
2932	2446	0	0	0	0	0	0	1654289854376
2930	2446	0	0	0	0	0	0	1654289855396
2928	2445	0	0	0	0	0	0	1654289856416
2927	2445	0	0	0	0	0	0	1654289857436
2916	2445	0	0	0	0	0	0	1654289858456
2909	2445	0	0	0	0	0	0	1654289859476
2907	2445	0	0	0	0	0	0	1654289860496
2905	2445	0	0	0	0	0	0	1654289861516
2909	2445	0	0	0	0	0	0	1654289862536
2905	2445	0	0	0	0	0	0	1654289863556
2903	2445	0	0	0	0	0	0	1654289864576
2901	2445	0	0	0	0	0	0	1654289865596
2900	2445	0	0	0	0	0	0	1654289866616
2900	2445	0	0	0	0	0	0	1654289867636
2900	2445	0	0	0	0	0	0	1654289868656
2900	2445	0	0	0	0	0	0	1654289869676
2899	2445	0	0	0	0	0	0	1654289870696
2899	2445	0	0	0	0	0	0	1654289871716
2899	2445	0	0	0	0	0	0	1654289872736
2899	2445	0	0	0	0	0	0	1654289873756
2899	2445	0	0	0	0	0	0	1654289874776
2899	2445	0	0	0	0	0	0	1654289875796
2899	2445	0	0	0	0	0	0	1654289876816
2899	2445	0	0	0	0	0	0	1654289877836
2899	2445	0	0	0	0	0	0	1654289878856
2899	2445	0	0	0	0	0	0	1654289879876
2899	2445	0	0	0	0	0	0	1654289880896
2898	2445	0	0	0	0	0	0	1654289881916
2898	2445	0	0	0	0	0	0	1654289882936
2899	2445	0	0	0	0	0	0	1654289883956
2899	2445	0	0	0	0	0	0	1654289884976
2899	2445	0	0	0	0	0	0	1654289885996
2899	2445	0	0	0	0	0	0	1654289887016
2899	2445	0	0	0	0	0	0	1654289888036
2899	2445	0	0	0	0	0	0	1654289889056
2899	2445	0	0	0	0	0	0	1654289890076
2899	2445	0	0	0	0	0	0	1654289891096
2899	2444	0	0	0	0	0	0	1654289892116
2899	2444	0	0	0	0	0	0	1654289893136
2899	2443	0	0	0	0	0	0	1654289894156
2898	2443	0	0	0	0	0	0	1654289895176
2898	2443	0	0	0	0	0	0	1654289896196
2896	2441	0	0	0	0	0	0	1654289897216
2897	2438	0	0	0	0	0	0	1654289898236
2897	2433	0	0	0	0	0	0	1654289899256
2897	2430	0	0	0	0	0	0	1654289900276
2896	2430	0	0	0	0	0	0	1654289901296
2896	2426	0	0	0	0	0	0	1654289902316
2897	2423	0	0	0	0	0	0	1654289903336
2894	2420	0	0	0	0	0	0	1654289904356
2895	2419	0	0	0	0	0	0	1654289905376
2895	2419	0	0	0	0	0	0	1654289906396
2896	2418	0	0	0	0	0	0	1654289907416
2896	2417	0	0	0	0	0	0	1654289908436
2894	2417	0	0	0	0	0	0	1654289909456
2891	2417	0	0	0	0	0	0	1654289910476
2892	2417	0	0	0	0	0	0	1654289911496
2893	2417	0	0	0	0	0	0	1654289912516
2889	2417	0	0	0	0	0	0	1654289913536
2889	2417	0	0	0	0	0	0	1654289914556
2891	2417	0	0	0	0	0	0	1654289915576
2893	2417	0	0	0	0	0	0	1654289916596
2893	2417	0	0	0	0	0	0	1654289917616
2892	2417	0	0	0	0	0	0	1654289918636
2888	2417	0	0	0	0	0	0	1654289919656
2883	2417	0	0	0	0	0	0	1654289920676
2880	2417	0	0	0	0	0	0	1654289921696
2878	2417	0	0	0	0	0	0	1654289922716
2876	2417	0	0	0	0	0	0	1654289923736
2875	2417	0	0	0	0	0	0	1654289924756
2873	2417	0	0	0	0	0	0	1654289925776
2873	2417	0	0	0	0	0	0	1654289926796
2872	2417	0	0	0	0	0	0	1654289927816
2872	2417	0	0	0	0	0	0	1654289928836
2872	2417	0	0	0	0	0	0	1654289929856
2871	2417	0	0	0	0	0	0	1654289930876
2870	2417	0	0	0	0	0	0	1654289931896
2870	2417	0	0	0	0	0	0	1654289932916
2870	2417	0	0	0	0	0	0	1654289933936
2870	2417	0	0	0	0	0	0	1654289934956
2870	2417	0	0	0	0	0	0	1654289935976
2870	2417	0	0	0	0	0	0	1654289936996
2870	2417	0	0	0	0	0	0	1654289938016
2870	2417	0	0	0	0	0	0	1654289939036
2870	2417	0	0	0	0	0	0	1654289940056
2870	2417	0	0	0	0	0	0	1654289941076
2870	2417	0	0	0	0	0	0	1654289942096
2870	2417	0	0	0	0	0	0	1654289943116
2870	2417	0	0	0	0	0	0	1654289944136
2870	2416	0	0	0	0	0	0	1654289945156
2870	2416	0	0	0	0	0	0	1654289946176
2870	2416	0	0	0	0	0	0	1654289947196
2870	2416	0	0	0	0	0	0	1654289948216
2870	2416	0	0	0	0	0	0	1654289949236
2870	2416	0	0	0	0	0	0	1654289950256
2870	2416	0	0	0	0	0	0	1654289951276
2870	2416	0	0	0	0	0	0	1654289952296
2870	2416	0	0	0	0	0	0	1654289953316
2870	2416	0	0	0	0	0	0	1654289954336
2871	2416	0	0	0	0	0	0	1654289955356
2871	2416	0	0	0	0	0	0	1654289956376
2871	2416	0	0	0	0	0	0	1654289957396
2870	2416	0	0	0	0	0	0	1654289958416
2870	2416	0	0	0	0	0	0	1654289959436
2869	2415	0	0	0	0	0	0	1654289960456
2870	2415	0	0	0	0	0	0	1654289961476
2870	2413	0	0	0	0	0	0	1654289962496
2870	2414	0	0	0	0	0	0	1654289963516
2870	2412	0	0	0	0	0	0	1654289964536
2871	2409	0	0	0	0	0	0	1654289965556
2871	2408	0	0	0	0	0	0	1654289966576
2871	2407	0	0	0	0	0	0	1654289967596
2870	2403	0	0	0	0	0	0	1654289968616
2870	2400	0	0	0	0	0	0	1654289969636
2870	2397	0	0	0	0	0	0	1654289970656
2870	2394	0	0	0	0	0	0	1654289971676
2870	2392	0	0	0	0	0	0	1654289972696
2871	2391	0	0	0	0	0	0	1654289973716
2871	2390	0	0	0	0	0	0	1654289974736
2871	2390	0	0	0	0	0	0	1654289975756
2870	2389	0	0	0	0	0	0	1654289976776
2870	2389	0	0	0	0	0	0	1654289977796
2871	2389	0	0	0	0	0	0	1654289978816
2870	2389	0	0	0	0	0	0	1654289979836
2870	2389	0	0	0	0	0	0	1654289980856
2870	2389	0	0	0	0	0	0	1654289981876
2870	2389	0	0	0	0	0	0	1654289982896
2868	2389	0	0	0	0	0	0	1654289983916
2866	2389	0	0	0	0	0	0	1654289984936
2865	2389	0	0	0	0	0	0	1654289985956
2866	2389	0	0	0	0	0	0	1654289986976
2863	2389	0	0	0	0	0	0	1654289987996
2862	2389	0	0	0	0	0	0	1654289989016
2861	2389	0	0	0	0	0	0	1654289990036
2862	2389	0	0	0	0	0	0	1654289991056
2866	2389	0	0	0	0	0	0	1654289992076
2866	2389	0	0	0	0	0	0	1654289993096
2868	2389	0	0	0	0	0	0	1654289994116
2869	2389	0	0	0	0	0	0	1654289995136
6347	2389	0	0	0	0	0	0	1654289996156
4956	2389	0	0	0	0	0	0	1654289997176
4122	2389	0	0	0	0	0	0	1654289998196
7100	2389	0	0	0	0	0	0	1654289999216
5408	2389	0	0	0	0	0	0	1654290000236
4393	2389	0	0	0	0	0	0	1654290001256
3784	2389	0	0	0	0	0	0	1654290002276
3417	2389	0	0	0	0	0	0	1654290003296
3198	2389	0	0	0	0	0	0	1654290004316
3067	2389	0	0	0	0	0	0	1654290005336
2988	2389	0	0	0	0	0	0	1654290006356
2940	2389	0	0	0	0	0	0	1654290007376
2911	2389	0	0	0	0	0	0	1654290008396
2894	2389	0	0	0	0	0	0	1654290009416
2883	2389	0	0	0	0	0	0	1654290010436
2878	2389	0	0	0	0	0	0	1654290011456
2874	2389	0	0	0	0	0	0	1654290012476
2871	2389	0	0	0	0	0	0	1654290013496
2862	2389	0	0	0	0	0	0	1654290014516
2862	2389	0	0	0	0	0	0	1654290015536
2866	2389	0	0	0	0	0	0	1654290016556
2868	2389	0	0	0	0	0	0	1654290017576
2868	2389	0	0	0	0	0	0	1654290018596
2867	2389	0	0	0	0	0	0	1654290019616
2864	2389	0	0	0	0	0	0	1654290020636
2860	2389	0	0	0	0	0	0	1654290021656
2865	2386	0	0	0	0	0	0	1654290022676
2867	2382	0	0	0	0	0	0	1654290023696
2868	2381	0	0	0	0	0	0	1654290024716
2868	2379	0	0	0	0	0	0	1654290025736
2869	2375	0	0	0	0	0	0	1654290026756
2870	2372	0	0	0	0	0	0	1654290027776
2870	2368	0	0	0	0	0	0	1654290028796
2871	2368	0	0	0	0	0	0	1654290029816
2870	2366	0	0	0	0	0	0	1654290030836
2870	2364	0	0	0	0	0	0	1654290031856
2871	2362	0	0	0	0	0	0	1654290032876
2871	2362	0	0	0	0	0	0	1654290033896
2871	2362	0	0	0	0	0	0	1654290034916
2871	2362	0	0	0	0	0	0	1654290035936
2871	2361	0	0	0	0	0	0	1654290036956
2870	2361	0	0	0	0	0	0	1654290037976
2870	2361	0	0	0	0	0	0	1654290038996
2870	2361	0	0	0	0	0	0	1654290040016
2870	2361	0	0	0	0	0	0	1654290041036
2870	2361	0	0	0	0	0	0	1654290042056
2871	2361	0	0	0	0	0	0	1654290043076
2871	2361	0	0	0	0	0	0	1654290044096
2871	2361	0	0	0	0	0	0	1654290045116
2871	2361	0	0	0	0	0	0	1654290046136
2871	2361	0	0	0	0	0	0	1654290047156
2870	2361	0	0	0	0	0	0	1654290048176
2871	2361	0	0	0	0	0	0	1654290049196
2870	2361	0	0	0	0	0	0	1654290050216
2870	2361	0	0	0	0	0	0	1654290051236
2870	2361	0	0	0	0	0	0	1654290052256
2869	2361	0	0	0	0	0	0	1654290053276
2870	2361	0	0	0	0	0	0	1654290054296
2869	2361	0	0	0	0	0	0	1654290055316
2868	2361	0	0	0	0	0	0	1654290056336
2865	2361	0	0	0	0	0	0	1654290057356
2865	2361	0	0	0	0	0	0	1654290058376
2866	2361	0	0	0	0	0	0	1654290059396
2864	2361	0	0	0	0	0	0	1654290060416
2862	2361	0	0	0	0	0	0	1654290061436
2857	2361	0	0	0	0	0	0	1654290062456
2852	2361	0	0	0	0	0	0	1654290063476
2849	2361	0	0	0	0	0	0	1654290064496
2851	2361	0	0	0	0	0	0	1654290065516
2849	2361	0	0	0	0	0	0	1654290066536
2847	2361	0	0	0	0	0	0	1654290067556
2846	2361	0	0	0	0	0	0	1654290068576
2846	2361	0	0	0	0	0	0	1654290069596
2844	2361	0	0	0	0	0	0	1654290070616
2844	2361	0	0	0	0	0	0	1654290071636
2845	2361	0	0	0	0	0	0	1654290072656
2845	2361	0	0	0	0	0	0	1654290073676
2844	2361	0	0	0	0	0	0	1654290074696
2844	2361	0	0	0	0	0	0	1654290075716
2845	2361	0	0	0	0	0	0	1654290076736
2845	2361	0	0	0	0	0	0	1654290077756
2847	2361	0	0	0	0	0	0	1654290078776
2846	2361	0	0	0	0	0	0	1654290079796
2847	2334	0	0	0	0	0	0	1654290080816
2846	2345	0	0	0	0	0	0	1654290081836
2845	2351	0	0	0	0	0	0	1654290082856
2844	2355	0	0	0	0	0	0	1654290083876
2843	2357	0	0	0	0	0	0	1654290084896
2842	2358	0	0	0	0	0	0	1654290085916
2842	2359	0	0	0	0	0	0	1654290086936
2841	2359	0	0	0	0	0	0	1654290087956
2842	2360	0	0	0	0	0	0	1654290088976
2842	2360	0	0	0	0	0	0	1654290089996
2843	2360	0	0	0	0	0	0	1654290091016
2842	2360	0	0	0	0	0	0	1654290092036
2842	2360	0	0	0	0	0	0	1654290093056
2842	2360	0	0	0	0	0	0	1654290094076
2842	2360	0	0	0	0	0	0	1654290095096
2842	2360	0	0	0	0	0	0	1654290096116
2842	2360	0	0	0	0	0	0	1654290097136
2842	2360	0	0	0	0	0	0	1654290098156
2842	2360	0	0	0	0	0	0	1654290099176
2842	2360	0	0	0	0	0	0	1654290100196
2842	2360	0	0	0	0	0	0	1654290101216
2842	2360	0	0	0	0	0	0	1654290102236
2843	2358	0	0	0	0	0	0	1654290103256
2843	2357	0	0	0	0	0	0	1654290104276
2843	2357	0	0	0	0	0	0	1654290105296
2843	2356	0	0	0	0	0	0	1654290106316
2843	2353	0	0	0	0	0	0	1654290107336
2844	2352	0	0	0	0	0	0	1654290108356
2843	2352	0	0	0	0	0	0	1654290109376
2842	2351	0	0	0	0	0	0	1654290110396
2842	2348	0	0	0	0	0	0	1654290111416
2842	2349	0	0	0	0	0	0	1654290112436
2842	2346	0	0	0	0	0	0	1654290113456
2842	2343	0	0	0	0	0	0	1654290114476
2842	2342	0	0	0	0	0	0	1654290115496
2842	2339	0	0	0	0	0	0	1654290116516
2842	2338	0	0	0	0	0	0	1654290117536
2842	2336	0	0	0	0	0	0	1654290118556
2842	2335	0	0	0	0	0	0	1654290119576
2842	2334	0	0	0	0	0	0	1654290120596
2842	2333	0	0	0	0	0	0	1654290121616
2842	2333	0	0	0	0	0	0	1654290122636
2842	2333	0	0	0	0	0	0	1654290123656
2842	2333	0	0	0	0	0	0	1654290124676
2843	2333	0	0	0	0	0	0	1654290125696
2842	2333	0	0	0	0	0	0	1654290126716
2842	2333	0	0	0	0	0	0	1654290127736
2842	2333	0	0	0	0	0	0	1654290128756
2843	2333	0	0	0	0	0	0	1654290129776
2842	2333	0	0	0	0	0	0	1654290130796
2842	2333	0	0	0	0	0	0	1654290131816
2842	2333	0	0	0	0	0	0	1654290132836
2842	2333	0	0	0	0	0	0	1654290133856
2842	2333	0	0	0	0	0	0	1654290134876
2843	2333	0	0	0	0	0	0	1654290135896
2843	2333	0	0	0	0	0	0	1654290136916
2842	2333	0	0	0	0	0	0	1654290137936
2842	2332	0	0	0	0	0	0	1654290138956
2842	2332	0	0	0	0	0	0	1654290139976
2842	2332	0	0	0	0	0	0	1654290140996
2842	2332	0	0	0	0	0	0	1654290142016
2842	2332	0	0	0	0	0	0	1654290143036
2842	2332	0	0	0	0	0	0	1654290144056
2842	2332	0	0	0	0	0	0	1654290145076
2842	2332	0	0	0	0	0	0	1654290146096
2842	2332	0	0	0	0	0	0	1654290147116
2842	2332	0	0	0	0	0	0	1654290148136
2842	2332	0	0	0	0	0	0	1654290149156
2842	2332	0	0	0	0	0	0	1654290150176
2842	2332	0	0	0	0	0	0	1654290151196
2842	2332	0	0	0	0	0	0	1654290152216
2842	2332	0	0	0	0	0	0	1654290153236
2842	2332	0	0	0	0	0	0	1654290154256
2842	2332	0	0	0	0	0	0	1654290155276
2842	2332	0	0	0	0	0	0	1654290156296
2842	2332	0	0	0	0	0	0	1654290157316
2842	2332	0	0	0	0	0	0	1654290158336
2842	2332	0	0	0	0	0	0	1654290159356
2842	2332	0	0	0	0	0	0	1654290160376
2843	2332	0	0	0	0	0	0	1654290161396
2842	2332	0	0	0	0	0	0	1654290162416
2843	2332	0	0	0	0	0	0	1654290163436
2842	2332	0	0	0	0	0	0	1654290164456
2842	2332	0	0	0	0	0	0	1654290165476
2842	2332	0	0	0	0	0	0	1654290166496
2842	2332	0	0	0	0	0	0	1654290167516
2842	2332	0	0	0	0	0	0	1654290168536
2842	2332	0	0	0	0	0	0	1654290169556
2842	2332	0	0	0	0	0	0	1654290170576
2843	2332	0	0	0	0	0	0	1654290171596
2842	2332	0	0	0	0	0	0	1654290172616
2842	2332	0	0	0	0	0	0	1654290173636
2842	2332	0	0	0	0	0	0	1654290174656
2842	2332	0	0	0	0	0	0	1654290175676
2842	2332	0	0	0	0	0	0	1654290176696
2842	2332	0	0	0	0	0	0	1654290177716
2841	2332	0	0	0	0	0	0	1654290178736
2841	2332	0	0	0	0	0	0	1654290179756
2841	2332	0	0	0	0	0	0	1654290180776
2841	2332	0	0	0	0	0	0	1654290181796
2841	2332	0	0	0	0	0	0	1654290182816
2841	2332	0	0	0	0	0	0	1654290183836
2842	2332	0	0	0	0	0	0	1654290184856
2842	2332	0	0	0	0	0	0	1654290185876
2842	2332	0	0	0	0	0	0	1654290186896
2843	2332	0	0	0	0	0	0	1654290187916
2843	2332	0	0	0	0	0	0	1654290188936
2843	2332	0	0	0	0	0	0	1654290189956
2843	2332	0	0	0	0	0	0	1654290190976
2843	2332	0	0	0	0	0	0	1654290191996
2842	2332	0	0	0	0	0	0	1654290193016
2842	2332	0	0	0	0	0	0	1654290194036
2842	2332	0	0	0	0	0	0	1654290195056
2842	2332	0	0	0	0	0	0	1654290196076
2842	2332	0	0	0	0	0	0	1654290197096
2842	2332	0	0	0	0	0	0	1654290198116
2842	2330	0	0	0	0	0	0	1654290199136
2842	2327	0	0	0	0	0	0	1654290200156
2842	2324	0	0	0	0	0	0	1654290201176
2841	2323	0	0	0	0	0	0	1654290202196
2842	2320	0	0	0	0	0	0	1654290203216
2842	2319	0	0	0	0	0	0	1654290204236
2842	2317	0	0	0	0	0	0	1654290205256
2842	2318	0	0	0	0	0	0	1654290206276
2843	2316	0	0	0	0	0	0	1654290207296
2842	2313	0	0	0	0	0	0	1654290208316
2842	2311	0	0	0	0	0	0	1654290209336
2842	2308	0	0	0	0	0	0	1654290210356
2842	2308	0	0	0	0	0	0	1654290211376
2842	2307	0	0	0	0	0	0	1654290212396
2842	2306	0	0	0	0	0	0	1654290213416
2842	2306	0	0	0	0	0	0	1654290214436
2841	2306	0	0	0	0	0	0	1654290215456
2842	2305	0	0	0	0	0	0	1654290216476
2842	2305	0	0	0	0	0	0	1654290217496
2842	2305	0	0	0	0	0	0	1654290218516
2839	2305	0	0	0	0	0	0	1654290219536
2839	2305	0	0	0	0	0	0	1654290220556
2838	2305	0	0	0	0	0	0	1654290221576
2835	2305	0	0	0	0	0	0	1654290222596
2835	2305	0	0	0	0	0	0	1654290223616
2832	2305	0	0	0	0	0	0	1654290224636
2834	2305	0	0	0	0	0	0	1654290225656
2834	2305	0	0	0	0	0	0	1654290226676
2831	2305	0	0	0	0	0	0	1654290227696
2830	2305	0	0	0	0	0	0	1654290228716
2830	2305	0	0	0	0	0	0	1654290229736
2829	2305	0	0	0	0	0	0	1654290230756
2826	2305	0	0	0	0	0	0	1654290231776
2828	2305	0	0	0	0	0	0	1654290232796
2830	2305	0	0	0	0	0	0	1654290233816
2830	2305	0	0	0	0	0	0	1654290234836
2828	2305	0	0	0	0	0	0	1654290235856
2826	2305	0	0	0	0	0	0	1654290236876
2823	2305	0	0	0	0	0	0	1654290237896
2822	2305	0	0	0	0	0	0	1654290238916
2823	11383	0	0	0	0	0	0	1654290239936
2823	7752	0	0	0	0	0	0	1654290240956
2824	5573	0	0	0	0	0	0	1654290241976
2822	4266	0	0	0	0	0	0	1654290242996
2819	3481	0	0	0	0	0	0	1654290244016
2818	3010	0	0	0	0	0	0	1654290245036
2817	2728	0	0	0	0	0	0	1654290246056
2815	2559	0	0	0	0	0	0	1654290247076
2815	2457	0	0	0	0	0	0	1654290248096
2815	2396	0	0	0	0	0	0	1654290249116
2814	2359	0	0	0	0	0	0	1654290250136
2814	2337	0	0	0	0	0	0	1654290251156
2814	2324	0	0	0	0	0	0	1654290252176
2815	2316	0	0	0	0	0	0	1654290253196
2814	2312	0	0	0	0	0	0	1654290254216
2814	2309	0	0	0	0	0	0	1654290255236
2816	2307	0	0	0	0	0	0	1654290256256
2826	2306	0	0	0	0	0	0	1654290257276
2825	2305	0	0	0	0	0	0	1654290258296
2821	2305	0	0	0	0	0	0	1654290259316
2818	2305	0	0	0	0	0	0	1654290260336
2816	2305	0	0	0	0	0	0	1654290261356
2822	2305	0	0	0	0	0	0	1654290262376
2826	2305	0	0	0	0	0	0	1654290263396
2828	2305	0	0	0	0	0	0	1654290264416
2827	2305	0	0	0	0	0	0	1654290265436
2822	2305	0	0	0	0	0	0	1654290266456
2822	2305	0	0	0	0	0	0	1654290267476
2821	2305	0	0	0	0	0	0	1654290268496
2821	2305	0	0	0	0	0	0	1654290269516
2824	2305	0	0	0	0	0	0	1654290270536
2820	2305	0	0	0	0	0	0	1654290271556
2818	2305	0	0	0	0	0	0	1654290272576
2816	2305	0	0	0	0	0	0	1654290273596
2815	2305	0	0	0	0	0	0	1654290274616
2815	2305	0	0	0	0	0	0	1654290275636
2815	2305	0	0	0	0	0	0	1654290276656
2815	2305	0	0	0	0	0	0	1654290277676
2815	2305	0	0	0	0	0	0	1654290278696
2814	2305	0	0	0	0	0	0	1654290279716
2814	2305	0	0	0	0	0	0	1654290280736
2814	2305	0	0	0	0	0	0	1654290281756
2814	2305	0	0	0	0	0	0	1654290282776
2814	2304	0	0	0	0	0	0	1654290283796
2814	2304	0	0	0	0	0	0	1654290284816
2814	2304	0	0	0	0	0	0	1654290285836
2814	2304	0	0	0	0	0	0	1654290286856
2814	2304	0	0	0	0	0	0	1654290287876
2814	2304	0	0	0	0	0	0	1654290288896
2814	2304	0	0	0	0	0	0	1654290289916
2814	2359	0	0	0	0	0	0	1654290290936
2815	2402	0	0	0	0	0	0	1654290291956
2815	2419	0	0	0	0	0	0	1654290292976
2815	2428	0	0	0	0	0	0	1654290293996
2815	2432	0	0	0	0	0	0	1654290295016
2814	2429	0	0	0	0	0	0	1654290296036
2814	2425	0	0	0	0	0	0	1654290297056
2813	2423	0	0	0	0	0	0	1654290298076
2813	2420	0	0	0	0	0	0	1654290299096
2814	2419	0	0	0	0	0	0	1654290300116
2814	2418	0	0	0	0	0	0	1654290301136
2814	2419	0	0	0	0	0	0	1654290302156
2814	2421	0	0	0	0	0	0	1654290303176
2814	2424	0	0	0	0	0	0	1654290304196
2814	2429	0	0	0	0	0	0	1654290305216
2813	2430	0	0	0	0	0	0	1654290306236
2814	2431	0	0	0	0	0	0	1654290307256
2814	2435	0	0	0	0	0	0	1654290308276
2814	2434	0	0	0	0	0	0	1654290309296
2814	2438	0	0	0	0	0	0	1654290310316
2814	2438	0	0	0	0	0	0	1654290311336
2814	2437	0	0	0	0	0	0	1654290312356
2814	2439	0	0	0	0	0	0	1654290313376
2814	2441	0	0	0	0	0	0	1654290314396
2814	2440	0	0	0	0	0	0	1654290315416
2814	2440	0	0	0	0	0	0	1654290316436
2814	2440	0	0	0	0	0	0	1654290317456
2814	2442	0	0	0	0	0	0	1654290318476
2815	2441	0	0	0	0	0	0	1654290319496
2815	2442	0	0	0	0	0	0	1654290320516
2815	2442	0	0	0	0	0	0	1654290321536
2815	2442	0	0	0	0	0	0	1654290322556
2815	2443	0	0	0	0	0	0	1654290323576
2815	2443	0	0	0	0	0	0	1654290324596
2814	2443	0	0	0	0	0	0	1654290325616
2814	2443	0	0	0	0	0	0	1654290326636
2814	2442	0	0	0	0	0	0	1654290327656
2814	2442	0	0	0	0	0	0	1654290328676
2814	2443	0	0	0	0	0	0	1654290329696
2814	2443	0	0	0	0	0	0	1654290330716
2814	2443	0	0	0	0	0	0	1654290331736
2814	2443	0	0	0	0	0	0	1654290332756
2814	2442	0	0	0	0	0	0	1654290333776
2814	2443	0	0	0	0	0	0	1654290334796
2814	2442	0	0	0	0	0	0	1654290335816
2814	2440	0	0	0	0	0	0	1654290336836
2814	2436	0	0	0	0	0	0	1654290337856
2814	2432	0	0	0	0	0	0	1654290338876
2814	2431	0	0	0	0	0	0	1654290339896
2814	2431	0	0	0	0	0	0	1654290340916
2814	2428	0	0	0	0	0	0	1654290341936
2814	2427	0	0	0	0	0	0	1654290342956
2814	2427	0	0	0	0	0	0	1654290343976
2814	2425	0	0	0	0	0	0	1654290344996
2814	2424	0	0	0	0	0	0	1654290346016
2814	2422	0	0	0	0	0	0	1654290347036
2814	2421	0	0	0	0	0	0	1654290348056
2814	2420	0	0	0	0	0	0	1654290349076
2815	2420	0	0	0	0	0	0	1654290350096
2815	2420	0	0	0	0	0	0	1654290351116
2815	2419	0	0	0	0	0	0	1654290352136
2815	2419	0	0	0	0	0	0	1654290353156
2814	2418	0	0	0	0	0	0	1654290354176
2814	2418	0	0	0	0	0	0	1654290355196
2815	2418	0	0	0	0	0	0	1654290356216
2815	2418	0	0	0	0	0	0	1654290357236
2815	2418	0	0	0	0	0	0	1654290358256
2815	2417	0	0	0	0	0	0	1654290359276
2815	2417	0	0	0	0	0	0	1654290360296
2814	2417	0	0	0	0	0	0	1654290361316
2814	2417	0	0	0	0	0	0	1654290362336
2814	2417	0	0	0	0	0	0	1654290363356
2814	2417	0	0	0	0	0	0	1654290364376
2814	2417	0	0	0	0	0	0	1654290365396
2814	2417	0	0	0	0	0	0	1654290366416
2813	2417	0	0	0	0	0	0	1654290367436
2814	2417	0	0	0	0	0	0	1654290368456
2814	2417	0	0	0	0	0	0	1654290369476
2814	2417	0	0	0	0	0	0	1654290370496
