2233	553	0	0	0	0	0	0	1659378079726
2226	549	0	0	0	0	0	0	1659378080746
2217	539	0	0	0	0	0	0	1659378081766
2206	533	0	0	0	0	0	0	1659378082786
2199	529	0	0	0	0	0	0	1659378083806
2195	527	0	0	0	0	0	0	1659378084826
2193	526	0	0	0	0	0	0	1659378085846
2189	525	0	0	0	0	0	0	1659378086866
2179	525	0	0	0	0	0	0	1659378087886
2172	525	0	0	0	0	0	0	1659378088906
2168	525	0	0	0	0	0	0	1659378089926
2165	525	0	0	0	0	0	0	1659378090946
2164	525	0	0	0	0	0	0	1659378091966
2163	525	0	0	0	0	0	0	1659378092986
2162	525	0	0	0	0	0	0	1659378094006
2162	525	0	0	0	0	0	0	1659378095026
2158	525	0	0	0	0	0	0	1659378096046
2150	525	0	0	0	0	0	0	1659378097066
2144	525	0	0	0	0	0	0	1659378098086
2140	525	0	0	0	0	0	0	1659378099106
2138	525	0	0	0	0	0	0	1659378100126
2136	525	0	0	0	0	0	0	1659378101146
2135	525	0	0	0	0	0	0	1659378102166
2135	525	0	0	0	0	0	0	1659378103186
2134	525	0	0	0	0	0	0	1659378104206
2134	525	0	0	0	0	0	0	1659378105226
2134	525	0	0	0	0	0	0	1659378106246
2134	525	0	0	0	0	0	0	1659378107266
2134	525	0	0	0	0	0	0	1659378108286
2134	525	0	0	0	0	0	0	1659378109306
2133	525	0	0	0	0	0	0	1659378110326
2131	525	0	0	0	0	0	0	1659378111346
2129	525	0	0	0	0	0	0	1659378112366
2122	525	0	0	0	0	0	0	1659378113386
2117	525	0	0	0	0	0	0	1659378114406
2112	525	0	0	0	0	0	0	1659378115426
2110	525	0	0	0	0	0	0	1659378116446
2108	525	0	0	0	0	0	0	1659378117466
2107	525	0	0	0	0	0	0	1659378118486
2107	525	0	0	0	0	0	0	1659378119506
2106	525	0	0	0	0	0	0	1659378120526
2106	524	0	0	0	0	0	0	1659378121546
2106	524	0	0	0	0	0	0	1659378122566
2106	524	0	0	0	0	0	0	1659378123586
2106	524	0	0	0	0	0	0	1659378124606
2106	524	0	0	0	0	0	0	1659378125626
2106	524	0	0	0	0	0	0	1659378126646
2106	524	0	0	0	0	0	0	1659378127666
2106	524	0	0	0	0	0	0	1659378128686
2106	524	0	0	0	0	0	0	1659378129706
2106	524	0	0	0	0	0	0	1659378130726
2106	524	0	0	0	0	0	0	1659378131746
2106	524	0	0	0	0	0	0	1659378132766
2105	524	0	0	0	0	0	0	1659378133786
2105	524	0	0	0	0	0	0	1659378134806
2104	524	0	0	0	0	0	0	1659378135826
2102	524	0	0	0	0	0	0	1659378136846
2097	524	0	0	0	0	0	0	1659378137866
2094	524	0	0	0	0	0	0	1659378138886
2088	524	0	0	0	0	0	0	1659378139906
2084	524	0	0	0	0	0	0	1659378140926
2082	524	0	0	0	0	0	0	1659378141946
2081	524	0	0	0	0	0	0	1659378142966
2080	524	0	0	0	0	0	0	1659378143986
2079	524	0	0	0	0	0	0	1659378145006
2079	524	0	0	0	0	0	0	1659378146026
2079	524	0	0	0	0	0	0	1659378147046
2079	524	0	0	0	0	0	0	1659378148066
2079	524	0	0	0	0	0	0	1659378149086
2079	524	0	0	0	0	0	0	1659378150106
2079	524	0	0	0	0	0	0	1659378151126
2079	524	0	0	0	0	0	0	1659378152146
2079	524	0	0	0	0	0	0	1659378153166
2078	524	0	0	0	0	0	0	1659378154186
2078	524	0	0	0	0	0	0	1659378155206
2078	524	0	0	0	0	0	0	1659378156226
2078	524	0	0	0	0	0	0	1659378157246
2078	524	0	0	0	0	0	0	1659378158266
2078	524	0	0	0	0	0	0	1659378159286
2078	524	0	0	0	0	0	0	1659378160306
2078	524	0	0	0	0	0	0	1659378161326
2078	524	0	0	0	0	0	0	1659378162346
2078	524	0	0	0	0	0	0	1659378163366
2078	524	0	0	0	0	0	0	1659378164386
2078	524	0	0	0	0	0	0	1659378165406
2078	524	0	0	0	0	0	0	1659378166426
2078	524	0	0	0	0	0	0	1659378167446
2078	524	0	0	0	0	0	0	1659378168466
2078	524	0	0	0	0	0	0	1659378169486
2077	524	0	0	0	0	0	0	1659378170506
2076	524	0	0	0	0	0	0	1659378171526
2076	524	0	0	0	0	0	0	1659378172546
2076	524	0	0	0	0	0	0	1659378173566
2074	524	0	0	0	0	0	0	1659378174586
2073	524	0	0	0	0	0	0	1659378175606
2066	524	0	0	0	0	0	0	1659378176626
2063	524	0	0	0	0	0	0	1659378177646
2060	524	0	0	0	0	0	0	1659378178666
2056	524	0	0	0	0	0	0	1659378179686
2054	524	0	0	0	0	0	0	1659378180706
2052	524	0	0	0	0	0	0	1659378181726
2051	524	0	0	0	0	0	0	1659378182746
2051	524	0	0	0	0	0	0	1659378183766
2051	524	0	0	0	0	0	0	1659378184786
2050	524	0	0	0	0	0	0	1659378185806
2050	524	0	0	0	0	0	0	1659378186826
2050	524	0	0	0	0	0	0	1659378187846
2050	524	0	0	0	0	0	0	1659378188866
2050	524	0	0	0	0	0	0	1659378189886
2050	524	0	0	0	0	0	0	1659378190906
2050	524	0	0	0	0	0	0	1659378191926
2050	524	0	0	0	0	0	0	1659378192946
2050	524	0	0	0	0	0	0	1659378193966
2050	524	0	0	0	0	0	0	1659378194986
2050	524	0	0	0	0	0	0	1659378196006
2050	524	0	0	0	0	0	0	1659378197026
2050	524	0	0	0	0	0	0	1659378198046
2050	524	0	0	0	0	0	0	1659378199066
2050	524	0	0	0	0	0	0	1659378200086
2050	524	0	0	0	0	0	0	1659378201106
2050	524	0	0	0	0	0	0	1659378202126
2050	524	0	0	0	0	0	0	1659378203146
2050	524	0	0	0	0	0	0	1659378204166
2050	524	0	0	0	0	0	0	1659378205186
2050	524	0	0	0	0	0	0	1659378206206
2050	524	0	0	0	0	0	0	1659378207226
2050	524	0	0	0	0	0	0	1659378208246
2050	524	0	0	0	0	0	0	1659378209266
2050	524	0	0	0	0	0	0	1659378210286
2050	524	0	0	0	0	0	0	1659378211306
2049	524	0	0	0	0	0	0	1659378212326
2049	524	0	0	0	0	0	0	1659378213346
2047	524	0	0	0	0	0	0	1659378214366
2045	524	0	0	0	0	0	0	1659378215386
2042	524	0	0	0	0	0	0	1659378216406
2038	524	0	0	0	0	0	0	1659378217426
2036	524	0	0	0	0	0	0	1659378218446
2032	524	0	0	0	0	0	0	1659378219466
2029	524	0	0	0	0	0	0	1659378220486
2026	524	0	0	0	0	0	0	1659378221506
2024	524	0	0	0	0	0	0	1659378222526
2023	524	0	0	0	0	0	0	1659378223546
2023	524	0	0	0	0	0	0	1659378224566
2023	524	0	0	0	0	0	0	1659378225586
2023	524	0	0	0	0	0	0	1659378226606
2023	524	0	0	0	0	0	0	1659378227626
2023	524	0	0	0	0	0	0	1659378228646
2023	524	0	0	0	0	0	0	1659378229666
2023	524	0	0	0	0	0	0	1659378230686
2023	524	0	0	0	0	0	0	1659378231706
2023	524	0	0	0	0	0	0	1659378232726
2023	524	0	0	0	0	0	0	1659378233746
2023	524	0	0	0	0	0	0	1659378234766
2023	524	0	0	0	0	0	0	1659378235786
2022	524	0	0	0	0	0	0	1659378236806
2022	524	0	0	0	0	0	0	1659378237826
2022	524	0	0	0	0	0	0	1659378238846
2022	524	0	0	0	0	0	0	1659378239866
2022	524	0	0	0	0	0	0	1659378240886
2022	524	0	0	0	0	0	0	1659378241906
2022	524	0	0	0	0	0	0	1659378242926
2022	524	0	0	0	0	0	0	1659378243946
2022	524	0	0	0	0	0	0	1659378244966
2022	524	0	0	0	0	0	0	1659378245986
2022	524	0	0	0	0	0	0	1659378247006
2022	524	0	0	0	0	0	0	1659378248026
2022	524	0	0	0	0	0	0	1659378249046
2022	524	0	0	0	0	0	0	1659378250066
2022	524	0	0	0	0	0	0	1659378251086
2022	524	0	0	0	0	0	0	1659378252106
2022	524	0	0	0	0	0	0	1659378253126
2022	524	0	0	0	0	0	0	1659378254146
2022	524	0	0	0	0	0	0	1659378255166
2022	524	0	0	0	0	0	0	1659378256186
2022	524	0	0	0	0	0	0	1659378257206
2022	524	0	0	0	0	0	0	1659378258226
2022	524	0	0	0	0	0	0	1659378259246
2022	524	0	0	0	0	0	0	1659378260266
2022	524	0	0	0	0	0	0	1659378261286
2022	524	0	0	0	0	0	0	1659378262306
2022	524	0	0	0	0	0	0	1659378263326
2022	524	0	0	0	0	0	0	1659378264346
2022	524	0	0	0	0	0	0	1659378265366
2022	524	0	0	0	0	0	0	1659378266386
2022	524	0	0	0	0	0	0	1659378267406
2021	524	0	0	0	0	0	0	1659378268426
2020	524	0	0	0	0	0	0	1659378269446
2018	524	0	0	0	0	0	0	1659378270466
2017	524	0	0	0	0	0	0	1659378271486
2014	524	0	0	0	0	0	0	1659378272506
2014	524	0	0	0	0	0	0	1659378273526
2014	524	0	0	0	0	0	0	1659378274546
2012	524	0	0	0	0	0	0	1659378275566
2012	524	0	0	0	0	0	0	1659378276586
2007	524	0	0	0	0	0	0	1659378277606
2002	524	0	0	0	0	0	0	1659378278626
1999	524	0	0	0	0	0	0	1659378279646
1997	524	0	0	0	0	0	0	1659378280666
1996	524	0	0	0	0	0	0	1659378281686
1995	524	0	0	0	0	0	0	1659378282706
1995	524	0	0	0	0	0	0	1659378283726
1995	524	0	0	0	0	0	0	1659378284746
1994	524	0	0	0	0	0	0	1659378285766
1994	524	0	0	0	0	0	0	1659378286786
1994	524	0	0	0	0	0	0	1659378287806
1994	524	0	0	0	0	0	0	1659378288826
1994	524	0	0	0	0	0	0	1659378289846
1994	524	0	0	0	0	0	0	1659378290866
1994	524	0	0	0	0	0	0	1659378291886
1994	524	0	0	0	0	0	0	1659378292906
1994	524	0	0	0	0	0	0	1659378293926
1994	524	0	0	0	0	0	0	1659378294946
1994	524	0	0	0	0	0	0	1659378295966
1994	524	0	0	0	0	0	0	1659378296986
1994	524	0	0	0	0	0	0	1659378298006
1994	524	0	0	0	0	0	0	1659378299026
1994	524	0	0	0	0	0	0	1659378300046
1994	524	0	0	0	0	0	0	1659378301066
1994	524	0	0	0	0	0	0	1659378302086
1994	524	0	0	0	0	0	0	1659378303106
1994	524	0	0	0	0	0	0	1659378304126
1994	524	0	0	0	0	0	0	1659378305146
1994	524	0	0	0	0	0	0	1659378306166
1994	524	0	0	0	0	0	0	1659378307186
1994	524	0	0	0	0	0	0	1659378308206
1994	524	0	0	0	0	0	0	1659378309226
1994	524	0	0	0	0	0	0	1659378310246
1994	524	0	0	0	0	0	0	1659378311266
1994	524	0	0	0	0	0	0	1659378312286
1994	524	0	0	0	0	0	0	1659378313306
1994	524	0	0	0	0	0	0	1659378314326
1994	524	0	0	0	0	0	0	1659378315346
1994	524	0	0	0	0	0	0	1659378316366
1994	524	0	0	0	0	0	0	1659378317386
1994	524	0	0	0	0	0	0	1659378318406
1994	524	0	0	0	0	0	0	1659378319426
1994	524	0	0	0	0	0	0	1659378320446
1994	524	0	0	0	0	0	0	1659378321466
1994	524	0	0	0	0	0	0	1659378322486
1994	524	0	0	0	0	0	0	1659378323506
1994	524	0	0	0	0	0	0	1659378324526
1994	524	0	0	0	0	0	0	1659378325546
1994	524	0	0	0	0	0	0	1659378326566
1994	524	0	0	0	0	0	0	1659378327586
1994	524	0	0	0	0	0	0	1659378328606
1994	524	0	0	0	0	0	0	1659378329626
1994	524	0	0	0	0	0	0	1659378330646
1994	524	0	0	0	0	0	0	1659378331666
1994	524	0	0	0	0	0	0	1659378332686
1994	524	0	0	0	0	0	0	1659378333706
1994	524	0	0	0	0	0	0	1659378334726
1994	524	0	0	0	0	0	0	1659378335746
1994	524	0	0	0	0	0	0	1659378336766
1994	524	0	0	0	0	0	0	1659378337786
1994	524	0	0	0	0	0	0	1659378338806
1993	524	0	0	0	0	0	0	1659378339826
1993	524	0	0	0	0	0	0	1659378340846
1993	524	0	0	0	0	0	0	1659378341866
1993	524	0	0	0	0	0	0	1659378342886
1993	524	0	0	0	0	0	0	1659378343906
1993	524	0	0	0	0	0	0	1659378344926
1992	524	0	0	0	0	0	0	1659378345946
1991	524	0	0	0	0	0	0	1659378346966
1989	524	0	0	0	0	0	0	1659378347986
1982	524	0	0	0	0	0	0	1659378349006
1977	524	0	0	0	0	0	0	1659378350026
1977	524	0	0	0	0	0	0	1659378351046
1976	524	0	0	0	0	0	0	1659378352066
1975	524	0	0	0	0	0	0	1659378353086
1976	524	0	0	0	0	0	0	1659378354106
1974	524	0	0	0	0	0	0	1659378355126
1973	524	0	0	0	0	0	0	1659378356146
1973	524	0	0	0	0	0	0	1659378357166
1973	524	0	0	0	0	0	0	1659378358186
1972	524	0	0	0	0	0	0	1659378359206
1971	524	0	0	0	0	0	0	1659378360226
1970	524	0	0	0	0	0	0	1659378361246
1970	524	0	0	0	0	0	0	1659378362266
1968	524	0	0	0	0	0	0	1659378363286
1968	524	0	0	0	0	0	0	1659378364306
1968	524	0	0	0	0	0	0	1659378365326
1968	524	0	0	0	0	0	0	1659378366346
1967	524	0	0	0	0	0	0	1659378367366
1967	524	0	0	0	0	0	0	1659378368386
1967	524	0	0	0	0	0	0	1659378369406
1966	524	0	0	0	0	0	0	1659378370426
1966	524	0	0	0	0	0	0	1659378371446
1966	524	0	0	0	0	0	0	1659378372466
1966	524	0	0	0	0	0	0	1659378373486
1966	524	0	0	0	0	0	0	1659378374506
1966	524	0	0	0	0	0	0	1659378375526
1966	524	0	0	0	0	0	0	1659378376546
1966	524	0	0	0	0	0	0	1659378377566
1966	524	0	0	0	0	0	0	1659378378586
1966	524	0	0	0	0	0	0	1659378379606
1966	524	0	0	0	0	0	0	1659378380626
1966	524	0	0	0	0	0	0	1659378381646
1966	524	0	0	0	0	0	0	1659378382666
1966	524	0	0	0	0	0	0	1659378383686
1966	524	0	0	0	0	0	0	1659378384706
1966	524	0	0	0	0	0	0	1659378385726
1966	524	0	0	0	0	0	0	1659378386746
1966	524	0	0	0	0	0	0	1659378387766
1966	524	0	0	0	0	0	0	1659378388786
1966	524	0	0	0	0	0	0	1659378389806
1966	524	0	0	0	0	0	0	1659378390826
1966	524	0	0	0	0	0	0	1659378391846
1966	524	0	0	0	0	0	0	1659378392866
1966	524	0	0	0	0	0	0	1659378393886
1966	524	0	0	0	0	0	0	1659378394906
1966	524	0	0	0	0	0	0	1659378395926
1966	524	0	0	0	0	0	0	1659378396946
1966	524	0	0	0	0	0	0	1659378397966
1966	524	0	0	0	0	0	0	1659378398986
1966	524	0	0	0	0	0	0	1659378400006
1966	524	0	0	0	0	0	0	1659378401026
1966	524	0	0	0	0	0	0	1659378402046
1966	524	0	0	0	0	0	0	1659378403066
1966	524	0	0	0	0	0	0	1659378404086
1966	524	0	0	0	0	0	0	1659378405106
1966	524	0	0	0	0	0	0	1659378406126
1966	524	0	0	0	0	0	0	1659378407146
1966	524	0	0	0	0	0	0	1659378408166
1966	524	0	0	0	0	0	0	1659378409186
1966	524	0	0	0	0	0	0	1659378410206
1966	524	0	0	0	0	0	0	1659378411226
1966	524	0	0	0	0	0	0	1659378412246
1966	524	0	0	0	0	0	0	1659378413266
1966	524	0	0	0	0	0	0	1659378414286
1966	524	0	0	0	0	0	0	1659378415306
1966	524	0	0	0	0	0	0	1659378416326
1966	524	0	0	0	0	0	0	1659378417346
1966	523	0	0	0	0	0	0	1659378418366
1966	523	0	0	0	0	0	0	1659378419386
1966	524	0	0	0	0	0	0	1659378420406
1966	524	0	0	0	0	0	0	1659378421426
1966	524	0	0	0	0	0	0	1659378422446
1966	524	0	0	0	0	0	0	1659378423466
1966	524	0	0	0	0	0	0	1659378424486
1966	524	0	0	0	0	0	0	1659378425506
1966	524	0	0	0	0	0	0	1659378426526
1966	522	0	0	0	0	0	0	1659378427546
1966	522	0	0	0	0	0	0	1659378428566
1966	523	0	0	0	0	0	0	1659378429586
1966	523	0	0	0	0	0	0	1659378430606
1966	523	0	0	0	0	0	0	1659378431626
1966	523	0	0	0	0	0	0	1659378432646
1966	523	0	0	0	0	0	0	1659378433666
1966	523	0	0	0	0	0	0	1659378434686
1966	523	0	0	0	0	0	0	1659378435706
1966	523	0	0	0	0	0	0	1659378436726
1966	523	0	0	0	0	0	0	1659378437746
1966	523	0	0	0	0	0	0	1659378438766
1966	523	0	0	0	0	0	0	1659378439786
1966	523	0	0	0	0	0	0	1659378440806
1965	522	0	0	0	0	0	0	1659378441826
1965	523	0	0	0	0	0	0	1659378442846
1962	523	0	0	0	0	0	0	1659378443866
1957	520	0	0	0	0	0	0	1659378444886
1958	521	0	0	0	0	0	0	1659378445906
1960	522	0	0	0	0	0	0	1659378446926
1961	523	0	0	0	0	0	0	1659378447946
1962	523	0	0	0	0	0	0	1659378448966
1963	523	0	0	0	0	0	0	1659378449986
1964	524	0	0	0	0	0	0	1659378451006
1964	524	0	0	0	0	0	0	1659378452026
1961	524	0	0	0	0	0	0	1659378453046
1960	524	0	0	0	0	0	0	1659378454066
1961	524	0	0	0	0	0	0	1659378455086
1960	524	0	0	0	0	0	0	1659378456106
1959	524	0	0	0	0	0	0	1659378457126
1955	520	0	0	0	0	0	0	1659378458146
1950	520	0	0	0	0	0	0	1659378459166
1946	521	0	0	0	0	0	0	1659378460186
1943	513	0	0	0	0	0	0	1659378461206
1941	514	0	0	0	0	0	0	1659378462226
1940	518	0	0	0	0	0	0	1659378463246
1941	520	0	0	0	0	0	0	1659378464266
1941	522	0	0	0	0	0	0	1659378465286
1942	523	0	0	0	0	0	0	1659378466306
1942	523	0	0	0	0	0	0	1659378467326
1943	523	0	0	0	0	0	0	1659378468346
1942	523	0	0	0	0	0	0	1659378469366
1945	523	0	0	0	0	0	0	1659378470386
1946	523	0	0	0	0	0	0	1659378471406
1944	523	0	0	0	0	0	0	1659378472426
1945	523	0	0	0	0	0	0	1659378473446
1944	523	0	0	0	0	0	0	1659378474466
1944	523	0	0	0	0	0	0	1659378475486
1944	523	0	0	0	0	0	0	1659378476506
1943	523	0	0	0	0	0	0	1659378477526
1943	523	0	0	0	0	0	0	1659378478546
1944	523	0	0	0	0	0	0	1659378479566
1943	523	0	0	0	0	0	0	1659378480586
1942	523	0	0	0	0	0	0	1659378481606
1941	523	0	0	0	0	0	0	1659378482626
1942	523	0	0	0	0	0	0	1659378483646
1942	523	0	0	0	0	0	0	1659378484666
1942	523	0	0	0	0	0	0	1659378485686
1942	523	0	0	0	0	0	0	1659378486706
1941	523	0	0	0	0	0	0	1659378487726
1941	523	0	0	0	0	0	0	1659378488746
1940	523	0	0	0	0	0	0	1659378489766
1941	523	0	0	0	0	0	0	1659378490786
1941	523	0	0	0	0	0	0	1659378491806
1940	523	0	0	0	0	0	0	1659378492826
1940	523	0	0	0	0	0	0	1659378493846
1940	523	0	0	0	0	0	0	1659378494866
1940	523	0	0	0	0	0	0	1659378495886
1940	523	0	0	0	0	0	0	1659378496906
1939	523	0	0	0	0	0	0	1659378497926
1939	523	0	0	0	0	0	0	1659378498946
1939	523	0	0	0	0	0	0	1659378499966
1939	523	0	0	0	0	0	0	1659378500986
1939	523	0	0	0	0	0	0	1659378502006
1939	523	0	0	0	0	0	0	1659378503026
1939	523	0	0	0	0	0	0	1659378504046
1939	523	0	0	0	0	0	0	1659378505066
1939	523	0	0	0	0	0	0	1659378506086
1939	523	0	0	0	0	0	0	1659378507106
1939	523	0	0	0	0	0	0	1659378508126
1939	523	0	0	0	0	0	0	1659378509146
1939	523	0	0	0	0	0	0	1659378510166
1939	523	0	0	0	0	0	0	1659378511186
1939	523	0	0	0	0	0	0	1659378512206
1939	520	0	0	0	0	0	0	1659378513226
1939	512	0	0	0	0	0	0	1659378514246
1939	512	0	0	0	0	0	0	1659378515266
1939	516	0	0	0	0	0	0	1659378516286
1939	519	0	0	0	0	0	0	1659378517306
1939	520	0	0	0	0	0	0	1659378518326
1939	522	0	0	0	0	0	0	1659378519346
1939	521	0	0	0	0	0	0	1659378520366
1939	520	0	0	0	0	0	0	1659378521386
1939	521	0	0	0	0	0	0	1659378522406
1939	522	0	0	0	0	0	0	1659378523426
1939	522	0	0	0	0	0	0	1659378524446
1939	523	0	0	0	0	0	0	1659378525466
1939	523	0	0	0	0	0	0	1659378526486
1939	523	0	0	0	0	0	0	1659378527506
1939	523	0	0	0	0	0	0	1659378528526
1939	523	0	0	0	0	0	0	1659378529546
1939	523	0	0	0	0	0	0	1659378530566
1939	523	0	0	0	0	0	0	1659378531586
1939	523	0	0	0	0	0	0	1659378532606
1939	523	0	0	0	0	0	0	1659378533626
1939	523	0	0	0	0	0	0	1659378534646
1939	523	0	0	0	0	0	0	1659378535666
1939	523	0	0	0	0	0	0	1659378536686
1939	523	0	0	0	0	0	0	1659378537706
1939	523	0	0	0	0	0	0	1659378538726
1939	523	0	0	0	0	0	0	1659378539746
1939	523	0	0	0	0	0	0	1659378540766
1939	523	0	0	0	0	0	0	1659378541786
1939	523	0	0	0	0	0	0	1659378542806
1939	523	0	0	0	0	0	0	1659378543826
1939	523	0	0	0	0	0	0	1659378544846
1939	523	0	0	0	0	0	0	1659378545866
1939	523	0	0	0	0	0	0	1659378546886
1939	523	0	0	0	0	0	0	1659378547906
1939	521	0	0	0	0	0	0	1659378548926
1939	522	0	0	0	0	0	0	1659378549946
1939	523	0	0	0	0	0	0	1659378550966
1939	523	0	0	0	0	0	0	1659378551986
1939	523	0	0	0	0	0	0	1659378553006
1939	523	0	0	0	0	0	0	1659378554026
1939	518	0	0	0	0	0	0	1659378555046
1939	512	0	0	0	0	0	0	1659378556066
1939	516	0	0	0	0	0	0	1659378557086
1939	519	0	0	0	0	0	0	1659378558106
1939	521	0	0	0	0	0	0	1659378559126
1939	522	0	0	0	0	0	0	1659378560146
1939	522	0	0	0	0	0	0	1659378561166
1939	523	0	0	0	0	0	0	1659378562186
1939	523	0	0	0	0	0	0	1659378563206
1939	523	0	0	0	0	0	0	1659378564226
1939	523	0	0	0	0	0	0	1659378565246
1938	523	0	0	0	0	0	0	1659378566266
1938	523	0	0	0	0	0	0	1659378567286
1938	523	0	0	0	0	0	0	1659378568306
1938	523	0	0	0	0	0	0	1659378569326
1938	523	0	0	0	0	0	0	1659378570346
1938	523	0	0	0	0	0	0	1659378571366
1938	523	0	0	0	0	0	0	1659378572386
1938	522	0	0	0	0	0	0	1659378573406
1938	513	0	0	0	0	0	0	1659378574426
1938	509	0	0	0	0	0	0	1659378575446
1938	514	0	0	0	0	0	0	1659378576466
1938	517	0	0	0	0	0	0	1659378577486
1938	519	0	0	0	0	0	0	1659378578506
1938	519	0	0	0	0	0	0	1659378579526
1938	511	0	0	0	0	0	0	1659378580546
1938	505	0	0	0	0	0	0	1659378581566
1938	502	0	0	0	0	0	0	1659378582586
1938	502	0	0	0	0	0	0	1659378583606
1938	501	0	0	0	0	0	0	1659378584626
1938	504	0	0	0	0	0	0	1659378585646
1938	504	0	0	0	0	0	0	1659378586666
1938	501	0	0	0	0	0	0	1659378587686
1938	500	0	0	0	0	0	0	1659378588706
1938	505	0	0	0	0	0	0	1659378589726
1938	504	0	0	0	0	0	0	1659378590746
1938	502	0	0	0	0	0	0	1659378591766
1938	504	0	0	0	0	0	0	1659378592786
1938	507	0	0	0	0	0	0	1659378593806
1938	507	0	0	0	0	0	0	1659378594826
1938	503	0	0	0	0	0	0	1659378595846
1938	501	0	0	0	0	0	0	1659378596866
1938	499	0	0	0	0	0	0	1659378597886
1938	499	0	0	0	0	0	0	1659378598906
1938	503	0	0	0	0	0	0	1659378599926
1938	506	0	0	0	0	0	0	1659378600946
1938	509	0	0	0	0	0	0	1659378601966
1938	509	0	0	0	0	0	0	1659378602986
1938	512	0	0	0	0	0	0	1659378604006
1938	513	0	0	0	0	0	0	1659378605026
1938	513	0	0	0	0	0	0	1659378606046
1938	514	0	0	0	0	0	0	1659378607066
1938	515	0	0	0	0	0	0	1659378608086
1938	516	0	0	0	0	0	0	1659378609106
1938	515	0	0	0	0	0	0	1659378610126
1938	515	0	0	0	0	0	0	1659378611146
1938	515	0	0	0	0	0	0	1659378612166
1938	513	0	0	0	0	0	0	1659378613186
1938	510	0	0	0	0	0	0	1659378614206
1938	511	0	0	0	0	0	0	1659378615226
1938	512	0	0	0	0	0	0	1659378616246
1938	513	0	0	0	0	0	0	1659378617266
1938	515	0	0	0	0	0	0	1659378618286
1938	516	0	0	0	0	0	0	1659378619306
1938	518	0	0	0	0	0	0	1659378620326
1938	518	0	0	0	0	0	0	1659378621346
1938	519	0	0	0	0	0	0	1659378622366
1938	520	0	0	0	0	0	0	1659378623386
1938	521	0	0	0	0	0	0	1659378624406
1938	521	0	0	0	0	0	0	1659378625426
1938	521	0	0	0	0	0	0	1659378626446
1938	521	0	0	0	0	0	0	1659378627466
1938	522	0	0	0	0	0	0	1659378628486
1938	522	0	0	0	0	0	0	1659378629506
1938	520	0	0	0	0	0	0	1659378630526
1938	518	0	0	0	0	0	0	1659378631546
1938	518	0	0	0	0	0	0	1659378632566
1938	515	0	0	0	0	0	0	1659378633586
1938	514	0	0	0	0	0	0	1659378634606
1938	518	0	0	0	0	0	0	1659378635626
1938	519	0	0	0	0	0	0	1659378636646
1938	520	0	0	0	0	0	0	1659378637666
1938	520	0	0	0	0	0	0	1659378638686
1938	519	0	0	0	0	0	0	1659378639706
1938	519	0	0	0	0	0	0	1659378640726
1938	518	0	0	0	0	0	0	1659378641746
1938	518	0	0	0	0	0	0	1659378642766
1938	516	0	0	0	0	0	0	1659378643786
1939	508	0	0	0	0	0	0	1659378644806
1939	504	0	0	0	0	0	0	1659378645826
1939	506	0	0	0	0	0	0	1659378646846
1939	507	0	0	0	0	0	0	1659378647866
1939	510	0	0	0	0	0	0	1659378648886
1939	505	0	0	0	0	0	0	1659378649906
1939	502	0	0	0	0	0	0	1659378650926
1939	501	0	0	0	0	0	0	1659378651946
1939	504	0	0	0	0	0	0	1659378652966
1939	503	0	0	0	0	0	0	1659378653986
1939	502	0	0	0	0	0	0	1659378655006
1939	504	0	0	0	0	0	0	1659378656026
1939	505	0	0	0	0	0	0	1659378657046
1939	507	0	0	0	0	0	0	1659378658066
1939	511	0	0	0	0	0	0	1659378659086
1938	511	0	0	0	0	0	0	1659378660106
1938	512	0	0	0	0	0	0	1659378661126
1938	512	0	0	0	0	0	0	1659378662146
1938	515	0	0	0	0	0	0	1659378663166
1938	516	0	0	0	0	0	0	1659378664186
1938	517	0	0	0	0	0	0	1659378665206
1938	517	0	0	0	0	0	0	1659378666226
1938	518	0	0	0	0	0	0	1659378667246
1938	518	0	0	0	0	0	0	1659378668266
1938	520	0	0	0	0	0	0	1659378669286
1938	521	0	0	0	0	0	0	1659378670306
1938	520	0	0	0	0	0	0	1659378671326
1938	521	0	0	0	0	0	0	1659378672346
1938	518	0	0	0	0	0	0	1659378673366
1938	515	0	0	0	0	0	0	1659378674386
1938	516	0	0	0	0	0	0	1659378675406
1938	516	0	0	0	0	0	0	1659378676426
1938	513	0	0	0	0	0	0	1659378677446
1938	512	0	0	0	0	0	0	1659378678466
1938	507	0	0	0	0	0	0	1659378679486
1938	503	0	0	0	0	0	0	1659378680506
1938	501	0	0	0	0	0	0	1659378681526
1938	500	0	0	0	0	0	0	1659378682546
1938	499	0	0	0	0	0	0	1659378683566
1938	498	0	0	0	0	0	0	1659378684586
1938	501	0	0	0	0	0	0	1659378685606
1938	500	0	0	0	0	0	0	1659378686626
1938	500	0	0	0	0	0	0	1659378687646
1938	503	0	0	0	0	0	0	1659378688666
1938	504	0	0	0	0	0	0	1659378689686
1938	505	0	0	0	0	0	0	1659378690706
1938	506	0	0	0	0	0	0	1659378691726
1938	504	0	0	0	0	0	0	1659378692746
1938	502	0	0	0	0	0	0	1659378693766
1938	505	0	0	0	0	0	0	1659378694786
1938	503	0	0	0	0	0	0	1659378695806
1938	501	0	0	0	0	0	0	1659378696826
1938	503	0	0	0	0	0	0	1659378697846
1939	500	0	0	0	0	0	0	1659378698866
1939	501	0	0	0	0	0	0	1659378699886
1939	502	0	0	0	0	0	0	1659378700906
1939	505	0	0	0	0	0	0	1659378701926
1939	507	0	0	0	0	0	0	1659378702946
1939	508	0	0	0	0	0	0	1659378703966
1939	509	0	0	0	0	0	0	1659378704986
1939	510	0	0	0	0	0	0	1659378706006
1939	506	0	0	0	0	0	0	1659378707026
1939	502	0	0	0	0	0	0	1659378708046
1939	500	0	0	0	0	0	0	1659378709066
1939	500	0	0	0	0	0	0	1659378710086
1939	501	0	0	0	0	0	0	1659378711106
1939	502	0	0	0	0	0	0	1659378712126
1939	504	0	0	0	0	0	0	1659378713146
1939	501	0	0	0	0	0	0	1659378714166
1939	499	0	0	0	0	0	0	1659378715186
1939	499	0	0	0	0	0	0	1659378716206
1939	499	0	0	0	0	0	0	1659378717226
1939	500	0	0	0	0	0	0	1659378718246
1939	502	0	0	0	0	0	0	1659378719266
1939	503	0	0	0	0	0	0	1659378720286
1939	504	0	0	0	0	0	0	1659378721306
1939	505	0	0	0	0	0	0	1659378722326
1939	505	0	0	0	0	0	0	1659378723346
1939	503	0	0	0	0	0	0	1659378724366
1939	502	0	0	0	0	0	0	1659378725386
1939	504	0	0	0	0	0	0	1659378726406
1939	505	0	0	0	0	0	0	1659378727426
1939	505	0	0	0	0	0	0	1659378728446
1939	506	0	0	0	0	0	0	1659378729466
1939	504	0	0	0	0	0	0	1659378730486
1939	502	0	0	0	0	0	0	1659378731506
1939	502	0	0	0	0	0	0	1659378732526
1939	502	0	0	0	0	0	0	1659378733546
1939	504	0	0	0	0	0	0	1659378734566
1939	505	0	0	0	0	0	0	1659378735586
1939	504	0	0	0	0	0	0	1659378736606
1939	505	0	0	0	0	0	0	1659378737626
1939	505	0	0	0	0	0	0	1659378738646
1939	502	0	0	0	0	0	0	1659378739666
1939	504	0	0	0	0	0	0	1659378740686
1939	504	0	0	0	0	0	0	1659378741706
1939	501	0	0	0	0	0	0	1659378742726
1939	499	0	0	0	0	0	0	1659378743746
1939	498	0	0	0	0	0	0	1659378744766
1939	498	0	0	0	0	0	0	1659378745786
1939	498	0	0	0	0	0	0	1659378746806
1939	498	0	0	0	0	0	0	1659378747826
1939	497	0	0	0	0	0	0	1659378748846
1939	497	0	0	0	0	0	0	1659378749866
1939	497	0	0	0	0	0	0	1659378750886
1939	498	0	0	0	0	0	0	1659378751906
1939	499	0	0	0	0	0	0	1659378752926
1939	498	0	0	0	0	0	0	1659378753946
1939	498	0	0	0	0	0	0	1659378754966
1939	498	0	0	0	0	0	0	1659378755986
1939	499	0	0	0	0	0	0	1659378757006
1939	500	0	0	0	0	0	0	1659378758026
1939	498	0	0	0	0	0	0	1659378759046
1939	497	0	0	0	0	0	0	1659378760066
1939	497	0	0	0	0	0	0	1659378761086
1939	497	0	0	0	0	0	0	1659378762106
1939	497	0	0	0	0	0	0	1659378763126
1938	497	0	0	0	0	0	0	1659378764146
1938	497	0	0	0	0	0	0	1659378765166
1938	497	0	0	0	0	0	0	1659378766186
1938	498	0	0	0	0	0	0	1659378767206
1938	498	0	0	0	0	0	0	1659378768226
1938	499	0	0	0	0	0	0	1659378769246
1938	498	0	0	0	0	0	0	1659378770266
1938	497	0	0	0	0	0	0	1659378771286
1938	497	0	0	0	0	0	0	1659378772306
1938	10298	0	0	0	0	0	0	1659378773326
1938	6378	0	0	0	0	0	0	1659378774346
1938	4025	0	0	0	0	0	0	1659378775366
1938	2613	0	0	0	0	0	0	1659378776386
1938	1767	0	0	0	0	0	0	1659378777406
1938	1259	0	0	0	0	0	0	1659378778426
1938	954	0	0	0	0	0	0	1659378779446
1938	773	0	0	0	0	0	0	1659378780466
1938	664	0	0	0	0	0	0	1659378781486
1938	597	0	0	0	0	0	0	1659378782506
1938	557	0	0	0	0	0	0	1659378783526
1938	533	0	0	0	0	0	0	1659378784546
1938	519	0	0	0	0	0	0	1659378785566
1938	510	0	0	0	0	0	0	1659378786586
1938	505	0	0	0	0	0	0	1659378787606
1938	503	0	0	0	0	0	0	1659378788626
1938	501	0	0	0	0	0	0	1659378789646
1938	501	0	0	0	0	0	0	1659378790666
1938	500	0	0	0	0	0	0	1659378791686
1938	500	0	0	0	0	0	0	1659378792706
1938	499	0	0	0	0	0	0	1659378793726
1938	499	0	0	0	0	0	0	1659378794746
1938	500	0	0	0	0	0	0	1659378795766
1939	499	0	0	0	0	0	0	1659378796786
1939	499	0	0	0	0	0	0	1659378797806
1939	500	0	0	0	0	0	0	1659378798826
1939	500	0	0	0	0	0	0	1659378799846
1939	500	0	0	0	0	0	0	1659378800866
1939	500	0	0	0	0	0	0	1659378801886
1954	500	0	0	0	0	0	0	1659378802906
1948	501	0	0	0	0	0	0	1659378803926
1944	501	0	0	0	0	0	0	1659378804946
1942	502	0	0	0	0	0	0	1659378805966
1941	501	0	0	0	0	0	0	1659378806986
1940	502	0	0	0	0	0	0	1659378808006
1940	504	0	0	0	0	0	0	1659378809026
1939	503	0	0	0	0	0	0	1659378810046
1939	503	0	0	0	0	0	0	1659378811066
1939	501	0	0	0	0	0	0	1659378812086
1939	499	0	0	0	0	0	0	1659378813106
1939	498	0	0	0	0	0	0	1659378814126
1939	497	0	0	0	0	0	0	1659378815146
1939	497	0	0	0	0	0	0	1659378816166
1939	497	0	0	0	0	0	0	1659378817186
1939	497	0	0	0	0	0	0	1659378818206
1939	497	0	0	0	0	0	0	1659378819226
1939	497	0	0	0	0	0	0	1659378820246
1939	499	0	0	0	0	0	0	1659378821266
1939	498	0	0	0	0	0	0	1659378822286
1939	498	0	0	0	0	0	0	1659378823306
1939	498	0	0	0	0	0	0	1659378824326
1939	498	0	0	0	0	0	0	1659378825346
1939	498	0	0	0	0	0	0	1659378826366
1939	10298	0	0	0	0	0	0	1659378827386
1939	6379	0	0	0	0	0	0	1659378828406
1939	4028	0	0	0	0	0	0	1659378829426
1939	2618	0	0	0	0	0	0	1659378830446
1939	1771	0	0	0	0	0	0	1659378831466
1939	1262	0	0	0	0	0	0	1659378832486
1939	956	0	0	0	0	0	0	1659378833506
1939	773	0	0	0	0	0	0	1659378834526
1939	662	0	0	0	0	0	0	1659378835546
1939	596	0	0	0	0	0	0	1659378836566
1939	557	0	0	0	0	0	0	1659378837586
1939	535	0	0	0	0	0	0	1659378838606
1939	520	0	0	0	0	0	0	1659378839626
1939	512	0	0	0	0	0	0	1659378840646
1939	507	0	0	0	0	0	0	1659378841666
1939	504	0	0	0	0	0	0	1659378842686
1939	502	0	0	0	0	0	0	1659378843706
1939	500	0	0	0	0	0	0	1659378844726
1939	499	0	0	0	0	0	0	1659378845746
1939	499	0	0	0	0	0	0	1659378846766
1939	500	0	0	0	0	0	0	1659378847786
1939	500	0	0	0	0	0	0	1659378848806
1939	500	0	0	0	0	0	0	1659378849826
1939	500	0	0	0	0	0	0	1659378850846
1939	500	0	0	0	0	0	0	1659378851866
1939	500	0	0	0	0	0	0	1659378852886
1939	500	0	0	0	0	0	0	1659378853906
1939	499	0	0	0	0	0	0	1659378854926
1939	498	0	0	0	0	0	0	1659378855946
1939	10298	0	0	0	0	0	0	1659378856966
1939	6377	0	0	0	0	0	0	1659378857986
1939	4025	0	0	0	0	0	0	1659378859006
1939	2614	0	0	0	0	0	0	1659378860026
1939	1768	0	0	0	0	0	0	1659378861046
1939	1261	0	0	0	0	0	0	1659378862066
1939	956	0	0	0	0	0	0	1659378863086
1939	773	0	0	0	0	0	0	1659378864106
1939	663	0	0	0	0	0	0	1659378865126
1939	598	0	0	0	0	0	0	1659378866146
1939	558	0	0	0	0	0	0	1659378867166
1939	534	0	0	0	0	0	0	1659378868186
1939	519	0	0	0	0	0	0	1659378869206
1939	510	0	0	0	0	0	0	1659378870226
1939	504	0	0	0	0	0	0	1659378871246
1939	501	0	0	0	0	0	0	1659378872266
1939	499	0	0	0	0	0	0	1659378873286
1939	498	0	0	0	0	0	0	1659378874306
1939	498	0	0	0	0	0	0	1659378875326
1939	497	0	0	0	0	0	0	1659378876346
1939	497	0	0	0	0	0	0	1659378877366
1939	497	0	0	0	0	0	0	1659378878386
1939	498	0	0	0	0	0	0	1659378879406
1939	497	0	0	0	0	0	0	1659378880426
1939	497	0	0	0	0	0	0	1659378881446
1939	497	0	0	0	0	0	0	1659378882466
1939	497	0	0	0	0	0	0	1659378883486
1939	497	0	0	0	0	0	0	1659378884506
1939	497	0	0	0	0	0	0	1659378885526
1939	497	0	0	0	0	0	0	1659378886546
1939	497	0	0	0	0	0	0	1659378887566
1939	497	0	0	0	0	0	0	1659378888586
1939	497	0	0	0	0	0	0	1659378889606
1939	497	0	0	0	0	0	0	1659378890626
1939	497	0	0	0	0	0	0	1659378891646
1939	497	0	0	0	0	0	0	1659378892666
1939	497	0	0	0	0	0	0	1659378893686
1939	497	0	0	0	0	0	0	1659378894706
1939	497	0	0	0	0	0	0	1659378895726
1939	497	0	0	0	0	0	0	1659378896746
1939	497	0	0	0	0	0	0	1659378897766
1939	497	0	0	0	0	0	0	1659378898786
1939	497	0	0	0	0	0	0	1659378899806
1939	497	0	0	0	0	0	0	1659378900826
1939	497	0	0	0	0	0	0	1659378901846
1939	498	0	0	0	0	0	0	1659378902866
1939	497	0	0	0	0	0	0	1659378903886
1939	498	0	0	0	0	0	0	1659378904906
1939	498	0	0	0	0	0	0	1659378905926
1939	497	0	0	0	0	0	0	1659378906946
1939	497	0	0	0	0	0	0	1659378907966
1939	497	0	0	0	0	0	0	1659378908986
1939	497	0	0	0	0	0	0	1659378910006
1939	497	0	0	0	0	0	0	1659378911026
1939	497	0	0	0	0	0	0	1659378912046
1939	497	0	0	0	0	0	0	1659378913066
1939	497	0	0	0	0	0	0	1659378914086
1939	497	0	0	0	0	0	0	1659378915106
1939	497	0	0	0	0	0	0	1659378916126
1939	497	0	0	0	0	0	0	1659378917146
1939	497	0	0	0	0	0	0	1659378918166
1939	497	0	0	0	0	0	0	1659378919186
1939	497	0	0	0	0	0	0	1659378920206
1939	497	0	0	0	0	0	0	1659378921226
1939	497	0	0	0	0	0	0	1659378922246
1939	497	0	0	0	0	0	0	1659378923266
1939	497	0	0	0	0	0	0	1659378924286
1939	497	0	0	0	0	0	0	1659378925306
1939	497	0	0	0	0	0	0	1659378926326
1939	497	0	0	0	0	0	0	1659378927346
1939	497	0	0	0	0	0	0	1659378928366
1939	497	0	0	0	0	0	0	1659378929386
1939	497	0	0	0	0	0	0	1659378930406
1939	497	0	0	0	0	0	0	1659378931426
1938	497	0	0	0	0	0	0	1659378932446
1938	497	0	0	0	0	0	0	1659378933466
1938	497	0	0	0	0	0	0	1659378934486
1938	497	0	0	0	0	0	0	1659378935506
1938	497	0	0	0	0	0	0	1659378936526
1938	497	0	0	0	0	0	0	1659378937546
1938	497	0	0	0	0	0	0	1659378938566
1938	497	0	0	0	0	0	0	1659378939586
1938	497	0	0	0	0	0	0	1659378940606
1938	497	0	0	0	0	0	0	1659378941626
1938	497	0	0	0	0	0	0	1659378942646
1938	497	0	0	0	0	0	0	1659378943666
1938	497	0	0	0	0	0	0	1659378944686
1938	497	0	0	0	0	0	0	1659378945706
1938	497	0	0	0	0	0	0	1659378946726
1938	497	0	0	0	0	0	0	1659378947746
1938	497	0	0	0	0	0	0	1659378948766
1938	497	0	0	0	0	0	0	1659378949786
1938	497	0	0	0	0	0	0	1659378950806
1938	497	0	0	0	0	0	0	1659378951826
1938	497	0	0	0	0	0	0	1659378952846
1939	497	0	0	0	0	0	0	1659378953866
1939	497	0	0	0	0	0	0	1659378954886
1939	497	0	0	0	0	0	0	1659378955906
1939	497	0	0	0	0	0	0	1659378956926
1939	497	0	0	0	0	0	0	1659378957946
1939	497	0	0	0	0	0	0	1659378958966
1939	498	0	0	0	0	0	0	1659378959986
1939	498	0	0	0	0	0	0	1659378961006
1939	497	0	0	0	0	0	0	1659378962026
1939	497	0	0	0	0	0	0	1659378963046
1939	497	0	0	0	0	0	0	1659378964066
1939	497	0	0	0	0	0	0	1659378965086
1939	497	0	0	0	0	0	0	1659378966106
1939	497	0	0	0	0	0	0	1659378967126
1939	497	0	0	0	0	0	0	1659378968146
1939	497	0	0	0	0	0	0	1659378969166
1939	497	0	0	0	0	0	0	1659378970186
1939	497	0	0	0	0	0	0	1659378971206
1940	497	0	0	0	0	0	0	1659378972226
1940	497	0	0	0	0	0	0	1659378973246
1941	497	0	0	0	0	0	0	1659378974266
1941	497	0	0	0	0	0	0	1659378975286
1942	497	0	0	0	0	0	0	1659378976306
1942	497	0	0	0	0	0	0	1659378977326
1944	497	0	0	0	0	0	0	1659378978346
1945	497	0	0	0	0	0	0	1659378979366
1946	497	0	0	0	0	0	0	1659378980386
1948	497	0	0	0	0	0	0	1659378981406
1946	497	0	0	0	0	0	0	1659378982426
1945	497	0	0	0	0	0	0	1659378983446
1946	497	0	0	0	0	0	0	1659378984466
1947	497	0	0	0	0	0	0	1659378985486
1946	497	0	0	0	0	0	0	1659378986506
1947	497	0	0	0	0	0	0	1659378987526
1948	497	0	0	0	0	0	0	1659378988546
1951	497	0	0	0	0	0	0	1659378989566
1953	497	0	0	0	0	0	0	1659378990586
1954	497	0	0	0	0	0	0	1659378991606
1956	498	0	0	0	0	0	0	1659378992626
1959	497	0	0	0	0	0	0	1659378993646
1959	497	0	0	0	0	0	0	1659378994666
1960	498	0	0	0	0	0	0	1659378995686
1961	497	0	0	0	0	0	0	1659378996706
1963	497	0	0	0	0	0	0	1659378997726
1964	497	0	0	0	0	0	0	1659378998746
1964	497	0	0	0	0	0	0	1659378999766
1964	498	0	0	0	0	0	0	1659379000786
1964	498	0	0	0	0	0	0	1659379001806
1965	498	0	0	0	0	0	0	1659379002826
1966	498	0	0	0	0	0	0	1659379003846
1966	497	0	0	0	0	0	0	1659379004866
1966	497	0	0	0	0	0	0	1659379005886
1966	497	0	0	0	0	0	0	1659379006906
1966	497	0	0	0	0	0	0	1659379007926
1966	497	0	0	0	0	0	0	1659379008946
1966	497	0	0	0	0	0	0	1659379009966
1966	497	0	0	0	0	0	0	1659379010986
1966	497	0	0	0	0	0	0	1659379012006
1966	497	0	0	0	0	0	0	1659379013026
1967	497	0	0	0	0	0	0	1659379014046
1967	497	0	0	0	0	0	0	1659379015066
1967	497	0	0	0	0	0	0	1659379016086
1967	497	0	0	0	0	0	0	1659379017106
1967	497	0	0	0	0	0	0	1659379018126
1967	497	0	0	0	0	0	0	1659379019146
1967	498	0	0	0	0	0	0	1659379020166
1967	498	0	0	0	0	0	0	1659379021186
1967	497	0	0	0	0	0	0	1659379022206
1967	497	0	0	0	0	0	0	1659379023226
1967	497	0	0	0	0	0	0	1659379024246
1967	498	0	0	0	0	0	0	1659379025266
1967	499	0	0	0	0	0	0	1659379026286
1967	498	0	0	0	0	0	0	1659379027306
1967	499	0	0	0	0	0	0	1659379028326
1967	499	0	0	0	0	0	0	1659379029346
1967	498	0	0	0	0	0	0	1659379030366
1967	498	0	0	0	0	0	0	1659379031386
1967	500	0	0	0	0	0	0	1659379032406
1967	500	0	0	0	0	0	0	1659379033426
1967	499	0	0	0	0	0	0	1659379034446
1967	499	0	0	0	0	0	0	1659379035466
1967	499	0	0	0	0	0	0	1659379036486
1967	499	0	0	0	0	0	0	1659379037506
1967	499	0	0	0	0	0	0	1659379038526
1967	498	0	0	0	0	0	0	1659379039546
1967	498	0	0	0	0	0	0	1659379040566
1967	498	0	0	0	0	0	0	1659379041586
1967	498	0	0	0	0	0	0	1659379042606
1967	500	0	0	0	0	0	0	1659379043626
1967	501	0	0	0	0	0	0	1659379044646
1967	500	0	0	0	0	0	0	1659379045666
1967	499	0	0	0	0	0	0	1659379046686
1967	499	0	0	0	0	0	0	1659379047706
1967	499	0	0	0	0	0	0	1659379048726
1967	499	0	0	0	0	0	0	1659379049746
1967	499	0	0	0	0	0	0	1659379050766
1966	500	0	0	0	0	0	0	1659379051786
1966	500	0	0	0	0	0	0	1659379052806
1967	500	0	0	0	0	0	0	1659379053826
1967	501	0	0	0	0	0	0	1659379054846
1967	500	0	0	0	0	0	0	1659379055866
1967	500	0	0	0	0	0	0	1659379056886
1967	499	0	0	0	0	0	0	1659379057906
1967	499	0	0	0	0	0	0	1659379058926
1967	498	0	0	0	0	0	0	1659379059946
1967	498	0	0	0	0	0	0	1659379060966
1967	497	0	0	0	0	0	0	1659379061986
1967	497	0	0	0	0	0	0	1659379063006
1967	497	0	0	0	0	0	0	1659379064026
1967	497	0	0	0	0	0	0	1659379065046
1967	497	0	0	0	0	0	0	1659379066066
1967	498	0	0	0	0	0	0	1659379067086
1967	497	0	0	0	0	0	0	1659379068106
1967	497	0	0	0	0	0	0	1659379069126
1967	497	0	0	0	0	0	0	1659379070146
1967	497	0	0	0	0	0	0	1659379071166
1967	497	0	0	0	0	0	0	1659379072186
1967	497	0	0	0	0	0	0	1659379073206
1967	497	0	0	0	0	0	0	1659379074226
1967	497	0	0	0	0	0	0	1659379075246
1967	497	0	0	0	0	0	0	1659379076266
1967	497	0	0	0	0	0	0	1659379077286
1967	497	0	0	0	0	0	0	1659379078306
1967	497	0	0	0	0	0	0	1659379079326
1967	497	0	0	0	0	0	0	1659379080346
1967	497	0	0	0	0	0	0	1659379081366
1967	497	0	0	0	0	0	0	1659379082386
1967	498	0	0	0	0	0	0	1659379083406
1967	497	0	0	0	0	0	0	1659379084426
1967	497	0	0	0	0	0	0	1659379085446
1967	497	0	0	0	0	0	0	1659379086466
1967	497	0	0	0	0	0	0	1659379087486
1967	498	0	0	0	0	0	0	1659379088506
1967	498	0	0	0	0	0	0	1659379089526
1967	498	0	0	0	0	0	0	1659379090546
1967	498	0	0	0	0	0	0	1659379091566
1967	498	0	0	0	0	0	0	1659379092586
1967	499	0	0	0	0	0	0	1659379093606
1967	498	0	0	0	0	0	0	1659379094626
1967	497	0	0	0	0	0	0	1659379095646
1967	497	0	0	0	0	0	0	1659379096666
1967	497	0	0	0	0	0	0	1659379097686
1967	497	0	0	0	0	0	0	1659379098706
1967	497	0	0	0	0	0	0	1659379099726
1967	497	0	0	0	0	0	0	1659379100746
1967	498	0	0	0	0	0	0	1659379101766
1967	497	0	0	0	0	0	0	1659379102786
1967	497	0	0	0	0	0	0	1659379103806
1967	497	0	0	0	0	0	0	1659379104826
1967	497	0	0	0	0	0	0	1659379105846
1967	497	0	0	0	0	0	0	1659379106866
1967	497	0	0	0	0	0	0	1659379107886
1967	497	0	0	0	0	0	0	1659379108906
1967	497	0	0	0	0	0	0	1659379109926
1967	497	0	0	0	0	0	0	1659379110946
1967	497	0	0	0	0	0	0	1659379111966
1967	497	0	0	0	0	0	0	1659379112986
1967	497	0	0	0	0	0	0	1659379114006
1967	497	0	0	0	0	0	0	1659379115026
1967	497	0	0	0	0	0	0	1659379116046
1967	497	0	0	0	0	0	0	1659379117066
1967	497	0	0	0	0	0	0	1659379118086
1967	497	0	0	0	0	0	0	1659379119106
1967	497	0	0	0	0	0	0	1659379120126
1967	497	0	0	0	0	0	0	1659379121146
1967	497	0	0	0	0	0	0	1659379122166
1967	497	0	0	0	0	0	0	1659379123186
1967	497	0	0	0	0	0	0	1659379124206
1967	497	0	0	0	0	0	0	1659379125226
1967	497	0	0	0	0	0	0	1659379126246
1967	497	0	0	0	0	0	0	1659379127266
1967	497	0	0	0	0	0	0	1659379128286
1967	497	0	0	0	0	0	0	1659379129306
1967	497	0	0	0	0	0	0	1659379130326
1967	497	0	0	0	0	0	0	1659379131346
1967	497	0	0	0	0	0	0	1659379132366
1967	497	0	0	0	0	0	0	1659379133386
1967	497	0	0	0	0	0	0	1659379134406
1967	497	0	0	0	0	0	0	1659379135426
1967	497	0	0	0	0	0	0	1659379136446
1967	497	0	0	0	0	0	0	1659379137466
1967	497	0	0	0	0	0	0	1659379138486
1967	497	0	0	0	0	0	0	1659379139506
1967	497	0	0	0	0	0	0	1659379140526
1967	497	0	0	0	0	0	0	1659379141546
1967	497	0	0	0	0	0	0	1659379142566
1967	497	0	0	0	0	0	0	1659379143586
1967	497	0	0	0	0	0	0	1659379144606
1967	497	0	0	0	0	0	0	1659379145626
1967	497	0	0	0	0	0	0	1659379146646
1967	497	0	0	0	0	0	0	1659379147666
1967	497	0	0	0	0	0	0	1659379148686
1967	497	0	0	0	0	0	0	1659379149706
1967	497	0	0	0	0	0	0	1659379150726
1967	497	0	0	0	0	0	0	1659379151746
1967	497	0	0	0	0	0	0	1659379152766
1967	497	0	0	0	0	0	0	1659379153786
1967	497	0	0	0	0	0	0	1659379154806
1968	497	0	0	0	0	0	0	1659379155826
1968	497	0	0	0	0	0	0	1659379156846
1968	497	0	0	0	0	0	0	1659379157866
1968	497	0	0	0	0	0	0	1659379158886
1969	497	0	0	0	0	0	0	1659379159906
1970	497	0	0	0	0	0	0	1659379160926
1972	497	0	0	0	0	0	0	1659379161946
1973	497	0	0	0	0	0	0	1659379162966
1974	497	0	0	0	0	0	0	1659379163986
1976	497	0	0	0	0	0	0	1659379165006
1976	497	0	0	0	0	0	0	1659379166026
1978	497	0	0	0	0	0	0	1659379167046
1982	497	0	0	0	0	0	0	1659379168066
1983	497	0	0	0	0	0	0	1659379169086
1983	498	0	0	0	0	0	0	1659379170106
1983	497	0	0	0	0	0	0	1659379171126
1985	497	0	0	0	0	0	0	1659379172146
1985	497	0	0	0	0	0	0	1659379173166
1986	497	0	0	0	0	0	0	1659379174186
1987	497	0	0	0	0	0	0	1659379175206
1988	497	0	0	0	0	0	0	1659379176226
1988	497	0	0	0	0	0	0	1659379177246
1990	497	0	0	0	0	0	0	1659379178266
1990	497	0	0	0	0	0	0	1659379179286
1988	497	0	0	0	0	0	0	1659379180306
1986	497	0	0	0	0	0	0	1659379181326
1986	497	0	0	0	0	0	0	1659379182346
1987	497	0	0	0	0	0	0	1659379183366
1987	497	0	0	0	0	0	0	1659379184386
1987	497	0	0	0	0	0	0	1659379185406
1988	497	0	0	0	0	0	0	1659379186426
1990	497	0	0	0	0	0	0	1659379187446
1991	497	0	0	0	0	0	0	1659379188466
1992	497	0	0	0	0	0	0	1659379189486
1991	497	0	0	0	0	0	0	1659379190506
1991	497	0	0	0	0	0	0	1659379191526
1991	497	0	0	0	0	0	0	1659379192546
1991	497	0	0	0	0	0	0	1659379193566
1991	497	0	0	0	0	0	0	1659379194586
1992	497	0	0	0	0	0	0	1659379195606
1992	497	0	0	0	0	0	0	1659379196626
1992	497	0	0	0	0	0	0	1659379197646
1992	497	0	0	0	0	0	0	1659379198666
1992	497	0	0	0	0	0	0	1659379199686
1993	497	0	0	0	0	0	0	1659379200706
1994	497	0	0	0	0	0	0	1659379201726
1994	497	0	0	0	0	0	0	1659379202746
1994	497	0	0	0	0	0	0	1659379203766
1993	497	0	0	0	0	0	0	1659379204786
1993	497	0	0	0	0	0	0	1659379205806
1994	497	0	0	0	0	0	0	1659379206826
1994	497	0	0	0	0	0	0	1659379207846
1994	497	0	0	0	0	0	0	1659379208866
1995	497	0	0	0	0	0	0	1659379209886
1995	497	0	0	0	0	0	0	1659379210906
1995	497	0	0	0	0	0	0	1659379211926
1995	497	0	0	0	0	0	0	1659379212946
1995	497	0	0	0	0	0	0	1659379213966
1995	497	0	0	0	0	0	0	1659379214986
1995	497	0	0	0	0	0	0	1659379216006
1995	497	0	0	0	0	0	0	1659379217026
1995	497	0	0	0	0	0	0	1659379218046
1995	497	0	0	0	0	0	0	1659379219066
1995	497	0	0	0	0	0	0	1659379220086
1995	497	0	0	0	0	0	0	1659379221106
1995	497	0	0	0	0	0	0	1659379222126
1995	497	0	0	0	0	0	0	1659379223146
1995	497	0	0	0	0	0	0	1659379224166
1995	497	0	0	0	0	0	0	1659379225186
1995	497	0	0	0	0	0	0	1659379226206
1995	497	0	0	0	0	0	0	1659379227226
1995	497	0	0	0	0	0	0	1659379228246
1995	497	0	0	0	0	0	0	1659379229266
1995	497	0	0	0	0	0	0	1659379230286
1995	497	0	0	0	0	0	0	1659379231306
1995	497	0	0	0	0	0	0	1659379232326
1995	497	0	0	0	0	0	0	1659379233346
1995	497	0	0	0	0	0	0	1659379234366
1995	497	0	0	0	0	0	0	1659379235386
1995	497	0	0	0	0	0	0	1659379236406
1995	497	0	0	0	0	0	0	1659379237426
1995	497	0	0	0	0	0	0	1659379238446
1995	497	0	0	0	0	0	0	1659379239466
1995	497	0	0	0	0	0	0	1659379240486
1995	497	0	0	0	0	0	0	1659379241506
1995	497	0	0	0	0	0	0	1659379242526
1995	497	0	0	0	0	0	0	1659379243546
1995	497	0	0	0	0	0	0	1659379244566
1995	497	0	0	0	0	0	0	1659379245586
1995	497	0	0	0	0	0	0	1659379246606
1995	497	0	0	0	0	0	0	1659379247626
1995	497	0	0	0	0	0	0	1659379248646
1995	497	0	0	0	0	0	0	1659379249666
1995	497	0	0	0	0	0	0	1659379250686
1995	497	0	0	0	0	0	0	1659379251706
1995	497	0	0	0	0	0	0	1659379252726
1995	497	0	0	0	0	0	0	1659379253746
1995	497	0	0	0	0	0	0	1659379254766
1995	497	0	0	0	0	0	0	1659379255786
1995	497	0	0	0	0	0	0	1659379256806
1995	497	0	0	0	0	0	0	1659379257826
1995	497	0	0	0	0	0	0	1659379258846
1995	497	0	0	0	0	0	0	1659379259866
1995	497	0	0	0	0	0	0	1659379260886
1995	497	0	0	0	0	0	0	1659379261906
1995	497	0	0	0	0	0	0	1659379262926
1995	497	0	0	0	0	0	0	1659379263946
1995	497	0	0	0	0	0	0	1659379264966
1995	497	0	0	0	0	0	0	1659379265986
1995	497	0	0	0	0	0	0	1659379267006
1995	497	0	0	0	0	0	0	1659379268026
1995	498	0	0	0	0	0	0	1659379269046
1995	497	0	0	0	0	0	0	1659379270066
1995	497	0	0	0	0	0	0	1659379271086
1995	497	0	0	0	0	0	0	1659379272106
1995	497	0	0	0	0	0	0	1659379273126
1995	497	0	0	0	0	0	0	1659379274146
1995	497	0	0	0	0	0	0	1659379275166
1995	497	0	0	0	0	0	0	1659379276186
1995	497	0	0	0	0	0	0	1659379277206
1995	497	0	0	0	0	0	0	1659379278226
