2797	931	0	0	0	0	0	0	1660772985635
2783	924	0	0	0	0	0	0	1660772986655
2767	919	0	0	0	0	0	0	1660772987675
2749	916	0	0	0	0	0	0	1660772988695
2734	904	0	0	0	0	0	0	1660772989715
2718	896	0	0	0	0	0	0	1660772990735
2708	891	0	0	0	0	0	0	1660772991755
2692	888	0	0	0	0	0	0	1660772992775
2682	886	0	0	0	0	0	0	1660772993795
2674	885	0	0	0	0	0	0	1660772994815
2660	884	0	0	0	0	0	0	1660772995835
2652	881	0	0	0	0	0	0	1660772996855
2646	875	0	0	0	0	0	0	1660772997875
2635	869	0	0	0	0	0	0	1660772998895
2625	864	0	0	0	0	0	0	1660772999915
2619	861	0	0	0	0	0	0	1660773000935
2616	859	0	0	0	0	0	0	1660773001955
2611	858	0	0	0	0	0	0	1660773002975
2600	858	0	0	0	0	0	0	1660773003995
2593	858	0	0	0	0	0	0	1660773005015
2589	857	0	0	0	0	0	0	1660773006035
2587	857	0	0	0	0	0	0	1660773007055
2585	857	0	0	0	0	0	0	1660773008075
2576	857	0	0	0	0	0	0	1660773009095
2568	857	0	0	0	0	0	0	1660773010115
2563	857	0	0	0	0	0	0	1660773011135
2560	857	0	0	0	0	0	0	1660773012155
2558	857	0	0	0	0	0	0	1660773013175
2557	857	0	0	0	0	0	0	1660773014195
2555	857	0	0	0	0	0	0	1660773015215
2545	857	0	0	0	0	0	0	1660773016235
2538	857	0	0	0	0	0	0	1660773017255
2534	857	0	0	0	0	0	0	1660773018275
2531	857	0	0	0	0	0	0	1660773019295
2529	857	0	0	0	0	0	0	1660773020315
2528	857	0	0	0	0	0	0	1660773021335
2527	857	0	0	0	0	0	0	1660773022355
2523	857	0	0	0	0	0	0	1660773023375
2514	857	0	0	0	0	0	0	1660773024395
2507	857	0	0	0	0	0	0	1660773025415
2504	857	0	0	0	0	0	0	1660773026435
2502	857	0	0	0	0	0	0	1660773027455
2501	857	0	0	0	0	0	0	1660773028475
2500	857	0	0	0	0	0	0	1660773029495
2499	857	0	0	0	0	0	0	1660773030515
2499	857	0	0	0	0	0	0	1660773031535
2499	857	0	0	0	0	0	0	1660773032555
2498	857	0	0	0	0	0	0	1660773033575
2491	857	0	0	0	0	0	0	1660773034595
2483	857	0	0	0	0	0	0	1660773035615
2478	857	0	0	0	0	0	0	1660773036635
2475	857	0	0	0	0	0	0	1660773037655
2473	857	0	0	0	0	0	0	1660773038675
2472	857	0	0	0	0	0	0	1660773039695
2471	857	0	0	0	0	0	0	1660773040715
2471	857	0	0	0	0	0	0	1660773041735
2471	857	0	0	0	0	0	0	1660773042755
2471	857	0	0	0	0	0	0	1660773043775
2470	857	0	0	0	0	0	0	1660773044795
2470	857	0	0	0	0	0	0	1660773045815
2470	857	0	0	0	0	0	0	1660773046835
2470	857	0	0	0	0	0	0	1660773047855
2464	857	0	0	0	0	0	0	1660773048875
2456	857	0	0	0	0	0	0	1660773049895
2451	857	0	0	0	0	0	0	1660773050915
2448	857	0	0	0	0	0	0	1660773051935
2446	857	0	0	0	0	0	0	1660773052955
2445	857	0	0	0	0	0	0	1660773053975
2444	857	0	0	0	0	0	0	1660773054995
2443	857	0	0	0	0	0	0	1660773056015
2443	857	0	0	0	0	0	0	1660773057035
2443	857	0	0	0	0	0	0	1660773058055
2443	857	0	0	0	0	0	0	1660773059075
2442	857	0	0	0	0	0	0	1660773060095
2442	857	0	0	0	0	0	0	1660773061115
2442	857	0	0	0	0	0	0	1660773062135
2442	857	0	0	0	0	0	0	1660773063155
2442	857	0	0	0	0	0	0	1660773064175
2442	857	0	0	0	0	0	0	1660773065195
2442	857	0	0	0	0	0	0	1660773066215
2442	857	0	0	0	0	0	0	1660773067235
2441	857	0	0	0	0	0	0	1660773068255
2441	857	0	0	0	0	0	0	1660773069275
2439	857	0	0	0	0	0	0	1660773070295
2437	857	0	0	0	0	0	0	1660773071315
2431	857	0	0	0	0	0	0	1660773072335
2427	857	0	0	0	0	0	0	1660773073355
2423	857	0	0	0	0	0	0	1660773074375
2420	857	0	0	0	0	0	0	1660773075395
2418	857	0	0	0	0	0	0	1660773076415
2416	857	0	0	0	0	0	0	1660773077435
2415	857	0	0	0	0	0	0	1660773078455
2414	857	0	0	0	0	0	0	1660773079475
2414	857	0	0	0	0	0	0	1660773080495
2414	857	0	0	0	0	0	0	1660773081515
2414	857	0	0	0	0	0	0	1660773082535
2414	857	0	0	0	0	0	0	1660773083555
2414	857	0	0	0	0	0	0	1660773084575
2414	857	0	0	0	0	0	0	1660773085595
2414	857	0	0	0	0	0	0	1660773086615
2414	857	0	0	0	0	0	0	1660773087635
2414	857	0	0	0	0	0	0	1660773088655
2414	857	0	0	0	0	0	0	1660773089675
2414	857	0	0	0	0	0	0	1660773090695
2414	857	0	0	0	0	0	0	1660773091715
2414	857	0	0	0	0	0	0	1660773092735
2414	857	0	0	0	0	0	0	1660773093755
2414	857	0	0	0	0	0	0	1660773094775
2413	857	0	0	0	0	0	0	1660773095795
2413	857	0	0	0	0	0	0	1660773096815
2413	857	0	0	0	0	0	0	1660773097835
2412	857	0	0	0	0	0	0	1660773098855
2410	857	0	0	0	0	0	0	1660773099875
2408	857	0	0	0	0	0	0	1660773100895
2405	856	0	0	0	0	0	0	1660773101915
2402	856	0	0	0	0	0	0	1660773102935
2399	856	0	0	0	0	0	0	1660773103955
2396	856	0	0	0	0	0	0	1660773104975
2392	856	0	0	0	0	0	0	1660773105995
2390	855	0	0	0	0	0	0	1660773107015
2388	855	0	0	0	0	0	0	1660773108035
2387	855	0	0	0	0	0	0	1660773109055
2386	854	0	0	0	0	0	0	1660773110075
2386	853	0	0	0	0	0	0	1660773111095
2386	853	0	0	0	0	0	0	1660773112115
2386	852	0	0	0	0	0	0	1660773113135
2386	851	0	0	0	0	0	0	1660773114155
2386	850	0	0	0	0	0	0	1660773115175
2386	848	0	0	0	0	0	0	1660773116195
2386	847	0	0	0	0	0	0	1660773117215
2386	847	0	0	0	0	0	0	1660773118235
2386	844	0	0	0	0	0	0	1660773119255
2386	840	0	0	0	0	0	0	1660773120275
2386	838	0	0	0	0	0	0	1660773121295
2386	836	0	0	0	0	0	0	1660773122315
2386	834	0	0	0	0	0	0	1660773123335
2386	832	0	0	0	0	0	0	1660773124355
2386	831	0	0	0	0	0	0	1660773125375
2386	830	0	0	0	0	0	0	1660773126395
2386	830	0	0	0	0	0	0	1660773127415
2386	829	0	0	0	0	0	0	1660773128435
2386	829	0	0	0	0	0	0	1660773129455
2385	829	0	0	0	0	0	0	1660773130475
2384	829	0	0	0	0	0	0	1660773131495
2381	829	0	0	0	0	0	0	1660773132515
2374	829	0	0	0	0	0	0	1660773133535
2368	829	0	0	0	0	0	0	1660773134555
2364	829	0	0	0	0	0	0	1660773135575
2361	829	0	0	0	0	0	0	1660773136595
2360	829	0	0	0	0	0	0	1660773137615
2359	829	0	0	0	0	0	0	1660773138635
2359	829	0	0	0	0	0	0	1660773139655
2359	829	0	0	0	0	0	0	1660773140675
2358	829	0	0	0	0	0	0	1660773141695
2358	829	0	0	0	0	0	0	1660773142715
2358	829	0	0	0	0	0	0	1660773143735
2358	829	0	0	0	0	0	0	1660773144755
2358	829	0	0	0	0	0	0	1660773145775
2358	829	0	0	0	0	0	0	1660773146795
2358	829	0	0	0	0	0	0	1660773147815
2358	829	0	0	0	0	0	0	1660773148835
2358	829	0	0	0	0	0	0	1660773149855
2358	829	0	0	0	0	0	0	1660773150875
2358	829	0	0	0	0	0	0	1660773151895
2357	829	0	0	0	0	0	0	1660773152915
2357	829	0	0	0	0	0	0	1660773153935
2357	829	0	0	0	0	0	0	1660773154955
2357	829	0	0	0	0	0	0	1660773155975
2357	829	0	0	0	0	0	0	1660773156995
2357	829	0	0	0	0	0	0	1660773158015
2357	829	0	0	0	0	0	0	1660773159035
2357	829	0	0	0	0	0	0	1660773160055
2357	829	0	0	0	0	0	0	1660773161075
2357	829	0	0	0	0	0	0	1660773162095
2357	829	0	0	0	0	0	0	1660773163115
2357	829	0	0	0	0	0	0	1660773164135
2357	829	0	0	0	0	0	0	1660773165155
2357	829	0	0	0	0	0	0	1660773166175
2357	829	0	0	0	0	0	0	1660773167195
2357	829	0	0	0	0	0	0	1660773168215
2357	829	0	0	0	0	0	0	1660773169235
2350	829	0	0	0	0	0	0	1660773170255
2345	829	0	0	0	0	0	0	1660773171275
2339	829	0	0	0	0	0	0	1660773172295
2335	829	0	0	0	0	0	0	1660773173315
2333	829	0	0	0	0	0	0	1660773174335
2332	829	0	0	0	0	0	0	1660773175355
2331	829	0	0	0	0	0	0	1660773176375
2331	829	0	0	0	0	0	0	1660773177395
2330	829	0	0	0	0	0	0	1660773178415
2330	829	0	0	0	0	0	0	1660773179435
2330	829	0	0	0	0	0	0	1660773180455
2330	829	0	0	0	0	0	0	1660773181475
2330	829	0	0	0	0	0	0	1660773182495
2330	829	0	0	0	0	0	0	1660773183515
2330	829	0	0	0	0	0	0	1660773184535
2330	829	0	0	0	0	0	0	1660773185555
2330	829	0	0	0	0	0	0	1660773186575
2330	829	0	0	0	0	0	0	1660773187595
2330	829	0	0	0	0	0	0	1660773188615
2330	829	0	0	0	0	0	0	1660773189635
2330	829	0	0	0	0	0	0	1660773190655
2330	829	0	0	0	0	0	0	1660773191675
2330	829	0	0	0	0	0	0	1660773192695
2330	829	0	0	0	0	0	0	1660773193715
2329	829	0	0	0	0	0	0	1660773194735
2329	829	0	0	0	0	0	0	1660773195755
2329	829	0	0	0	0	0	0	1660773196775
2327	829	0	0	0	0	0	0	1660773197795
2325	829	0	0	0	0	0	0	1660773198815
2324	829	0	0	0	0	0	0	1660773199835
2321	829	0	0	0	0	0	0	1660773200855
2319	829	0	0	0	0	0	0	1660773201875
2313	829	0	0	0	0	0	0	1660773202895
2310	829	0	0	0	0	0	0	1660773203915
2308	829	0	0	0	0	0	0	1660773204935
2306	829	0	0	0	0	0	0	1660773205955
2304	829	0	0	0	0	0	0	1660773206975
2303	829	0	0	0	0	0	0	1660773207995
2302	829	0	0	0	0	0	0	1660773209015
2302	829	0	0	0	0	0	0	1660773210035
2302	829	0	0	0	0	0	0	1660773211055
2302	829	0	0	0	0	0	0	1660773212075
2301	829	0	0	0	0	0	0	1660773213095
2301	829	0	0	0	0	0	0	1660773214115
2301	829	0	0	0	0	0	0	1660773215135
2301	829	0	0	0	0	0	0	1660773216155
2301	829	0	0	0	0	0	0	1660773217175
2301	829	0	0	0	0	0	0	1660773218195
2301	829	0	0	0	0	0	0	1660773219215
2301	829	0	0	0	0	0	0	1660773220235
2301	829	0	0	0	0	0	0	1660773221255
2301	829	0	0	0	0	0	0	1660773222275
2302	829	0	0	0	0	0	0	1660773223295
2302	829	0	0	0	0	0	0	1660773224315
2302	829	0	0	0	0	0	0	1660773225335
2302	829	0	0	0	0	0	0	1660773226355
2302	829	0	0	0	0	0	0	1660773227375
2302	829	0	0	0	0	0	0	1660773228395
2302	829	0	0	0	0	0	0	1660773229415
2302	829	0	0	0	0	0	0	1660773230435
2302	829	0	0	0	0	0	0	1660773231455
2302	829	0	0	0	0	0	0	1660773232475
2302	829	0	0	0	0	0	0	1660773233495
2302	829	0	0	0	0	0	0	1660773234515
2302	829	0	0	0	0	0	0	1660773235535
2302	829	0	0	0	0	0	0	1660773236555
2302	829	0	0	0	0	0	0	1660773237575
2301	829	0	0	0	0	0	0	1660773238595
2301	829	0	0	0	0	0	0	1660773239615
2301	829	0	0	0	0	0	0	1660773240635
2300	829	0	0	0	0	0	0	1660773241655
2298	829	0	0	0	0	0	0	1660773242675
2298	829	0	0	0	0	0	0	1660773243695
2296	829	0	0	0	0	0	0	1660773244715
2290	829	0	0	0	0	0	0	1660773245735
2288	829	0	0	0	0	0	0	1660773246755
2283	829	0	0	0	0	0	0	1660773247775
2280	829	0	0	0	0	0	0	1660773248795
2280	829	0	0	0	0	0	0	1660773249815
2278	829	0	0	0	0	0	0	1660773250835
2277	829	0	0	0	0	0	0	1660773251855
2276	829	0	0	0	0	0	0	1660773252875
2275	829	0	0	0	0	0	0	1660773253895
2275	829	0	0	0	0	0	0	1660773254915
2274	829	0	0	0	0	0	0	1660773255935
2274	829	0	0	0	0	0	0	1660773256955
2274	829	0	0	0	0	0	0	1660773257975
2274	829	0	0	0	0	0	0	1660773258995
2274	829	0	0	0	0	0	0	1660773260015
2274	829	0	0	0	0	0	0	1660773261035
2274	829	0	0	0	0	0	0	1660773262055
2274	829	0	0	0	0	0	0	1660773263075
2274	829	0	0	0	0	0	0	1660773264095
2274	829	0	0	0	0	0	0	1660773265115
2274	829	0	0	0	0	0	0	1660773266135
2274	829	0	0	0	0	0	0	1660773267155
2274	829	0	0	0	0	0	0	1660773268175
2274	829	0	0	0	0	0	0	1660773269195
2274	829	0	0	0	0	0	0	1660773270215
2274	828	0	0	0	0	0	0	1660773271235
2274	828	0	0	0	0	0	0	1660773272255
2274	828	0	0	0	0	0	0	1660773273275
2274	828	0	0	0	0	0	0	1660773274295
2274	828	0	0	0	0	0	0	1660773275315
2274	827	0	0	0	0	0	0	1660773276335
2274	827	0	0	0	0	0	0	1660773277355
2274	827	0	0	0	0	0	0	1660773278375
2274	826	0	0	0	0	0	0	1660773279395
2274	826	0	0	0	0	0	0	1660773280415
2274	825	0	0	0	0	0	0	1660773281435
2274	825	0	0	0	0	0	0	1660773282455
2274	824	0	0	0	0	0	0	1660773283475
2274	824	0	0	0	0	0	0	1660773284495
2274	825	0	0	0	0	0	0	1660773285515
2274	825	0	0	0	0	0	0	1660773286535
2274	824	0	0	0	0	0	0	1660773287555
2274	824	0	0	0	0	0	0	1660773288575
2273	823	0	0	0	0	0	0	1660773289595
2273	822	0	0	0	0	0	0	1660773290615
2273	820	0	0	0	0	0	0	1660773291635
2270	818	0	0	0	0	0	0	1660773292655
2268	819	0	0	0	0	0	0	1660773293675
2269	819	0	0	0	0	0	0	1660773294695
2271	819	0	0	0	0	0	0	1660773295715
2272	818	0	0	0	0	0	0	1660773296735
2272	818	0	0	0	0	0	0	1660773297755
2271	816	0	0	0	0	0	0	1660773298775
2272	815	0	0	0	0	0	0	1660773299795
2272	814	0	0	0	0	0	0	1660773300815
2269	813	0	0	0	0	0	0	1660773301835
2266	812	0	0	0	0	0	0	1660773302855
2263	813	0	0	0	0	0	0	1660773303875
2262	815	0	0	0	0	0	0	1660773304895
2258	813	0	0	0	0	0	0	1660773305915
2257	812	0	0	0	0	0	0	1660773306935
2253	812	0	0	0	0	0	0	1660773307955
2250	810	0	0	0	0	0	0	1660773308975
2248	809	0	0	0	0	0	0	1660773309995
2247	809	0	0	0	0	0	0	1660773311015
2246	808	0	0	0	0	0	0	1660773312035
2246	808	0	0	0	0	0	0	1660773313055
2246	808	0	0	0	0	0	0	1660773314075
2246	809	0	0	0	0	0	0	1660773315095
2246	809	0	0	0	0	0	0	1660773316115
2246	807	0	0	0	0	0	0	1660773317135
2246	806	0	0	0	0	0	0	1660773318155
2246	806	0	0	0	0	0	0	1660773319175
2246	805	0	0	0	0	0	0	1660773320195
2246	804	0	0	0	0	0	0	1660773321215
2246	805	0	0	0	0	0	0	1660773322235
2246	805	0	0	0	0	0	0	1660773323255
2246	804	0	0	0	0	0	0	1660773324275
2246	803	0	0	0	0	0	0	1660773325295
2246	802	0	0	0	0	0	0	1660773326315
2246	802	0	0	0	0	0	0	1660773327335
2246	802	0	0	0	0	0	0	1660773328355
2246	802	0	0	0	0	0	0	1660773329375
2246	802	0	0	0	0	0	0	1660773330395
2246	803	0	0	0	0	0	0	1660773331415
2246	802	0	0	0	0	0	0	1660773332435
2246	802	0	0	0	0	0	0	1660773333455
2246	803	0	0	0	0	0	0	1660773334475
2246	802	0	0	0	0	0	0	1660773335495
2246	802	0	0	0	0	0	0	1660773336515
2246	802	0	0	0	0	0	0	1660773337535
2246	802	0	0	0	0	0	0	1660773338555
2246	802	0	0	0	0	0	0	1660773339575
2246	802	0	0	0	0	0	0	1660773340595
2246	802	0	0	0	0	0	0	1660773341615
2246	802	0	0	0	0	0	0	1660773342635
2246	802	0	0	0	0	0	0	1660773343655
2246	802	0	0	0	0	0	0	1660773344675
2246	802	0	0	0	0	0	0	1660773345695
2246	802	0	0	0	0	0	0	1660773346715
2246	802	0	0	0	0	0	0	1660773347735
2246	802	0	0	0	0	0	0	1660773348755
2246	802	0	0	0	0	0	0	1660773349775
2246	802	0	0	0	0	0	0	1660773350795
2246	802	0	0	0	0	0	0	1660773351815
2246	802	0	0	0	0	0	0	1660773352835
2246	802	0	0	0	0	0	0	1660773353855
2246	802	0	0	0	0	0	0	1660773354875
2245	802	0	0	0	0	0	0	1660773355895
2245	802	0	0	0	0	0	0	1660773356915
2245	802	0	0	0	0	0	0	1660773357935
2244	802	0	0	0	0	0	0	1660773358955
2244	802	0	0	0	0	0	0	1660773359975
2245	802	0	0	0	0	0	0	1660773360995
2244	802	0	0	0	0	0	0	1660773362015
2244	802	0	0	0	0	0	0	1660773363035
2242	802	0	0	0	0	0	0	1660773364055
2234	802	0	0	0	0	0	0	1660773365075
2232	802	0	0	0	0	0	0	1660773366095
2230	802	0	0	0	0	0	0	1660773367115
2229	802	0	0	0	0	0	0	1660773368135
2227	802	0	0	0	0	0	0	1660773369155
2224	802	0	0	0	0	0	0	1660773370175
2222	802	0	0	0	0	0	0	1660773371195
2221	802	0	0	0	0	0	0	1660773372215
2220	802	0	0	0	0	0	0	1660773373235
2220	802	0	0	0	0	0	0	1660773374255
2219	802	0	0	0	0	0	0	1660773375275
2219	802	0	0	0	0	0	0	1660773376295
2219	802	0	0	0	0	0	0	1660773377315
2219	802	0	0	0	0	0	0	1660773378335
2219	802	0	0	0	0	0	0	1660773379355
2219	802	0	0	0	0	0	0	1660773380375
2218	802	0	0	0	0	0	0	1660773381395
2218	802	0	0	0	0	0	0	1660773382415
2218	802	0	0	0	0	0	0	1660773383435
2218	802	0	0	0	0	0	0	1660773384455
2218	802	0	0	0	0	0	0	1660773385475
2218	802	0	0	0	0	0	0	1660773386495
2218	802	0	0	0	0	0	0	1660773387515
2218	802	0	0	0	0	0	0	1660773388535
2218	802	0	0	0	0	0	0	1660773389555
2218	802	0	0	0	0	0	0	1660773390575
2218	802	0	0	0	0	0	0	1660773391595
2218	802	0	0	0	0	0	0	1660773392615
2218	802	0	0	0	0	0	0	1660773393635
2218	802	0	0	0	0	0	0	1660773394655
2218	802	0	0	0	0	0	0	1660773395675
2218	802	0	0	0	0	0	0	1660773396695
2218	802	0	0	0	0	0	0	1660773397715
2218	802	0	0	0	0	0	0	1660773398735
2218	802	0	0	0	0	0	0	1660773399755
2218	802	0	0	0	0	0	0	1660773400775
2218	802	0	0	0	0	0	0	1660773401795
2218	802	0	0	0	0	0	0	1660773402815
2218	802	0	0	0	0	0	0	1660773403835
2218	802	0	0	0	0	0	0	1660773404855
2218	802	0	0	0	0	0	0	1660773405875
2218	802	0	0	0	0	0	0	1660773406895
2218	802	0	0	0	0	0	0	1660773407915
2218	802	0	0	0	0	0	0	1660773408935
2218	802	0	0	0	0	0	0	1660773409955
2218	802	0	0	0	0	0	0	1660773410975
2218	802	0	0	0	0	0	0	1660773411995
2218	802	0	0	0	0	0	0	1660773413015
2218	802	0	0	0	0	0	0	1660773414035
2218	802	0	0	0	0	0	0	1660773415055
2218	802	0	0	0	0	0	0	1660773416075
2218	802	0	0	0	0	0	0	1660773417095
2218	802	0	0	0	0	0	0	1660773418115
2218	802	0	0	0	0	0	0	1660773419135
2218	802	0	0	0	0	0	0	1660773420155
2218	802	0	0	0	0	0	0	1660773421175
2218	802	0	0	0	0	0	0	1660773422195
2218	802	0	0	0	0	0	0	1660773423215
2218	802	0	0	0	0	0	0	1660773424235
2218	802	0	0	0	0	0	0	1660773425255
2218	802	0	0	0	0	0	0	1660773426275
2218	802	0	0	0	0	0	0	1660773427295
2218	802	0	0	0	0	0	0	1660773428315
2218	802	0	0	0	0	0	0	1660773429335
2218	802	0	0	0	0	0	0	1660773430355
2218	802	0	0	0	0	0	0	1660773431375
2218	802	0	0	0	0	0	0	1660773432395
2218	802	0	0	0	0	0	0	1660773433415
2218	802	0	0	0	0	0	0	1660773434435
2218	802	0	0	0	0	0	0	1660773435455
2218	802	0	0	0	0	0	0	1660773436475
2218	802	0	0	0	0	0	0	1660773437495
2213	802	0	0	0	0	0	0	1660773438515
2204	802	0	0	0	0	0	0	1660773439535
2201	802	0	0	0	0	0	0	1660773440555
2204	802	0	0	0	0	0	0	1660773441575
2205	802	0	0	0	0	0	0	1660773442595
2203	802	0	0	0	0	0	0	1660773443615
2201	802	0	0	0	0	0	0	1660773444635
2205	802	0	0	0	0	0	0	1660773445655
2208	802	0	0	0	0	0	0	1660773446675
2208	802	0	0	0	0	0	0	1660773447695
2208	802	0	0	0	0	0	0	1660773448715
2201	802	0	0	0	0	0	0	1660773449735
2196	802	0	0	0	0	0	0	1660773450755
2196	802	0	0	0	0	0	0	1660773451775
2197	802	0	0	0	0	0	0	1660773452795
2196	802	0	0	0	0	0	0	1660773453815
2196	802	0	0	0	0	0	0	1660773454835
2196	802	0	0	0	0	0	0	1660773455855
2195	802	0	0	0	0	0	0	1660773456875
2194	802	0	0	0	0	0	0	1660773457895
2193	802	0	0	0	0	0	0	1660773458915
2194	802	0	0	0	0	0	0	1660773459935
2193	802	0	0	0	0	0	0	1660773460955
2192	802	0	0	0	0	0	0	1660773461975
2191	802	0	0	0	0	0	0	1660773462995
2191	802	0	0	0	0	0	0	1660773464015
2191	802	0	0	0	0	0	0	1660773465035
2191	802	0	0	0	0	0	0	1660773466055
2191	802	0	0	0	0	0	0	1660773467075
2190	802	0	0	0	0	0	0	1660773468095
2190	802	0	0	0	0	0	0	1660773469115
2190	802	0	0	0	0	0	0	1660773470135
2190	802	0	0	0	0	0	0	1660773471155
2190	802	0	0	0	0	0	0	1660773472175
2190	802	0	0	0	0	0	0	1660773473195
2190	802	0	0	0	0	0	0	1660773474215
2190	802	0	0	0	0	0	0	1660773475235
2190	802	0	0	0	0	0	0	1660773476255
2190	802	0	0	0	0	0	0	1660773477275
2190	802	0	0	0	0	0	0	1660773478295
2190	802	0	0	0	0	0	0	1660773479315
2190	802	0	0	0	0	0	0	1660773480335
2190	802	0	0	0	0	0	0	1660773481355
2190	802	0	0	0	0	0	0	1660773482375
2190	802	0	0	0	0	0	0	1660773483395
2190	802	0	0	0	0	0	0	1660773484415
2190	802	0	0	0	0	0	0	1660773485435
2190	802	0	0	0	0	0	0	1660773486455
2190	802	0	0	0	0	0	0	1660773487475
2190	802	0	0	0	0	0	0	1660773488495
2190	802	0	0	0	0	0	0	1660773489515
2190	802	0	0	0	0	0	0	1660773490535
2190	802	0	0	0	0	0	0	1660773491555
2190	802	0	0	0	0	0	0	1660773492575
2190	802	0	0	0	0	0	0	1660773493595
2190	802	0	0	0	0	0	0	1660773494615
2190	802	0	0	0	0	0	0	1660773495635
2190	802	0	0	0	0	0	0	1660773496655
2190	802	0	0	0	0	0	0	1660773497675
2190	802	0	0	0	0	0	0	1660773498695
2190	802	0	0	0	0	0	0	1660773499715
2190	802	0	0	0	0	0	0	1660773500735
2190	802	0	0	0	0	0	0	1660773501755
2190	802	0	0	0	0	0	0	1660773502775
2190	802	0	0	0	0	0	0	1660773503795
2190	802	0	0	0	0	0	0	1660773504815
2190	802	0	0	0	0	0	0	1660773505835
2190	802	0	0	0	0	0	0	1660773506855
2190	802	0	0	0	0	0	0	1660773507875
2190	802	0	0	0	0	0	0	1660773508895
2190	802	0	0	0	0	0	0	1660773509915
2190	802	0	0	0	0	0	0	1660773510935
2190	802	0	0	0	0	0	0	1660773511955
2190	802	0	0	0	0	0	0	1660773512975
2190	802	0	0	0	0	0	0	1660773513995
2190	802	0	0	0	0	0	0	1660773515015
2190	802	0	0	0	0	0	0	1660773516035
2190	802	0	0	0	0	0	0	1660773517055
2190	802	0	0	0	0	0	0	1660773518075
2190	802	0	0	0	0	0	0	1660773519095
2190	802	0	0	0	0	0	0	1660773520115
2190	802	0	0	0	0	0	0	1660773521135
2190	802	0	0	0	0	0	0	1660773522155
2190	802	0	0	0	0	0	0	1660773523175
2190	802	0	0	0	0	0	0	1660773524195
2190	802	0	0	0	0	0	0	1660773525215
2190	802	0	0	0	0	0	0	1660773526235
2190	802	0	0	0	0	0	0	1660773527255
2190	802	0	0	0	0	0	0	1660773528275
2190	802	0	0	0	0	0	0	1660773529295
2190	802	0	0	0	0	0	0	1660773530315
2190	802	0	0	0	0	0	0	1660773531335
2190	802	0	0	0	0	0	0	1660773532355
2190	802	0	0	0	0	0	0	1660773533375
2190	802	0	0	0	0	0	0	1660773534395
2190	802	0	0	0	0	0	0	1660773535415
2190	802	0	0	0	0	0	0	1660773536435
2190	802	0	0	0	0	0	0	1660773537455
2190	802	0	0	0	0	0	0	1660773538475
2190	802	0	0	0	0	0	0	1660773539495
2190	802	0	0	0	0	0	0	1660773540515
2190	802	0	0	0	0	0	0	1660773541535
2190	802	0	0	0	0	0	0	1660773542555
2190	802	0	0	0	0	0	0	1660773543575
2189	802	0	0	0	0	0	0	1660773544595
2188	802	0	0	0	0	0	0	1660773545615
2187	802	0	0	0	0	0	0	1660773546635
2186	802	0	0	0	0	0	0	1660773547655
2185	802	0	0	0	0	0	0	1660773548675
2184	802	0	0	0	0	0	0	1660773549695
2186	802	0	0	0	0	0	0	1660773550715
2186	802	0	0	0	0	0	0	1660773551735
2186	802	0	0	0	0	0	0	1660773552755
2186	802	0	0	0	0	0	0	1660773553775
2187	802	0	0	0	0	0	0	1660773554795
2186	802	0	0	0	0	0	0	1660773555815
2185	802	0	0	0	0	0	0	1660773556835
2184	802	0	0	0	0	0	0	1660773557855
2183	802	0	0	0	0	0	0	1660773558875
2179	802	0	0	0	0	0	0	1660773559895
2178	802	0	0	0	0	0	0	1660773560915
2177	802	0	0	0	0	0	0	1660773561935
2178	802	0	0	0	0	0	0	1660773562955
2176	802	0	0	0	0	0	0	1660773563975
2174	802	0	0	0	0	0	0	1660773564995
2172	802	0	0	0	0	0	0	1660773566015
2171	802	0	0	0	0	0	0	1660773567035
2169	802	0	0	0	0	0	0	1660773568055
2167	802	0	0	0	0	0	0	1660773569075
2165	802	0	0	0	0	0	0	1660773570095
2164	802	0	0	0	0	0	0	1660773571115
2164	802	0	0	0	0	0	0	1660773572135
2163	802	0	0	0	0	0	0	1660773573155
2163	802	0	0	0	0	0	0	1660773574175
2163	802	0	0	0	0	0	0	1660773575195
2163	802	0	0	0	0	0	0	1660773576215
2163	802	0	0	0	0	0	0	1660773577235
2163	802	0	0	0	0	0	0	1660773578255
2163	802	0	0	0	0	0	0	1660773579275
2163	801	0	0	0	0	0	0	1660773580295
2163	801	0	0	0	0	0	0	1660773581315
2163	801	0	0	0	0	0	0	1660773582335
2163	801	0	0	0	0	0	0	1660773583355
2163	801	0	0	0	0	0	0	1660773584375
2163	801	0	0	0	0	0	0	1660773585395
2163	801	0	0	0	0	0	0	1660773586415
2163	801	0	0	0	0	0	0	1660773587435
2162	801	0	0	0	0	0	0	1660773588455
2162	801	0	0	0	0	0	0	1660773589475
2162	801	0	0	0	0	0	0	1660773590495
2162	800	0	0	0	0	0	0	1660773591515
2162	800	0	0	0	0	0	0	1660773592535
2162	799	0	0	0	0	0	0	1660773593555
2162	799	0	0	0	0	0	0	1660773594575
2162	797	0	0	0	0	0	0	1660773595595
2162	796	0	0	0	0	0	0	1660773596615
2162	793	0	0	0	0	0	0	1660773597635
2162	793	0	0	0	0	0	0	1660773598655
2162	793	0	0	0	0	0	0	1660773599675
2162	793	0	0	0	0	0	0	1660773600695
2162	794	0	0	0	0	0	0	1660773601715
2162	796	0	0	0	0	0	0	1660773602735
2162	793	0	0	0	0	0	0	1660773603755
2162	795	0	0	0	0	0	0	1660773604775
2162	793	0	0	0	0	0	0	1660773605795
2162	792	0	0	0	0	0	0	1660773606815
2162	793	0	0	0	0	0	0	1660773607835
2162	793	0	0	0	0	0	0	1660773608855
2162	792	0	0	0	0	0	0	1660773609875
2162	793	0	0	0	0	0	0	1660773610895
2162	791	0	0	0	0	0	0	1660773611915
2162	790	0	0	0	0	0	0	1660773612935
2162	791	0	0	0	0	0	0	1660773613955
2162	789	0	0	0	0	0	0	1660773614975
2162	786	0	0	0	0	0	0	1660773615995
2162	787	0	0	0	0	0	0	1660773617015
2162	786	0	0	0	0	0	0	1660773618035
2162	788	0	0	0	0	0	0	1660773619055
2162	785	0	0	0	0	0	0	1660773620075
2162	786	0	0	0	0	0	0	1660773621095
2162	784	0	0	0	0	0	0	1660773622115
2162	781	0	0	0	0	0	0	1660773623135
2162	781	0	0	0	0	0	0	1660773624155
2162	781	0	0	0	0	0	0	1660773625175
2162	782	0	0	0	0	0	0	1660773626195
2162	781	0	0	0	0	0	0	1660773627215
2162	780	0	0	0	0	0	0	1660773628235
2162	779	0	0	0	0	0	0	1660773629255
2162	778	0	0	0	0	0	0	1660773630275
2162	779	0	0	0	0	0	0	1660773631295
2162	779	0	0	0	0	0	0	1660773632315
2162	777	0	0	0	0	0	0	1660773633335
2162	778	0	0	0	0	0	0	1660773634355
2162	778	0	0	0	0	0	0	1660773635375
2162	778	0	0	0	0	0	0	1660773636395
2162	778	0	0	0	0	0	0	1660773637415
2162	778	0	0	0	0	0	0	1660773638435
2162	777	0	0	0	0	0	0	1660773639455
2162	777	0	0	0	0	0	0	1660773640475
2162	776	0	0	0	0	0	0	1660773641495
2162	776	0	0	0	0	0	0	1660773642515
2162	776	0	0	0	0	0	0	1660773643535
2162	775	0	0	0	0	0	0	1660773644555
2162	774	0	0	0	0	0	0	1660773645575
2162	774	0	0	0	0	0	0	1660773646595
2162	775	0	0	0	0	0	0	1660773647615
2162	775	0	0	0	0	0	0	1660773648635
2162	775	0	0	0	0	0	0	1660773649655
2162	775	0	0	0	0	0	0	1660773650675
2162	775	0	0	0	0	0	0	1660773651695
2162	775	0	0	0	0	0	0	1660773652715
2162	775	0	0	0	0	0	0	1660773653735
2162	775	0	0	0	0	0	0	1660773654755
2162	775	0	0	0	0	0	0	1660773655775
2162	775	0	0	0	0	0	0	1660773656795
2162	774	0	0	0	0	0	0	1660773657815
2162	774	0	0	0	0	0	0	1660773658835
2162	774	0	0	0	0	0	0	1660773659855
2162	774	0	0	0	0	0	0	1660773660875
2162	774	0	0	0	0	0	0	1660773661895
2162	774	0	0	0	0	0	0	1660773662915
2162	774	0	0	0	0	0	0	1660773663935
2162	774	0	0	0	0	0	0	1660773664955
2162	774	0	0	0	0	0	0	1660773665975
2162	774	0	0	0	0	0	0	1660773666995
2162	774	0	0	0	0	0	0	1660773668015
2162	774	0	0	0	0	0	0	1660773669035
2162	774	0	0	0	0	0	0	1660773670055
2162	774	0	0	0	0	0	0	1660773671075
2162	774	0	0	0	0	0	0	1660773672095
2162	774	0	0	0	0	0	0	1660773673115
2162	774	0	0	0	0	0	0	1660773674135
2162	774	0	0	0	0	0	0	1660773675155
2162	774	0	0	0	0	0	0	1660773676175
2162	774	0	0	0	0	0	0	1660773677195
2162	774	0	0	0	0	0	0	1660773678215
2162	774	0	0	0	0	0	0	1660773679235
2162	774	0	0	0	0	0	0	1660773680255
2162	774	0	0	0	0	0	0	1660773681275
2162	774	0	0	0	0	0	0	1660773682295
2162	774	0	0	0	0	0	0	1660773683315
2162	774	0	0	0	0	0	0	1660773684335
2162	774	0	0	0	0	0	0	1660773685355
2162	774	0	0	0	0	0	0	1660773686375
2162	774	0	0	0	0	0	0	1660773687395
2162	774	0	0	0	0	0	0	1660773688415
2162	774	0	0	0	0	0	0	1660773689435
2162	774	0	0	0	0	0	0	1660773690455
2162	774	0	0	0	0	0	0	1660773691475
2162	774	0	0	0	0	0	0	1660773692495
2162	774	0	0	0	0	0	0	1660773693515
2162	774	0	0	0	0	0	0	1660773694535
2162	774	0	0	0	0	0	0	1660773695555
2162	774	0	0	0	0	0	0	1660773696575
2162	774	0	0	0	0	0	0	1660773697595
2162	774	0	0	0	0	0	0	1660773698615
2162	774	0	0	0	0	0	0	1660773699635
2162	774	0	0	0	0	0	0	1660773700655
2162	774	0	0	0	0	0	0	1660773701675
2162	774	0	0	0	0	0	0	1660773702695
2162	774	0	0	0	0	0	0	1660773703715
2162	774	0	0	0	0	0	0	1660773704735
2162	774	0	0	0	0	0	0	1660773705755
2162	774	0	0	0	0	0	0	1660773706775
2162	774	0	0	0	0	0	0	1660773707795
2162	774	0	0	0	0	0	0	1660773708815
2162	774	0	0	0	0	0	0	1660773709835
2162	774	0	0	0	0	0	0	1660773710855
2162	774	0	0	0	0	0	0	1660773711875
2162	774	0	0	0	0	0	0	1660773712895
2162	774	0	0	0	0	0	0	1660773713915
2162	774	0	0	0	0	0	0	1660773714935
2162	774	0	0	0	0	0	0	1660773715955
2162	774	0	0	0	0	0	0	1660773716975
2162	774	0	0	0	0	0	0	1660773717995
2162	774	0	0	0	0	0	0	1660773719015
2162	774	0	0	0	0	0	0	1660773720035
2162	774	0	0	0	0	0	0	1660773721055
2161	774	0	0	0	0	0	0	1660773722075
2161	774	0	0	0	0	0	0	1660773723095
2161	774	0	0	0	0	0	0	1660773724115
2161	774	0	0	0	0	0	0	1660773725135
2161	774	0	0	0	0	0	0	1660773726155
2160	774	0	0	0	0	0	0	1660773727175
2160	774	0	0	0	0	0	0	1660773728195
2160	774	0	0	0	0	0	0	1660773729215
2161	774	0	0	0	0	0	0	1660773730235
2160	774	0	0	0	0	0	0	1660773731255
2160	774	0	0	0	0	0	0	1660773732275
2161	774	0	0	0	0	0	0	1660773733295
2161	774	0	0	0	0	0	0	1660773734315
2161	774	0	0	0	0	0	0	1660773735335
2161	774	0	0	0	0	0	0	1660773736355
2161	774	0	0	0	0	0	0	1660773737375
2160	774	0	0	0	0	0	0	1660773738395
2159	774	0	0	0	0	0	0	1660773739415
2151	774	0	0	0	0	0	0	1660773740435
2148	774	0	0	0	0	0	0	1660773741455
2150	774	0	0	0	0	0	0	1660773742475
2153	774	0	0	0	0	0	0	1660773743495
2153	774	0	0	0	0	0	0	1660773744515
2154	774	0	0	0	0	0	0	1660773745535
2154	774	0	0	0	0	0	0	1660773746555
2155	774	0	0	0	0	0	0	1660773747575
2154	774	0	0	0	0	0	0	1660773748595
2154	774	0	0	0	0	0	0	1660773749615
2155	774	0	0	0	0	0	0	1660773750635
2152	774	0	0	0	0	0	0	1660773751655
2149	774	0	0	0	0	0	0	1660773752675
2147	774	0	0	0	0	0	0	1660773753695
2147	774	0	0	0	0	0	0	1660773754715
2144	774	0	0	0	0	0	0	1660773755735
2143	774	0	0	0	0	0	0	1660773756755
2144	774	0	0	0	0	0	0	1660773757775
2148	774	0	0	0	0	0	0	1660773758795
2147	774	0	0	0	0	0	0	1660773759815
2147	774	0	0	0	0	0	0	1660773760835
2145	774	0	0	0	0	0	0	1660773761855
2143	774	0	0	0	0	0	0	1660773762875
2143	774	0	0	0	0	0	0	1660773763895
2142	774	0	0	0	0	0	0	1660773764915
2142	774	0	0	0	0	0	0	1660773765935
2141	774	0	0	0	0	0	0	1660773766955
2141	774	0	0	0	0	0	0	1660773767975
2141	774	0	0	0	0	0	0	1660773768995
2142	774	0	0	0	0	0	0	1660773770015
2144	774	0	0	0	0	0	0	1660773771035
2145	774	0	0	0	0	0	0	1660773772055
2142	774	0	0	0	0	0	0	1660773773075
2139	774	0	0	0	0	0	0	1660773774095
2137	774	0	0	0	0	0	0	1660773775115
2136	774	0	0	0	0	0	0	1660773776135
2135	774	0	0	0	0	0	0	1660773777155
2135	774	0	0	0	0	0	0	1660773778175
2135	774	0	0	0	0	0	0	1660773779195
2135	774	0	0	0	0	0	0	1660773780215
2135	774	0	0	0	0	0	0	1660773781235
2135	774	0	0	0	0	0	0	1660773782255
2135	774	0	0	0	0	0	0	1660773783275
2135	774	0	0	0	0	0	0	1660773784295
2135	774	0	0	0	0	0	0	1660773785315
2135	774	0	0	0	0	0	0	1660773786335
2135	774	0	0	0	0	0	0	1660773787355
2135	774	0	0	0	0	0	0	1660773788375
2135	774	0	0	0	0	0	0	1660773789395
2135	774	0	0	0	0	0	0	1660773790415
2135	774	0	0	0	0	0	0	1660773791435
2135	774	0	0	0	0	0	0	1660773792455
2135	774	0	0	0	0	0	0	1660773793475
2135	774	0	0	0	0	0	0	1660773794495
2135	774	0	0	0	0	0	0	1660773795515
2135	774	0	0	0	0	0	0	1660773796535
2135	774	0	0	0	0	0	0	1660773797555
2134	774	0	0	0	0	0	0	1660773798575
2134	774	0	0	0	0	0	0	1660773799595
2134	774	0	0	0	0	0	0	1660773800615
2134	774	0	0	0	0	0	0	1660773801635
2134	774	0	0	0	0	0	0	1660773802655
2134	774	0	0	0	0	0	0	1660773803675
2134	774	0	0	0	0	0	0	1660773804695
2134	774	0	0	0	0	0	0	1660773805715
2134	774	0	0	0	0	0	0	1660773806735
2134	774	0	0	0	0	0	0	1660773807755
2134	774	0	0	0	0	0	0	1660773808775
2134	774	0	0	0	0	0	0	1660773809795
2134	774	0	0	0	0	0	0	1660773810815
2134	774	0	0	0	0	0	0	1660773811835
2134	774	0	0	0	0	0	0	1660773812855
2134	774	0	0	0	0	0	0	1660773813875
2134	774	0	0	0	0	0	0	1660773814895
2134	774	0	0	0	0	0	0	1660773815915
2134	774	0	0	0	0	0	0	1660773816935
2134	774	0	0	0	0	0	0	1660773817955
2134	774	0	0	0	0	0	0	1660773818975
2134	774	0	0	0	0	0	0	1660773819995
2134	774	0	0	0	0	0	0	1660773821015
2134	774	0	0	0	0	0	0	1660773822035
2134	774	0	0	0	0	0	0	1660773823055
2134	774	0	0	0	0	0	0	1660773824075
2134	774	0	0	0	0	0	0	1660773825095
2134	774	0	0	0	0	0	0	1660773826115
2134	774	0	0	0	0	0	0	1660773827135
2134	774	0	0	0	0	0	0	1660773828155
2134	774	0	0	0	0	0	0	1660773829175
2134	774	0	0	0	0	0	0	1660773830195
2134	774	0	0	0	0	0	0	1660773831215
2134	774	0	0	0	0	0	0	1660773832235
2134	774	0	0	0	0	0	0	1660773833255
2134	774	0	0	0	0	0	0	1660773834275
2134	774	0	0	0	0	0	0	1660773835295
2134	774	0	0	0	0	0	0	1660773836315
2134	774	0	0	0	0	0	0	1660773837335
2134	774	0	0	0	0	0	0	1660773838355
2134	774	0	0	0	0	0	0	1660773839375
2134	774	0	0	0	0	0	0	1660773840395
2134	774	0	0	0	0	0	0	1660773841415
2134	774	0	0	0	0	0	0	1660773842435
2134	774	0	0	0	0	0	0	1660773843455
2134	774	0	0	0	0	0	0	1660773844475
2134	774	0	0	0	0	0	0	1660773845495
2134	774	0	0	0	0	0	0	1660773846515
2134	774	0	0	0	0	0	0	1660773847535
2134	774	0	0	0	0	0	0	1660773848555
2134	774	0	0	0	0	0	0	1660773849575
2134	774	0	0	0	0	0	0	1660773850595
2134	774	0	0	0	0	0	0	1660773851615
2134	774	0	0	0	0	0	0	1660773852635
2134	774	0	0	0	0	0	0	1660773853655
2134	774	0	0	0	0	0	0	1660773854675
2134	774	0	0	0	0	0	0	1660773855695
2134	774	0	0	0	0	0	0	1660773856715
2134	774	0	0	0	0	0	0	1660773857735
2134	774	0	0	0	0	0	0	1660773858755
2134	774	0	0	0	0	0	0	1660773859775
2134	774	0	0	0	0	0	0	1660773860795
2134	774	0	0	0	0	0	0	1660773861815
2133	774	0	0	0	0	0	0	1660773862835
2133	774	0	0	0	0	0	0	1660773863855
2133	774	0	0	0	0	0	0	1660773864875
2132	774	0	0	0	0	0	0	1660773865895
2133	774	0	0	0	0	0	0	1660773866915
2133	774	0	0	0	0	0	0	1660773867935
2132	774	0	0	0	0	0	0	1660773868955
2133	774	0	0	0	0	0	0	1660773869975
2133	774	0	0	0	0	0	0	1660773870995
2132	774	0	0	0	0	0	0	1660773872015
2131	774	0	0	0	0	0	0	1660773873035
2130	774	0	0	0	0	0	0	1660773874055
2131	774	0	0	0	0	0	0	1660773875075
2130	774	0	0	0	0	0	0	1660773876095
2132	774	0	0	0	0	0	0	1660773877115
2132	774	0	0	0	0	0	0	1660773878135
2132	774	0	0	0	0	0	0	1660773879155
2132	774	0	0	0	0	0	0	1660773880175
2132	774	0	0	0	0	0	0	1660773881195
2131	774	0	0	0	0	0	0	1660773882215
2131	774	0	0	0	0	0	0	1660773883235
2130	774	0	0	0	0	0	0	1660773884255
2129	774	0	0	0	0	0	0	1660773885275
2128	774	0	0	0	0	0	0	1660773886295
2127	774	0	0	0	0	0	0	1660773887315
2128	774	0	0	0	0	0	0	1660773888335
2127	774	0	0	0	0	0	0	1660773889355
2127	774	0	0	0	0	0	0	1660773890375
2126	774	0	0	0	0	0	0	1660773891395
2124	774	0	0	0	0	0	0	1660773892415
2123	774	0	0	0	0	0	0	1660773893435
2121	774	0	0	0	0	0	0	1660773894455
2121	774	0	0	0	0	0	0	1660773895475
2119	774	0	0	0	0	0	0	1660773896495
2118	774	0	0	0	0	0	0	1660773897515
2117	774	0	0	0	0	0	0	1660773898535
2117	774	0	0	0	0	0	0	1660773899555
2118	774	0	0	0	0	0	0	1660773900575
2118	774	0	0	0	0	0	0	1660773901595
2117	774	0	0	0	0	0	0	1660773902615
2116	774	0	0	0	0	0	0	1660773903635
2115	774	0	0	0	0	0	0	1660773904655
2114	774	0	0	0	0	0	0	1660773905675
2112	774	0	0	0	0	0	0	1660773906695
2111	774	0	0	0	0	0	0	1660773907715
2111	774	0	0	0	0	0	0	1660773908735
2110	774	0	0	0	0	0	0	1660773909755
2109	774	0	0	0	0	0	0	1660773910775
2109	774	0	0	0	0	0	0	1660773911795
11265	779	0	0	0	0	0	0	1660773912815
7602	777	0	0	0	0	0	0	1660773913835
5405	776	0	0	0	0	0	0	1660773914855
4086	775	0	0	0	0	0	0	1660773915875
3301	774	0	0	0	0	0	0	1660773916895
2825	774	0	0	0	0	0	0	1660773917915
2538	774	0	0	0	0	0	0	1660773918935
2366	774	0	0	0	0	0	0	1660773919955
2262	774	0	0	0	0	0	0	1660773920975
2200	774	0	0	0	0	0	0	1660773921995
2163	774	0	0	0	0	0	0	1660773923015
2140	774	0	0	0	0	0	0	1660773924035
2127	774	0	0	0	0	0	0	1660773925055
2119	774	0	0	0	0	0	0	1660773926075
2114	774	0	0	0	0	0	0	1660773927095
2111	774	0	0	0	0	0	0	1660773928115
2110	774	0	0	0	0	0	0	1660773929135
2109	774	0	0	0	0	0	0	1660773930155
2108	774	0	0	0	0	0	0	1660773931175
2107	774	0	0	0	0	0	0	1660773932195
2107	774	0	0	0	0	0	0	1660773933215
2107	774	0	0	0	0	0	0	1660773934235
2107	774	0	0	0	0	0	0	1660773935255
2107	774	0	0	0	0	0	0	1660773936275
2107	774	0	0	0	0	0	0	1660773937295
2107	774	0	0	0	0	0	0	1660773938315
2107	774	0	0	0	0	0	0	1660773939335
2107	774	0	0	0	0	0	0	1660773940355
2107	774	0	0	0	0	0	0	1660773941375
2107	774	0	0	0	0	0	0	1660773942395
2107	774	0	0	0	0	0	0	1660773943415
2107	774	0	0	0	0	0	0	1660773944435
2107	774	0	0	0	0	0	0	1660773945455
2107	774	0	0	0	0	0	0	1660773946475
2107	774	0	0	0	0	0	0	1660773947495
2107	774	0	0	0	0	0	0	1660773948515
2107	774	0	0	0	0	0	0	1660773949535
2107	774	0	0	0	0	0	0	1660773950555
2107	774	0	0	0	0	0	0	1660773951575
2107	774	0	0	0	0	0	0	1660773952595
2107	774	0	0	0	0	0	0	1660773953615
2107	774	0	0	0	0	0	0	1660773954635
2107	774	0	0	0	0	0	0	1660773955655
2107	774	0	0	0	0	0	0	1660773956675
2107	774	0	0	0	0	0	0	1660773957695
2107	774	0	0	0	0	0	0	1660773958715
2106	774	0	0	0	0	0	0	1660773959735
2106	774	0	0	0	0	0	0	1660773960755
2106	774	0	0	0	0	0	0	1660773961775
2106	774	0	0	0	0	0	0	1660773962795
2106	774	0	0	0	0	0	0	1660773963815
2106	774	0	0	0	0	0	0	1660773964835
2106	774	0	0	0	0	0	0	1660773965855
2106	774	0	0	0	0	0	0	1660773966875
2106	774	0	0	0	0	0	0	1660773967895
2106	774	0	0	0	0	0	0	1660773968915
2106	774	0	0	0	0	0	0	1660773969935
2106	774	0	0	0	0	0	0	1660773970955
2106	774	0	0	0	0	0	0	1660773971975
2106	774	0	0	0	0	0	0	1660773972995
2106	774	0	0	0	0	0	0	1660773974015
2106	774	0	0	0	0	0	0	1660773975035
2106	774	0	0	0	0	0	0	1660773976055
2106	774	0	0	0	0	0	0	1660773977075
2106	774	0	0	0	0	0	0	1660773978095
2106	774	0	0	0	0	0	0	1660773979115
2106	774	0	0	0	0	0	0	1660773980135
2106	774	0	0	0	0	0	0	1660773981155
2106	774	0	0	0	0	0	0	1660773982175
2106	774	0	0	0	0	0	0	1660773983195
2106	774	0	0	0	0	0	0	1660773984215
2106	774	0	0	0	0	0	0	1660773985235
2106	774	0	0	0	0	0	0	1660773986255
2106	774	0	0	0	0	0	0	1660773987275
2106	774	0	0	0	0	0	0	1660773988295
2106	774	0	0	0	0	0	0	1660773989315
2106	774	0	0	0	0	0	0	1660773990335
2106	774	0	0	0	0	0	0	1660773991355
2106	774	0	0	0	0	0	0	1660773992375
2106	774	0	0	0	0	0	0	1660773993395
2106	774	0	0	0	0	0	0	1660773994415
2106	774	0	0	0	0	0	0	1660773995435
2106	774	0	0	0	0	0	0	1660773996455
2106	774	0	0	0	0	0	0	1660773997475
2106	774	0	0	0	0	0	0	1660773998495
2106	774	0	0	0	0	0	0	1660773999515
2106	774	0	0	0	0	0	0	1660774000535
2106	774	0	0	0	0	0	0	1660774001555
2106	774	0	0	0	0	0	0	1660774002575
2106	774	0	0	0	0	0	0	1660774003595
2106	774	0	0	0	0	0	0	1660774004615
2106	774	0	0	0	0	0	0	1660774005635
2106	774	0	0	0	0	0	0	1660774006655
2106	774	0	0	0	0	0	0	1660774007675
2106	774	0	0	0	0	0	0	1660774008695
2106	774	0	0	0	0	0	0	1660774009715
2106	774	0	0	0	0	0	0	1660774010735
2106	774	0	0	0	0	0	0	1660774011755
2106	774	0	0	0	0	0	0	1660774012775
2106	774	0	0	0	0	0	0	1660774013795
2106	774	0	0	0	0	0	0	1660774014815
2106	774	0	0	0	0	0	0	1660774015835
2106	774	0	0	0	0	0	0	1660774016855
2106	774	0	0	0	0	0	0	1660774017875
2106	774	0	0	0	0	0	0	1660774018895
2106	774	0	0	0	0	0	0	1660774019915
2106	774	0	0	0	0	0	0	1660774020935
2106	774	0	0	0	0	0	0	1660774021955
2106	774	0	0	0	0	0	0	1660774022975
2106	774	0	0	0	0	0	0	1660774023995
2106	774	0	0	0	0	0	0	1660774025015
2106	774	0	0	0	0	0	0	1660774026035
2106	774	0	0	0	0	0	0	1660774027055
2106	774	0	0	0	0	0	0	1660774028075
2106	774	0	0	0	0	0	0	1660774029095
2106	774	0	0	0	0	0	0	1660774030115
2106	774	0	0	0	0	0	0	1660774031135
2106	774	0	0	0	0	0	0	1660774032155
2106	774	0	0	0	0	0	0	1660774033175
2106	774	0	0	0	0	0	0	1660774034195
2106	774	0	0	0	0	0	0	1660774035215
2106	774	0	0	0	0	0	0	1660774036235
2106	774	0	0	0	0	0	0	1660774037255
2106	774	0	0	0	0	0	0	1660774038275
2106	774	0	0	0	0	0	0	1660774039295
2106	774	0	0	0	0	0	0	1660774040315
2106	774	0	0	0	0	0	0	1660774041335
2106	774	0	0	0	0	0	0	1660774042355
2106	774	0	0	0	0	0	0	1660774043375
2106	774	0	0	0	0	0	0	1660774044395
2106	774	0	0	0	0	0	0	1660774045415
2106	774	0	0	0	0	0	0	1660774046435
2106	774	0	0	0	0	0	0	1660774047455
2106	774	0	0	0	0	0	0	1660774048475
2106	774	0	0	0	0	0	0	1660774049495
2106	774	0	0	0	0	0	0	1660774050515
2106	774	0	0	0	0	0	0	1660774051535
2106	774	0	0	0	0	0	0	1660774052555
2106	774	0	0	0	0	0	0	1660774053575
2106	774	0	0	0	0	0	0	1660774054595
2106	774	0	0	0	0	0	0	1660774055615
2106	774	0	0	0	0	0	0	1660774056635
2106	774	0	0	0	0	0	0	1660774057655
2106	774	0	0	0	0	0	0	1660774058675
2106	774	0	0	0	0	0	0	1660774059695
2106	774	0	0	0	0	0	0	1660774060715
2106	774	0	0	0	0	0	0	1660774061735
2106	774	0	0	0	0	0	0	1660774062755
2106	774	0	0	0	0	0	0	1660774063775
2106	774	0	0	0	0	0	0	1660774064795
2106	774	0	0	0	0	0	0	1660774065815
2106	774	0	0	0	0	0	0	1660774066835
2106	774	0	0	0	0	0	0	1660774067855
2106	774	0	0	0	0	0	0	1660774068875
2106	774	0	0	0	0	0	0	1660774069895
2106	774	0	0	0	0	0	0	1660774070915
2106	774	0	0	0	0	0	0	1660774071935
2106	774	0	0	0	0	0	0	1660774072955
2106	774	0	0	0	0	0	0	1660774073975
2106	774	0	0	0	0	0	0	1660774074995
2106	774	0	0	0	0	0	0	1660774076015
2106	774	0	0	0	0	0	0	1660774077035
2106	774	0	0	0	0	0	0	1660774078055
2106	774	0	0	0	0	0	0	1660774079075
2106	774	0	0	0	0	0	0	1660774080095
2106	774	0	0	0	0	0	0	1660774081115
2106	774	0	0	0	0	0	0	1660774082135
2106	774	0	0	0	0	0	0	1660774083155
2106	774	0	0	0	0	0	0	1660774084175
2106	774	0	0	0	0	0	0	1660774085195
2106	774	0	0	0	0	0	0	1660774086215
2106	774	0	0	0	0	0	0	1660774087235
2106	774	0	0	0	0	0	0	1660774088255
2106	774	0	0	0	0	0	0	1660774089275
2106	774	0	0	0	0	0	0	1660774090295
2106	774	0	0	0	0	0	0	1660774091315
2106	774	0	0	0	0	0	0	1660774092335
2106	774	0	0	0	0	0	0	1660774093355
2106	773	0	0	0	0	0	0	1660774094375
2106	773	0	0	0	0	0	0	1660774095395
2106	773	0	0	0	0	0	0	1660774096415
2106	773	0	0	0	0	0	0	1660774097435
2106	773	0	0	0	0	0	0	1660774098455
2106	773	0	0	0	0	0	0	1660774099475
2106	773	0	0	0	0	0	0	1660774100495
2106	767	0	0	0	0	0	0	1660774101515
2106	759	0	0	0	0	0	0	1660774102535
2106	754	0	0	0	0	0	0	1660774103555
2106	751	0	0	0	0	0	0	1660774104575
2106	751	0	0	0	0	0	0	1660774105595
2106	750	0	0	0	0	0	0	1660774106615
2106	750	0	0	0	0	0	0	1660774107635
2106	751	0	0	0	0	0	0	1660774108655
2106	752	0	0	0	0	0	0	1660774109675
2106	751	0	0	0	0	0	0	1660774110695
2106	751	0	0	0	0	0	0	1660774111715
2106	753	0	0	0	0	0	0	1660774112735
2106	751	0	0	0	0	0	0	1660774113755
2106	749	0	0	0	0	0	0	1660774114775
2106	748	0	0	0	0	0	0	1660774115795
2106	747	0	0	0	0	0	0	1660774116815
2106	746	0	0	0	0	0	0	1660774117835
2106	746	0	0	0	0	0	0	1660774118855
2106	746	0	0	0	0	0	0	1660774119875
2106	746	0	0	0	0	0	0	1660774120895
2106	746	0	0	0	0	0	0	1660774121915
2106	746	0	0	0	0	0	0	1660774122935
2106	746	0	0	0	0	0	0	1660774123955
2106	746	0	0	0	0	0	0	1660774124975
2106	746	0	0	0	0	0	0	1660774125995
2106	747	0	0	0	0	0	0	1660774127015
2106	747	0	0	0	0	0	0	1660774128035
2106	748	0	0	0	0	0	0	1660774129055
2106	748	0	0	0	0	0	0	1660774130075
2106	749	0	0	0	0	0	0	1660774131095
2106	748	0	0	0	0	0	0	1660774132115
2106	747	0	0	0	0	0	0	1660774133135
2106	746	0	0	0	0	0	0	1660774134155
2106	746	0	0	0	0	0	0	1660774135175
2106	746	0	0	0	0	0	0	1660774136195
2106	746	0	0	0	0	0	0	1660774137215
2106	746	0	0	0	0	0	0	1660774138235
2106	746	0	0	0	0	0	0	1660774139255
2106	746	0	0	0	0	0	0	1660774140275
2106	746	0	0	0	0	0	0	1660774141295
2106	746	0	0	0	0	0	0	1660774142315
2106	746	0	0	0	0	0	0	1660774143335
2106	746	0	0	0	0	0	0	1660774144355
2106	746	0	0	0	0	0	0	1660774145375
2106	746	0	0	0	0	0	0	1660774146395
2106	746	0	0	0	0	0	0	1660774147415
2106	746	0	0	0	0	0	0	1660774148435
2106	746	0	0	0	0	0	0	1660774149455
2106	746	0	0	0	0	0	0	1660774150475
2106	746	0	0	0	0	0	0	1660774151495
2106	746	0	0	0	0	0	0	1660774152515
2106	746	0	0	0	0	0	0	1660774153535
2106	746	0	0	0	0	0	0	1660774154555
2106	746	0	0	0	0	0	0	1660774155575
2106	746	0	0	0	0	0	0	1660774156595
2106	746	0	0	0	0	0	0	1660774157615
2106	746	0	0	0	0	0	0	1660774158635
2106	746	0	0	0	0	0	0	1660774159655
2106	746	0	0	0	0	0	0	1660774160675
2106	746	0	0	0	0	0	0	1660774161695
2106	746	0	0	0	0	0	0	1660774162715
2106	746	0	0	0	0	0	0	1660774163735
2106	746	0	0	0	0	0	0	1660774164755
2106	747	0	0	0	0	0	0	1660774165775
2106	747	0	0	0	0	0	0	1660774166795
2106	746	0	0	0	0	0	0	1660774167815
2106	746	0	0	0	0	0	0	1660774168835
2106	746	0	0	0	0	0	0	1660774169855
2106	746	0	0	0	0	0	0	1660774170875
2106	746	0	0	0	0	0	0	1660774171895
2106	746	0	0	0	0	0	0	1660774172915
2106	746	0	0	0	0	0	0	1660774173935
2106	746	0	0	0	0	0	0	1660774174955
2106	746	0	0	0	0	0	0	1660774175975
2107	746	0	0	0	0	0	0	1660774176995
2107	746	0	0	0	0	0	0	1660774178015
2107	746	0	0	0	0	0	0	1660774179035
2107	747	0	0	0	0	0	0	1660774180055
2107	746	0	0	0	0	0	0	1660774181075
2107	747	0	0	0	0	0	0	1660774182095
2107	748	0	0	0	0	0	0	1660774183115
2107	749	0	0	0	0	0	0	1660774184135
