1146	1713	0	0	0	0	0	0	1661178660490
1141	1712	0	0	0	0	0	0	1661178661510
1130	1712	0	0	0	0	0	0	1661178662530
1120	1703	0	0	0	0	0	0	1661178663550
1114	1697	0	0	0	0	0	0	1661178664570
1108	1694	0	0	0	0	0	0	1661178665590
1097	1692	0	0	0	0	0	0	1661178666610
1089	1686	0	0	0	0	0	0	1661178667630
1085	1676	0	0	0	0	0	0	1661178668650
1082	1670	0	0	0	0	0	0	1661178669670
1080	1666	0	0	0	0	0	0	1661178670690
1074	1664	0	0	0	0	0	0	1661178671710
1065	1662	0	0	0	0	0	0	1661178672730
1059	1661	0	0	0	0	0	0	1661178673750
1055	1660	0	0	0	0	0	0	1661178674770
1053	1660	0	0	0	0	0	0	1661178675790
1052	1660	0	0	0	0	0	0	1661178676810
1051	1660	0	0	0	0	0	0	1661178677830
1051	1656	0	0	0	0	0	0	1661178678850
1051	1651	0	0	0	0	0	0	1661178679870
1050	1644	0	0	0	0	0	0	1661178680890
1048	1639	0	0	0	0	0	0	1661178681910
1041	1636	0	0	0	0	0	0	1661178682930
1034	1635	0	0	0	0	0	0	1661178683950
1030	1634	0	0	0	0	0	0	1661178684970
1027	1633	0	0	0	0	0	0	1661178685990
1025	1633	0	0	0	0	0	0	1661178687010
1024	1633	0	0	0	0	0	0	1661178688030
1023	1633	0	0	0	0	0	0	1661178689050
1023	1633	0	0	0	0	0	0	1661178690070
1023	1633	0	0	0	0	0	0	1661178691090
1023	1633	0	0	0	0	0	0	1661178692110
1023	1633	0	0	0	0	0	0	1661178693130
1023	1633	0	0	0	0	0	0	1661178694150
1023	1633	0	0	0	0	0	0	1661178695170
1023	1633	0	0	0	0	0	0	1661178696190
1023	1633	0	0	0	0	0	0	1661178697210
1022	1633	0	0	0	0	0	0	1661178698230
1022	1633	0	0	0	0	0	0	1661178699250
1022	1633	0	0	0	0	0	0	1661178700270
1022	1632	0	0	0	0	0	0	1661178701290
1022	1632	0	0	0	0	0	0	1661178702310
1020	1632	0	0	0	0	0	0	1661178703330
1017	1631	0	0	0	0	0	0	1661178704350
1014	1630	0	0	0	0	0	0	1661178705370
1011	1630	0	0	0	0	0	0	1661178706390
1006	1628	0	0	0	0	0	0	1661178707410
1003	1624	0	0	0	0	0	0	1661178708430
1000	1620	0	0	0	0	0	0	1661178709450
998	1617	0	0	0	0	0	0	1661178710470
997	1614	0	0	0	0	0	0	1661178711490
996	1612	0	0	0	0	0	0	1661178712510
995	1609	0	0	0	0	0	0	1661178713530
995	1607	0	0	0	0	0	0	1661178714550
994	1606	0	0	0	0	0	0	1661178715570
994	1606	0	0	0	0	0	0	1661178716590
994	1605	0	0	0	0	0	0	1661178717610
994	1605	0	0	0	0	0	0	1661178718630
994	1605	0	0	0	0	0	0	1661178719650
994	1605	0	0	0	0	0	0	1661178720670
994	1605	0	0	0	0	0	0	1661178721690
994	1605	0	0	0	0	0	0	1661178722710
994	1605	0	0	0	0	0	0	1661178723730
994	1605	0	0	0	0	0	0	1661178724750
994	1605	0	0	0	0	0	0	1661178725770
994	1605	0	0	0	0	0	0	1661178726790
994	1605	0	0	0	0	0	0	1661178727810
994	1605	0	0	0	0	0	0	1661178728830
994	1605	0	0	0	0	0	0	1661178729850
994	1605	0	0	0	0	0	0	1661178730870
994	1605	0	0	0	0	0	0	1661178731890
994	1605	0	0	0	0	0	0	1661178732910
994	1605	0	0	0	0	0	0	1661178733930
994	1605	0	0	0	0	0	0	1661178734950
994	1605	0	0	0	0	0	0	1661178735970
994	1605	0	0	0	0	0	0	1661178736990
994	1605	0	0	0	0	0	0	1661178738010
994	1605	0	0	0	0	0	0	1661178739030
994	1605	0	0	0	0	0	0	1661178740050
994	1605	0	0	0	0	0	0	1661178741070
994	1605	0	0	0	0	0	0	1661178742090
994	1605	0	0	0	0	0	0	1661178743110
994	1605	0	0	0	0	0	0	1661178744130
994	1605	0	0	0	0	0	0	1661178745150
994	1605	0	0	0	0	0	0	1661178746170
994	1605	0	0	0	0	0	0	1661178747190
994	1605	0	0	0	0	0	0	1661178748210
994	1605	0	0	0	0	0	0	1661178749230
994	1605	0	0	0	0	0	0	1661178750250
994	1605	0	0	0	0	0	0	1661178751270
993	1605	0	0	0	0	0	0	1661178752290
993	1605	0	0	0	0	0	0	1661178753310
993	1605	0	0	0	0	0	0	1661178754330
992	1605	0	0	0	0	0	0	1661178755350
990	1605	0	0	0	0	0	0	1661178756370
989	1605	0	0	0	0	0	0	1661178757390
987	1605	0	0	0	0	0	0	1661178758410
981	1605	0	0	0	0	0	0	1661178759430
980	1605	0	0	0	0	0	0	1661178760450
977	1605	0	0	0	0	0	0	1661178761470
976	1605	0	0	0	0	0	0	1661178762490
976	1605	0	0	0	0	0	0	1661178763510
974	1605	0	0	0	0	0	0	1661178764530
972	1605	0	0	0	0	0	0	1661178765550
971	1605	0	0	0	0	0	0	1661178766570
970	1605	0	0	0	0	0	0	1661178767590
970	1605	0	0	0	0	0	0	1661178768610
970	1605	0	0	0	0	0	0	1661178769630
969	1604	0	0	0	0	0	0	1661178770650
968	1604	0	0	0	0	0	0	1661178771670
968	1604	0	0	0	0	0	0	1661178772690
968	1604	0	0	0	0	0	0	1661178773710
968	1604	0	0	0	0	0	0	1661178774730
968	1604	0	0	0	0	0	0	1661178775750
968	1604	0	0	0	0	0	0	1661178776770
10580	1600	0	0	0	0	0	0	1661178777790
6735	1601	0	0	0	0	0	0	1661178778810
4428	1601	0	0	0	0	0	0	1661178779830
3043	1601	0	0	0	0	0	0	1661178780850
2212	1601	0	0	0	0	0	0	1661178781870
1714	1601	0	0	0	0	0	0	1661178782890
1415	1599	0	0	0	0	0	0	1661178783910
1236	1597	0	0	0	0	0	0	1661178784930
1128	1595	0	0	0	0	0	0	1661178785950
1063	1595	0	0	0	0	0	0	1661178786970
1024	1592	0	0	0	0	0	0	1661178787990
1001	1592	0	0	0	0	0	0	1661178789010
987	1591	0	0	0	0	0	0	1661178790030
979	1591	0	0	0	0	0	0	1661178791050
974	1588	0	0	0	0	0	0	1661178792070
971	1589	0	0	0	0	0	0	1661178793090
969	1587	0	0	0	0	0	0	1661178794110
968	1585	0	0	0	0	0	0	1661178795130
968	1585	0	0	0	0	0	0	1661178796150
967	1583	0	0	0	0	0	0	1661178797170
967	1582	0	0	0	0	0	0	1661178798190
967	1582	0	0	0	0	0	0	1661178799210
967	1582	0	0	0	0	0	0	1661178800230
967	1582	0	0	0	0	0	0	1661178801250
967	1581	0	0	0	0	0	0	1661178802270
967	1580	0	0	0	0	0	0	1661178803290
967	1580	0	0	0	0	0	0	1661178804310
967	1579	0	0	0	0	0	0	1661178805330
967	1579	0	0	0	0	0	0	1661178806350
967	1579	0	0	0	0	0	0	1661178807370
967	1579	0	0	0	0	0	0	1661178808390
967	1578	0	0	0	0	0	0	1661178809410
967	1577	0	0	0	0	0	0	1661178810430
967	1577	0	0	0	0	0	0	1661178811450
967	1577	0	0	0	0	0	0	1661178812470
967	1578	0	0	0	0	0	0	1661178813490
967	1578	0	0	0	0	0	0	1661178814510
967	1577	0	0	0	0	0	0	1661178815530
967	1577	0	0	0	0	0	0	1661178816550
967	1577	0	0	0	0	0	0	1661178817570
967	1577	0	0	0	0	0	0	1661178818590
967	1577	0	0	0	0	0	0	1661178819610
967	1577	0	0	0	0	0	0	1661178820630
967	1577	0	0	0	0	0	0	1661178821650
967	1577	0	0	0	0	0	0	1661178822670
967	1577	0	0	0	0	0	0	1661178823690
967	1577	0	0	0	0	0	0	1661178824710
967	1577	0	0	0	0	0	0	1661178825730
967	1577	0	0	0	0	0	0	1661178826750
967	1577	0	0	0	0	0	0	1661178827770
967	1577	0	0	0	0	0	0	1661178828790
967	1577	0	0	0	0	0	0	1661178829810
967	1577	0	0	0	0	0	0	1661178830830
967	1577	0	0	0	0	0	0	1661178831850
967	1577	0	0	0	0	0	0	1661178832870
967	1577	0	0	0	0	0	0	1661178833890
967	1577	0	0	0	0	0	0	1661178834910
967	1577	0	0	0	0	0	0	1661178835930
967	1577	0	0	0	0	0	0	1661178836950
967	1559	0	0	0	0	0	0	1661178837970
967	1566	0	0	0	0	0	0	1661178838990
967	1570	0	0	0	0	0	0	1661178840010
967	1573	0	0	0	0	0	0	1661178841030
967	1575	0	0	0	0	0	0	1661178842050
967	1576	0	0	0	0	0	0	1661178843070
967	1576	0	0	0	0	0	0	1661178844090
967	1576	0	0	0	0	0	0	1661178845110
967	1576	0	0	0	0	0	0	1661178846130
967	1576	0	0	0	0	0	0	1661178847150
967	1576	0	0	0	0	0	0	1661178848170
967	1576	0	0	0	0	0	0	1661178849190
967	1576	0	0	0	0	0	0	1661178850210
967	1576	0	0	0	0	0	0	1661178851230
967	1576	0	0	0	0	0	0	1661178852250
967	1576	0	0	0	0	0	0	1661178853270
967	1576	0	0	0	0	0	0	1661178854290
967	1576	0	0	0	0	0	0	1661178855310
967	1576	0	0	0	0	0	0	1661178856330
967	1576	0	0	0	0	0	0	1661178857350
967	1576	0	0	0	0	0	0	1661178858370
967	1576	0	0	0	0	0	0	1661178859390
967	1576	0	0	0	0	0	0	1661178860410
967	1576	0	0	0	0	0	0	1661178861430
967	1576	0	0	0	0	0	0	1661178862450
967	1576	0	0	0	0	0	0	1661178863470
967	1576	0	0	0	0	0	0	1661178864490
967	1576	0	0	0	0	0	0	1661178865510
967	1576	0	0	0	0	0	0	1661178866530
967	1576	0	0	0	0	0	0	1661178867550
967	1576	0	0	0	0	0	0	1661178868570
967	1576	0	0	0	0	0	0	1661178869590
967	1576	0	0	0	0	0	0	1661178870610
967	1576	0	0	0	0	0	0	1661178871630
967	1576	0	0	0	0	0	0	1661178872650
966	1576	0	0	0	0	0	0	1661178873670
966	1576	0	0	0	0	0	0	1661178874690
966	1576	0	0	0	0	0	0	1661178875710
966	1576	0	0	0	0	0	0	1661178876730
966	1576	0	0	0	0	0	0	1661178877750
966	1576	0	0	0	0	0	0	1661178878770
965	1576	0	0	0	0	0	0	1661178879790
965	1577	0	0	0	0	0	0	1661178880810
964	1577	0	0	0	0	0	0	1661178881830
965	1577	0	0	0	0	0	0	1661178882850
965	1577	0	0	0	0	0	0	1661178883870
965	1577	0	0	0	0	0	0	1661178884890
965	1577	0	0	0	0	0	0	1661178885910
964	1577	0	0	0	0	0	0	1661178886930
962	1577	0	0	0	0	0	0	1661178887950
961	1577	0	0	0	0	0	0	1661178888970
961	1577	0	0	0	0	0	0	1661178889990
959	1577	0	0	0	0	0	0	1661178891010
959	1577	0	0	0	0	0	0	1661178892030
956	1577	0	0	0	0	0	0	1661178893050
957	1577	0	0	0	0	0	0	1661178894070
956	1577	0	0	0	0	0	0	1661178895090
954	1577	0	0	0	0	0	0	1661178896110
954	1577	0	0	0	0	0	0	1661178897130
952	1577	0	0	0	0	0	0	1661178898150
951	1577	0	0	0	0	0	0	1661178899170
951	1577	0	0	0	0	0	0	1661178900190
952	1577	0	0	0	0	0	0	1661178901210
950	1577	0	0	0	0	0	0	1661178902230
952	1577	0	0	0	0	0	0	1661178903250
950	1577	0	0	0	0	0	0	1661178904270
950	1577	0	0	0	0	0	0	1661178905290
949	1577	0	0	0	0	0	0	1661178906310
948	1577	0	0	0	0	0	0	1661178907330
948	1577	0	0	0	0	0	0	1661178908350
949	1577	0	0	0	0	0	0	1661178909370
949	1577	0	0	0	0	0	0	1661178910390
948	1577	0	0	0	0	0	0	1661178911410
947	1577	0	0	0	0	0	0	1661178912430
948	1577	0	0	0	0	0	0	1661178913450
946	1577	0	0	0	0	0	0	1661178914470
951	1577	0	0	0	0	0	0	1661178915490
952	1577	0	0	0	0	0	0	1661178916510
952	1577	0	0	0	0	0	0	1661178917530
953	1577	0	0	0	0	0	0	1661178918550
952	1577	0	0	0	0	0	0	1661178919570
951	1577	0	0	0	0	0	0	1661178920590
949	1577	0	0	0	0	0	0	1661178921610
948	1577	0	0	0	0	0	0	1661178922630
947	1577	0	0	0	0	0	0	1661178923650
946	1577	0	0	0	0	0	0	1661178924670
945	1577	0	0	0	0	0	0	1661178925690
944	1577	0	0	0	0	0	0	1661178926710
943	1577	0	0	0	0	0	0	1661178927730
942	1577	0	0	0	0	0	0	1661178928750
943	1577	0	0	0	0	0	0	1661178929770
942	1577	0	0	0	0	0	0	1661178930790
941	1577	0	0	0	0	0	0	1661178931810
940	1577	0	0	0	0	0	0	1661178932830
940	1577	0	0	0	0	0	0	1661178933850
940	1577	0	0	0	0	0	0	1661178934870
939	1577	0	0	0	0	0	0	1661178935890
939	1577	0	0	0	0	0	0	1661178936910
939	1577	0	0	0	0	0	0	1661178937930
939	1577	0	0	0	0	0	0	1661178938950
939	1577	0	0	0	0	0	0	1661178939970
939	1577	0	0	0	0	0	0	1661178940990
939	1576	0	0	0	0	0	0	1661178942010
939	1576	0	0	0	0	0	0	1661178943030
939	1576	0	0	0	0	0	0	1661178944050
939	1576	0	0	0	0	0	0	1661178945070
939	1576	0	0	0	0	0	0	1661178946090
939	1575	0	0	0	0	0	0	1661178947110
939	1575	0	0	0	0	0	0	1661178948130
939	1575	0	0	0	0	0	0	1661178949150
939	1575	0	0	0	0	0	0	1661178950170
939	1575	0	0	0	0	0	0	1661178951190
939	1573	0	0	0	0	0	0	1661178952210
939	1574	0	0	0	0	0	0	1661178953230
939	1574	0	0	0	0	0	0	1661178954250
939	1574	0	0	0	0	0	0	1661178955270
939	1573	0	0	0	0	0	0	1661178956290
939	1571	0	0	0	0	0	0	1661178957310
939	1571	0	0	0	0	0	0	1661178958330
939	1569	0	0	0	0	0	0	1661178959350
939	1568	0	0	0	0	0	0	1661178960370
939	1567	0	0	0	0	0	0	1661178961390
939	1565	0	0	0	0	0	0	1661178962410
939	1563	0	0	0	0	0	0	1661178963430
939	1562	0	0	0	0	0	0	1661178964450
939	1561	0	0	0	0	0	0	1661178965470
939	1560	0	0	0	0	0	0	1661178966490
939	1558	0	0	0	0	0	0	1661178967510
939	1555	0	0	0	0	0	0	1661178968530
939	1554	0	0	0	0	0	0	1661178969550
939	1553	0	0	0	0	0	0	1661178970570
939	1553	0	0	0	0	0	0	1661178971590
939	1553	0	0	0	0	0	0	1661178972610
939	1552	0	0	0	0	0	0	1661178973630
939	1551	0	0	0	0	0	0	1661178974650
939	1550	0	0	0	0	0	0	1661178975670
939	1550	0	0	0	0	0	0	1661178976690
939	1550	0	0	0	0	0	0	1661178977710
939	1550	0	0	0	0	0	0	1661178978730
939	1550	0	0	0	0	0	0	1661178979750
939	1550	0	0	0	0	0	0	1661178980770
939	1550	0	0	0	0	0	0	1661178981790
939	1549	0	0	0	0	0	0	1661178982810
939	1549	0	0	0	0	0	0	1661178983830
939	1549	0	0	0	0	0	0	1661178984850
939	1549	0	0	0	0	0	0	1661178985870
939	1549	0	0	0	0	0	0	1661178986890
939	1549	0	0	0	0	0	0	1661178987910
939	1549	0	0	0	0	0	0	1661178988930
939	1549	0	0	0	0	0	0	1661178989950
939	1549	0	0	0	0	0	0	1661178990970
939	1549	0	0	0	0	0	0	1661178991990
939	1549	0	0	0	0	0	0	1661178993010
939	1549	0	0	0	0	0	0	1661178994030
939	1549	0	0	0	0	0	0	1661178995050
939	1549	0	0	0	0	0	0	1661178996070
939	1549	0	0	0	0	0	0	1661178997090
939	1549	0	0	0	0	0	0	1661178998110
939	1549	0	0	0	0	0	0	1661178999130
939	1549	0	0	0	0	0	0	1661179000150
939	1549	0	0	0	0	0	0	1661179001170
939	1549	0	0	0	0	0	0	1661179002190
939	1549	0	0	0	0	0	0	1661179003210
939	1549	0	0	0	0	0	0	1661179004230
939	1549	0	0	0	0	0	0	1661179005250
939	1549	0	0	0	0	0	0	1661179006270
939	1549	0	0	0	0	0	0	1661179007290
939	1549	0	0	0	0	0	0	1661179008310
939	1549	0	0	0	0	0	0	1661179009330
939	1549	0	0	0	0	0	0	1661179010350
939	1549	0	0	0	0	0	0	1661179011370
939	1549	0	0	0	0	0	0	1661179012390
939	1549	0	0	0	0	0	0	1661179013410
939	1549	0	0	0	0	0	0	1661179014430
939	1549	0	0	0	0	0	0	1661179015450
939	1549	0	0	0	0	0	0	1661179016470
939	1549	0	0	0	0	0	0	1661179017490
939	1549	0	0	0	0	0	0	1661179018510
939	1549	0	0	0	0	0	0	1661179019530
939	1549	0	0	0	0	0	0	1661179020550
939	1549	0	0	0	0	0	0	1661179021570
939	1549	0	0	0	0	0	0	1661179022590
939	1549	0	0	0	0	0	0	1661179023610
939	1549	0	0	0	0	0	0	1661179024630
939	1549	0	0	0	0	0	0	1661179025650
939	1549	0	0	0	0	0	0	1661179026670
939	1549	0	0	0	0	0	0	1661179027690
939	1549	0	0	0	0	0	0	1661179028710
939	1549	0	0	0	0	0	0	1661179029730
939	1549	0	0	0	0	0	0	1661179030750
939	1549	0	0	0	0	0	0	1661179031770
939	1549	0	0	0	0	0	0	1661179032790
939	1549	0	0	0	0	0	0	1661179033810
939	1549	0	0	0	0	0	0	1661179034830
939	1549	0	0	0	0	0	0	1661179035850
939	1549	0	0	0	0	0	0	1661179036870
939	1549	0	0	0	0	0	0	1661179037890
939	1549	0	0	0	0	0	0	1661179038910
939	1549	0	0	0	0	0	0	1661179039930
939	1549	0	0	0	0	0	0	1661179040950
939	1549	0	0	0	0	0	0	1661179041970
939	1549	0	0	0	0	0	0	1661179042990
939	1549	0	0	0	0	0	0	1661179044010
939	1549	0	0	0	0	0	0	1661179045030
939	1549	0	0	0	0	0	0	1661179046050
939	1549	0	0	0	0	0	0	1661179047070
939	1549	0	0	0	0	0	0	1661179048090
939	1549	0	0	0	0	0	0	1661179049110
939	1549	0	0	0	0	0	0	1661179050130
939	1549	0	0	0	0	0	0	1661179051150
939	1549	0	0	0	0	0	0	1661179052170
939	1549	0	0	0	0	0	0	1661179053190
939	1549	0	0	0	0	0	0	1661179054210
939	1549	0	0	0	0	0	0	1661179055230
939	1549	0	0	0	0	0	0	1661179056250
939	1549	0	0	0	0	0	0	1661179057270
939	1549	0	0	0	0	0	0	1661179058290
939	1549	0	0	0	0	0	0	1661179059310
939	1549	0	0	0	0	0	0	1661179060330
939	1549	0	0	0	0	0	0	1661179061350
939	1549	0	0	0	0	0	0	1661179062370
939	1548	0	0	0	0	0	0	1661179063390
939	1548	0	0	0	0	0	0	1661179064410
939	1548	0	0	0	0	0	0	1661179065430
939	1548	0	0	0	0	0	0	1661179066450
939	1548	0	0	0	0	0	0	1661179067470
939	1548	0	0	0	0	0	0	1661179068490
939	1547	0	0	0	0	0	0	1661179069510
939	1545	0	0	0	0	0	0	1661179070530
939	1545	0	0	0	0	0	0	1661179071550
939	1544	0	0	0	0	0	0	1661179072570
939	1542	0	0	0	0	0	0	1661179073590
939	1541	0	0	0	0	0	0	1661179074610
939	1538	0	0	0	0	0	0	1661179075630
939	1536	0	0	0	0	0	0	1661179076650
939	1536	0	0	0	0	0	0	1661179077670
939	1534	0	0	0	0	0	0	1661179078690
939	1531	0	0	0	0	0	0	1661179079710
939	1530	0	0	0	0	0	0	1661179080730
939	1529	0	0	0	0	0	0	1661179081750
939	1527	0	0	0	0	0	0	1661179082770
939	1526	0	0	0	0	0	0	1661179083790
939	1525	0	0	0	0	0	0	1661179084810
939	1523	0	0	0	0	0	0	1661179085830
939	1523	0	0	0	0	0	0	1661179086850
939	1522	0	0	0	0	0	0	1661179087870
939	1522	0	0	0	0	0	0	1661179088890
939	1522	0	0	0	0	0	0	1661179089910
939	1521	0	0	0	0	0	0	1661179090930
939	1521	0	0	0	0	0	0	1661179091950
939	1521	0	0	0	0	0	0	1661179092970
939	1521	0	0	0	0	0	0	1661179093990
939	1521	0	0	0	0	0	0	1661179095010
939	1521	0	0	0	0	0	0	1661179096030
939	1521	0	0	0	0	0	0	1661179097050
939	1521	0	0	0	0	0	0	1661179098070
939	1521	0	0	0	0	0	0	1661179099090
939	1521	0	0	0	0	0	0	1661179100110
939	1521	0	0	0	0	0	0	1661179101130
939	1521	0	0	0	0	0	0	1661179102150
939	1521	0	0	0	0	0	0	1661179103170
939	1521	0	0	0	0	0	0	1661179104190
939	1521	0	0	0	0	0	0	1661179105210
939	1521	0	0	0	0	0	0	1661179106230
939	1521	0	0	0	0	0	0	1661179107250
939	1521	0	0	0	0	0	0	1661179108270
939	1521	0	0	0	0	0	0	1661179109290
939	1521	0	0	0	0	0	0	1661179110310
939	1521	0	0	0	0	0	0	1661179111330
939	1521	0	0	0	0	0	0	1661179112350
939	1521	0	0	0	0	0	0	1661179113370
939	1521	0	0	0	0	0	0	1661179114390
939	1521	0	0	0	0	0	0	1661179115410
939	1521	0	0	0	0	0	0	1661179116430
939	1521	0	0	0	0	0	0	1661179117450
939	1521	0	0	0	0	0	0	1661179118470
939	1521	0	0	0	0	0	0	1661179119490
939	1521	0	0	0	0	0	0	1661179120510
939	1521	0	0	0	0	0	0	1661179121530
939	1521	0	0	0	0	0	0	1661179122550
939	1521	0	0	0	0	0	0	1661179123570
939	1521	0	0	0	0	0	0	1661179124590
939	1521	0	0	0	0	0	0	1661179125610
939	1521	0	0	0	0	0	0	1661179126630
939	1521	0	0	0	0	0	0	1661179127650
939	1521	0	0	0	0	0	0	1661179128670
939	1521	0	0	0	0	0	0	1661179129690
939	1521	0	0	0	0	0	0	1661179130710
939	1521	0	0	0	0	0	0	1661179131730
939	1521	0	0	0	0	0	0	1661179132750
939	1521	0	0	0	0	0	0	1661179133770
939	1521	0	0	0	0	0	0	1661179134790
939	1521	0	0	0	0	0	0	1661179135810
939	1521	0	0	0	0	0	0	1661179136830
939	1521	0	0	0	0	0	0	1661179137850
939	1521	0	0	0	0	0	0	1661179138870
939	1521	0	0	0	0	0	0	1661179139890
939	1521	0	0	0	0	0	0	1661179140910
939	1521	0	0	0	0	0	0	1661179141930
939	1521	0	0	0	0	0	0	1661179142950
939	1521	0	0	0	0	0	0	1661179143970
939	1521	0	0	0	0	0	0	1661179144990
939	1521	0	0	0	0	0	0	1661179146010
939	1521	0	0	0	0	0	0	1661179147030
939	1521	0	0	0	0	0	0	1661179148050
939	1521	0	0	0	0	0	0	1661179149070
939	1521	0	0	0	0	0	0	1661179150090
939	1521	0	0	0	0	0	0	1661179151110
939	1521	0	0	0	0	0	0	1661179152130
939	1521	0	0	0	0	0	0	1661179153150
939	1521	0	0	0	0	0	0	1661179154170
939	1521	0	0	0	0	0	0	1661179155190
939	1521	0	0	0	0	0	0	1661179156210
939	1521	0	0	0	0	0	0	1661179157230
939	1521	0	0	0	0	0	0	1661179158250
939	1521	0	0	0	0	0	0	1661179159270
939	1521	0	0	0	0	0	0	1661179160290
939	1521	0	0	0	0	0	0	1661179161310
939	1521	0	0	0	0	0	0	1661179162330
939	1521	0	0	0	0	0	0	1661179163350
939	1520	0	0	0	0	0	0	1661179164370
939	1520	0	0	0	0	0	0	1661179165390
939	1520	0	0	0	0	0	0	1661179166410
939	1518	0	0	0	0	0	0	1661179167430
939	1519	0	0	0	0	0	0	1661179168450
939	1518	0	0	0	0	0	0	1661179169470
939	1515	0	0	0	0	0	0	1661179170490
939	1514	0	0	0	0	0	0	1661179171510
939	1513	0	0	0	0	0	0	1661179172530
939	1511	0	0	0	0	0	0	1661179173550
939	1510	0	0	0	0	0	0	1661179174570
939	1509	0	0	0	0	0	0	1661179175590
939	1507	0	0	0	0	0	0	1661179176610
939	1504	0	0	0	0	0	0	1661179177630
939	1502	0	0	0	0	0	0	1661179178650
939	1500	0	0	0	0	0	0	1661179179670
939	1499	0	0	0	0	0	0	1661179180690
939	1498	0	0	0	0	0	0	1661179181710
939	1496	0	0	0	0	0	0	1661179182730
939	1496	0	0	0	0	0	0	1661179183750
939	1495	0	0	0	0	0	0	1661179184770
939	1494	0	0	0	0	0	0	1661179185790
939	1494	0	0	0	0	0	0	1661179186810
939	1494	0	0	0	0	0	0	1661179187830
939	1494	0	0	0	0	0	0	1661179188850
939	1494	0	0	0	0	0	0	1661179189870
939	1494	0	0	0	0	0	0	1661179190890
939	1494	0	0	0	0	0	0	1661179191910
939	1494	0	0	0	0	0	0	1661179192930
939	1494	0	0	0	0	0	0	1661179193950
939	1494	0	0	0	0	0	0	1661179194970
939	1494	0	0	0	0	0	0	1661179195990
939	1494	0	0	0	0	0	0	1661179197010
939	1494	0	0	0	0	0	0	1661179198030
939	1494	0	0	0	0	0	0	1661179199050
939	1494	0	0	0	0	0	0	1661179200070
939	1494	0	0	0	0	0	0	1661179201090
939	1494	0	0	0	0	0	0	1661179202110
939	1494	0	0	0	0	0	0	1661179203130
939	1494	0	0	0	0	0	0	1661179204150
939	1494	0	0	0	0	0	0	1661179205170
939	1494	0	0	0	0	0	0	1661179206190
939	1494	0	0	0	0	0	0	1661179207210
939	1494	0	0	0	0	0	0	1661179208230
939	1494	0	0	0	0	0	0	1661179209250
939	1494	0	0	0	0	0	0	1661179210270
939	1494	0	0	0	0	0	0	1661179211290
939	1494	0	0	0	0	0	0	1661179212310
939	1494	0	0	0	0	0	0	1661179213330
939	1494	0	0	0	0	0	0	1661179214350
939	1494	0	0	0	0	0	0	1661179215370
939	1494	0	0	0	0	0	0	1661179216390
939	1494	0	0	0	0	0	0	1661179217410
939	1494	0	0	0	0	0	0	1661179218430
939	1494	0	0	0	0	0	0	1661179219450
939	1494	0	0	0	0	0	0	1661179220470
939	1494	0	0	0	0	0	0	1661179221490
939	1494	0	0	0	0	0	0	1661179222510
939	1494	0	0	0	0	0	0	1661179223530
939	1494	0	0	0	0	0	0	1661179224550
939	1494	0	0	0	0	0	0	1661179225570
939	1494	0	0	0	0	0	0	1661179226590
939	1494	0	0	0	0	0	0	1661179227640
939	1494	0	0	0	0	0	0	1661179228660
939	1494	0	0	0	0	0	0	1661179229680
939	1494	0	0	0	0	0	0	1661179230700
939	1494	0	0	0	0	0	0	1661179231720
939	1494	0	0	0	0	0	0	1661179232740
939	1494	0	0	0	0	0	0	1661179233760
939	1494	0	0	0	0	0	0	1661179234780
939	1494	0	0	0	0	0	0	1661179235800
939	1494	0	0	0	0	0	0	1661179236820
939	1494	0	0	0	0	0	0	1661179237840
939	1494	0	0	0	0	0	0	1661179238860
939	1494	0	0	0	0	0	0	1661179239880
939	1494	0	0	0	0	0	0	1661179240900
939	1494	0	0	0	0	0	0	1661179241920
939	1494	0	0	0	0	0	0	1661179242940
939	1494	0	0	0	0	0	0	1661179243960
939	1494	0	0	0	0	0	0	1661179244980
939	1494	0	0	0	0	0	0	1661179246000
939	1494	0	0	0	0	0	0	1661179247020
939	1494	0	0	0	0	0	0	1661179248040
939	1494	0	0	0	0	0	0	1661179249090
939	1494	0	0	0	0	0	0	1661179250110
939	1494	0	0	0	0	0	0	1661179251130
939	1494	0	0	0	0	0	0	1661179252150
939	1494	0	0	0	0	0	0	1661179253170
939	1494	0	0	0	0	0	0	1661179254190
939	1494	0	0	0	0	0	0	1661179255210
939	1494	0	0	0	0	0	0	1661179256230
939	1494	0	0	0	0	0	0	1661179257250
939	1494	0	0	0	0	0	0	1661179258270
939	1494	0	0	0	0	0	0	1661179259290
939	1494	0	0	0	0	0	0	1661179260310
939	1494	0	0	0	0	0	0	1661179261330
939	1494	0	0	0	0	0	0	1661179262350
939	1494	0	0	0	0	0	0	1661179263370
939	1493	0	0	0	0	0	0	1661179264390
939	1493	0	0	0	0	0	0	1661179265410
939	1493	0	0	0	0	0	0	1661179266430
939	1493	0	0	0	0	0	0	1661179267450
939	1493	0	0	0	0	0	0	1661179268470
939	1493	0	0	0	0	0	0	1661179269490
939	1493	0	0	0	0	0	0	1661179270510
939	1493	0	0	0	0	0	0	1661179271530
939	1492	0	0	0	0	0	0	1661179272550
939	1491	0	0	0	0	0	0	1661179273570
939	1491	0	0	0	0	0	0	1661179274590
939	1491	0	0	0	0	0	0	1661179275610
939	1491	0	0	0	0	0	0	1661179276630
939	1490	0	0	0	0	0	0	1661179277650
939	1488	0	0	0	0	0	0	1661179278670
939	1488	0	0	0	0	0	0	1661179279690
939	1486	0	0	0	0	0	0	1661179280710
939	1487	0	0	0	0	0	0	1661179281730
939	1483	0	0	0	0	0	0	1661179282750
939	1481	0	0	0	0	0	0	1661179283770
938	1479	0	0	0	0	0	0	1661179284790
938	1479	0	0	0	0	0	0	1661179285810
938	1479	0	0	0	0	0	0	1661179286830
938	1476	0	0	0	0	0	0	1661179287850
938	1477	0	0	0	0	0	0	1661179288870
938	1475	0	0	0	0	0	0	1661179289890
938	1473	0	0	0	0	0	0	1661179290910
938	1472	0	0	0	0	0	0	1661179291930
938	1470	0	0	0	0	0	0	1661179292950
938	1470	0	0	0	0	0	0	1661179293970
938	1468	0	0	0	0	0	0	1661179294990
939	1468	0	0	0	0	0	0	1661179296010
939	1467	0	0	0	0	0	0	1661179297030
939	1467	0	0	0	0	0	0	1661179298050
939	1466	0	0	0	0	0	0	1661179299070
939	1466	0	0	0	0	0	0	1661179300090
939	1466	0	0	0	0	0	0	1661179301110
939	1466	0	0	0	0	0	0	1661179302130
938	1466	0	0	0	0	0	0	1661179303150
939	1466	0	0	0	0	0	0	1661179304170
939	1466	0	0	0	0	0	0	1661179305190
939	1466	0	0	0	0	0	0	1661179306210
939	1466	0	0	0	0	0	0	1661179307230
939	1466	0	0	0	0	0	0	1661179308250
938	1466	0	0	0	0	0	0	1661179309270
938	1466	0	0	0	0	0	0	1661179310290
938	1466	0	0	0	0	0	0	1661179311310
938	1466	0	0	0	0	0	0	1661179312330
938	1466	0	0	0	0	0	0	1661179313350
939	1466	0	0	0	0	0	0	1661179314370
939	1466	0	0	0	0	0	0	1661179315390
939	1466	0	0	0	0	0	0	1661179316410
939	1466	0	0	0	0	0	0	1661179317430
939	1466	0	0	0	0	0	0	1661179318450
939	1466	0	0	0	0	0	0	1661179319470
939	1466	0	0	0	0	0	0	1661179320490
939	1466	0	0	0	0	0	0	1661179321510
939	1466	0	0	0	0	0	0	1661179322530
939	1466	0	0	0	0	0	0	1661179323550
939	1466	0	0	0	0	0	0	1661179324570
939	1466	0	0	0	0	0	0	1661179325590
939	1466	0	0	0	0	0	0	1661179326610
939	1466	0	0	0	0	0	0	1661179327630
939	1466	0	0	0	0	0	0	1661179328650
939	1466	0	0	0	0	0	0	1661179329670
939	1466	0	0	0	0	0	0	1661179330690
939	1466	0	0	0	0	0	0	1661179331710
939	1466	0	0	0	0	0	0	1661179332730
939	1466	0	0	0	0	0	0	1661179333750
939	1466	0	0	0	0	0	0	1661179334770
939	1466	0	0	0	0	0	0	1661179335790
939	1466	0	0	0	0	0	0	1661179336810
939	1466	0	0	0	0	0	0	1661179337830
939	1466	0	0	0	0	0	0	1661179338850
939	1466	0	0	0	0	0	0	1661179339870
939	1466	0	0	0	0	0	0	1661179340890
939	1466	0	0	0	0	0	0	1661179341910
939	1466	0	0	0	0	0	0	1661179342930
939	1466	0	0	0	0	0	0	1661179343950
939	1466	0	0	0	0	0	0	1661179344970
939	1466	0	0	0	0	0	0	1661179345990
939	1466	0	0	0	0	0	0	1661179347010
939	1466	0	0	0	0	0	0	1661179348030
939	1466	0	0	0	0	0	0	1661179349050
939	1466	0	0	0	0	0	0	1661179350070
939	1466	0	0	0	0	0	0	1661179351090
939	1466	0	0	0	0	0	0	1661179352110
939	1466	0	0	0	0	0	0	1661179353130
939	1466	0	0	0	0	0	0	1661179354150
939	1466	0	0	0	0	0	0	1661179355170
939	1466	0	0	0	0	0	0	1661179356190
939	1466	0	0	0	0	0	0	1661179357210
939	1466	0	0	0	0	0	0	1661179358230
939	1466	0	0	0	0	0	0	1661179359250
939	1466	0	0	0	0	0	0	1661179360270
939	1466	0	0	0	0	0	0	1661179361290
939	1466	0	0	0	0	0	0	1661179362310
939	1466	0	0	0	0	0	0	1661179363330
939	1466	0	0	0	0	0	0	1661179364350
939	1466	0	0	0	0	0	0	1661179365370
939	1466	0	0	0	0	0	0	1661179366390
939	1466	0	0	0	0	0	0	1661179367410
939	1466	0	0	0	0	0	0	1661179368430
939	1466	0	0	0	0	0	0	1661179369450
939	1466	0	0	0	0	0	0	1661179370470
939	1466	0	0	0	0	0	0	1661179371490
939	1466	0	0	0	0	0	0	1661179372510
939	1466	0	0	0	0	0	0	1661179373530
939	1466	0	0	0	0	0	0	1661179374550
938	1466	0	0	0	0	0	0	1661179375570
938	1466	0	0	0	0	0	0	1661179376590
938	1466	0	0	0	0	0	0	1661179377610
938	1466	0	0	0	0	0	0	1661179378630
938	1466	0	0	0	0	0	0	1661179379650
938	1466	0	0	0	0	0	0	1661179380670
938	1466	0	0	0	0	0	0	1661179381690
938	1466	0	0	0	0	0	0	1661179382710
938	1466	0	0	0	0	0	0	1661179383730
938	1466	0	0	0	0	0	0	1661179384750
938	1466	0	0	0	0	0	0	1661179385770
938	1466	0	0	0	0	0	0	1661179386790
938	1466	0	0	0	0	0	0	1661179387810
938	1466	0	0	0	0	0	0	1661179388830
938	1466	0	0	0	0	0	0	1661179389850
938	1466	0	0	0	0	0	0	1661179390870
938	1466	0	0	0	0	0	0	1661179391890
938	1466	0	0	0	0	0	0	1661179392910
938	1466	0	0	0	0	0	0	1661179393930
938	1466	0	0	0	0	0	0	1661179394950
938	1466	0	0	0	0	0	0	1661179395970
938	1466	0	0	0	0	0	0	1661179396990
938	1466	0	0	0	0	0	0	1661179398010
938	1466	0	0	0	0	0	0	1661179399030
938	1466	0	0	0	0	0	0	1661179400050
938	1466	0	0	0	0	0	0	1661179401070
938	1466	0	0	0	0	0	0	1661179402090
938	1466	0	0	0	0	0	0	1661179403110
938	1466	0	0	0	0	0	0	1661179404130
938	1466	0	0	0	0	0	0	1661179405150
938	1466	0	0	0	0	0	0	1661179406170
938	1466	0	0	0	0	0	0	1661179407190
938	1466	0	0	0	0	0	0	1661179408210
938	1466	0	0	0	0	0	0	1661179409230
938	1466	0	0	0	0	0	0	1661179410250
938	1466	0	0	0	0	0	0	1661179411270
938	1466	0	0	0	0	0	0	1661179412290
938	1466	0	0	0	0	0	0	1661179413310
939	1466	0	0	0	0	0	0	1661179414330
939	1466	0	0	0	0	0	0	1661179415350
939	1466	0	0	0	0	0	0	1661179416370
939	1466	0	0	0	0	0	0	1661179417390
939	1466	0	0	0	0	0	0	1661179418410
939	1466	0	0	0	0	0	0	1661179419430
939	1466	0	0	0	0	0	0	1661179420450
939	1466	0	0	0	0	0	0	1661179421470
939	1466	0	0	0	0	0	0	1661179422490
939	1466	0	0	0	0	0	0	1661179423510
938	1466	0	0	0	0	0	0	1661179424530
938	1466	0	0	0	0	0	0	1661179425550
938	1466	0	0	0	0	0	0	1661179426570
937	1465	0	0	0	0	0	0	1661179427590
937	1465	0	0	0	0	0	0	1661179428610
938	1465	0	0	0	0	0	0	1661179429630
938	1464	0	0	0	0	0	0	1661179430650
938	1461	0	0	0	0	0	0	1661179431670
938	1459	0	0	0	0	0	0	1661179432690
938	1460	0	0	0	0	0	0	1661179433710
938	1461	0	0	0	0	0	0	1661179434730
938	1462	0	0	0	0	0	0	1661179435750
938	1462	0	0	0	0	0	0	1661179436770
939	1461	0	0	0	0	0	0	1661179437790
939	1459	0	0	0	0	0	0	1661179438810
939	1458	0	0	0	0	0	0	1661179439830
939	1459	0	0	0	0	0	0	1661179440850
939	1458	0	0	0	0	0	0	1661179441870
939	1458	0	0	0	0	0	0	1661179442890
939	1455	0	0	0	0	0	0	1661179443910
939	1453	0	0	0	0	0	0	1661179444930
939	1453	0	0	0	0	0	0	1661179445950
939	1451	0	0	0	0	0	0	1661179446970
939	1451	0	0	0	0	0	0	1661179447990
939	1450	0	0	0	0	0	0	1661179449010
939	1450	0	0	0	0	0	0	1661179450030
939	1447	0	0	0	0	0	0	1661179451050
939	1446	0	0	0	0	0	0	1661179452070
939	1448	0	0	0	0	0	0	1661179453090
939	1447	0	0	0	0	0	0	1661179454110
939	1445	0	0	0	0	0	0	1661179455130
939	1443	0	0	0	0	0	0	1661179456150
939	1442	0	0	0	0	0	0	1661179457170
939	1441	0	0	0	0	0	0	1661179458190
939	1440	0	0	0	0	0	0	1661179459210
939	1439	0	0	0	0	0	0	1661179460230
939	1439	0	0	0	0	0	0	1661179461250
939	1439	0	0	0	0	0	0	1661179462300
939	1438	0	0	0	0	0	0	1661179463320
939	1439	0	0	0	0	0	0	1661179464340
939	1439	0	0	0	0	0	0	1661179465360
939	1439	0	0	0	0	0	0	1661179466380
939	1439	0	0	0	0	0	0	1661179467400
939	1439	0	0	0	0	0	0	1661179468420
939	1439	0	0	0	0	0	0	1661179469440
939	1439	0	0	0	0	0	0	1661179470460
939	1439	0	0	0	0	0	0	1661179471480
939	1438	0	0	0	0	0	0	1661179472500
939	1438	0	0	0	0	0	0	1661179473520
939	1438	0	0	0	0	0	0	1661179474540
939	1438	0	0	0	0	0	0	1661179475560
939	1438	0	0	0	0	0	0	1661179476580
939	1438	0	0	0	0	0	0	1661179477600
939	1438	0	0	0	0	0	0	1661179478620
939	1438	0	0	0	0	0	0	1661179479640
939	1438	0	0	0	0	0	0	1661179480660
939	1438	0	0	0	0	0	0	1661179481680
939	1438	0	0	0	0	0	0	1661179482700
939	1438	0	0	0	0	0	0	1661179483720
939	1438	0	0	0	0	0	0	1661179484740
939	1438	0	0	0	0	0	0	1661179485760
939	1438	0	0	0	0	0	0	1661179486780
939	1438	0	0	0	0	0	0	1661179487800
939	1438	0	0	0	0	0	0	1661179488820
939	1438	0	0	0	0	0	0	1661179489840
939	1438	0	0	0	0	0	0	1661179490860
939	1438	0	0	0	0	0	0	1661179491880
939	1438	0	0	0	0	0	0	1661179492900
939	1438	0	0	0	0	0	0	1661179493920
939	1438	0	0	0	0	0	0	1661179494940
939	1438	0	0	0	0	0	0	1661179495960
939	1438	0	0	0	0	0	0	1661179496980
939	1438	0	0	0	0	0	0	1661179498000
939	1438	0	0	0	0	0	0	1661179499020
939	1438	0	0	0	0	0	0	1661179500040
939	1438	0	0	0	0	0	0	1661179501060
939	1438	0	0	0	0	0	0	1661179502080
939	1438	0	0	0	0	0	0	1661179503100
939	1438	0	0	0	0	0	0	1661179504120
939	1438	0	0	0	0	0	0	1661179505140
939	1438	0	0	0	0	0	0	1661179506160
939	1438	0	0	0	0	0	0	1661179507180
939	1438	0	0	0	0	0	0	1661179508200
939	1438	0	0	0	0	0	0	1661179509220
939	1438	0	0	0	0	0	0	1661179510240
939	1438	0	0	0	0	0	0	1661179511260
939	1438	0	0	0	0	0	0	1661179512280
939	1438	0	0	0	0	0	0	1661179513300
939	1438	0	0	0	0	0	0	1661179514320
939	1438	0	0	0	0	0	0	1661179515340
939	1438	0	0	0	0	0	0	1661179516360
939	1438	0	0	0	0	0	0	1661179517380
939	1438	0	0	0	0	0	0	1661179518400
939	1438	0	0	0	0	0	0	1661179519420
939	1438	0	0	0	0	0	0	1661179520440
939	1438	0	0	0	0	0	0	1661179521460
939	1438	0	0	0	0	0	0	1661179522480
939	1438	0	0	0	0	0	0	1661179523500
939	1438	0	0	0	0	0	0	1661179524520
939	1438	0	0	0	0	0	0	1661179525540
939	1438	0	0	0	0	0	0	1661179526560
939	1438	0	0	0	0	0	0	1661179527580
939	1438	0	0	0	0	0	0	1661179528600
939	1438	0	0	0	0	0	0	1661179529620
939	1438	0	0	0	0	0	0	1661179530640
939	1438	0	0	0	0	0	0	1661179531660
939	1438	0	0	0	0	0	0	1661179532680
939	1438	0	0	0	0	0	0	1661179533700
939	1438	0	0	0	0	0	0	1661179534720
939	1438	0	0	0	0	0	0	1661179535740
939	1438	0	0	0	0	0	0	1661179536760
939	1438	0	0	0	0	0	0	1661179537780
939	1438	0	0	0	0	0	0	1661179538800
10563	1438	0	0	0	0	0	0	1661179539820
6713	1438	0	0	0	0	0	0	1661179540840
4403	1438	0	0	0	0	0	0	1661179541860
3017	1438	0	0	0	0	0	0	1661179542880
2186	1438	0	0	0	0	0	0	1661179543900
1687	1438	0	0	0	0	0	0	1661179544920
1388	1438	0	0	0	0	0	0	1661179545940
1208	1438	0	0	0	0	0	0	1661179546960
1100	1438	0	0	0	0	0	0	1661179547980
1036	1438	0	0	0	0	0	0	1661179549000
997	1438	0	0	0	0	0	0	1661179550020
974	1438	0	0	0	0	0	0	1661179551040
960	1438	0	0	0	0	0	0	1661179552060
951	1438	0	0	0	0	0	0	1661179553080
946	1438	0	0	0	0	0	0	1661179554100
943	1438	0	0	0	0	0	0	1661179555120
941	1438	0	0	0	0	0	0	1661179556140
940	1438	0	0	0	0	0	0	1661179557160
940	1438	0	0	0	0	0	0	1661179558180
940	1438	0	0	0	0	0	0	1661179559200
940	1438	0	0	0	0	0	0	1661179560220
940	1438	0	0	0	0	0	0	1661179561240
940	1438	0	0	0	0	0	0	1661179562260
940	1438	0	0	0	0	0	0	1661179563280
10564	1438	0	0	0	0	0	0	1661179564300
6714	1438	0	0	0	0	0	0	1661179565320
4404	1438	0	0	0	0	0	0	1661179566340
3018	1438	0	0	0	0	0	0	1661179567360
2186	1438	0	0	0	0	0	0	1661179568380
1687	1438	0	0	0	0	0	0	1661179569400
1388	1438	0	0	0	0	0	0	1661179570420
1208	1438	0	0	0	0	0	0	1661179571440
1100	1438	0	0	0	0	0	0	1661179572460
1036	1438	0	0	0	0	0	0	1661179573480
997	1438	0	0	0	0	0	0	1661179574500
974	1438	0	0	0	0	0	0	1661179575520
960	1438	0	0	0	0	0	0	1661179576540
952	1438	0	0	0	0	0	0	1661179577560
947	1438	0	0	0	0	0	0	1661179578580
944	1438	0	0	0	0	0	0	1661179579600
942	1438	0	0	0	0	0	0	1661179580620
941	1438	0	0	0	0	0	0	1661179581640
940	1438	0	0	0	0	0	0	1661179582660
939	1438	0	0	0	0	0	0	1661179583680
939	1438	0	0	0	0	0	0	1661179584700
939	1438	0	0	0	0	0	0	1661179585720
939	1438	0	0	0	0	0	0	1661179586740
939	1438	0	0	0	0	0	0	1661179587760
939	1438	0	0	0	0	0	0	1661179588780
939	1438	0	0	0	0	0	0	1661179589800
939	1438	0	0	0	0	0	0	1661179590820
939	1438	0	0	0	0	0	0	1661179591840
939	1438	0	0	0	0	0	0	1661179592860
939	1438	0	0	0	0	0	0	1661179593880
939	1438	0	0	0	0	0	0	1661179594900
939	1438	0	0	0	0	0	0	1661179595920
939	1438	0	0	0	0	0	0	1661179596940
939	1438	0	0	0	0	0	0	1661179597960
939	1438	0	0	0	0	0	0	1661179598980
939	1438	0	0	0	0	0	0	1661179600000
939	1438	0	0	0	0	0	0	1661179601020
939	1438	0	0	0	0	0	0	1661179602040
939	1438	0	0	0	0	0	0	1661179603060
939	1438	0	0	0	0	0	0	1661179604080
939	1438	0	0	0	0	0	0	1661179605100
939	1438	0	0	0	0	0	0	1661179606120
939	1438	0	0	0	0	0	0	1661179607140
939	1438	0	0	0	0	0	0	1661179608160
939	1437	0	0	0	0	0	0	1661179609180
939	1437	0	0	0	0	0	0	1661179610200
939	1437	0	0	0	0	0	0	1661179611220
939	1437	0	0	0	0	0	0	1661179612240
939	1438	0	0	0	0	0	0	1661179613260
939	1438	0	0	0	0	0	0	1661179614280
939	1438	0	0	0	0	0	0	1661179615300
939	1438	0	0	0	0	0	0	1661179616320
939	1438	0	0	0	0	0	0	1661179617340
939	1437	0	0	0	0	0	0	1661179618360
939	1437	0	0	0	0	0	0	1661179619380
939	1437	0	0	0	0	0	0	1661179620400
939	1437	0	0	0	0	0	0	1661179621420
939	1437	0	0	0	0	0	0	1661179622440
939	1437	0	0	0	0	0	0	1661179623460
939	1437	0	0	0	0	0	0	1661179624480
939	1437	0	0	0	0	0	0	1661179625500
939	1437	0	0	0	0	0	0	1661179626520
939	1436	0	0	0	0	0	0	1661179627540
939	1437	0	0	0	0	0	0	1661179628560
939	1437	0	0	0	0	0	0	1661179629580
939	1436	0	0	0	0	0	0	1661179630600
939	1435	0	0	0	0	0	0	1661179631620
939	1434	0	0	0	0	0	0	1661179632640
939	1434	0	0	0	0	0	0	1661179633660
939	1434	0	0	0	0	0	0	1661179634680
939	1434	0	0	0	0	0	0	1661179635700
939	1432	0	0	0	0	0	0	1661179636720
939	1433	0	0	0	0	0	0	1661179637740
939	1432	0	0	0	0	0	0	1661179638760
939	1430	0	0	0	0	0	0	1661179639780
939	1429	0	0	0	0	0	0	1661179640800
939	1429	0	0	0	0	0	0	1661179641820
939	1428	0	0	0	0	0	0	1661179642840
939	1427	0	0	0	0	0	0	1661179643860
939	1428	0	0	0	0	0	0	1661179644880
939	1427	0	0	0	0	0	0	1661179645900
939	1427	0	0	0	0	0	0	1661179646920
939	1426	0	0	0	0	0	0	1661179647940
939	1425	0	0	0	0	0	0	1661179648960
939	1426	0	0	0	0	0	0	1661179649980
939	1425	0	0	0	0	0	0	1661179651000
939	1423	0	0	0	0	0	0	1661179652020
939	1422	0	0	0	0	0	0	1661179653040
939	1422	0	0	0	0	0	0	1661179654060
939	1420	0	0	0	0	0	0	1661179655080
939	1419	0	0	0	0	0	0	1661179656100
939	1419	0	0	0	0	0	0	1661179657120
939	1417	0	0	0	0	0	0	1661179658140
939	1418	0	0	0	0	0	0	1661179659160
939	1418	0	0	0	0	0	0	1661179660180
939	1417	0	0	0	0	0	0	1661179661200
939	1418	0	0	0	0	0	0	1661179662220
939	1418	0	0	0	0	0	0	1661179663240
939	1417	0	0	0	0	0	0	1661179664260
939	1416	0	0	0	0	0	0	1661179665280
939	1415	0	0	0	0	0	0	1661179666300
939	1414	0	0	0	0	0	0	1661179667320
939	1415	0	0	0	0	0	0	1661179668340
939	1415	0	0	0	0	0	0	1661179669360
939	1414	0	0	0	0	0	0	1661179670380
939	1413	0	0	0	0	0	0	1661179671400
939	1412	0	0	0	0	0	0	1661179672420
939	1412	0	0	0	0	0	0	1661179673440
939	1411	0	0	0	0	0	0	1661179674460
939	1411	0	0	0	0	0	0	1661179675480
939	1411	0	0	0	0	0	0	1661179676500
939	1412	0	0	0	0	0	0	1661179677520
939	1412	0	0	0	0	0	0	1661179678540
939	1412	0	0	0	0	0	0	1661179679560
939	1411	0	0	0	0	0	0	1661179680580
939	1411	0	0	0	0	0	0	1661179681600
939	1411	0	0	0	0	0	0	1661179682620
939	1411	0	0	0	0	0	0	1661179683640
939	1411	0	0	0	0	0	0	1661179684660
939	1411	0	0	0	0	0	0	1661179685680
939	1411	0	0	0	0	0	0	1661179686700
939	1411	0	0	0	0	0	0	1661179687720
939	1411	0	0	0	0	0	0	1661179688740
939	1411	0	0	0	0	0	0	1661179689760
939	1411	0	0	0	0	0	0	1661179690780
939	1411	0	0	0	0	0	0	1661179691800
939	1411	0	0	0	0	0	0	1661179692820
939	1410	0	0	0	0	0	0	1661179693840
939	1410	0	0	0	0	0	0	1661179694860
939	10846	0	0	0	0	0	0	1661179695880
939	7072	0	0	0	0	0	0	1661179696900
939	4807	0	0	0	0	0	0	1661179697920
939	3448	0	0	0	0	0	0	1661179698940
939	2633	0	0	0	0	0	0	1661179699960
939	2144	0	0	0	0	0	0	1661179700980
939	1851	0	0	0	0	0	0	1661179702000
939	1675	0	0	0	0	0	0	1661179703020
939	1569	0	0	0	0	0	0	1661179704040
939	1506	0	0	0	0	0	0	1661179705060
939	1468	0	0	0	0	0	0	1661179706080
939	1445	0	0	0	0	0	0	1661179707100
939	1431	0	0	0	0	0	0	1661179708120
939	1423	0	0	0	0	0	0	1661179709140
939	1418	0	0	0	0	0	0	1661179710160
939	1415	0	0	0	0	0	0	1661179711180
939	1413	0	0	0	0	0	0	1661179712200
939	1412	0	0	0	0	0	0	1661179713220
939	1411	0	0	0	0	0	0	1661179714240
939	1411	0	0	0	0	0	0	1661179715260
939	1411	0	0	0	0	0	0	1661179716280
939	1411	0	0	0	0	0	0	1661179717300
939	1411	0	0	0	0	0	0	1661179718320
939	1411	0	0	0	0	0	0	1661179719340
939	1411	0	0	0	0	0	0	1661179720360
939	1411	0	0	0	0	0	0	1661179721380
939	1411	0	0	0	0	0	0	1661179722400
939	1411	0	0	0	0	0	0	1661179723420
939	1411	0	0	0	0	0	0	1661179724440
939	1411	0	0	0	0	0	0	1661179725460
939	1411	0	0	0	0	0	0	1661179726480
939	1411	0	0	0	0	0	0	1661179727500
939	1411	0	0	0	0	0	0	1661179728520
939	1411	0	0	0	0	0	0	1661179729540
939	1411	0	0	0	0	0	0	1661179730560
939	1411	0	0	0	0	0	0	1661179731580
939	1411	0	0	0	0	0	0	1661179732600
939	1411	0	0	0	0	0	0	1661179733620
939	1411	0	0	0	0	0	0	1661179734640
939	1411	0	0	0	0	0	0	1661179735660
939	1411	0	0	0	0	0	0	1661179736680
939	1411	0	0	0	0	0	0	1661179737700
939	1411	0	0	0	0	0	0	1661179738720
939	1411	0	0	0	0	0	0	1661179739740
939	1411	0	0	0	0	0	0	1661179740760
939	1411	0	0	0	0	0	0	1661179741780
939	1411	0	0	0	0	0	0	1661179742800
939	1411	0	0	0	0	0	0	1661179743820
939	1411	0	0	0	0	0	0	1661179744840
939	1411	0	0	0	0	0	0	1661179745860
939	1411	0	0	0	0	0	0	1661179746880
939	1410	0	0	0	0	0	0	1661179747900
939	1410	0	0	0	0	0	0	1661179748920
939	1410	0	0	0	0	0	0	1661179749940
939	1410	0	0	0	0	0	0	1661179750960
939	1410	0	0	0	0	0	0	1661179751980
939	1410	0	0	0	0	0	0	1661179753000
939	1410	0	0	0	0	0	0	1661179754020
939	1410	0	0	0	0	0	0	1661179755040
939	1410	0	0	0	0	0	0	1661179756060
939	1410	0	0	0	0	0	0	1661179757080
939	1410	0	0	0	0	0	0	1661179758100
939	1410	0	0	0	0	0	0	1661179759120
939	1410	0	0	0	0	0	0	1661179760140
939	1410	0	0	0	0	0	0	1661179761160
939	1410	0	0	0	0	0	0	1661179762180
939	1410	0	0	0	0	0	0	1661179763200
939	1410	0	0	0	0	0	0	1661179764220
939	1410	0	0	0	0	0	0	1661179765240
939	1410	0	0	0	0	0	0	1661179766260
939	1410	0	0	0	0	0	0	1661179767280
939	1410	0	0	0	0	0	0	1661179768300
939	1410	0	0	0	0	0	0	1661179769320
939	1410	0	0	0	0	0	0	1661179770340
939	1410	0	0	0	0	0	0	1661179771360
939	1410	0	0	0	0	0	0	1661179772380
939	1410	0	0	0	0	0	0	1661179773400
939	1410	0	0	0	0	0	0	1661179774420
939	1410	0	0	0	0	0	0	1661179775440
939	1410	0	0	0	0	0	0	1661179776460
939	1410	0	0	0	0	0	0	1661179777480
939	1410	0	0	0	0	0	0	1661179778500
939	1410	0	0	0	0	0	0	1661179779520
939	1410	0	0	0	0	0	0	1661179780540
939	1410	0	0	0	0	0	0	1661179781560
939	1410	0	0	0	0	0	0	1661179782580
939	1410	0	0	0	0	0	0	1661179783600
939	1410	0	0	0	0	0	0	1661179784620
939	1410	0	0	0	0	0	0	1661179785640
939	1410	0	0	0	0	0	0	1661179786660
939	1410	0	0	0	0	0	0	1661179787680
939	1410	0	0	0	0	0	0	1661179788700
939	1410	0	0	0	0	0	0	1661179789720
939	1410	0	0	0	0	0	0	1661179790740
939	1410	0	0	0	0	0	0	1661179791760
939	1410	0	0	0	0	0	0	1661179792780
939	1410	0	0	0	0	0	0	1661179793800
939	1410	0	0	0	0	0	0	1661179794820
939	1410	0	0	0	0	0	0	1661179795840
939	1410	0	0	0	0	0	0	1661179796860
939	1410	0	0	0	0	0	0	1661179797880
939	1410	0	0	0	0	0	0	1661179798900
939	1410	0	0	0	0	0	0	1661179799920
939	1410	0	0	0	0	0	0	1661179800940
939	1410	0	0	0	0	0	0	1661179801960
939	1410	0	0	0	0	0	0	1661179802980
939	1410	0	0	0	0	0	0	1661179804000
939	1410	0	0	0	0	0	0	1661179805020
939	1410	0	0	0	0	0	0	1661179806040
939	1410	0	0	0	0	0	0	1661179807060
939	1410	0	0	0	0	0	0	1661179808080
939	1410	0	0	0	0	0	0	1661179809100
939	1410	0	0	0	0	0	0	1661179810120
939	1410	0	0	0	0	0	0	1661179811140
939	1410	0	0	0	0	0	0	1661179812160
939	1410	0	0	0	0	0	0	1661179813180
939	1410	0	0	0	0	0	0	1661179814200
939	1410	0	0	0	0	0	0	1661179815220
939	1410	0	0	0	0	0	0	1661179816240
939	1410	0	0	0	0	0	0	1661179817260
939	1410	0	0	0	0	0	0	1661179818280
939	1410	0	0	0	0	0	0	1661179819300
939	1410	0	0	0	0	0	0	1661179820320
939	1410	0	0	0	0	0	0	1661179821340
939	1410	0	0	0	0	0	0	1661179822360
939	1410	0	0	0	0	0	0	1661179823380
939	1410	0	0	0	0	0	0	1661179824400
939	1410	0	0	0	0	0	0	1661179825420
939	1410	0	0	0	0	0	0	1661179826440
939	1410	0	0	0	0	0	0	1661179827460
939	1410	0	0	0	0	0	0	1661179828480
939	1410	0	0	0	0	0	0	1661179829500
939	1410	0	0	0	0	0	0	1661179830520
939	1410	0	0	0	0	0	0	1661179831540
939	1410	0	0	0	0	0	0	1661179832560
939	1410	0	0	0	0	0	0	1661179833580
939	1410	0	0	0	0	0	0	1661179834600
939	1410	0	0	0	0	0	0	1661179835620
939	1410	0	0	0	0	0	0	1661179836640
939	1410	0	0	0	0	0	0	1661179837660
939	1410	0	0	0	0	0	0	1661179838680
939	1410	0	0	0	0	0	0	1661179839700
939	1410	0	0	0	0	0	0	1661179840720
939	1410	0	0	0	0	0	0	1661179841740
939	1410	0	0	0	0	0	0	1661179842760
939	1410	0	0	0	0	0	0	1661179843780
939	1410	0	0	0	0	0	0	1661179844800
939	1410	0	0	0	0	0	0	1661179845820
939	1410	0	0	0	0	0	0	1661179846840
939	1410	0	0	0	0	0	0	1661179847860
939	1410	0	0	0	0	0	0	1661179848880
939	1410	0	0	0	0	0	0	1661179849900
939	1410	0	0	0	0	0	0	1661179850920
939	1410	0	0	0	0	0	0	1661179851940
939	1410	0	0	0	0	0	0	1661179852960
939	1410	0	0	0	0	0	0	1661179853980
939	1410	0	0	0	0	0	0	1661179855000
939	1410	0	0	0	0	0	0	1661179856020
939	1410	0	0	0	0	0	0	1661179857040
939	1410	0	0	0	0	0	0	1661179858060
939	1410	0	0	0	0	0	0	1661179859080
