2664	933	0	0	0	0	0	0	1660168262706
2654	925	0	0	0	0	0	0	1660168263726
2648	920	0	0	0	0	0	0	1660168264746
2635	917	0	0	0	0	0	0	1660168265766
2625	911	0	0	0	0	0	0	1660168266786
2619	901	0	0	0	0	0	0	1660168267806
2614	894	0	0	0	0	0	0	1660168268826
2602	890	0	0	0	0	0	0	1660168269846
2594	888	0	0	0	0	0	0	1660168270866
2590	887	0	0	0	0	0	0	1660168271886
2587	886	0	0	0	0	0	0	1660168272906
2581	885	0	0	0	0	0	0	1660168273926
2571	885	0	0	0	0	0	0	1660168274946
2565	885	0	0	0	0	0	0	1660168275966
2561	885	0	0	0	0	0	0	1660168276986
2558	885	0	0	0	0	0	0	1660168278006
2557	885	0	0	0	0	0	0	1660168279026
2556	884	0	0	0	0	0	0	1660168280046
2556	883	0	0	0	0	0	0	1660168281066
2554	881	0	0	0	0	0	0	1660168282086
2551	878	0	0	0	0	0	0	1660168283106
2543	875	0	0	0	0	0	0	1660168284126
2537	871	0	0	0	0	0	0	1660168285146
2533	867	0	0	0	0	0	0	1660168286166
2531	863	0	0	0	0	0	0	1660168287186
2529	860	0	0	0	0	0	0	1660168288206
2528	859	0	0	0	0	0	0	1660168289226
2528	858	0	0	0	0	0	0	1660168290246
2528	858	0	0	0	0	0	0	1660168291266
2527	857	0	0	0	0	0	0	1660168292286
2527	857	0	0	0	0	0	0	1660168293306
2527	857	0	0	0	0	0	0	1660168294326
2526	857	0	0	0	0	0	0	1660168295346
2518	857	0	0	0	0	0	0	1660168296366
2511	857	0	0	0	0	0	0	1660168297386
2507	857	0	0	0	0	0	0	1660168298406
2504	857	0	0	0	0	0	0	1660168299426
2502	857	0	0	0	0	0	0	1660168300446
2501	857	0	0	0	0	0	0	1660168301466
2500	857	0	0	0	0	0	0	1660168302486
2499	857	0	0	0	0	0	0	1660168303506
2499	857	0	0	0	0	0	0	1660168304526
2499	857	0	0	0	0	0	0	1660168305546
2499	857	0	0	0	0	0	0	1660168306566
2499	857	0	0	0	0	0	0	1660168307586
2498	860	0	0	0	0	0	0	1660168308606
2498	859	0	0	0	0	0	0	1660168309626
2496	858	0	0	0	0	0	0	1660168310646
2489	857	0	0	0	0	0	0	1660168311666
2483	857	0	0	0	0	0	0	1660168312686
2478	857	0	0	0	0	0	0	1660168313706
2475	857	0	0	0	0	0	0	1660168314726
2473	857	0	0	0	0	0	0	1660168315746
2472	857	0	0	0	0	0	0	1660168316766
2471	857	0	0	0	0	0	0	1660168317786
2470	857	0	0	0	0	0	0	1660168318806
2470	857	0	0	0	0	0	0	1660168319826
2471	857	0	0	0	0	0	0	1660168320846
2471	857	0	0	0	0	0	0	1660168321866
2471	857	0	0	0	0	0	0	1660168322886
2471	857	0	0	0	0	0	0	1660168323906
2470	857	0	0	0	0	0	0	1660168324926
2470	857	0	0	0	0	0	0	1660168325946
2470	857	0	0	0	0	0	0	1660168326966
2470	857	0	0	0	0	0	0	1660168327986
2470	857	0	0	0	0	0	0	1660168329006
2470	857	0	0	0	0	0	0	1660168330026
2468	857	0	0	0	0	0	0	1660168331046
2461	857	0	0	0	0	0	0	1660168332066
2454	857	0	0	0	0	0	0	1660168333086
2449	857	0	0	0	0	0	0	1660168334106
2447	857	0	0	0	0	0	0	1660168335126
2445	857	0	0	0	0	0	0	1660168336146
2444	857	0	0	0	0	0	0	1660168337166
2443	857	0	0	0	0	0	0	1660168338186
2443	857	0	0	0	0	0	0	1660168339206
2443	857	0	0	0	0	0	0	1660168340226
2443	857	0	0	0	0	0	0	1660168341246
2443	857	0	0	0	0	0	0	1660168342266
2443	857	0	0	0	0	0	0	1660168343286
2443	857	0	0	0	0	0	0	1660168344306
2442	857	0	0	0	0	0	0	1660168345326
2442	857	0	0	0	0	0	0	1660168346346
2442	857	0	0	0	0	0	0	1660168347366
2442	857	0	0	0	0	0	0	1660168348386
2442	857	0	0	0	0	0	0	1660168349406
2443	857	0	0	0	0	0	0	1660168350426
2442	857	0	0	0	0	0	0	1660168351446
2441	857	0	0	0	0	0	0	1660168352466
2435	857	0	0	0	0	0	0	1660168353486
2430	857	0	0	0	0	0	0	1660168354506
2426	857	0	0	0	0	0	0	1660168355526
2421	857	0	0	0	0	0	0	1660168356546
2419	857	0	0	0	0	0	0	1660168357566
2417	857	0	0	0	0	0	0	1660168358586
2416	857	0	0	0	0	0	0	1660168359606
2415	857	0	0	0	0	0	0	1660168360626
2415	857	0	0	0	0	0	0	1660168361646
2415	857	0	0	0	0	0	0	1660168362666
2414	857	0	0	0	0	0	0	1660168363686
2414	857	0	0	0	0	0	0	1660168364706
2414	857	0	0	0	0	0	0	1660168365726
2414	857	0	0	0	0	0	0	1660168366746
2414	857	0	0	0	0	0	0	1660168367766
2414	857	0	0	0	0	0	0	1660168368786
2414	857	0	0	0	0	0	0	1660168369806
2414	857	0	0	0	0	0	0	1660168370826
2414	857	0	0	0	0	0	0	1660168371846
2414	857	0	0	0	0	0	0	1660168372866
2414	857	0	0	0	0	0	0	1660168373886
2414	857	0	0	0	0	0	0	1660168374906
2414	857	0	0	0	0	0	0	1660168375926
2414	857	0	0	0	0	0	0	1660168376946
2414	857	0	0	0	0	0	0	1660168377966
2414	857	0	0	0	0	0	0	1660168378986
2410	857	0	0	0	0	0	0	1660168380006
2405	857	0	0	0	0	0	0	1660168381026
2398	857	0	0	0	0	0	0	1660168382046
2393	857	0	0	0	0	0	0	1660168383066
2390	857	0	0	0	0	0	0	1660168384086
2389	857	0	0	0	0	0	0	1660168385106
2388	857	0	0	0	0	0	0	1660168386126
2388	857	0	0	0	0	0	0	1660168387146
2388	857	0	0	0	0	0	0	1660168388166
2387	857	0	0	0	0	0	0	1660168389186
2387	857	0	0	0	0	0	0	1660168390206
2387	857	0	0	0	0	0	0	1660168391226
2387	857	0	0	0	0	0	0	1660168392246
2387	857	0	0	0	0	0	0	1660168393266
2386	857	0	0	0	0	0	0	1660168394286
2386	857	0	0	0	0	0	0	1660168395306
2386	857	0	0	0	0	0	0	1660168396326
2387	857	0	0	0	0	0	0	1660168397346
2387	857	0	0	0	0	0	0	1660168398366
2387	857	0	0	0	0	0	0	1660168399386
2387	857	0	0	0	0	0	0	1660168400406
2386	857	0	0	0	0	0	0	1660168401426
2386	857	0	0	0	0	0	0	1660168402446
2386	857	0	0	0	0	0	0	1660168403466
2386	857	0	0	0	0	0	0	1660168404516
2386	857	0	0	0	0	0	0	1660168405536
2386	857	0	0	0	0	0	0	1660168406556
2385	857	0	0	0	0	0	0	1660168407576
2380	857	0	0	0	0	0	0	1660168408596
2376	857	0	0	0	0	0	0	1660168409616
2369	857	0	0	0	0	0	0	1660168410636
2364	857	0	0	0	0	0	0	1660168411656
2361	857	0	0	0	0	0	0	1660168412676
2360	857	0	0	0	0	0	0	1660168413696
2360	857	0	0	0	0	0	0	1660168414716
2359	857	0	0	0	0	0	0	1660168415736
2359	857	0	0	0	0	0	0	1660168416756
2359	857	0	0	0	0	0	0	1660168417776
2359	857	0	0	0	0	0	0	1660168418796
2359	857	0	0	0	0	0	0	1660168419816
2359	857	0	0	0	0	0	0	1660168420836
2357	857	0	0	0	0	0	0	1660168421856
2346	857	0	0	0	0	0	0	1660168422876
2340	857	0	0	0	0	0	0	1660168423896
2336	857	0	0	0	0	0	0	1660168424916
2333	857	0	0	0	0	0	0	1660168425936
2332	857	0	0	0	0	0	0	1660168426956
2331	857	0	0	0	0	0	0	1660168427976
2330	857	0	0	0	0	0	0	1660168428996
2329	857	0	0	0	0	0	0	1660168430016
2327	857	0	0	0	0	0	0	1660168431036
2323	857	0	0	0	0	0	0	1660168432056
2316	857	0	0	0	0	0	0	1660168433076
2311	857	0	0	0	0	0	0	1660168434096
2307	857	0	0	0	0	0	0	1660168435116
2305	857	0	0	0	0	0	0	1660168436136
2304	857	0	0	0	0	0	0	1660168437156
2303	857	0	0	0	0	0	0	1660168438176
2302	857	0	0	0	0	0	0	1660168439196
2302	857	0	0	0	0	0	0	1660168440216
2302	857	0	0	0	0	0	0	1660168441236
2302	857	0	0	0	0	0	0	1660168442256
2302	857	0	0	0	0	0	0	1660168443276
2302	848	0	0	0	0	0	0	1660168444296
2302	843	0	0	0	0	0	0	1660168445316
2302	842	0	0	0	0	0	0	1660168446336
2302	842	0	0	0	0	0	0	1660168447356
2302	841	0	0	0	0	0	0	1660168448376
2302	840	0	0	0	0	0	0	1660168449396
2302	841	0	0	0	0	0	0	1660168450416
2302	842	0	0	0	0	0	0	1660168451436
2302	842	0	0	0	0	0	0	1660168452456
2302	843	0	0	0	0	0	0	1660168453476
2302	844	0	0	0	0	0	0	1660168454496
2302	844	0	0	0	0	0	0	1660168455516
2302	844	0	0	0	0	0	0	1660168456536
2301	843	0	0	0	0	0	0	1660168457556
2318	842	0	0	0	0	0	0	1660168458576
2311	840	0	0	0	0	0	0	1660168459596
2307	840	0	0	0	0	0	0	1660168460616
2305	839	0	0	0	0	0	0	1660168461636
2303	838	0	0	0	0	0	0	1660168462656
2301	839	0	0	0	0	0	0	1660168463676
2298	839	0	0	0	0	0	0	1660168464696
2294	840	0	0	0	0	0	0	1660168465716
2291	837	0	0	0	0	0	0	1660168466736
2286	837	0	0	0	0	0	0	1660168467756
2282	839	0	0	0	0	0	0	1660168468776
2281	838	0	0	0	0	0	0	1660168469796
2278	838	0	0	0	0	0	0	1660168470816
2276	839	0	0	0	0	0	0	1660168471836
2275	839	0	0	0	0	0	0	1660168472856
2274	838	0	0	0	0	0	0	1660168473876
2274	838	0	0	0	0	0	0	1660168474896
2274	837	0	0	0	0	0	0	1660168475916
2274	837	0	0	0	0	0	0	1660168476936
2274	836	0	0	0	0	0	0	1660168477956
2274	836	0	0	0	0	0	0	1660168478976
2274	836	0	0	0	0	0	0	1660168479996
2274	834	0	0	0	0	0	0	1660168481016
2274	835	0	0	0	0	0	0	1660168482036
2274	833	0	0	0	0	0	0	1660168483056
2274	832	0	0	0	0	0	0	1660168484076
2274	831	0	0	0	0	0	0	1660168485096
2274	831	0	0	0	0	0	0	1660168486116
2274	831	0	0	0	0	0	0	1660168487136
2274	830	0	0	0	0	0	0	1660168488156
2274	830	0	0	0	0	0	0	1660168489176
2274	830	0	0	0	0	0	0	1660168490196
2274	830	0	0	0	0	0	0	1660168491216
2274	830	0	0	0	0	0	0	1660168492236
2274	829	0	0	0	0	0	0	1660168493256
2274	829	0	0	0	0	0	0	1660168494276
2274	829	0	0	0	0	0	0	1660168495296
2273	829	0	0	0	0	0	0	1660168496316
2272	829	0	0	0	0	0	0	1660168497336
2270	829	0	0	0	0	0	0	1660168498356
2264	829	0	0	0	0	0	0	1660168499376
2260	829	0	0	0	0	0	0	1660168500396
2256	829	0	0	0	0	0	0	1660168501416
2253	829	0	0	0	0	0	0	1660168502436
2250	829	0	0	0	0	0	0	1660168503456
2248	829	0	0	0	0	0	0	1660168504476
2247	829	0	0	0	0	0	0	1660168505496
2246	829	0	0	0	0	0	0	1660168506516
2246	829	0	0	0	0	0	0	1660168507536
2246	829	0	0	0	0	0	0	1660168508556
2246	829	0	0	0	0	0	0	1660168509576
2246	829	0	0	0	0	0	0	1660168510596
2246	829	0	0	0	0	0	0	1660168511616
2246	829	0	0	0	0	0	0	1660168512636
2246	829	0	0	0	0	0	0	1660168513656
2246	829	0	0	0	0	0	0	1660168514676
2246	829	0	0	0	0	0	0	1660168515696
2246	829	0	0	0	0	0	0	1660168516716
2246	829	0	0	0	0	0	0	1660168517736
2246	829	0	0	0	0	0	0	1660168518756
2246	829	0	0	0	0	0	0	1660168519776
2246	829	0	0	0	0	0	0	1660168520796
2246	829	0	0	0	0	0	0	1660168521816
2246	829	0	0	0	0	0	0	1660168522836
2246	829	0	0	0	0	0	0	1660168523856
2246	829	0	0	0	0	0	0	1660168524876
2246	829	0	0	0	0	0	0	1660168525896
2246	829	0	0	0	0	0	0	1660168526916
2246	829	0	0	0	0	0	0	1660168527936
2246	829	0	0	0	0	0	0	1660168528956
2246	829	0	0	0	0	0	0	1660168529976
2246	829	0	0	0	0	0	0	1660168530996
2246	829	0	0	0	0	0	0	1660168532016
2246	829	0	0	0	0	0	0	1660168533036
2246	829	0	0	0	0	0	0	1660168534056
2246	829	0	0	0	0	0	0	1660168535076
2246	829	0	0	0	0	0	0	1660168536096
2246	829	0	0	0	0	0	0	1660168537116
2246	829	0	0	0	0	0	0	1660168538136
2246	829	0	0	0	0	0	0	1660168539156
2246	829	0	0	0	0	0	0	1660168540176
2244	829	0	0	0	0	0	0	1660168541196
2244	829	0	0	0	0	0	0	1660168542216
2242	829	0	0	0	0	0	0	1660168543236
2240	829	0	0	0	0	0	0	1660168544256
2236	829	0	0	0	0	0	0	1660168545276
2231	829	0	0	0	0	0	0	1660168546296
2228	829	0	0	0	0	0	0	1660168547316
2225	829	0	0	0	0	0	0	1660168548336
2223	829	0	0	0	0	0	0	1660168549356
2221	829	0	0	0	0	0	0	1660168550376
2220	829	0	0	0	0	0	0	1660168551396
2220	829	0	0	0	0	0	0	1660168552416
2219	829	0	0	0	0	0	0	1660168553436
2218	829	0	0	0	0	0	0	1660168554456
2218	829	0	0	0	0	0	0	1660168555476
2218	829	0	0	0	0	0	0	1660168556496
2218	829	0	0	0	0	0	0	1660168557516
2218	829	0	0	0	0	0	0	1660168558536
2218	829	0	0	0	0	0	0	1660168559556
2218	829	0	0	0	0	0	0	1660168560576
2218	829	0	0	0	0	0	0	1660168561596
2218	829	0	0	0	0	0	0	1660168562616
2218	829	0	0	0	0	0	0	1660168563636
2218	829	0	0	0	0	0	0	1660168564656
2218	829	0	0	0	0	0	0	1660168565676
2218	829	0	0	0	0	0	0	1660168566696
2218	829	0	0	0	0	0	0	1660168567716
2218	829	0	0	0	0	0	0	1660168568736
2218	829	0	0	0	0	0	0	1660168569756
2218	829	0	0	0	0	0	0	1660168570776
2218	829	0	0	0	0	0	0	1660168571796
2218	829	0	0	0	0	0	0	1660168572816
2218	829	0	0	0	0	0	0	1660168573836
2218	829	0	0	0	0	0	0	1660168574856
2218	829	0	0	0	0	0	0	1660168575876
2218	829	0	0	0	0	0	0	1660168576896
2218	829	0	0	0	0	0	0	1660168577916
2218	829	0	0	0	0	0	0	1660168578936
2218	829	0	0	0	0	0	0	1660168579956
2218	829	0	0	0	0	0	0	1660168580976
2218	829	0	0	0	0	0	0	1660168581996
2218	829	0	0	0	0	0	0	1660168583016
2218	829	0	0	0	0	0	0	1660168584036
2218	829	0	0	0	0	0	0	1660168585056
2218	829	0	0	0	0	0	0	1660168586076
2218	829	0	0	0	0	0	0	1660168587096
2218	829	0	0	0	0	0	0	1660168588116
2218	829	0	0	0	0	0	0	1660168589136
2218	829	0	0	0	0	0	0	1660168590156
2218	829	0	0	0	0	0	0	1660168591176
2218	829	0	0	0	0	0	0	1660168592196
2218	829	0	0	0	0	0	0	1660168593216
2218	829	0	0	0	0	0	0	1660168594236
2218	829	0	0	0	0	0	0	1660168595256
2218	829	0	0	0	0	0	0	1660168596276
2218	829	0	0	0	0	0	0	1660168597296
2218	829	0	0	0	0	0	0	1660168598316
2218	829	0	0	0	0	0	0	1660168599336
2218	829	0	0	0	0	0	0	1660168600356
2217	829	0	0	0	0	0	0	1660168601376
2213	829	0	0	0	0	0	0	1660168602396
2210	829	0	0	0	0	0	0	1660168603416
2212	829	0	0	0	0	0	0	1660168604436
2210	829	0	0	0	0	0	0	1660168605456
2208	829	0	0	0	0	0	0	1660168606476
2205	829	0	0	0	0	0	0	1660168607496
2207	829	0	0	0	0	0	0	1660168608516
2206	829	0	0	0	0	0	0	1660168609536
2210	829	0	0	0	0	0	0	1660168610556
2204	829	0	0	0	0	0	0	1660168611576
2200	829	0	0	0	0	0	0	1660168612596
2198	829	0	0	0	0	0	0	1660168613616
2195	829	0	0	0	0	0	0	1660168614636
2194	829	0	0	0	0	0	0	1660168615656
2193	829	0	0	0	0	0	0	1660168616676
2192	829	0	0	0	0	0	0	1660168617696
2192	829	0	0	0	0	0	0	1660168618716
2192	829	0	0	0	0	0	0	1660168619736
2191	829	0	0	0	0	0	0	1660168620756
2191	829	0	0	0	0	0	0	1660168621776
2190	829	0	0	0	0	0	0	1660168622796
2190	829	0	0	0	0	0	0	1660168623816
2190	829	0	0	0	0	0	0	1660168624836
2190	829	0	0	0	0	0	0	1660168625856
2190	829	0	0	0	0	0	0	1660168626876
2190	829	0	0	0	0	0	0	1660168627896
2190	829	0	0	0	0	0	0	1660168628916
2190	829	0	0	0	0	0	0	1660168629936
2190	829	0	0	0	0	0	0	1660168630956
2190	829	0	0	0	0	0	0	1660168631976
2190	829	0	0	0	0	0	0	1660168632996
2190	829	0	0	0	0	0	0	1660168634016
2190	829	0	0	0	0	0	0	1660168635036
2190	829	0	0	0	0	0	0	1660168636056
2190	829	0	0	0	0	0	0	1660168637076
2190	829	0	0	0	0	0	0	1660168638096
2190	829	0	0	0	0	0	0	1660168639116
2190	829	0	0	0	0	0	0	1660168640136
2190	829	0	0	0	0	0	0	1660168641156
2190	829	0	0	0	0	0	0	1660168642176
2190	829	0	0	0	0	0	0	1660168643196
2190	829	0	0	0	0	0	0	1660168644216
2190	829	0	0	0	0	0	0	1660168645236
2190	829	0	0	0	0	0	0	1660168646256
2190	829	0	0	0	0	0	0	1660168647276
2190	829	0	0	0	0	0	0	1660168648296
2190	829	0	0	0	0	0	0	1660168649316
2190	829	0	0	0	0	0	0	1660168650336
2190	829	0	0	0	0	0	0	1660168651356
2190	829	0	0	0	0	0	0	1660168652376
2190	829	0	0	0	0	0	0	1660168653396
2190	829	0	0	0	0	0	0	1660168654416
2190	829	0	0	0	0	0	0	1660168655436
2190	829	0	0	0	0	0	0	1660168656456
2190	829	0	0	0	0	0	0	1660168657476
2190	829	0	0	0	0	0	0	1660168658496
2190	829	0	0	0	0	0	0	1660168659516
2190	829	0	0	0	0	0	0	1660168660536
2190	829	0	0	0	0	0	0	1660168661556
2190	829	0	0	0	0	0	0	1660168662576
2190	829	0	0	0	0	0	0	1660168663596
2190	829	0	0	0	0	0	0	1660168664616
2190	829	0	0	0	0	0	0	1660168665636
2190	829	0	0	0	0	0	0	1660168666656
2190	829	0	0	0	0	0	0	1660168667676
2190	829	0	0	0	0	0	0	1660168668696
2190	829	0	0	0	0	0	0	1660168669716
2190	829	0	0	0	0	0	0	1660168670736
2190	829	0	0	0	0	0	0	1660168671756
2190	829	0	0	0	0	0	0	1660168672776
2190	829	0	0	0	0	0	0	1660168673796
2190	829	0	0	0	0	0	0	1660168674816
2190	829	0	0	0	0	0	0	1660168675836
2190	829	0	0	0	0	0	0	1660168676856
2190	829	0	0	0	0	0	0	1660168677876
2190	829	0	0	0	0	0	0	1660168678896
2190	829	0	0	0	0	0	0	1660168679916
2190	829	0	0	0	0	0	0	1660168680936
2190	829	0	0	0	0	0	0	1660168681956
2190	829	0	0	0	0	0	0	1660168682976
2190	829	0	0	0	0	0	0	1660168683996
2190	829	0	0	0	0	0	0	1660168685016
2190	829	0	0	0	0	0	0	1660168686036
2190	829	0	0	0	0	0	0	1660168687056
2190	829	0	0	0	0	0	0	1660168688076
2190	829	0	0	0	0	0	0	1660168689096
2190	829	0	0	0	0	0	0	1660168690116
2190	829	0	0	0	0	0	0	1660168691136
2190	829	0	0	0	0	0	0	1660168692156
2190	829	0	0	0	0	0	0	1660168693176
2190	829	0	0	0	0	0	0	1660168694196
2190	829	0	0	0	0	0	0	1660168695216
2190	829	0	0	0	0	0	0	1660168696236
2190	829	0	0	0	0	0	0	1660168697256
2190	829	0	0	0	0	0	0	1660168698276
2190	829	0	0	0	0	0	0	1660168699296
2190	829	0	0	0	0	0	0	1660168700316
2190	829	0	0	0	0	0	0	1660168701336
2190	829	0	0	0	0	0	0	1660168702356
2190	829	0	0	0	0	0	0	1660168703376
2190	829	0	0	0	0	0	0	1660168704396
2190	829	0	0	0	0	0	0	1660168705416
2190	829	0	0	0	0	0	0	1660168706436
2190	829	0	0	0	0	0	0	1660168707456
2190	829	0	0	0	0	0	0	1660168708476
2190	829	0	0	0	0	0	0	1660168709496
2190	828	0	0	0	0	0	0	1660168710516
2190	828	0	0	0	0	0	0	1660168711536
2190	828	0	0	0	0	0	0	1660168712556
2190	828	0	0	0	0	0	0	1660168713576
2190	828	0	0	0	0	0	0	1660168714596
2190	828	0	0	0	0	0	0	1660168715616
2189	828	0	0	0	0	0	0	1660168716636
2189	828	0	0	0	0	0	0	1660168717656
2189	828	0	0	0	0	0	0	1660168718676
2189	828	0	0	0	0	0	0	1660168719696
2189	828	0	0	0	0	0	0	1660168720716
2189	829	0	0	0	0	0	0	1660168721736
2189	829	0	0	0	0	0	0	1660168722756
2189	829	0	0	0	0	0	0	1660168723776
2189	829	0	0	0	0	0	0	1660168724796
2190	829	0	0	0	0	0	0	1660168725816
2190	829	0	0	0	0	0	0	1660168726836
2189	829	0	0	0	0	0	0	1660168727856
2189	829	0	0	0	0	0	0	1660168728876
2189	829	0	0	0	0	0	0	1660168729896
2189	829	0	0	0	0	0	0	1660168730916
2189	829	0	0	0	0	0	0	1660168731936
2189	829	0	0	0	0	0	0	1660168732956
2188	829	0	0	0	0	0	0	1660168733976
2188	829	0	0	0	0	0	0	1660168734996
2188	829	0	0	0	0	0	0	1660168736016
2188	829	0	0	0	0	0	0	1660168737036
2188	829	0	0	0	0	0	0	1660168738056
2188	829	0	0	0	0	0	0	1660168739076
2186	829	0	0	0	0	0	0	1660168740096
2184	829	0	0	0	0	0	0	1660168741116
2186	829	0	0	0	0	0	0	1660168742136
2185	829	0	0	0	0	0	0	1660168743156
2185	829	0	0	0	0	0	0	1660168744176
2184	829	0	0	0	0	0	0	1660168745196
2185	829	0	0	0	0	0	0	1660168746216
2181	829	0	0	0	0	0	0	1660168747236
2181	829	0	0	0	0	0	0	1660168748256
2180	829	0	0	0	0	0	0	1660168749276
2177	829	0	0	0	0	0	0	1660168750296
2172	828	0	0	0	0	0	0	1660168751316
2171	828	0	0	0	0	0	0	1660168752336
2168	828	0	0	0	0	0	0	1660168753356
2167	828	0	0	0	0	0	0	1660168754376
2166	828	0	0	0	0	0	0	1660168755396
2166	828	0	0	0	0	0	0	1660168756416
2165	829	0	0	0	0	0	0	1660168757436
2165	829	0	0	0	0	0	0	1660168758456
2164	829	0	0	0	0	0	0	1660168759476
2165	829	0	0	0	0	0	0	1660168760496
2167	829	0	0	0	0	0	0	1660168761516
2166	828	0	0	0	0	0	0	1660168762536
2165	828	0	0	0	0	0	0	1660168763556
2164	828	0	0	0	0	0	0	1660168764576
2163	827	0	0	0	0	0	0	1660168765596
2163	827	0	0	0	0	0	0	1660168766616
2163	827	0	0	0	0	0	0	1660168767636
2163	827	0	0	0	0	0	0	1660168768656
2163	827	0	0	0	0	0	0	1660168769676
2163	827	0	0	0	0	0	0	1660168770696
2163	828	0	0	0	0	0	0	1660168771716
2162	828	0	0	0	0	0	0	1660168772736
2162	828	0	0	0	0	0	0	1660168773756
2162	828	0	0	0	0	0	0	1660168774776
2162	828	0	0	0	0	0	0	1660168775796
2162	828	0	0	0	0	0	0	1660168776816
2162	828	0	0	0	0	0	0	1660168777836
2162	828	0	0	0	0	0	0	1660168778856
2162	828	0	0	0	0	0	0	1660168779876
2162	827	0	0	0	0	0	0	1660168780896
2162	826	0	0	0	0	0	0	1660168781916
2162	825	0	0	0	0	0	0	1660168782936
2162	823	0	0	0	0	0	0	1660168783956
2162	824	0	0	0	0	0	0	1660168784976
2162	823	0	0	0	0	0	0	1660168785996
2162	824	0	0	0	0	0	0	1660168787016
2162	823	0	0	0	0	0	0	1660168788036
2162	824	0	0	0	0	0	0	1660168789056
2162	825	0	0	0	0	0	0	1660168790076
2162	826	0	0	0	0	0	0	1660168791096
2162	826	0	0	0	0	0	0	1660168792116
2162	825	0	0	0	0	0	0	1660168793136
2162	822	0	0	0	0	0	0	1660168794156
2162	822	0	0	0	0	0	0	1660168795176
2162	821	0	0	0	0	0	0	1660168796196
2162	822	0	0	0	0	0	0	1660168797216
2162	822	0	0	0	0	0	0	1660168798236
2162	823	0	0	0	0	0	0	1660168799256
2162	824	0	0	0	0	0	0	1660168800276
2162	825	0	0	0	0	0	0	1660168801296
2162	824	0	0	0	0	0	0	1660168802316
2162	822	0	0	0	0	0	0	1660168803336
2162	820	0	0	0	0	0	0	1660168804356
2162	821	0	0	0	0	0	0	1660168805376
2162	821	0	0	0	0	0	0	1660168806396
2162	822	0	0	0	0	0	0	1660168807416
2162	822	0	0	0	0	0	0	1660168808436
2162	821	0	0	0	0	0	0	1660168809456
2162	822	0	0	0	0	0	0	1660168810476
2162	821	0	0	0	0	0	0	1660168811496
2162	821	0	0	0	0	0	0	1660168812516
2162	821	0	0	0	0	0	0	1660168813536
2162	823	0	0	0	0	0	0	1660168814556
2162	823	0	0	0	0	0	0	1660168815576
2162	822	0	0	0	0	0	0	1660168816596
2162	821	0	0	0	0	0	0	1660168817616
2162	820	0	0	0	0	0	0	1660168818636
2162	821	0	0	0	0	0	0	1660168819656
2162	821	0	0	0	0	0	0	1660168820676
2162	821	0	0	0	0	0	0	1660168821696
2162	820	0	0	0	0	0	0	1660168822716
2162	819	0	0	0	0	0	0	1660168823736
2162	820	0	0	0	0	0	0	1660168824756
2162	819	0	0	0	0	0	0	1660168825776
2162	826	0	0	0	0	0	0	1660168826796
2162	824	0	0	0	0	0	0	1660168827816
2162	820	0	0	0	0	0	0	1660168828836
2162	818	0	0	0	0	0	0	1660168829856
2162	815	0	0	0	0	0	0	1660168830876
2162	812	0	0	0	0	0	0	1660168831896
2162	811	0	0	0	0	0	0	1660168832916
2162	811	0	0	0	0	0	0	1660168833936
2162	811	0	0	0	0	0	0	1660168834956
2162	811	0	0	0	0	0	0	1660168835976
2162	811	0	0	0	0	0	0	1660168836996
2162	810	0	0	0	0	0	0	1660168838016
2162	811	0	0	0	0	0	0	1660168839036
2162	813	0	0	0	0	0	0	1660168840056
2162	813	0	0	0	0	0	0	1660168841076
2162	814	0	0	0	0	0	0	1660168842096
2162	813	0	0	0	0	0	0	1660168843116
2162	813	0	0	0	0	0	0	1660168844136
2162	814	0	0	0	0	0	0	1660168845156
2162	812	0	0	0	0	0	0	1660168846176
2162	812	0	0	0	0	0	0	1660168847196
2162	810	0	0	0	0	0	0	1660168848216
2162	811	0	0	0	0	0	0	1660168849236
2162	812	0	0	0	0	0	0	1660168850256
2162	819	0	0	0	0	0	0	1660168851276
2162	817	0	0	0	0	0	0	1660168852296
2162	817	0	0	0	0	0	0	1660168853316
2162	814	0	0	0	0	0	0	1660168854336
2162	812	0	0	0	0	0	0	1660168855356
2162	812	0	0	0	0	0	0	1660168856376
2162	812	0	0	0	0	0	0	1660168857396
2162	812	0	0	0	0	0	0	1660168858416
2162	811	0	0	0	0	0	0	1660168859436
2162	812	0	0	0	0	0	0	1660168860456
2162	811	0	0	0	0	0	0	1660168861476
2162	811	0	0	0	0	0	0	1660168862496
2162	811	0	0	0	0	0	0	1660168863516
2162	810	0	0	0	0	0	0	1660168864536
2162	810	0	0	0	0	0	0	1660168865556
2162	811	0	0	0	0	0	0	1660168866576
2162	809	0	0	0	0	0	0	1660168867596
2162	809	0	0	0	0	0	0	1660168868616
2162	809	0	0	0	0	0	0	1660168869636
2162	808	0	0	0	0	0	0	1660168870656
2162	808	0	0	0	0	0	0	1660168871676
2162	809	0	0	0	0	0	0	1660168872696
2162	811	0	0	0	0	0	0	1660168873716
2162	809	0	0	0	0	0	0	1660168874736
2162	808	0	0	0	0	0	0	1660168875756
2162	809	0	0	0	0	0	0	1660168876776
2162	809	0	0	0	0	0	0	1660168877796
2162	808	0	0	0	0	0	0	1660168878816
2162	807	0	0	0	0	0	0	1660168879836
2162	807	0	0	0	0	0	0	1660168880856
2162	807	0	0	0	0	0	0	1660168881876
2162	806	0	0	0	0	0	0	1660168882896
2162	804	0	0	0	0	0	0	1660168883916
2162	804	0	0	0	0	0	0	1660168884936
2162	805	0	0	0	0	0	0	1660168885956
2162	804	0	0	0	0	0	0	1660168886976
2162	803	0	0	0	0	0	0	1660168887996
2162	804	0	0	0	0	0	0	1660168889016
2162	804	0	0	0	0	0	0	1660168890036
2162	803	0	0	0	0	0	0	1660168891056
2162	802	0	0	0	0	0	0	1660168892076
2162	802	0	0	0	0	0	0	1660168893096
2162	802	0	0	0	0	0	0	1660168894116
2162	802	0	0	0	0	0	0	1660168895136
2162	802	0	0	0	0	0	0	1660168896156
2162	802	0	0	0	0	0	0	1660168897176
2162	802	0	0	0	0	0	0	1660168898196
2162	802	0	0	0	0	0	0	1660168899216
2162	802	0	0	0	0	0	0	1660168900236
2162	802	0	0	0	0	0	0	1660168901256
2162	802	0	0	0	0	0	0	1660168902276
2162	802	0	0	0	0	0	0	1660168903296
2162	802	0	0	0	0	0	0	1660168904316
2162	802	0	0	0	0	0	0	1660168905336
2162	802	0	0	0	0	0	0	1660168906356
2162	802	0	0	0	0	0	0	1660168907376
2162	801	0	0	0	0	0	0	1660168908396
2162	801	0	0	0	0	0	0	1660168909416
2162	801	0	0	0	0	0	0	1660168910436
2162	801	0	0	0	0	0	0	1660168911456
2162	801	0	0	0	0	0	0	1660168912476
2162	801	0	0	0	0	0	0	1660168913496
2162	801	0	0	0	0	0	0	1660168914516
2162	801	0	0	0	0	0	0	1660168915536
2162	801	0	0	0	0	0	0	1660168916556
2162	801	0	0	0	0	0	0	1660168917576
2162	801	0	0	0	0	0	0	1660168918596
2162	801	0	0	0	0	0	0	1660168919616
2162	801	0	0	0	0	0	0	1660168920636
2162	801	0	0	0	0	0	0	1660168921656
2162	801	0	0	0	0	0	0	1660168922676
2161	801	0	0	0	0	0	0	1660168923696
2161	801	0	0	0	0	0	0	1660168924716
2162	801	0	0	0	0	0	0	1660168925736
2162	801	0	0	0	0	0	0	1660168926756
2161	801	0	0	0	0	0	0	1660168927776
2159	801	0	0	0	0	0	0	1660168928796
2159	801	0	0	0	0	0	0	1660168929816
2159	801	0	0	0	0	0	0	1660168930836
2158	801	0	0	0	0	0	0	1660168931856
2157	801	0	0	0	0	0	0	1660168932876
2156	801	0	0	0	0	0	0	1660168933896
2157	801	0	0	0	0	0	0	1660168934916
2156	801	0	0	0	0	0	0	1660168935936
2156	801	0	0	0	0	0	0	1660168936956
2155	801	0	0	0	0	0	0	1660168937976
2155	801	0	0	0	0	0	0	1660168938996
2153	801	0	0	0	0	0	0	1660168940016
2151	801	0	0	0	0	0	0	1660168941036
2151	801	0	0	0	0	0	0	1660168942056
2149	801	0	0	0	0	0	0	1660168943076
2149	801	0	0	0	0	0	0	1660168944096
2149	801	0	0	0	0	0	0	1660168945116
2150	801	0	0	0	0	0	0	1660168946136
2149	801	0	0	0	0	0	0	1660168947156
2148	801	0	0	0	0	0	0	1660168948176
2148	801	0	0	0	0	0	0	1660168949196
2149	801	0	0	0	0	0	0	1660168950216
2148	801	0	0	0	0	0	0	1660168951236
2148	801	0	0	0	0	0	0	1660168952256
2149	801	0	0	0	0	0	0	1660168953276
2149	801	0	0	0	0	0	0	1660168954296
2149	801	0	0	0	0	0	0	1660168955316
2148	801	0	0	0	0	0	0	1660168956336
2148	801	0	0	0	0	0	0	1660168957356
2148	801	0	0	0	0	0	0	1660168958376
2146	801	0	0	0	0	0	0	1660168959396
2147	801	0	0	0	0	0	0	1660168960416
2145	801	0	0	0	0	0	0	1660168961436
2144	801	0	0	0	0	0	0	1660168962456
2143	801	0	0	0	0	0	0	1660168963476
2142	801	0	0	0	0	0	0	1660168964496
2141	801	0	0	0	0	0	0	1660168965516
2141	801	0	0	0	0	0	0	1660168966536
2141	801	0	0	0	0	0	0	1660168967556
2139	801	0	0	0	0	0	0	1660168968576
2138	801	0	0	0	0	0	0	1660168969596
2136	801	0	0	0	0	0	0	1660168970616
2135	801	0	0	0	0	0	0	1660168971636
2135	801	0	0	0	0	0	0	1660168972656
2135	801	0	0	0	0	0	0	1660168973676
2135	801	0	0	0	0	0	0	1660168974696
2135	801	0	0	0	0	0	0	1660168975716
2135	801	0	0	0	0	0	0	1660168976736
2135	801	0	0	0	0	0	0	1660168977756
2135	801	0	0	0	0	0	0	1660168978776
2135	801	0	0	0	0	0	0	1660168979796
2135	801	0	0	0	0	0	0	1660168980816
2135	801	0	0	0	0	0	0	1660168981836
2135	801	0	0	0	0	0	0	1660168982856
2134	801	0	0	0	0	0	0	1660168983876
2134	801	0	0	0	0	0	0	1660168984896
2134	801	0	0	0	0	0	0	1660168985916
2134	801	0	0	0	0	0	0	1660168986936
2134	801	0	0	0	0	0	0	1660168987956
2134	801	0	0	0	0	0	0	1660168988976
2134	801	0	0	0	0	0	0	1660168989996
2134	801	0	0	0	0	0	0	1660168991016
2134	801	0	0	0	0	0	0	1660168992036
2134	801	0	0	0	0	0	0	1660168993056
2134	801	0	0	0	0	0	0	1660168994076
2134	801	0	0	0	0	0	0	1660168995096
2134	801	0	0	0	0	0	0	1660168996116
2134	801	0	0	0	0	0	0	1660168997136
2134	801	0	0	0	0	0	0	1660168998156
2134	801	0	0	0	0	0	0	1660168999176
2134	801	0	0	0	0	0	0	1660169000196
2134	801	0	0	0	0	0	0	1660169001216
2134	801	0	0	0	0	0	0	1660169002236
2134	801	0	0	0	0	0	0	1660169003256
2134	801	0	0	0	0	0	0	1660169004276
2134	801	0	0	0	0	0	0	1660169005296
2134	801	0	0	0	0	0	0	1660169006316
2134	801	0	0	0	0	0	0	1660169007336
2134	801	0	0	0	0	0	0	1660169008356
2134	801	0	0	0	0	0	0	1660169009376
2134	801	0	0	0	0	0	0	1660169010396
2134	801	0	0	0	0	0	0	1660169011416
2134	801	0	0	0	0	0	0	1660169012436
2134	801	0	0	0	0	0	0	1660169013456
2134	801	0	0	0	0	0	0	1660169014476
2134	801	0	0	0	0	0	0	1660169015496
2134	801	0	0	0	0	0	0	1660169016516
2134	801	0	0	0	0	0	0	1660169017536
2134	801	0	0	0	0	0	0	1660169018556
2134	801	0	0	0	0	0	0	1660169019576
2134	801	0	0	0	0	0	0	1660169020596
2134	801	0	0	0	0	0	0	1660169021616
2134	801	0	0	0	0	0	0	1660169022636
2134	801	0	0	0	0	0	0	1660169023656
2134	801	0	0	0	0	0	0	1660169024676
2134	801	0	0	0	0	0	0	1660169025696
2134	801	0	0	0	0	0	0	1660169026716
2134	801	0	0	0	0	0	0	1660169027736
2135	801	0	0	0	0	0	0	1660169028756
2135	801	0	0	0	0	0	0	1660169029776
2135	801	0	0	0	0	0	0	1660169030796
2135	801	0	0	0	0	0	0	1660169031816
2134	801	0	0	0	0	0	0	1660169032836
2134	801	0	0	0	0	0	0	1660169033856
2134	801	0	0	0	0	0	0	1660169034876
2134	801	0	0	0	0	0	0	1660169035896
2134	801	0	0	0	0	0	0	1660169036916
2134	801	0	0	0	0	0	0	1660169037936
2134	801	0	0	0	0	0	0	1660169038956
2134	801	0	0	0	0	0	0	1660169039976
2134	801	0	0	0	0	0	0	1660169040996
2134	801	0	0	0	0	0	0	1660169042016
2134	801	0	0	0	0	0	0	1660169043036
2134	801	0	0	0	0	0	0	1660169044056
2134	801	0	0	0	0	0	0	1660169045076
2134	801	0	0	0	0	0	0	1660169046096
2134	801	0	0	0	0	0	0	1660169047116
2134	801	0	0	0	0	0	0	1660169048136
2134	801	0	0	0	0	0	0	1660169049156
2134	801	0	0	0	0	0	0	1660169050176
2134	801	0	0	0	0	0	0	1660169051196
2134	801	0	0	0	0	0	0	1660169052216
2134	801	0	0	0	0	0	0	1660169053236
2134	801	0	0	0	0	0	0	1660169054256
2134	801	0	0	0	0	0	0	1660169055276
2134	801	0	0	0	0	0	0	1660169056296
2134	801	0	0	0	0	0	0	1660169057316
2134	801	0	0	0	0	0	0	1660169058336
2134	801	0	0	0	0	0	0	1660169059356
2134	801	0	0	0	0	0	0	1660169060376
2134	801	0	0	0	0	0	0	1660169061396
2134	801	0	0	0	0	0	0	1660169062416
2134	801	0	0	0	0	0	0	1660169063436
2134	801	0	0	0	0	0	0	1660169064456
2134	801	0	0	0	0	0	0	1660169065476
2134	801	0	0	0	0	0	0	1660169066496
2134	801	0	0	0	0	0	0	1660169067516
2134	801	0	0	0	0	0	0	1660169068536
2134	801	0	0	0	0	0	0	1660169069556
2134	801	0	0	0	0	0	0	1660169070576
2134	801	0	0	0	0	0	0	1660169071596
2134	801	0	0	0	0	0	0	1660169072616
2134	801	0	0	0	0	0	0	1660169073636
2134	801	0	0	0	0	0	0	1660169074656
2134	801	0	0	0	0	0	0	1660169075676
2134	801	0	0	0	0	0	0	1660169076696
2134	801	0	0	0	0	0	0	1660169077716
2134	801	0	0	0	0	0	0	1660169078736
2134	801	0	0	0	0	0	0	1660169079756
2134	801	0	0	0	0	0	0	1660169080776
2134	801	0	0	0	0	0	0	1660169081796
2134	801	0	0	0	0	0	0	1660169082816
2134	801	0	0	0	0	0	0	1660169083836
2134	801	0	0	0	0	0	0	1660169084856
2134	801	0	0	0	0	0	0	1660169085876
2134	801	0	0	0	0	0	0	1660169086896
2134	801	0	0	0	0	0	0	1660169087916
2134	801	0	0	0	0	0	0	1660169088936
2134	801	0	0	0	0	0	0	1660169089956
2134	801	0	0	0	0	0	0	1660169090976
2134	801	0	0	0	0	0	0	1660169091996
2134	801	0	0	0	0	0	0	1660169093016
2134	801	0	0	0	0	0	0	1660169094036
2134	801	0	0	0	0	0	0	1660169095056
2134	801	0	0	0	0	0	0	1660169096076
2134	801	0	0	0	0	0	0	1660169097096
2134	801	0	0	0	0	0	0	1660169098116
2134	801	0	0	0	0	0	0	1660169099136
2134	801	0	0	0	0	0	0	1660169100156
2134	801	0	0	0	0	0	0	1660169101176
2134	801	0	0	0	0	0	0	1660169102196
2134	801	0	0	0	0	0	0	1660169103216
2134	801	0	0	0	0	0	0	1660169104236
2134	801	0	0	0	0	0	0	1660169105256
2134	801	0	0	0	0	0	0	1660169106276
2134	801	0	0	0	0	0	0	1660169107296
2134	801	0	0	0	0	0	0	1660169108316
2134	801	0	0	0	0	0	0	1660169109336
2134	801	0	0	0	0	0	0	1660169110356
2134	801	0	0	0	0	0	0	1660169111376
2134	801	0	0	0	0	0	0	1660169112396
2134	801	0	0	0	0	0	0	1660169113416
2134	801	0	0	0	0	0	0	1660169114436
2134	801	0	0	0	0	0	0	1660169115456
2134	801	0	0	0	0	0	0	1660169116476
2134	801	0	0	0	0	0	0	1660169117496
2134	801	0	0	0	0	0	0	1660169118516
2134	801	0	0	0	0	0	0	1660169119536
2134	801	0	0	0	0	0	0	1660169120556
2134	801	0	0	0	0	0	0	1660169121576
2134	801	0	0	0	0	0	0	1660169122596
2134	801	0	0	0	0	0	0	1660169123616
2134	801	0	0	0	0	0	0	1660169124636
2134	801	0	0	0	0	0	0	1660169125656
2134	801	0	0	0	0	0	0	1660169126676
2134	801	0	0	0	0	0	0	1660169127696
2134	801	0	0	0	0	0	0	1660169128716
2134	801	0	0	0	0	0	0	1660169129736
2134	801	0	0	0	0	0	0	1660169130756
2134	801	0	0	0	0	0	0	1660169131776
2134	801	0	0	0	0	0	0	1660169132796
2134	801	0	0	0	0	0	0	1660169133816
2134	801	0	0	0	0	0	0	1660169134836
2134	801	0	0	0	0	0	0	1660169135856
2134	801	0	0	0	0	0	0	1660169136876
2134	801	0	0	0	0	0	0	1660169137896
2134	801	0	0	0	0	0	0	1660169138916
2134	801	0	0	0	0	0	0	1660169139936
2134	801	0	0	0	0	0	0	1660169140956
2134	801	0	0	0	0	0	0	1660169141976
2134	801	0	0	0	0	0	0	1660169142996
2134	801	0	0	0	0	0	0	1660169144016
2134	801	0	0	0	0	0	0	1660169145036
2134	801	0	0	0	0	0	0	1660169146056
2134	801	0	0	0	0	0	0	1660169147076
2134	801	0	0	0	0	0	0	1660169148096
2134	801	0	0	0	0	0	0	1660169149116
2134	801	0	0	0	0	0	0	1660169150136
2134	801	0	0	0	0	0	0	1660169151156
2134	801	0	0	0	0	0	0	1660169152176
2134	801	0	0	0	0	0	0	1660169153196
2134	801	0	0	0	0	0	0	1660169154216
2134	801	0	0	0	0	0	0	1660169155236
2134	801	0	0	0	0	0	0	1660169156256
2134	801	0	0	0	0	0	0	1660169157276
2134	801	0	0	0	0	0	0	1660169158296
2134	801	0	0	0	0	0	0	1660169159316
2134	801	0	0	0	0	0	0	1660169160336
2134	801	0	0	0	0	0	0	1660169161356
2134	801	0	0	0	0	0	0	1660169162376
2134	801	0	0	0	0	0	0	1660169163396
2134	801	0	0	0	0	0	0	1660169164416
2134	801	0	0	0	0	0	0	1660169165436
2134	801	0	0	0	0	0	0	1660169166456
2134	801	0	0	0	0	0	0	1660169167476
2134	801	0	0	0	0	0	0	1660169168496
2134	801	0	0	0	0	0	0	1660169169516
2134	801	0	0	0	0	0	0	1660169170536
2134	801	0	0	0	0	0	0	1660169171556
2134	801	0	0	0	0	0	0	1660169172576
2134	801	0	0	0	0	0	0	1660169173596
2134	801	0	0	0	0	0	0	1660169174616
2134	801	0	0	0	0	0	0	1660169175636
2134	801	0	0	0	0	0	0	1660169176656
2134	801	0	0	0	0	0	0	1660169177676
2134	801	0	0	0	0	0	0	1660169178696
2134	801	0	0	0	0	0	0	1660169179716
2134	801	0	0	0	0	0	0	1660169180736
2134	801	0	0	0	0	0	0	1660169181756
2134	801	0	0	0	0	0	0	1660169182776
2134	801	0	0	0	0	0	0	1660169183796
2134	801	0	0	0	0	0	0	1660169184816
2134	801	0	0	0	0	0	0	1660169185836
2134	801	0	0	0	0	0	0	1660169186856
2134	801	0	0	0	0	0	0	1660169187876
2134	801	0	0	0	0	0	0	1660169188896
2134	801	0	0	0	0	0	0	1660169189916
2134	801	0	0	0	0	0	0	1660169190936
2134	801	0	0	0	0	0	0	1660169191956
2134	801	0	0	0	0	0	0	1660169192976
2134	801	0	0	0	0	0	0	1660169193996
2134	801	0	0	0	0	0	0	1660169195016
2134	801	0	0	0	0	0	0	1660169196036
2134	801	0	0	0	0	0	0	1660169197056
2134	801	0	0	0	0	0	0	1660169198076
2134	801	0	0	0	0	0	0	1660169199096
2134	801	0	0	0	0	0	0	1660169200116
2134	801	0	0	0	0	0	0	1660169201136
2134	801	0	0	0	0	0	0	1660169202156
2134	801	0	0	0	0	0	0	1660169203176
2134	801	0	0	0	0	0	0	1660169204196
2134	801	0	0	0	0	0	0	1660169205216
2134	801	0	0	0	0	0	0	1660169206236
2135	801	0	0	0	0	0	0	1660169207256
2135	801	0	0	0	0	0	0	1660169208276
2134	801	0	0	0	0	0	0	1660169209296
2134	801	0	0	0	0	0	0	1660169210316
2134	801	0	0	0	0	0	0	1660169211336
2134	801	0	0	0	0	0	0	1660169212356
2134	801	0	0	0	0	0	0	1660169213376
2134	801	0	0	0	0	0	0	1660169214396
2134	801	0	0	0	0	0	0	1660169215416
2134	801	0	0	0	0	0	0	1660169216436
2134	801	0	0	0	0	0	0	1660169217456
2134	801	0	0	0	0	0	0	1660169218476
2134	801	0	0	0	0	0	0	1660169219496
2134	801	0	0	0	0	0	0	1660169220516
2134	801	0	0	0	0	0	0	1660169221536
2134	801	0	0	0	0	0	0	1660169222556
2134	801	0	0	0	0	0	0	1660169223576
2134	801	0	0	0	0	0	0	1660169224596
2134	801	0	0	0	0	0	0	1660169225616
2134	801	0	0	0	0	0	0	1660169226636
2134	801	0	0	0	0	0	0	1660169227656
2134	801	0	0	0	0	0	0	1660169228676
2134	801	0	0	0	0	0	0	1660169229696
2134	801	0	0	0	0	0	0	1660169230716
2134	801	0	0	0	0	0	0	1660169231736
2134	801	0	0	0	0	0	0	1660169232756
2134	801	0	0	0	0	0	0	1660169233776
2134	801	0	0	0	0	0	0	1660169234796
2134	801	0	0	0	0	0	0	1660169235816
2134	801	0	0	0	0	0	0	1660169236836
2134	801	0	0	0	0	0	0	1660169237856
2134	801	0	0	0	0	0	0	1660169238876
2134	801	0	0	0	0	0	0	1660169239896
2134	801	0	0	0	0	0	0	1660169240916
2134	801	0	0	0	0	0	0	1660169241936
2134	801	0	0	0	0	0	0	1660169242956
2134	801	0	0	0	0	0	0	1660169243976
2134	801	0	0	0	0	0	0	1660169244996
2134	801	0	0	0	0	0	0	1660169246016
2134	801	0	0	0	0	0	0	1660169247036
2134	801	0	0	0	0	0	0	1660169248056
2134	801	0	0	0	0	0	0	1660169249076
2134	801	0	0	0	0	0	0	1660169250096
2134	801	0	0	0	0	0	0	1660169251116
2134	801	0	0	0	0	0	0	1660169252136
2134	801	0	0	0	0	0	0	1660169253156
2134	801	0	0	0	0	0	0	1660169254176
2134	801	0	0	0	0	0	0	1660169255196
2134	801	0	0	0	0	0	0	1660169256216
2134	801	0	0	0	0	0	0	1660169257236
2134	801	0	0	0	0	0	0	1660169258256
2134	801	0	0	0	0	0	0	1660169259276
2134	801	0	0	0	0	0	0	1660169260296
2134	801	0	0	0	0	0	0	1660169261316
2134	801	0	0	0	0	0	0	1660169262336
2134	801	0	0	0	0	0	0	1660169263356
2134	801	0	0	0	0	0	0	1660169264376
2134	801	0	0	0	0	0	0	1660169265396
2134	801	0	0	0	0	0	0	1660169266416
2134	801	0	0	0	0	0	0	1660169267436
2134	801	0	0	0	0	0	0	1660169268456
2134	801	0	0	0	0	0	0	1660169269476
2134	801	0	0	0	0	0	0	1660169270496
2134	801	0	0	0	0	0	0	1660169271516
2134	801	0	0	0	0	0	0	1660169272536
2134	801	0	0	0	0	0	0	1660169273556
2134	801	0	0	0	0	0	0	1660169274576
2134	801	0	0	0	0	0	0	1660169275596
2134	801	0	0	0	0	0	0	1660169276616
2134	801	0	0	0	0	0	0	1660169277636
2134	801	0	0	0	0	0	0	1660169278656
2134	801	0	0	0	0	0	0	1660169279676
2134	801	0	0	0	0	0	0	1660169280696
2134	801	0	0	0	0	0	0	1660169281716
2134	801	0	0	0	0	0	0	1660169282736
2134	801	0	0	0	0	0	0	1660169283756
2134	801	0	0	0	0	0	0	1660169284776
2134	801	0	0	0	0	0	0	1660169285796
2134	801	0	0	0	0	0	0	1660169286816
2134	801	0	0	0	0	0	0	1660169287836
2134	801	0	0	0	0	0	0	1660169288856
2134	801	0	0	0	0	0	0	1660169289876
2134	801	0	0	0	0	0	0	1660169290896
2134	801	0	0	0	0	0	0	1660169291916
2134	801	0	0	0	0	0	0	1660169292936
2134	801	0	0	0	0	0	0	1660169293956
2134	801	0	0	0	0	0	0	1660169294976
2134	801	0	0	0	0	0	0	1660169295996
2134	801	0	0	0	0	0	0	1660169297016
2134	801	0	0	0	0	0	0	1660169298036
2134	801	0	0	0	0	0	0	1660169299056
2134	801	0	0	0	0	0	0	1660169300076
2134	801	0	0	0	0	0	0	1660169301096
2134	801	0	0	0	0	0	0	1660169302116
2134	801	0	0	0	0	0	0	1660169303136
2134	801	0	0	0	0	0	0	1660169304156
2134	801	0	0	0	0	0	0	1660169305176
2134	801	0	0	0	0	0	0	1660169306196
2134	801	0	0	0	0	0	0	1660169307216
2134	801	0	0	0	0	0	0	1660169308236
2134	801	0	0	0	0	0	0	1660169309256
2134	801	0	0	0	0	0	0	1660169310276
2134	801	0	0	0	0	0	0	1660169311296
2134	801	0	0	0	0	0	0	1660169312316
2134	801	0	0	0	0	0	0	1660169313336
2134	801	0	0	0	0	0	0	1660169314356
2134	801	0	0	0	0	0	0	1660169315376
2134	801	0	0	0	0	0	0	1660169316396
2134	801	0	0	0	0	0	0	1660169317416
2134	801	0	0	0	0	0	0	1660169318436
2134	801	0	0	0	0	0	0	1660169319456
2134	801	0	0	0	0	0	0	1660169320476
2134	801	0	0	0	0	0	0	1660169321496
2134	801	0	0	0	0	0	0	1660169322516
2134	801	0	0	0	0	0	0	1660169323536
2134	801	0	0	0	0	0	0	1660169324556
2134	801	0	0	0	0	0	0	1660169325576
2134	801	0	0	0	0	0	0	1660169326596
2134	801	0	0	0	0	0	0	1660169327616
2134	801	0	0	0	0	0	0	1660169328636
2134	801	0	0	0	0	0	0	1660169329656
2134	801	0	0	0	0	0	0	1660169330676
2134	801	0	0	0	0	0	0	1660169331696
2134	801	0	0	0	0	0	0	1660169332716
2134	801	0	0	0	0	0	0	1660169333736
2134	801	0	0	0	0	0	0	1660169334756
2134	801	0	0	0	0	0	0	1660169335776
2134	801	0	0	0	0	0	0	1660169336796
2134	801	0	0	0	0	0	0	1660169337816
2134	801	0	0	0	0	0	0	1660169338836
2134	801	0	0	0	0	0	0	1660169339856
2134	801	0	0	0	0	0	0	1660169340876
2134	801	0	0	0	0	0	0	1660169341896
2134	801	0	0	0	0	0	0	1660169342916
2134	801	0	0	0	0	0	0	1660169343936
2134	801	0	0	0	0	0	0	1660169344956
2134	801	0	0	0	0	0	0	1660169345976
2134	801	0	0	0	0	0	0	1660169346996
2134	801	0	0	0	0	0	0	1660169348016
2134	801	0	0	0	0	0	0	1660169349036
2134	801	0	0	0	0	0	0	1660169350056
2134	801	0	0	0	0	0	0	1660169351076
2134	801	0	0	0	0	0	0	1660169352096
2134	801	0	0	0	0	0	0	1660169353116
2134	801	0	0	0	0	0	0	1660169354136
2134	801	0	0	0	0	0	0	1660169355156
2134	801	0	0	0	0	0	0	1660169356176
2134	801	0	0	0	0	0	0	1660169357196
2134	801	0	0	0	0	0	0	1660169358216
2134	801	0	0	0	0	0	0	1660169359236
2134	801	0	0	0	0	0	0	1660169360256
2134	801	0	0	0	0	0	0	1660169361276
2134	801	0	0	0	0	0	0	1660169362296
2134	801	0	0	0	0	0	0	1660169363316
2134	801	0	0	0	0	0	0	1660169364336
2134	801	0	0	0	0	0	0	1660169365356
2134	801	0	0	0	0	0	0	1660169366376
2134	801	0	0	0	0	0	0	1660169367396
2134	801	0	0	0	0	0	0	1660169368416
2134	801	0	0	0	0	0	0	1660169369436
2134	801	0	0	0	0	0	0	1660169370456
2134	801	0	0	0	0	0	0	1660169371476
2134	801	0	0	0	0	0	0	1660169372496
2134	801	0	0	0	0	0	0	1660169373516
2134	801	0	0	0	0	0	0	1660169374536
2134	801	0	0	0	0	0	0	1660169375556
2134	801	0	0	0	0	0	0	1660169376576
2134	801	0	0	0	0	0	0	1660169377596
2134	801	0	0	0	0	0	0	1660169378616
2134	801	0	0	0	0	0	0	1660169379636
2134	801	0	0	0	0	0	0	1660169380656
2134	801	0	0	0	0	0	0	1660169381676
2134	801	0	0	0	0	0	0	1660169382696
2134	801	0	0	0	0	0	0	1660169383716
2134	801	0	0	0	0	0	0	1660169384736
2134	801	0	0	0	0	0	0	1660169385756
2134	801	0	0	0	0	0	0	1660169386776
2134	801	0	0	0	0	0	0	1660169387796
2134	801	0	0	0	0	0	0	1660169388816
2134	801	0	0	0	0	0	0	1660169389836
2134	801	0	0	0	0	0	0	1660169390856
2134	801	0	0	0	0	0	0	1660169391876
2134	801	0	0	0	0	0	0	1660169392896
2134	801	0	0	0	0	0	0	1660169393916
2134	801	0	0	0	0	0	0	1660169394936
2134	801	0	0	0	0	0	0	1660169395956
2134	801	0	0	0	0	0	0	1660169396976
2134	801	0	0	0	0	0	0	1660169397996
2134	801	0	0	0	0	0	0	1660169399016
2134	801	0	0	0	0	0	0	1660169400036
2134	801	0	0	0	0	0	0	1660169401056
2134	801	0	0	0	0	0	0	1660169402076
2134	801	0	0	0	0	0	0	1660169403096
2134	801	0	0	0	0	0	0	1660169404116
2134	801	0	0	0	0	0	0	1660169405136
2134	801	0	0	0	0	0	0	1660169406156
2134	801	0	0	0	0	0	0	1660169407176
2134	801	0	0	0	0	0	0	1660169408196
2135	801	0	0	0	0	0	0	1660169409216
2135	801	0	0	0	0	0	0	1660169410236
2135	801	0	0	0	0	0	0	1660169411256
2135	801	0	0	0	0	0	0	1660169412276
2135	801	0	0	0	0	0	0	1660169413296
2135	801	0	0	0	0	0	0	1660169414316
2135	801	0	0	0	0	0	0	1660169415336
2135	801	0	0	0	0	0	0	1660169416356
2135	801	0	0	0	0	0	0	1660169417376
2135	801	0	0	0	0	0	0	1660169418396
2135	801	0	0	0	0	0	0	1660169419416
2135	801	0	0	0	0	0	0	1660169420436
2135	801	0	0	0	0	0	0	1660169421456
2135	801	0	0	0	0	0	0	1660169422476
2135	801	0	0	0	0	0	0	1660169423496
2135	801	0	0	0	0	0	0	1660169424516
2135	801	0	0	0	0	0	0	1660169425536
2135	801	0	0	0	0	0	0	1660169426556
2135	801	0	0	0	0	0	0	1660169427576
2135	801	0	0	0	0	0	0	1660169428596
2134	801	0	0	0	0	0	0	1660169429616
2134	801	0	0	0	0	0	0	1660169430636
2134	801	0	0	0	0	0	0	1660169431656
2134	801	0	0	0	0	0	0	1660169432676
2134	801	0	0	0	0	0	0	1660169433696
2134	801	0	0	0	0	0	0	1660169434716
2134	801	0	0	0	0	0	0	1660169435736
2134	801	0	0	0	0	0	0	1660169436756
2134	801	0	0	0	0	0	0	1660169437776
2134	801	0	0	0	0	0	0	1660169438796
2134	801	0	0	0	0	0	0	1660169439816
2134	801	0	0	0	0	0	0	1660169440836
2134	801	0	0	0	0	0	0	1660169441856
2134	801	0	0	0	0	0	0	1660169442876
2134	801	0	0	0	0	0	0	1660169443896
2134	801	0	0	0	0	0	0	1660169444916
2134	801	0	0	0	0	0	0	1660169445936
2134	801	0	0	0	0	0	0	1660169446956
2134	801	0	0	0	0	0	0	1660169447976
2134	801	0	0	0	0	0	0	1660169448996
2134	801	0	0	0	0	0	0	1660169450016
2134	801	0	0	0	0	0	0	1660169451036
2134	801	0	0	0	0	0	0	1660169452056
2134	801	0	0	0	0	0	0	1660169453076
2135	801	0	0	0	0	0	0	1660169454096
2135	801	0	0	0	0	0	0	1660169455116
2135	801	0	0	0	0	0	0	1660169456136
2135	801	0	0	0	0	0	0	1660169457156
2135	801	0	0	0	0	0	0	1660169458176
2135	801	0	0	0	0	0	0	1660169459196
2135	801	0	0	0	0	0	0	1660169460216
2135	801	0	0	0	0	0	0	1660169461236
