1812	1636	0	0	0	0	0	0	1660589784809
1808	1635	0	0	0	0	0	0	1660589785829
1805	1634	0	0	0	0	0	0	1660589786849
1804	1633	0	0	0	0	0	0	1660589787869
1803	1632	0	0	0	0	0	0	1660589788889
1802	1631	0	0	0	0	0	0	1660589789909
1802	1629	0	0	0	0	0	0	1660589790929
1802	1627	0	0	0	0	0	0	1660589791949
1802	1626	0	0	0	0	0	0	1660589792969
1802	1624	0	0	0	0	0	0	1660589793989
1801	1625	0	0	0	0	0	0	1660589795009
1799	1623	0	0	0	0	0	0	1660589796029
1798	1623	0	0	0	0	0	0	1660589797049
1791	1624	0	0	0	0	0	0	1660589798069
1785	1624	0	0	0	0	0	0	1660589799089
1781	1623	0	0	0	0	0	0	1660589800109
1779	1624	0	0	0	0	0	0	1660589801129
1778	1625	0	0	0	0	0	0	1660589802149
1777	1626	0	0	0	0	0	0	1660589803169
1776	1627	0	0	0	0	0	0	1660589804189
1776	1627	0	0	0	0	0	0	1660589805209
1776	1626	0	0	0	0	0	0	1660589806229
1776	1627	0	0	0	0	0	0	1660589807249
1776	1627	0	0	0	0	0	0	1660589808269
1776	1628	0	0	0	0	0	0	1660589809289
1775	1629	0	0	0	0	0	0	1660589810309
1775	1629	0	0	0	0	0	0	1660589811329
1775	1629	0	0	0	0	0	0	1660589812349
1775	1630	0	0	0	0	0	0	1660589813369
1775	1631	0	0	0	0	0	0	1660589814389
1775	1631	0	0	0	0	0	0	1660589815409
1775	1630	0	0	0	0	0	0	1660589816429
1775	1630	0	0	0	0	0	0	1660589817449
1775	1625	0	0	0	0	0	0	1660589818469
1775	1627	0	0	0	0	0	0	1660589819489
1775	1628	0	0	0	0	0	0	1660589820509
1775	1629	0	0	0	0	0	0	1660589821529
1775	1629	0	0	0	0	0	0	1660589822549
1775	1630	0	0	0	0	0	0	1660589823569
1775	1629	0	0	0	0	0	0	1660589824589
1775	1628	0	0	0	0	0	0	1660589825609
1775	1628	0	0	0	0	0	0	1660589826629
1775	1628	0	0	0	0	0	0	1660589827649
1775	1627	0	0	0	0	0	0	1660589828669
1774	1628	0	0	0	0	0	0	1660589829689
1774	1629	0	0	0	0	0	0	1660589830709
1774	1628	0	0	0	0	0	0	1660589831729
1774	1628	0	0	0	0	0	0	1660589832749
1774	1626	0	0	0	0	0	0	1660589833769
1774	1625	0	0	0	0	0	0	1660589834789
1774	1625	0	0	0	0	0	0	1660589835809
1774	1624	0	0	0	0	0	0	1660589836829
1774	1624	0	0	0	0	0	0	1660589837849
1774	1623	0	0	0	0	0	0	1660589838869
1774	1623	0	0	0	0	0	0	1660589839889
1774	1623	0	0	0	0	0	0	1660589840909
1774	1622	0	0	0	0	0	0	1660589841929
1774	1620	0	0	0	0	0	0	1660589842949
1774	1618	0	0	0	0	0	0	1660589843969
1774	1616	0	0	0	0	0	0	1660589844989
1774	1615	0	0	0	0	0	0	1660589846009
1774	1614	0	0	0	0	0	0	1660589847029
1774	1613	0	0	0	0	0	0	1660589848049
1774	1613	0	0	0	0	0	0	1660589849069
1774	1613	0	0	0	0	0	0	1660589850089
1774	1612	0	0	0	0	0	0	1660589851109
1774	1610	0	0	0	0	0	0	1660589852129
1774	1610	0	0	0	0	0	0	1660589853149
1775	1610	0	0	0	0	0	0	1660589854169
1775	1610	0	0	0	0	0	0	1660589855189
1775	1608	0	0	0	0	0	0	1660589856209
1775	1607	0	0	0	0	0	0	1660589857229
1775	1607	0	0	0	0	0	0	1660589858249
1775	1607	0	0	0	0	0	0	1660589859269
1775	1607	0	0	0	0	0	0	1660589860289
1775	1607	0	0	0	0	0	0	1660589861309
1775	1607	0	0	0	0	0	0	1660589862329
1775	1606	0	0	0	0	0	0	1660589863349
1775	1607	0	0	0	0	0	0	1660589864369
1775	1606	0	0	0	0	0	0	1660589865389
1775	1606	0	0	0	0	0	0	1660589866409
1775	1606	0	0	0	0	0	0	1660589867429
1775	1606	0	0	0	0	0	0	1660589868449
1775	1606	0	0	0	0	0	0	1660589869469
1775	1606	0	0	0	0	0	0	1660589870489
1775	1606	0	0	0	0	0	0	1660589871509
1775	1606	0	0	0	0	0	0	1660589872529
1775	1606	0	0	0	0	0	0	1660589873549
1775	1606	0	0	0	0	0	0	1660589874569
1775	1606	0	0	0	0	0	0	1660589875589
1775	1606	0	0	0	0	0	0	1660589876609
1775	1605	0	0	0	0	0	0	1660589877629
1775	1605	0	0	0	0	0	0	1660589878649
1775	1606	0	0	0	0	0	0	1660589879669
1775	1606	0	0	0	0	0	0	1660589880689
1775	1606	0	0	0	0	0	0	1660589881709
1775	1606	0	0	0	0	0	0	1660589882729
1775	1606	0	0	0	0	0	0	1660589883749
1775	1606	0	0	0	0	0	0	1660589884769
1775	1606	0	0	0	0	0	0	1660589885789
1775	1606	0	0	0	0	0	0	1660589886809
1775	1606	0	0	0	0	0	0	1660589887829
1775	1606	0	0	0	0	0	0	1660589888849
1775	1606	0	0	0	0	0	0	1660589889869
1775	1606	0	0	0	0	0	0	1660589890889
1774	1606	0	0	0	0	0	0	1660589891909
1774	1606	0	0	0	0	0	0	1660589892929
1774	1606	0	0	0	0	0	0	1660589893949
1774	1606	0	0	0	0	0	0	1660589894969
1774	1606	0	0	0	0	0	0	1660589895989
1774	1606	0	0	0	0	0	0	1660589897009
1774	1606	0	0	0	0	0	0	1660589898029
1774	1606	0	0	0	0	0	0	1660589899049
1774	1606	0	0	0	0	0	0	1660589900069
1774	1606	0	0	0	0	0	0	1660589901089
1774	1606	0	0	0	0	0	0	1660589902109
1774	1606	0	0	0	0	0	0	1660589903129
1774	1606	0	0	0	0	0	0	1660589904149
1774	1606	0	0	0	0	0	0	1660589905169
1774	1606	0	0	0	0	0	0	1660589906189
1774	1606	0	0	0	0	0	0	1660589907209
1774	1606	0	0	0	0	0	0	1660589908229
1774	1606	0	0	0	0	0	0	1660589909249
1774	1606	0	0	0	0	0	0	1660589910269
1774	1606	0	0	0	0	0	0	1660589911289
1774	1606	0	0	0	0	0	0	1660589912309
1774	1606	0	0	0	0	0	0	1660589913329
1774	1606	0	0	0	0	0	0	1660589914349
1774	1606	0	0	0	0	0	0	1660589915369
1774	1606	0	0	0	0	0	0	1660589916389
1775	1606	0	0	0	0	0	0	1660589917409
1775	1606	0	0	0	0	0	0	1660589918429
1775	1606	0	0	0	0	0	0	1660589919449
1775	1606	0	0	0	0	0	0	1660589920469
1774	1606	0	0	0	0	0	0	1660589921489
1774	1606	0	0	0	0	0	0	1660589922509
1774	1605	0	0	0	0	0	0	1660589923529
1774	1605	0	0	0	0	0	0	1660589924549
1774	1605	0	0	0	0	0	0	1660589925569
1774	1605	0	0	0	0	0	0	1660589926589
1774	1605	0	0	0	0	0	0	1660589927609
1774	1605	0	0	0	0	0	0	1660589928629
1774	1605	0	0	0	0	0	0	1660589929649
1774	1605	0	0	0	0	0	0	1660589930669
1774	1605	0	0	0	0	0	0	1660589931689
1774	1605	0	0	0	0	0	0	1660589932709
1774	1605	0	0	0	0	0	0	1660589933729
1774	1605	0	0	0	0	0	0	1660589934749
1774	1605	0	0	0	0	0	0	1660589935769
1774	1605	0	0	0	0	0	0	1660589936789
1774	1605	0	0	0	0	0	0	1660589937809
1774	1605	0	0	0	0	0	0	1660589938829
1774	1605	0	0	0	0	0	0	1660589939849
1774	1605	0	0	0	0	0	0	1660589940869
1774	1605	0	0	0	0	0	0	1660589941889
1774	1605	0	0	0	0	0	0	1660589942909
1774	1605	0	0	0	0	0	0	1660589943929
1774	1605	0	0	0	0	0	0	1660589944949
1774	1605	0	0	0	0	0	0	1660589945969
1774	1605	0	0	0	0	0	0	1660589946989
1841	1611	0	0	0	0	0	0	1660589948009
1882	1620	0	0	0	0	0	0	1660589949029
1906	1625	0	0	0	0	0	0	1660589950049
1921	1628	0	0	0	0	0	0	1660589951069
1929	1630	0	0	0	0	0	0	1660589952089
1934	1632	0	0	0	0	0	0	1660589953109
1938	1632	0	0	0	0	0	0	1660589954129
1940	1630	0	0	0	0	0	0	1660589955149
1941	1631	0	0	0	0	0	0	1660589956169
1941	1632	0	0	0	0	0	0	1660589957189
1942	1632	0	0	0	0	0	0	1660589958209
1942	1633	0	0	0	0	0	0	1660589959229
1942	1633	0	0	0	0	0	0	1660589960249
1942	1633	0	0	0	0	0	0	1660589961269
1942	1633	0	0	0	0	0	0	1660589962289
1942	1633	0	0	0	0	0	0	1660589963309
1943	1633	0	0	0	0	0	0	1660589964329
1943	1633	0	0	0	0	0	0	1660589965349
1943	1633	0	0	0	0	0	0	1660589966369
1943	1633	0	0	0	0	0	0	1660589967389
1943	1633	0	0	0	0	0	0	1660589968409
1943	1633	0	0	0	0	0	0	1660589969429
1943	1633	0	0	0	0	0	0	1660589970449
1943	1646	0	0	0	0	0	0	1660589971469
1943	1641	0	0	0	0	0	0	1660589972489
1943	1638	0	0	0	0	0	0	1660589973509
1943	1636	0	0	0	0	0	0	1660589974529
1943	1635	0	0	0	0	0	0	1660589975549
1943	1634	0	0	0	0	0	0	1660589976569
1944	1634	0	0	0	0	0	0	1660589977589
1943	1634	0	0	0	0	0	0	1660589978609
1944	1634	0	0	0	0	0	0	1660589979629
1944	1634	0	0	0	0	0	0	1660589980649
1945	1634	0	0	0	0	0	0	1660589981669
1946	1634	0	0	0	0	0	0	1660589982689
1945	1634	0	0	0	0	0	0	1660589983709
1944	1634	0	0	0	0	0	0	1660589984729
1943	1634	0	0	0	0	0	0	1660589985749
1944	1634	0	0	0	0	0	0	1660589986769
1944	1634	0	0	0	0	0	0	1660589987789
1945	1634	0	0	0	0	0	0	1660589988809
1946	1634	0	0	0	0	0	0	1660589989829
1947	1633	0	0	0	0	0	0	1660589990849
1951	1633	0	0	0	0	0	0	1660589991869
1955	1633	0	0	0	0	0	0	1660589992889
1957	1633	0	0	0	0	0	0	1660589993909
1956	1633	0	0	0	0	0	0	1660589994929
1951	1633	0	0	0	0	0	0	1660589995949
1948	1633	0	0	0	0	0	0	1660589996969
1945	1633	0	0	0	0	0	0	1660589997989
1944	1633	0	0	0	0	0	0	1660589999009
1943	1633	0	0	0	0	0	0	1660590000029
1943	1633	0	0	0	0	0	0	1660590001049
1943	1633	0	0	0	0	0	0	1660590002069
1942	1633	0	0	0	0	0	0	1660590003089
1942	1633	0	0	0	0	0	0	1660590004109
1942	1633	0	0	0	0	0	0	1660590005129
1942	1633	0	0	0	0	0	0	1660590006149
1941	1633	0	0	0	0	0	0	1660590007169
1941	1633	0	0	0	0	0	0	1660590008189
1942	1633	0	0	0	0	0	0	1660590009209
1942	1633	0	0	0	0	0	0	1660590010229
1942	1633	0	0	0	0	0	0	1660590011249
1943	1633	0	0	0	0	0	0	1660590012269
1943	1633	0	0	0	0	0	0	1660590013289
1943	1633	0	0	0	0	0	0	1660590014309
1943	1633	0	0	0	0	0	0	1660590015329
1943	1633	0	0	0	0	0	0	1660590016349
1942	1633	0	0	0	0	0	0	1660590017369
1942	1633	0	0	0	0	0	0	1660590018389
1942	1633	0	0	0	0	0	0	1660590019409
1942	1633	0	0	0	0	0	0	1660590020429
1942	1633	0	0	0	0	0	0	1660590021449
1942	1633	0	0	0	0	0	0	1660590022469
1942	1633	0	0	0	0	0	0	1660590023489
1943	1633	0	0	0	0	0	0	1660590024509
1943	1633	0	0	0	0	0	0	1660590025529
1943	1633	0	0	0	0	0	0	1660590026549
1943	1633	0	0	0	0	0	0	1660590027569
1943	1633	0	0	0	0	0	0	1660590028589
1943	1633	0	0	0	0	0	0	1660590029609
1943	1633	0	0	0	0	0	0	1660590030629
1943	1633	0	0	0	0	0	0	1660590031649
1943	1633	0	0	0	0	0	0	1660590032669
1943	1633	0	0	0	0	0	0	1660590033689
1946	1633	0	0	0	0	0	0	1660590034709
1947	1633	0	0	0	0	0	0	1660590035729
1951	1633	0	0	0	0	0	0	1660590036749
1954	1633	0	0	0	0	0	0	1660590037769
1955	1633	0	0	0	0	0	0	1660590038789
1958	1633	0	0	0	0	0	0	1660590039809
1958	1633	0	0	0	0	0	0	1660590040829
1960	1633	0	0	0	0	0	0	1660590041849
1963	1633	0	0	0	0	0	0	1660590042869
1965	1633	0	0	0	0	0	0	1660590043889
1966	1633	0	0	0	0	0	0	1660590044909
1968	1633	0	0	0	0	0	0	1660590045929
1968	1633	0	0	0	0	0	0	1660590046949
1968	1633	0	0	0	0	0	0	1660590047969
1969	1632	0	0	0	0	0	0	1660590048989
1969	1632	0	0	0	0	0	0	1660590050009
1969	1632	0	0	0	0	0	0	1660590051029
1970	1632	0	0	0	0	0	0	1660590052049
1970	1632	0	0	0	0	0	0	1660590053069
1970	1632	0	0	0	0	0	0	1660590054089
1971	1632	0	0	0	0	0	0	1660590055109
1971	1631	0	0	0	0	0	0	1660590056129
1971	1631	0	0	0	0	0	0	1660590057149
1971	1630	0	0	0	0	0	0	1660590058169
1971	1630	0	0	0	0	0	0	1660590059189
1970	1628	0	0	0	0	0	0	1660590060209
1970	1629	0	0	0	0	0	0	1660590061229
1970	1628	0	0	0	0	0	0	1660590062249
1970	1627	0	0	0	0	0	0	1660590063269
1970	1625	0	0	0	0	0	0	1660590064289
1970	1623	0	0	0	0	0	0	1660590065309
1971	1621	0	0	0	0	0	0	1660590066329
1971	1617	0	0	0	0	0	0	1660590067349
1971	1616	0	0	0	0	0	0	1660590068369
1970	1614	0	0	0	0	0	0	1660590069389
1970	1614	0	0	0	0	0	0	1660590070409
1970	1612	0	0	0	0	0	0	1660590071429
1970	1610	0	0	0	0	0	0	1660590072449
1971	1605	0	0	0	0	0	0	1660590073469
1971	1606	0	0	0	0	0	0	1660590074489
1971	1607	0	0	0	0	0	0	1660590075509
1971	1607	0	0	0	0	0	0	1660590076529
1970	1607	0	0	0	0	0	0	1660590077549
1970	1607	0	0	0	0	0	0	1660590078569
1970	1606	0	0	0	0	0	0	1660590079589
1970	1606	0	0	0	0	0	0	1660590080609
1970	1606	0	0	0	0	0	0	1660590081629
1970	1606	0	0	0	0	0	0	1660590082649
1970	1606	0	0	0	0	0	0	1660590083669
1970	1606	0	0	0	0	0	0	1660590084689
1970	1606	0	0	0	0	0	0	1660590085709
1971	1606	0	0	0	0	0	0	1660590086729
1971	1606	0	0	0	0	0	0	1660590087749
1971	1606	0	0	0	0	0	0	1660590088769
1971	1606	0	0	0	0	0	0	1660590089789
1970	1606	0	0	0	0	0	0	1660590090809
1970	1606	0	0	0	0	0	0	1660590091829
1970	1606	0	0	0	0	0	0	1660590092849
1971	1606	0	0	0	0	0	0	1660590093869
1971	1606	0	0	0	0	0	0	1660590094889
1971	1606	0	0	0	0	0	0	1660590095909
1971	1606	0	0	0	0	0	0	1660590096929
1971	1606	0	0	0	0	0	0	1660590097949
1971	1606	0	0	0	0	0	0	1660590098969
1971	1606	0	0	0	0	0	0	1660590099989
1971	1606	0	0	0	0	0	0	1660590101009
1972	1606	0	0	0	0	0	0	1660590102029
1972	1606	0	0	0	0	0	0	1660590103049
1973	1606	0	0	0	0	0	0	1660590104069
1974	1606	0	0	0	0	0	0	1660590105089
1975	1606	0	0	0	0	0	0	1660590106109
1975	1606	0	0	0	0	0	0	1660590107129
1974	1606	0	0	0	0	0	0	1660590108149
1973	1606	0	0	0	0	0	0	1660590109169
1972	1606	0	0	0	0	0	0	1660590110189
1973	1606	0	0	0	0	0	0	1660590111209
1973	1606	0	0	0	0	0	0	1660590112229
1972	1606	0	0	0	0	0	0	1660590113249
1972	1606	0	0	0	0	0	0	1660590114269
2036	1613	0	0	0	0	0	0	1660590115289
2279	1624	0	0	0	0	0	0	1660590116309
2381	1628	0	0	0	0	0	0	1660590117329
2438	1630	0	0	0	0	0	0	1660590118349
2465	1631	0	0	0	0	0	0	1660590119369
2481	1632	0	0	0	0	0	0	1660590120389
2490	1632	0	0	0	0	0	0	1660590121409
2496	1632	0	0	0	0	0	0	1660590122429
2499	1633	0	0	0	0	0	0	1660590123449
2501	1633	0	0	0	0	0	0	1660590124469
2501	1633	0	0	0	0	0	0	1660590125489
2501	1633	0	0	0	0	0	0	1660590126509
2500	1633	0	0	0	0	0	0	1660590127529
2495	1633	0	0	0	0	0	0	1660590128549
2489	1633	0	0	0	0	0	0	1660590129569
2483	1633	0	0	0	0	0	0	1660590130589
2480	1633	0	0	0	0	0	0	1660590131609
2479	1633	0	0	0	0	0	0	1660590132629
2478	1633	0	0	0	0	0	0	1660590133649
2477	1633	0	0	0	0	0	0	1660590134669
2477	1633	0	0	0	0	0	0	1660590135689
2477	1633	0	0	0	0	0	0	1660590136709
2477	1630	0	0	0	0	0	0	1660590137729
2476	1630	0	0	0	0	0	0	1660590138749
2467	1631	0	0	0	0	0	0	1660590139769
2460	1632	0	0	0	0	0	0	1660590140789
2456	1632	0	0	0	0	0	0	1660590141809
2452	1632	0	0	0	0	0	0	1660590142829
2450	1632	0	0	0	0	0	0	1660590143849
2449	1633	0	0	0	0	0	0	1660590144869
2448	1633	0	0	0	0	0	0	1660590145889
2448	1633	0	0	0	0	0	0	1660590146909
2448	1633	0	0	0	0	0	0	1660590147929
2440	1633	0	0	0	0	0	0	1660590148949
2433	1633	0	0	0	0	0	0	1660590149969
2429	1633	0	0	0	0	0	0	1660590150989
2426	1633	0	0	0	0	0	0	1660590152009
2423	1633	0	0	0	0	0	0	1660590153029
2422	1634	0	0	0	0	0	0	1660590154049
2394	1634	0	0	0	0	0	0	1660590155069
2404	1634	0	0	0	0	0	0	1660590156089
2411	1634	0	0	0	0	0	0	1660590157109
2414	1634	0	0	0	0	0	0	1660590158129
2416	1634	0	0	0	0	0	0	1660590159149
2418	1633	0	0	0	0	0	0	1660590160169
2418	1633	0	0	0	0	0	0	1660590161189
2419	1633	0	0	0	0	0	0	1660590162209
2419	1634	0	0	0	0	0	0	1660590163229
2419	1634	0	0	0	0	0	0	1660590164249
2420	1634	0	0	0	0	0	0	1660590165269
2420	1634	0	0	0	0	0	0	1660590166289
2420	1634	0	0	0	0	0	0	1660590167309
2420	1634	0	0	0	0	0	0	1660590168329
2420	1634	0	0	0	0	0	0	1660590169349
2420	1634	0	0	0	0	0	0	1660590170369
2420	1634	0	0	0	0	0	0	1660590171389
2420	1634	0	0	0	0	0	0	1660590172409
2420	1634	0	0	0	0	0	0	1660590173429
2420	1634	0	0	0	0	0	0	1660590174449
2420	1634	0	0	0	0	0	0	1660590175469
2420	1634	0	0	0	0	0	0	1660590176489
2419	1634	0	0	0	0	0	0	1660590177509
2419	1634	0	0	0	0	0	0	1660590178529
2419	1634	0	0	0	0	0	0	1660590179549
2419	1634	0	0	0	0	0	0	1660590180569
2419	1634	0	0	0	0	0	0	1660590181589
2419	1634	0	0	0	0	0	0	1660590182609
2419	1634	0	0	0	0	0	0	1660590183629
2419	1634	0	0	0	0	0	0	1660590184649
2419	1634	0	0	0	0	0	0	1660590185669
2419	1634	0	0	0	0	0	0	1660590186689
2419	1634	0	0	0	0	0	0	1660590187709
2419	1634	0	0	0	0	0	0	1660590188729
2420	1634	0	0	0	0	0	0	1660590189749
2420	1633	0	0	0	0	0	0	1660590190769
2420	1633	0	0	0	0	0	0	1660590191789
2420	1633	0	0	0	0	0	0	1660590192809
2420	1633	0	0	0	0	0	0	1660590193829
2420	1633	0	0	0	0	0	0	1660590194849
2419	1633	0	0	0	0	0	0	1660590195869
2420	1633	0	0	0	0	0	0	1660590196889
2420	1633	0	0	0	0	0	0	1660590197909
2420	1633	0	0	0	0	0	0	1660590198929
2420	1633	0	0	0	0	0	0	1660590199949
2421	1633	0	0	0	0	0	0	1660590200969
2421	1633	0	0	0	0	0	0	1660590201989
2420	1633	0	0	0	0	0	0	1660590203009
2420	1633	0	0	0	0	0	0	1660590204029
2420	1633	0	0	0	0	0	0	1660590205049
2421	1633	0	0	0	0	0	0	1660590206069
2421	1633	0	0	0	0	0	0	1660590207089
2422	1632	0	0	0	0	0	0	1660590208109
2421	1630	0	0	0	0	0	0	1660590209129
2422	1629	0	0	0	0	0	0	1660590210149
2421	1630	0	0	0	0	0	0	1660590211169
2421	1630	0	0	0	0	0	0	1660590212189
2421	1629	0	0	0	0	0	0	1660590213209
2421	1630	0	0	0	0	0	0	1660590214229
2420	1630	0	0	0	0	0	0	1660590215249
2420	1630	0	0	0	0	0	0	1660590216269
2420	1626	0	0	0	0	0	0	1660590217289
2420	1622	0	0	0	0	0	0	1660590218309
2421	1620	0	0	0	0	0	0	1660590219329
2420	1618	0	0	0	0	0	0	1660590220349
2420	1617	0	0	0	0	0	0	1660590221369
2420	1616	0	0	0	0	0	0	1660590222389
2419	1616	0	0	0	0	0	0	1660590223409
2420	1615	0	0	0	0	0	0	1660590224429
2422	1614	0	0	0	0	0	0	1660590225449
2424	1614	0	0	0	0	0	0	1660590226469
2423	1613	0	0	0	0	0	0	1660590227489
2425	1611	0	0	0	0	0	0	1660590228509
2427	1611	0	0	0	0	0	0	1660590229529
2428	1609	0	0	0	0	0	0	1660590230549
2431	1609	0	0	0	0	0	0	1660590231569
2433	1609	0	0	0	0	0	0	1660590232589
2437	1608	0	0	0	0	0	0	1660590233609
2436	1608	0	0	0	0	0	0	1660590234629
2438	1607	0	0	0	0	0	0	1660590235649
2439	1607	0	0	0	0	0	0	1660590236669
2438	1606	0	0	0	0	0	0	1660590237689
2440	1606	0	0	0	0	0	0	1660590238709
2442	1606	0	0	0	0	0	0	1660590239729
2444	1606	0	0	0	0	0	0	1660590240749
2443	1606	0	0	0	0	0	0	1660590241769
2436	1606	0	0	0	0	0	0	1660590242789
2430	1606	0	0	0	0	0	0	1660590243809
2427	1606	0	0	0	0	0	0	1660590244829
2424	1606	0	0	0	0	0	0	1660590245849
2423	1606	0	0	0	0	0	0	1660590246869
2421	1606	0	0	0	0	0	0	1660590247889
2422	1606	0	0	0	0	0	0	1660590248909
2423	1606	0	0	0	0	0	0	1660590249929
2426	1606	0	0	0	0	0	0	1660590250949
2431	1606	0	0	0	0	0	0	1660590251969
2437	1606	0	0	0	0	0	0	1660590252989
2439	1606	0	0	0	0	0	0	1660590254009
2442	1606	0	0	0	0	0	0	1660590255029
2442	1606	0	0	0	0	0	0	1660590256049
2435	1606	0	0	0	0	0	0	1660590257069
2439	1606	0	0	0	0	0	0	1660590258089
2437	1606	0	0	0	0	0	0	1660590259109
2436	1606	0	0	0	0	0	0	1660590260129
2436	1606	0	0	0	0	0	0	1660590261149
2436	1606	0	0	0	0	0	0	1660590262169
2434	1606	0	0	0	0	0	0	1660590263189
2437	1606	0	0	0	0	0	0	1660590264209
2438	1606	0	0	0	0	0	0	1660590265229
2438	1606	0	0	0	0	0	0	1660590266249
2438	1606	0	0	0	0	0	0	1660590267269
2439	1605	0	0	0	0	0	0	1660590268289
2439	1605	0	0	0	0	0	0	1660590269309
2441	1605	0	0	0	0	0	0	1660590270329
2443	1605	0	0	0	0	0	0	1660590271349
2444	1605	0	0	0	0	0	0	1660590272369
2444	1605	0	0	0	0	0	0	1660590273389
2445	1605	0	0	0	0	0	0	1660590274409
2444	1605	0	0	0	0	0	0	1660590275429
2445	1605	0	0	0	0	0	0	1660590276449
2446	1605	0	0	0	0	0	0	1660590277469
2447	1605	0	0	0	0	0	0	1660590278489
2447	1605	0	0	0	0	0	0	1660590279509
2447	1605	0	0	0	0	0	0	1660590280529
2446	1605	0	0	0	0	0	0	1660590281549
2446	1605	0	0	0	0	0	0	1660590282569
2446	1605	0	0	0	0	0	0	1660590283589
2445	1605	0	0	0	0	0	0	1660590284609
2445	1605	0	0	0	0	0	0	1660590285629
2445	1605	0	0	0	0	0	0	1660590286649
2446	1605	0	0	0	0	0	0	1660590287669
2447	1605	0	0	0	0	0	0	1660590288689
2448	1605	0	0	0	0	0	0	1660590289709
2448	1605	0	0	0	0	0	0	1660590290729
2448	1605	0	0	0	0	0	0	1660590291749
2448	1605	0	0	0	0	0	0	1660590292769
2448	1605	0	0	0	0	0	0	1660590293789
2448	1605	0	0	0	0	0	0	1660590294809
2448	1605	0	0	0	0	0	0	1660590295829
2448	1605	0	0	0	0	0	0	1660590296849
2448	1605	0	0	0	0	0	0	1660590297869
2448	1605	0	0	0	0	0	0	1660590298889
2448	1605	0	0	0	0	0	0	1660590299909
2448	1605	0	0	0	0	0	0	1660590300929
2448	1605	0	0	0	0	0	0	1660590301949
2448	1605	0	0	0	0	0	0	1660590302969
2448	1605	0	0	0	0	0	0	1660590303989
2448	1605	0	0	0	0	0	0	1660590305009
2448	1605	0	0	0	0	0	0	1660590306029
2447	1605	0	0	0	0	0	0	1660590307049
2447	1605	0	0	0	0	0	0	1660590308069
2447	1605	0	0	0	0	0	0	1660590309089
2447	1605	0	0	0	0	0	0	1660590310109
2447	1605	0	0	0	0	0	0	1660590311129
2447	1605	0	0	0	0	0	0	1660590312149
2447	1605	0	0	0	0	0	0	1660590313169
2448	1605	0	0	0	0	0	0	1660590314189
2448	1605	0	0	0	0	0	0	1660590315209
2447	1605	0	0	0	0	0	0	1660590316229
2448	1605	0	0	0	0	0	0	1660590317249
2448	1605	0	0	0	0	0	0	1660590318269
2448	1605	0	0	0	0	0	0	1660590319289
2448	1605	0	0	0	0	0	0	1660590320309
2448	1605	0	0	0	0	0	0	1660590321329
2448	1605	0	0	0	0	0	0	1660590322349
2448	1605	0	0	0	0	0	0	1660590323369
2448	1605	0	0	0	0	0	0	1660590324389
2448	1605	0	0	0	0	0	0	1660590325409
2448	1605	0	0	0	0	0	0	1660590326429
2448	1605	0	0	0	0	0	0	1660590327449
2448	1605	0	0	0	0	0	0	1660590328469
2448	1605	0	0	0	0	0	0	1660590329489
2448	1605	0	0	0	0	0	0	1660590330509
2448	1605	0	0	0	0	0	0	1660590331529
2448	1605	0	0	0	0	0	0	1660590332549
2448	1605	0	0	0	0	0	0	1660590333569
2448	1605	0	0	0	0	0	0	1660590334589
2448	1605	0	0	0	0	0	0	1660590335609
2448	1605	0	0	0	0	0	0	1660590336629
2448	1605	0	0	0	0	0	0	1660590337649
2448	1605	0	0	0	0	0	0	1660590338669
2455	1605	0	0	0	0	0	0	1660590339689
2462	1595	0	0	0	0	0	0	1660590340709
2464	1589	0	0	0	0	0	0	1660590341729
2458	1585	0	0	0	0	0	0	1660590342749
2454	1582	0	0	0	0	0	0	1660590343769
2452	1580	0	0	0	0	0	0	1660590344789
2451	1579	0	0	0	0	0	0	1660590345809
2450	1578	0	0	0	0	0	0	1660590346829
2450	1578	0	0	0	0	0	0	1660590347849
2449	1578	0	0	0	0	0	0	1660590348869
2449	1578	0	0	0	0	0	0	1660590349889
2450	1578	0	0	0	0	0	0	1660590350909
2450	1578	0	0	0	0	0	0	1660590351929
2451	1578	0	0	0	0	0	0	1660590352949
2452	1578	0	0	0	0	0	0	1660590353969
2454	1578	0	0	0	0	0	0	1660590354989
2457	1578	0	0	0	0	0	0	1660590356009
2457	1578	0	0	0	0	0	0	1660590357029
2454	1578	0	0	0	0	0	0	1660590358049
2453	1578	0	0	0	0	0	0	1660590359069
2454	1578	0	0	0	0	0	0	1660590360089
2455	1578	0	0	0	0	0	0	1660590361109
2458	1578	0	0	0	0	0	0	1660590362129
2462	1578	0	0	0	0	0	0	1660590363149
2465	1578	0	0	0	0	0	0	1660590364169
2468	1578	0	0	0	0	0	0	1660590365189
2469	1578	0	0	0	0	0	0	1660590366209
2471	1578	0	0	0	0	0	0	1660590367229
2472	1578	0	0	0	0	0	0	1660590368249
2473	1578	0	0	0	0	0	0	1660590369269
2474	1578	0	0	0	0	0	0	1660590370289
2474	1578	0	0	0	0	0	0	1660590371309
2475	1578	0	0	0	0	0	0	1660590372329
2476	1578	0	0	0	0	0	0	1660590373349
2476	1578	0	0	0	0	0	0	1660590374369
2476	1578	0	0	0	0	0	0	1660590375389
2476	1578	0	0	0	0	0	0	1660590376409
2476	1578	0	0	0	0	0	0	1660590377429
2476	1578	0	0	0	0	0	0	1660590378449
2476	1578	0	0	0	0	0	0	1660590379469
2476	1578	0	0	0	0	0	0	1660590380489
2477	1578	0	0	0	0	0	0	1660590381509
2477	1578	0	0	0	0	0	0	1660590382529
11486	1578	0	0	0	0	0	0	1660590383549
7882	1578	0	0	0	0	0	0	1660590384569
5720	1578	0	0	0	0	0	0	1660590385589
4423	1578	0	0	0	0	0	0	1660590386609
3644	1578	0	0	0	0	0	0	1660590387629
3177	1578	0	0	0	0	0	0	1660590388649
2897	1578	0	0	0	0	0	0	1660590389669
2728	1578	0	0	0	0	0	0	1660590390689
2627	1578	0	0	0	0	0	0	1660590391709
2567	1578	0	0	0	0	0	0	1660590392729
2531	1578	0	0	0	0	0	0	1660590393749
2509	1578	0	0	0	0	0	0	1660590394769
2496	1578	0	0	0	0	0	0	1660590395789
2488	1578	0	0	0	0	0	0	1660590396809
2483	1578	0	0	0	0	0	0	1660590397829
2480	1578	0	0	0	0	0	0	1660590398849
2479	1578	0	0	0	0	0	0	1660590399869
2478	1578	0	0	0	0	0	0	1660590400889
2477	1578	0	0	0	0	0	0	1660590401909
2477	1578	0	0	0	0	0	0	1660590402929
2476	1578	0	0	0	0	0	0	1660590403949
2476	1578	0	0	0	0	0	0	1660590404969
2477	1578	0	0	0	0	0	0	1660590405989
2477	1578	0	0	0	0	0	0	1660590407009
2477	1578	0	0	0	0	0	0	1660590408029
2477	1578	0	0	0	0	0	0	1660590409049
2477	1578	0	0	0	0	0	0	1660590410069
2477	1578	0	0	0	0	0	0	1660590411089
2476	1578	0	0	0	0	0	0	1660590412109
2476	1578	0	0	0	0	0	0	1660590413129
2476	1578	0	0	0	0	0	0	1660590414149
2476	1578	0	0	0	0	0	0	1660590415169
2476	1578	0	0	0	0	0	0	1660590416189
2476	1578	0	0	0	0	0	0	1660590417209
2477	1578	0	0	0	0	0	0	1660590418229
2477	1578	0	0	0	0	0	0	1660590419249
2477	1578	0	0	0	0	0	0	1660590420269
2477	1578	0	0	0	0	0	0	1660590421289
2477	1578	0	0	0	0	0	0	1660590422309
2477	1578	0	0	0	0	0	0	1660590423329
2477	1578	0	0	0	0	0	0	1660590424349
2477	1578	0	0	0	0	0	0	1660590425369
2477	1578	0	0	0	0	0	0	1660590426389
2477	1578	0	0	0	0	0	0	1660590427409
2477	1578	0	0	0	0	0	0	1660590428429
2477	1578	0	0	0	0	0	0	1660590429449
2476	1578	0	0	0	0	0	0	1660590430469
2477	1578	0	0	0	0	0	0	1660590431489
2477	1578	0	0	0	0	0	0	1660590432509
2476	1578	0	0	0	0	0	0	1660590433529
2494	1578	0	0	0	0	0	0	1660590434549
2486	1578	0	0	0	0	0	0	1660590435569
2482	1578	0	0	0	0	0	0	1660590436589
2480	1578	0	0	0	0	0	0	1660590437609
2480	1578	0	0	0	0	0	0	1660590438629
2479	1578	0	0	0	0	0	0	1660590439649
2478	1578	0	0	0	0	0	0	1660590440669
2478	1578	0	0	0	0	0	0	1660590441689
2477	1578	0	0	0	0	0	0	1660590442709
2478	1578	0	0	0	0	0	0	1660590443729
2477	1578	0	0	0	0	0	0	1660590444749
2478	1578	0	0	0	0	0	0	1660590445769
2477	1578	0	0	0	0	0	0	1660590446789
2478	1578	0	0	0	0	0	0	1660590447809
2480	1578	0	0	0	0	0	0	1660590448829
2481	1578	0	0	0	0	0	0	1660590449849
2486	1578	0	0	0	0	0	0	1660590450869
2489	1578	0	0	0	0	0	0	1660590451889
2489	1578	0	0	0	0	0	0	1660590452909
2484	1578	0	0	0	0	0	0	1660590453929
2481	1578	0	0	0	0	0	0	1660590454949
2479	1578	0	0	0	0	0	0	1660590455969
2478	1578	0	0	0	0	0	0	1660590456989
2478	1577	0	0	0	0	0	0	1660590458009
2478	1577	0	0	0	0	0	0	1660590459029
2478	1577	0	0	0	0	0	0	1660590460049
2477	1577	0	0	0	0	0	0	1660590461069
2477	1577	0	0	0	0	0	0	1660590462089
2477	1577	0	0	0	0	0	0	1660590463109
2477	1577	0	0	0	0	0	0	1660590464129
2478	1577	0	0	0	0	0	0	1660590465149
2480	1577	0	0	0	0	0	0	1660590466169
2481	1576	0	0	0	0	0	0	1660590467189
2485	1576	0	0	0	0	0	0	1660590468209
2490	1577	0	0	0	0	0	0	1660590469229
2495	1577	0	0	0	0	0	0	1660590470249
2499	1577	0	0	0	0	0	0	1660590471269
2501	1577	0	0	0	0	0	0	1660590472289
2502	1577	0	0	0	0	0	0	1660590473309
2503	1577	0	0	0	0	0	0	1660590474329
2504	1576	0	0	0	0	0	0	1660590475349
2504	1575	0	0	0	0	0	0	1660590476369
2504	1574	0	0	0	0	0	0	1660590477389
2504	1574	0	0	0	0	0	0	1660590478409
2504	1575	0	0	0	0	0	0	1660590479429
2504	1574	0	0	0	0	0	0	1660590480449
2504	1573	0	0	0	0	0	0	1660590481469
2504	1573	0	0	0	0	0	0	1660590482489
2504	1574	0	0	0	0	0	0	1660590483509
2504	1572	0	0	0	0	0	0	1660590484529
2504	1570	0	0	0	0	0	0	1660590485549
2504	1569	0	0	0	0	0	0	1660590486569
2504	1569	0	0	0	0	0	0	1660590487589
2504	1569	0	0	0	0	0	0	1660590488609
2504	1568	0	0	0	0	0	0	1660590489629
2505	1566	0	0	0	0	0	0	1660590490649
2504	1563	0	0	0	0	0	0	1660590491669
2504	1561	0	0	0	0	0	0	1660590492689
2504	1561	0	0	0	0	0	0	1660590493709
2504	1560	0	0	0	0	0	0	1660590494729
2504	1559	0	0	0	0	0	0	1660590495749
2504	1559	0	0	0	0	0	0	1660590496769
2504	1557	0	0	0	0	0	0	1660590497789
2504	1557	0	0	0	0	0	0	1660590498809
2505	1557	0	0	0	0	0	0	1660590499829
2505	1555	0	0	0	0	0	0	1660590500849
2504	1554	0	0	0	0	0	0	1660590501869
2504	1553	0	0	0	0	0	0	1660590502889
2504	1553	0	0	0	0	0	0	1660590503909
2504	1553	0	0	0	0	0	0	1660590504929
2504	1553	0	0	0	0	0	0	1660590505949
2504	1553	0	0	0	0	0	0	1660590506969
2505	1552	0	0	0	0	0	0	1660590507989
2505	1551	0	0	0	0	0	0	1660590509009
2505	1551	0	0	0	0	0	0	1660590510029
2504	1551	0	0	0	0	0	0	1660590511049
2504	1551	0	0	0	0	0	0	1660590512069
2505	1550	0	0	0	0	0	0	1660590513089
2505	1550	0	0	0	0	0	0	1660590514109
2505	1550	0	0	0	0	0	0	1660590515129
2505	1550	0	0	0	0	0	0	1660590516149
2504	1550	0	0	0	0	0	0	1660590517169
2504	1550	0	0	0	0	0	0	1660590518189
2504	1550	0	0	0	0	0	0	1660590519209
2504	1550	0	0	0	0	0	0	1660590520229
2504	1550	0	0	0	0	0	0	1660590521249
2504	1550	0	0	0	0	0	0	1660590522269
2504	1550	0	0	0	0	0	0	1660590523289
2504	1550	0	0	0	0	0	0	1660590524309
2504	1551	0	0	0	0	0	0	1660590525329
2505	1550	0	0	0	0	0	0	1660590526349
2505	1550	0	0	0	0	0	0	1660590527369
2504	1550	0	0	0	0	0	0	1660590528389
2505	1550	0	0	0	0	0	0	1660590529409
2504	1550	0	0	0	0	0	0	1660590530429
2504	1550	0	0	0	0	0	0	1660590531449
2504	1550	0	0	0	0	0	0	1660590532469
2504	10930	0	0	0	0	0	0	1660590533489
2504	7178	0	0	0	0	0	0	1660590534509
2504	4927	0	0	0	0	0	0	1660590535529
2504	3576	0	0	0	0	0	0	1660590536549
2504	2765	0	0	0	0	0	0	1660590537569
2504	2279	0	0	0	0	0	0	1660590538589
2503	1987	0	0	0	0	0	0	1660590539609
2503	1812	0	0	0	0	0	0	1660590540629
2504	1707	0	0	0	0	0	0	1660590541649
2505	1644	0	0	0	0	0	0	1660590542669
2506	1606	0	0	0	0	0	0	1660590543689
2506	1583	0	0	0	0	0	0	1660590544709
2506	1570	0	0	0	0	0	0	1660590545729
2506	1562	0	0	0	0	0	0	1660590546749
2506	1557	0	0	0	0	0	0	1660590547769
2507	1554	0	0	0	0	0	0	1660590548789
2507	1552	0	0	0	0	0	0	1660590549809
2507	1551	0	0	0	0	0	0	1660590550829
2507	1551	0	0	0	0	0	0	1660590551849
2506	1550	0	0	0	0	0	0	1660590552869
2506	1550	0	0	0	0	0	0	1660590553889
2511	1550	0	0	0	0	0	0	1660590554909
2516	1550	0	0	0	0	0	0	1660590555929
2523	1550	0	0	0	0	0	0	1660590556949
2527	1550	0	0	0	0	0	0	1660590557969
2529	1550	0	0	0	0	0	0	1660590558989
2530	1550	0	0	0	0	0	0	1660590560009
2531	1550	0	0	0	0	0	0	1660590561029
2532	1550	0	0	0	0	0	0	1660590562049
2532	1550	0	0	0	0	0	0	1660590563069
2532	1550	0	0	0	0	0	0	1660590564089
2533	1550	0	0	0	0	0	0	1660590565109
2532	1550	0	0	0	0	0	0	1660590566129
2533	1550	0	0	0	0	0	0	1660590567149
2533	1550	0	0	0	0	0	0	1660590568169
2533	1550	0	0	0	0	0	0	1660590569189
2532	1550	0	0	0	0	0	0	1660590570209
2531	1550	0	0	0	0	0	0	1660590571229
2532	1550	0	0	0	0	0	0	1660590572249
2532	1550	0	0	0	0	0	0	1660590573269
2533	1550	0	0	0	0	0	0	1660590574289
2533	1550	0	0	0	0	0	0	1660590575309
2533	1550	0	0	0	0	0	0	1660590576329
2533	1550	0	0	0	0	0	0	1660590577349
2532	1550	0	0	0	0	0	0	1660590578369
2532	1550	0	0	0	0	0	0	1660590579389
2532	1550	0	0	0	0	0	0	1660590580409
2532	1550	0	0	0	0	0	0	1660590581429
2532	1550	0	0	0	0	0	0	1660590582449
2532	1550	0	0	0	0	0	0	1660590583469
2532	1550	0	0	0	0	0	0	1660590584489
2532	1550	0	0	0	0	0	0	1660590585509
2532	1550	0	0	0	0	0	0	1660590586529
2532	1550	0	0	0	0	0	0	1660590587549
2532	1550	0	0	0	0	0	0	1660590588569
2533	1550	0	0	0	0	0	0	1660590589589
2533	1550	0	0	0	0	0	0	1660590590609
2533	1550	0	0	0	0	0	0	1660590591629
2533	1550	0	0	0	0	0	0	1660590592649
2533	1550	0	0	0	0	0	0	1660590593669
2533	1550	0	0	0	0	0	0	1660590594689
2533	1550	0	0	0	0	0	0	1660590595709
2533	1550	0	0	0	0	0	0	1660590596729
2533	1550	0	0	0	0	0	0	1660590597749
2533	1550	0	0	0	0	0	0	1660590598769
2533	1550	0	0	0	0	0	0	1660590599789
2533	1550	0	0	0	0	0	0	1660590600809
2533	1550	0	0	0	0	0	0	1660590601829
2533	1550	0	0	0	0	0	0	1660590602849
2534	1549	0	0	0	0	0	0	1660590603869
2545	1548	0	0	0	0	0	0	1660590604889
2598	1548	0	0	0	0	0	0	1660590605909
2635	1548	0	0	0	0	0	0	1660590606929
2668	1543	0	0	0	0	0	0	1660590607949
2688	1541	0	0	0	0	0	0	1660590608969
2697	1540	0	0	0	0	0	0	1660590609989
2707	1539	0	0	0	0	0	0	1660590611009
2715	1541	0	0	0	0	0	0	1660590612029
2710	1543	0	0	0	0	0	0	1660590613049
2702	1545	0	0	0	0	0	0	1660590614069
2691	1547	0	0	0	0	0	0	1660590615089
2679	1548	0	0	0	0	0	0	1660590616109
2674	1549	0	0	0	0	0	0	1660590617129
2673	1549	0	0	0	0	0	0	1660590618149
2671	1549	0	0	0	0	0	0	1660590619169
2672	1549	0	0	0	0	0	0	1660590620189
2671	1549	0	0	0	0	0	0	1660590621209
2672	1549	0	0	0	0	0	0	1660590622229
2672	1549	0	0	0	0	0	0	1660590623249
2673	1549	0	0	0	0	0	0	1660590624269
2673	1549	0	0	0	0	0	0	1660590625289
2674	1549	0	0	0	0	0	0	1660590626309
2677	1549	0	0	0	0	0	0	1660590627329
2687	1549	0	0	0	0	0	0	1660590628349
2692	1549	0	0	0	0	0	0	1660590629369
2685	1550	0	0	0	0	0	0	1660590630389
2681	1549	0	0	0	0	0	0	1660590631409
2681	1549	0	0	0	0	0	0	1660590632429
2677	1549	0	0	0	0	0	0	1660590633449
2676	1549	0	0	0	0	0	0	1660590634469
2675	1549	0	0	0	0	0	0	1660590635489
2675	1549	0	0	0	0	0	0	1660590636509
2675	1549	0	0	0	0	0	0	1660590637529
2675	1549	0	0	0	0	0	0	1660590638549
2675	1549	0	0	0	0	0	0	1660590639569
2675	1549	0	0	0	0	0	0	1660590640589
2674	1549	0	0	0	0	0	0	1660590641609
2675	1549	0	0	0	0	0	0	1660590642629
2674	1549	0	0	0	0	0	0	1660590643649
2674	1549	0	0	0	0	0	0	1660590644669
2675	1549	0	0	0	0	0	0	1660590645689
2676	1549	0	0	0	0	0	0	1660590646709
2678	1549	0	0	0	0	0	0	1660590647729
2678	1549	0	0	0	0	0	0	1660590648749
2677	1549	0	0	0	0	0	0	1660590649769
2685	1549	0	0	0	0	0	0	1660590650789
2692	1549	0	0	0	0	0	0	1660590651809
2696	1549	0	0	0	0	0	0	1660590652829
2698	1549	0	0	0	0	0	0	1660590653849
2699	1549	0	0	0	0	0	0	1660590654869
2701	1549	0	0	0	0	0	0	1660590655889
2701	1549	0	0	0	0	0	0	1660590656909
2701	1545	0	0	0	0	0	0	1660590657929
2696	1536	0	0	0	0	0	0	1660590658949
2697	1533	0	0	0	0	0	0	1660590659969
2710	1529	0	0	0	0	0	0	1660590660989
2724	1526	0	0	0	0	0	0	1660590662009
2738	1524	0	0	0	0	0	0	1660590663029
2746	1523	0	0	0	0	0	0	1660590664049
2751	1522	0	0	0	0	0	0	1660590665069
2754	1522	0	0	0	0	0	0	1660590666089
2755	1522	0	0	0	0	0	0	1660590667109
2755	1522	0	0	0	0	0	0	1660590668129
2757	1522	0	0	0	0	0	0	1660590669149
2758	1522	0	0	0	0	0	0	1660590670169
2758	1522	0	0	0	0	0	0	1660590671189
2758	1522	0	0	0	0	0	0	1660590672209
2758	1522	0	0	0	0	0	0	1660590673229
2759	1522	0	0	0	0	0	0	1660590674249
2758	1522	0	0	0	0	0	0	1660590675269
2759	1522	0	0	0	0	0	0	1660590676289
2759	1523	0	0	0	0	0	0	1660590677309
2759	1523	0	0	0	0	0	0	1660590678329
2758	1523	0	0	0	0	0	0	1660590679349
2758	1523	0	0	0	0	0	0	1660590680369
2758	1523	0	0	0	0	0	0	1660590681389
2757	1523	0	0	0	0	0	0	1660590682409
2757	1523	0	0	0	0	0	0	1660590683429
2756	1522	0	0	0	0	0	0	1660590684449
2757	1523	0	0	0	0	0	0	1660590685469
2758	1523	0	0	0	0	0	0	1660590686489
2758	1523	0	0	0	0	0	0	1660590687509
2758	1523	0	0	0	0	0	0	1660590688529
2758	1523	0	0	0	0	0	0	1660590689549
2758	1523	0	0	0	0	0	0	1660590690569
2758	1523	0	0	0	0	0	0	1660590691589
2758	1524	0	0	0	0	0	0	1660590692609
2757	1523	0	0	0	0	0	0	1660590693629
2756	1523	0	0	0	0	0	0	1660590694649
2755	1523	0	0	0	0	0	0	1660590695669
2755	1523	0	0	0	0	0	0	1660590696689
2746	1523	0	0	0	0	0	0	1660590697709
2749	1523	0	0	0	0	0	0	1660590698729
2753	1523	0	0	0	0	0	0	1660590699749
2754	1523	0	0	0	0	0	0	1660590700769
2756	1522	0	0	0	0	0	0	1660590701789
2757	1522	0	0	0	0	0	0	1660590702809
2757	1522	0	0	0	0	0	0	1660590703829
2757	1522	0	0	0	0	0	0	1660590704849
2757	1522	0	0	0	0	0	0	1660590705869
2758	1522	0	0	0	0	0	0	1660590706889
2758	1522	0	0	0	0	0	0	1660590707909
2757	1522	0	0	0	0	0	0	1660590708929
2757	1522	0	0	0	0	0	0	1660590709949
2757	1522	0	0	0	0	0	0	1660590710969
2757	1522	0	0	0	0	0	0	1660590711989
2758	1522	0	0	0	0	0	0	1660590713009
2758	1522	0	0	0	0	0	0	1660590714029
2758	1522	0	0	0	0	0	0	1660590715049
2758	1522	0	0	0	0	0	0	1660590716069
2758	1522	0	0	0	0	0	0	1660590717089
2758	1522	0	0	0	0	0	0	1660590718109
2758	1522	0	0	0	0	0	0	1660590719129
2758	1522	0	0	0	0	0	0	1660590720149
2758	1522	0	0	0	0	0	0	1660590721169
2758	1522	0	0	0	0	0	0	1660590722189
2758	1522	0	0	0	0	0	0	1660590723209
2758	1522	0	0	0	0	0	0	1660590724229
2758	1522	0	0	0	0	0	0	1660590725249
2758	1522	0	0	0	0	0	0	1660590726269
2758	1522	0	0	0	0	0	0	1660590727289
2758	1522	0	0	0	0	0	0	1660590728309
2757	1522	0	0	0	0	0	0	1660590729329
2758	1522	0	0	0	0	0	0	1660590730349
2758	1522	0	0	0	0	0	0	1660590731369
2758	1522	0	0	0	0	0	0	1660590732389
2758	1522	0	0	0	0	0	0	1660590733409
2759	1533	0	0	0	0	0	0	1660590734429
2759	1529	0	0	0	0	0	0	1660590735449
2759	1526	0	0	0	0	0	0	1660590736469
2759	1524	0	0	0	0	0	0	1660590737489
2758	1523	0	0	0	0	0	0	1660590738509
2759	1523	0	0	0	0	0	0	1660590739529
2759	1523	0	0	0	0	0	0	1660590740549
2759	1523	0	0	0	0	0	0	1660590741569
2760	1522	0	0	0	0	0	0	1660590742589
2760	1522	0	0	0	0	0	0	1660590743609
2760	1522	0	0	0	0	0	0	1660590744629
2760	1522	0	0	0	0	0	0	1660590745649
2760	1522	0	0	0	0	0	0	1660590746669
2760	1522	0	0	0	0	0	0	1660590747689
2762	1522	0	0	0	0	0	0	1660590748709
2763	1522	0	0	0	0	0	0	1660590749729
2765	1522	0	0	0	0	0	0	1660590750749
2770	1522	0	0	0	0	0	0	1660590751769
2773	1522	0	0	0	0	0	0	1660590752789
2776	1522	0	0	0	0	0	0	1660590753809
2774	1522	0	0	0	0	0	0	1660590754829
2770	1522	0	0	0	0	0	0	1660590755849
2765	1522	0	0	0	0	0	0	1660590756869
2763	1522	0	0	0	0	0	0	1660590757889
2766	1522	0	0	0	0	0	0	1660590758909
2771	1522	0	0	0	0	0	0	1660590759929
2775	1522	0	0	0	0	0	0	1660590760949
2780	1522	0	0	0	0	0	0	1660590761969
