1855	1636	0	0	0	0	0	0	1660589520630
1850	1635	0	0	0	0	0	0	1660589521650
1842	1634	0	0	0	0	0	0	1660589522670
1837	1634	0	0	0	0	0	0	1660589523690
1834	1633	0	0	0	0	0	0	1660589524710
1831	1633	0	0	0	0	0	0	1660589525730
1822	1633	0	0	0	0	0	0	1660589526750
1815	1633	0	0	0	0	0	0	1660589527770
1810	1633	0	0	0	0	0	0	1660589528790
1807	1633	0	0	0	0	0	0	1660589529810
1805	1633	0	0	0	0	0	0	1660589530830
1804	1626	0	0	0	0	0	0	1660589531850
1797	1629	0	0	0	0	0	0	1660589532870
1789	1630	0	0	0	0	0	0	1660589533890
1783	1631	0	0	0	0	0	0	1660589534910
1780	1632	0	0	0	0	0	0	1660589535930
1778	1629	0	0	0	0	0	0	1660589536950
1777	1620	0	0	0	0	0	0	1660589537970
1776	1619	0	0	0	0	0	0	1660589538990
1775	1625	0	0	0	0	0	0	1660589540010
1773	1628	0	0	0	0	0	0	1660589541030
1772	1630	0	0	0	0	0	0	1660589542050
1769	1631	0	0	0	0	0	0	1660589543070
1761	1632	0	0	0	0	0	0	1660589544090
1756	1629	0	0	0	0	0	0	1660589545110
1752	1620	0	0	0	0	0	0	1660589546130
1749	1618	0	0	0	0	0	0	1660589547150
1748	1621	0	0	0	0	0	0	1660589548170
1747	1625	0	0	0	0	0	0	1660589549190
1747	1628	0	0	0	0	0	0	1660589550210
1747	1630	0	0	0	0	0	0	1660589551230
1747	1631	0	0	0	0	0	0	1660589552250
1747	1632	0	0	0	0	0	0	1660589553270
1747	1633	0	0	0	0	0	0	1660589554290
1747	1633	0	0	0	0	0	0	1660589555310
1747	1633	0	0	0	0	0	0	1660589556330
1747	1633	0	0	0	0	0	0	1660589557350
1747	1633	0	0	0	0	0	0	1660589558370
1747	1633	0	0	0	0	0	0	1660589559390
1747	1633	0	0	0	0	0	0	1660589560410
1746	1633	0	0	0	0	0	0	1660589561430
1744	1633	0	0	0	0	0	0	1660589562450
1744	1630	0	0	0	0	0	0	1660589563470
1741	1626	0	0	0	0	0	0	1660589564490
1739	1629	0	0	0	0	0	0	1660589565510
1734	1630	0	0	0	0	0	0	1660589566530
1730	1631	0	0	0	0	0	0	1660589567550
1726	1632	0	0	0	0	0	0	1660589568570
1724	1633	0	0	0	0	0	0	1660589569590
1722	1633	0	0	0	0	0	0	1660589570610
1721	1633	0	0	0	0	0	0	1660589571630
1720	1633	0	0	0	0	0	0	1660589572650
1719	1633	0	0	0	0	0	0	1660589573670
1719	1633	0	0	0	0	0	0	1660589574690
1719	1633	0	0	0	0	0	0	1660589575710
1719	1633	0	0	0	0	0	0	1660589576730
1719	1633	0	0	0	0	0	0	1660589577750
1719	1633	0	0	0	0	0	0	1660589578770
1719	1633	0	0	0	0	0	0	1660589579790
1719	1633	0	0	0	0	0	0	1660589580810
1719	1633	0	0	0	0	0	0	1660589581830
1719	1633	0	0	0	0	0	0	1660589582850
1719	1633	0	0	0	0	0	0	1660589583870
1719	1633	0	0	0	0	0	0	1660589584890
1719	1633	0	0	0	0	0	0	1660589585910
1719	1633	0	0	0	0	0	0	1660589586930
1719	1633	0	0	0	0	0	0	1660589587950
1719	1633	0	0	0	0	0	0	1660589588970
1719	1633	0	0	0	0	0	0	1660589589990
1719	1633	0	0	0	0	0	0	1660589591010
1719	1633	0	0	0	0	0	0	1660589592030
1719	1633	0	0	0	0	0	0	1660589593050
1719	1633	0	0	0	0	0	0	1660589594070
1719	1633	0	0	0	0	0	0	1660589595090
1719	1633	0	0	0	0	0	0	1660589596110
1719	1633	0	0	0	0	0	0	1660589597130
1719	1633	0	0	0	0	0	0	1660589598150
1719	1633	0	0	0	0	0	0	1660589599170
1719	1633	0	0	0	0	0	0	1660589600190
1719	1633	0	0	0	0	0	0	1660589601210
1719	1633	0	0	0	0	0	0	1660589602230
1719	1633	0	0	0	0	0	0	1660589603250
1719	1633	0	0	0	0	0	0	1660589604270
1719	1633	0	0	0	0	0	0	1660589605290
1719	1633	0	0	0	0	0	0	1660589606310
1719	1633	0	0	0	0	0	0	1660589607330
1719	1633	0	0	0	0	0	0	1660589608350
1719	1633	0	0	0	0	0	0	1660589609370
1719	1633	0	0	0	0	0	0	1660589610390
1719	1633	0	0	0	0	0	0	1660589611410
1719	1633	0	0	0	0	0	0	1660589612430
1719	1633	0	0	0	0	0	0	1660589613450
1719	1633	0	0	0	0	0	0	1660589614470
1719	1633	0	0	0	0	0	0	1660589615490
1719	1633	0	0	0	0	0	0	1660589616510
1719	1633	0	0	0	0	0	0	1660589617530
1719	1633	0	0	0	0	0	0	1660589618550
1719	1633	0	0	0	0	0	0	1660589619570
1719	1633	0	0	0	0	0	0	1660589620590
1719	1633	0	0	0	0	0	0	1660589621610
1719	1633	0	0	0	0	0	0	1660589622630
1718	1633	0	0	0	0	0	0	1660589623650
1718	1633	0	0	0	0	0	0	1660589624670
1718	1633	0	0	0	0	0	0	1660589625690
1718	1633	0	0	0	0	0	0	1660589626710
1718	1633	0	0	0	0	0	0	1660589627730
1718	1632	0	0	0	0	0	0	1660589628750
1718	1626	0	0	0	0	0	0	1660589629770
1718	1625	0	0	0	0	0	0	1660589630790
1719	1623	0	0	0	0	0	0	1660589631810
1719	1623	0	0	0	0	0	0	1660589632830
1719	1623	0	0	0	0	0	0	1660589633850
1719	1623	0	0	0	0	0	0	1660589634870
1719	1621	0	0	0	0	0	0	1660589635890
1719	1622	0	0	0	0	0	0	1660589636910
1719	1623	0	0	0	0	0	0	1660589637930
1719	1625	0	0	0	0	0	0	1660589638950
1719	1626	0	0	0	0	0	0	1660589639970
1719	1627	0	0	0	0	0	0	1660589640990
1719	1627	0	0	0	0	0	0	1660589642010
1719	1627	0	0	0	0	0	0	1660589643030
1719	1628	0	0	0	0	0	0	1660589644050
1719	1628	0	0	0	0	0	0	1660589645070
1719	1629	0	0	0	0	0	0	1660589646090
1719	1629	0	0	0	0	0	0	1660589647110
1719	1629	0	0	0	0	0	0	1660589648130
1719	1628	0	0	0	0	0	0	1660589649150
1719	1628	0	0	0	0	0	0	1660589650170
1719	1628	0	0	0	0	0	0	1660589651190
1719	1628	0	0	0	0	0	0	1660589652210
1719	1628	0	0	0	0	0	0	1660589653230
1719	1628	0	0	0	0	0	0	1660589654250
1719	1630	0	0	0	0	0	0	1660589655270
1719	1629	0	0	0	0	0	0	1660589656290
1719	1628	0	0	0	0	0	0	1660589657310
1719	1628	0	0	0	0	0	0	1660589658330
1719	1627	0	0	0	0	0	0	1660589659350
1719	1627	0	0	0	0	0	0	1660589660370
1719	1625	0	0	0	0	0	0	1660589661390
1719	1622	0	0	0	0	0	0	1660589662410
1719	1620	0	0	0	0	0	0	1660589663430
1719	1616	0	0	0	0	0	0	1660589664450
1719	1612	0	0	0	0	0	0	1660589665470
1719	1610	0	0	0	0	0	0	1660589666490
1719	1608	0	0	0	0	0	0	1660589667510
1719	1607	0	0	0	0	0	0	1660589668530
1718	1606	0	0	0	0	0	0	1660589669550
1718	1605	0	0	0	0	0	0	1660589670570
1718	1605	0	0	0	0	0	0	1660589671590
1718	1605	0	0	0	0	0	0	1660589672610
1718	1605	0	0	0	0	0	0	1660589673630
1718	1605	0	0	0	0	0	0	1660589674650
1718	1605	0	0	0	0	0	0	1660589675670
1718	1605	0	0	0	0	0	0	1660589676690
1718	1605	0	0	0	0	0	0	1660589677710
1718	1605	0	0	0	0	0	0	1660589678730
1718	1605	0	0	0	0	0	0	1660589679750
1718	1605	0	0	0	0	0	0	1660589680770
1718	1605	0	0	0	0	0	0	1660589681790
1718	1605	0	0	0	0	0	0	1660589682810
1718	1605	0	0	0	0	0	0	1660589683830
1718	1605	0	0	0	0	0	0	1660589684850
1718	1605	0	0	0	0	0	0	1660589685870
1718	1605	0	0	0	0	0	0	1660589686890
1718	1605	0	0	0	0	0	0	1660589687910
1718	1605	0	0	0	0	0	0	1660589688930
1718	1605	0	0	0	0	0	0	1660589689950
1718	1605	0	0	0	0	0	0	1660589690970
1718	1605	0	0	0	0	0	0	1660589691990
1719	1605	0	0	0	0	0	0	1660589693010
1719	1605	0	0	0	0	0	0	1660589694030
1719	1605	0	0	0	0	0	0	1660589695050
1719	1605	0	0	0	0	0	0	1660589696070
1719	1605	0	0	0	0	0	0	1660589697090
1719	1605	0	0	0	0	0	0	1660589698110
1719	1605	0	0	0	0	0	0	1660589699130
1719	1605	0	0	0	0	0	0	1660589700150
1719	1605	0	0	0	0	0	0	1660589701170
1719	1605	0	0	0	0	0	0	1660589702190
1719	1605	0	0	0	0	0	0	1660589703210
1719	1605	0	0	0	0	0	0	1660589704230
1719	1605	0	0	0	0	0	0	1660589705250
1719	1605	0	0	0	0	0	0	1660589706270
1719	1605	0	0	0	0	0	0	1660589707290
1719	1605	0	0	0	0	0	0	1660589708310
1719	1605	0	0	0	0	0	0	1660589709330
1719	1605	0	0	0	0	0	0	1660589710350
1719	1605	0	0	0	0	0	0	1660589711370
1719	1605	0	0	0	0	0	0	1660589712390
