2907	1225	0	0	0	0	0	0	1663618074824
2897	1215	0	0	0	0	0	0	1663618075844
2883	1205	0	0	0	0	0	0	1663618076864
2875	1192	0	0	0	0	0	0	1663618077884
2866	1180	0	0	0	0	0	0	1663618078904
2853	1173	0	0	0	0	0	0	1663618079924
2846	1160	0	0	0	0	0	0	1663618080944
2841	1150	0	0	0	0	0	0	1663618081964
2836	1144	0	0	0	0	0	0	1663618082984
2824	1139	0	0	0	0	0	0	1663618084004
2817	1128	0	0	0	0	0	0	1663618085024
2813	1119	0	0	0	0	0	0	1663618086044
2810	1114	0	0	0	0	0	0	1663618087064
2808	1111	0	0	0	0	0	0	1663618088084
2807	1109	0	0	0	0	0	0	1663618089104
2802	1101	0	0	0	0	0	0	1663618090124
2793	1092	0	0	0	0	0	0	1663618091144
2787	1087	0	0	0	0	0	0	1663618092164
2784	1084	0	0	0	0	0	0	1663618093184
2782	1082	0	0	0	0	0	0	1663618094204
2781	1081	0	0	0	0	0	0	1663618095224
2780	1080	0	0	0	0	0	0	1663618096244
2779	1074	0	0	0	0	0	0	1663618097264
2778	1066	0	0	0	0	0	0	1663618098284
2770	1060	0	0	0	0	0	0	1663618099304
2762	1056	0	0	0	0	0	0	1663618100324
2757	1054	0	0	0	0	0	0	1663618101344
2754	1053	0	0	0	0	0	0	1663618102364
2753	1052	0	0	0	0	0	0	1663618103384
2752	1052	0	0	0	0	0	0	1663618104404
2751	1052	0	0	0	0	0	0	1663618105424
2751	1052	0	0	0	0	0	0	1663618106444
2751	1048	0	0	0	0	0	0	1663618107464
2751	1040	0	0	0	0	0	0	1663618108484
2750	1034	0	0	0	0	0	0	1663618109504
2746	1030	0	0	0	0	0	0	1663618110524
2740	1028	0	0	0	0	0	0	1663618111544
2733	1026	0	0	0	0	0	0	1663618112564
2729	1025	0	0	0	0	0	0	1663618113584
2726	1024	0	0	0	0	0	0	1663618114604
2725	1024	0	0	0	0	0	0	1663618115624
2724	1024	0	0	0	0	0	0	1663618116644
2723	1024	0	0	0	0	0	0	1663618117664
2723	1024	0	0	0	0	0	0	1663618118684
2723	1024	0	0	0	0	0	0	1663618119704
2723	1023	0	0	0	0	0	0	1663618120724
2723	1017	0	0	0	0	0	0	1663618121744
2723	1012	0	0	0	0	0	0	1663618122764
2722	1006	0	0	0	0	0	0	1663618123784
2720	1002	0	0	0	0	0	0	1663618124804
2717	999	0	0	0	0	0	0	1663618125824
2712	998	0	0	0	0	0	0	1663618126844
2706	997	0	0	0	0	0	0	1663618127864
2702	996	0	0	0	0	0	0	1663618128884
2699	996	0	0	0	0	0	0	1663618129904
2697	996	0	0	0	0	0	0	1663618130924
2696	996	0	0	0	0	0	0	1663618131944
2696	996	0	0	0	0	0	0	1663618132964
2695	996	0	0	0	0	0	0	1663618133984
2664	996	0	0	0	0	0	0	1663618135004
2676	996	0	0	0	0	0	0	1663618136024
2683	991	0	0	0	0	0	0	1663618137044
2686	982	0	0	0	0	0	0	1663618138064
2680	976	0	0	0	0	0	0	1663618139084
2675	973	0	0	0	0	0	0	1663618140104
2672	971	0	0	0	0	0	0	1663618141124
2670	970	0	0	0	0	0	0	1663618142144
2669	969	0	0	0	0	0	0	1663618143164
2668	969	0	0	0	0	0	0	1663618144184
2667	969	0	0	0	0	0	0	1663618145204
2667	968	0	0	0	0	0	0	1663618146224
2667	968	0	0	0	0	0	0	1663618147244
2663	968	0	0	0	0	0	0	1663618148264
2659	968	0	0	0	0	0	0	1663618149284
2658	968	0	0	0	0	0	0	1663618150304
2657	968	0	0	0	0	0	0	1663618151324
2651	968	0	0	0	0	0	0	1663618152344
2646	968	0	0	0	0	0	0	1663618153364
2643	967	0	0	0	0	0	0	1663618154384
2641	965	0	0	0	0	0	0	1663618155404
2640	958	0	0	0	0	0	0	1663618156424
2640	953	0	0	0	0	0	0	1663618157444
2640	948	0	0	0	0	0	0	1663618158464
2639	945	0	0	0	0	0	0	1663618159484
2639	943	0	0	0	0	0	0	1663618160504
2639	942	0	0	0	0	0	0	1663618161524
2639	941	0	0	0	0	0	0	1663618162544
2639	941	0	0	0	0	0	0	1663618163564
2639	940	0	0	0	0	0	0	1663618164584
2639	940	0	0	0	0	0	0	1663618165604
2639	940	0	0	0	0	0	0	1663618166624
2639	940	0	0	0	0	0	0	1663618167644
2639	940	0	0	0	0	0	0	1663618168664
2639	940	0	0	0	0	0	0	1663618169684
2639	940	0	0	0	0	0	0	1663618170704
2639	940	0	0	0	0	0	0	1663618171724
2639	940	0	0	0	0	0	0	1663618172744
2639	940	0	0	0	0	0	0	1663618173764
2639	940	0	0	0	0	0	0	1663618174784
2639	940	0	0	0	0	0	0	1663618175804
2639	940	0	0	0	0	0	0	1663618176824
2639	940	0	0	0	0	0	0	1663618177844
2639	940	0	0	0	0	0	0	1663618178864
2639	940	0	0	0	0	0	0	1663618179884
2639	939	0	0	0	0	0	0	1663618180904
2639	938	0	0	0	0	0	0	1663618181924
2639	935	0	0	0	0	0	0	1663618182944
2639	932	0	0	0	0	0	0	1663618183964
2639	928	0	0	0	0	0	0	1663618184984
2639	923	0	0	0	0	0	0	1663618186004
2639	919	0	0	0	0	0	0	1663618187024
2639	916	0	0	0	0	0	0	1663618188044
2639	914	0	0	0	0	0	0	1663618189064
2639	913	0	0	0	0	0	0	1663618190084
2639	913	0	0	0	0	0	0	1663618191104
2638	913	0	0	0	0	0	0	1663618192124
2637	913	0	0	0	0	0	0	1663618193144
2636	913	0	0	0	0	0	0	1663618194164
2635	913	0	0	0	0	0	0	1663618195184
2635	913	0	0	0	0	0	0	1663618196204
2635	913	0	0	0	0	0	0	1663618197224
2633	913	0	0	0	0	0	0	1663618198244
2631	913	0	0	0	0	0	0	1663618199264
2628	913	0	0	0	0	0	0	1663618200284
2626	913	0	0	0	0	0	0	1663618201304
2623	913	0	0	0	0	0	0	1663618202324
2621	913	0	0	0	0	0	0	1663618203344
2619	913	0	0	0	0	0	0	1663618204364
2618	913	0	0	0	0	0	0	1663618205384
2618	913	0	0	0	0	0	0	1663618206404
2616	913	0	0	0	0	0	0	1663618207424
2615	913	0	0	0	0	0	0	1663618208444
2613	913	0	0	0	0	0	0	1663618209464
2612	913	0	0	0	0	0	0	1663618210484
2612	913	0	0	0	0	0	0	1663618211504
2612	913	0	0	0	0	0	0	1663618212524
2612	913	0	0	0	0	0	0	1663618213544
2612	912	0	0	0	0	0	0	1663618214564
2612	911	0	0	0	0	0	0	1663618215584
2611	910	0	0	0	0	0	0	1663618216604
2611	907	0	0	0	0	0	0	1663618217624
2611	901	0	0	0	0	0	0	1663618218644
2611	897	0	0	0	0	0	0	1663618219664
2611	894	0	0	0	0	0	0	1663618220684
2611	891	0	0	0	0	0	0	1663618221704
2611	889	0	0	0	0	0	0	1663618222724
2611	887	0	0	0	0	0	0	1663618223744
2611	886	0	0	0	0	0	0	1663618224764
2611	885	0	0	0	0	0	0	1663618225784
2611	885	0	0	0	0	0	0	1663618226804
2611	885	0	0	0	0	0	0	1663618227824
2611	885	0	0	0	0	0	0	1663618228844
2611	885	0	0	0	0	0	0	1663618229864
2611	885	0	0	0	0	0	0	1663618230884
2611	885	0	0	0	0	0	0	1663618231904
2611	885	0	0	0	0	0	0	1663618232924
2611	885	0	0	0	0	0	0	1663618233944
2611	885	0	0	0	0	0	0	1663618234964
2611	885	0	0	0	0	0	0	1663618235984
2611	885	0	0	0	0	0	0	1663618237004
2611	885	0	0	0	0	0	0	1663618238024
2611	885	0	0	0	0	0	0	1663618239044
2611	885	0	0	0	0	0	0	1663618240064
2611	885	0	0	0	0	0	0	1663618241084
2611	885	0	0	0	0	0	0	1663618242104
2611	885	0	0	0	0	0	0	1663618243124
2611	885	0	0	0	0	0	0	1663618244144
2611	885	0	0	0	0	0	0	1663618245164
2611	885	0	0	0	0	0	0	1663618246184
2611	885	0	0	0	0	0	0	1663618247204
2611	885	0	0	0	0	0	0	1663618248224
2611	885	0	0	0	0	0	0	1663618249244
2611	884	0	0	0	0	0	0	1663618250264
2611	884	0	0	0	0	0	0	1663618251284
2611	883	0	0	0	0	0	0	1663618252304
2611	881	0	0	0	0	0	0	1663618253324
2611	878	0	0	0	0	0	0	1663618254344
2611	875	0	0	0	0	0	0	1663618255364
2611	871	0	0	0	0	0	0	1663618256384
2611	867	0	0	0	0	0	0	1663618257404
2611	864	0	0	0	0	0	0	1663618258424
2611	862	0	0	0	0	0	0	1663618259444
2611	860	0	0	0	0	0	0	1663618260464
2611	859	0	0	0	0	0	0	1663618261484
2611	858	0	0	0	0	0	0	1663618262504
2611	858	0	0	0	0	0	0	1663618263524
2611	857	0	0	0	0	0	0	1663618264544
2611	857	0	0	0	0	0	0	1663618265564
2611	857	0	0	0	0	0	0	1663618266584
2611	857	0	0	0	0	0	0	1663618267604
2611	857	0	0	0	0	0	0	1663618268624
2611	857	0	0	0	0	0	0	1663618269644
2611	857	0	0	0	0	0	0	1663618270664
2611	857	0	0	0	0	0	0	1663618271684
2611	857	0	0	0	0	0	0	1663618272704
2611	857	0	0	0	0	0	0	1663618273724
2610	857	0	0	0	0	0	0	1663618274744
2611	857	0	0	0	0	0	0	1663618275764
2611	857	0	0	0	0	0	0	1663618276784
2611	857	0	0	0	0	0	0	1663618277804
2611	857	0	0	0	0	0	0	1663618278824
2611	857	0	0	0	0	0	0	1663618279844
2611	857	0	0	0	0	0	0	1663618280864
2611	857	0	0	0	0	0	0	1663618281884
2624	842	0	0	0	0	0	0	1663618282904
2648	815	0	0	0	0	0	0	1663618283924
2656	806	0	0	0	0	0	0	1663618284944
2660	801	0	0	0	0	0	0	1663618285964
2663	799	0	0	0	0	0	0	1663618286984
2665	790	0	0	0	0	0	0	1663618288004
2666	787	0	0	0	0	0	0	1663618289024
2667	788	0	0	0	0	0	0	1663618290044
2667	791	0	0	0	0	0	0	1663618291064
2667	793	0	0	0	0	0	0	1663618292084
2667	796	0	0	0	0	0	0	1663618293104
2667	798	0	0	0	0	0	0	1663618294124
2664	799	0	0	0	0	0	0	1663618295144
2655	800	0	0	0	0	0	0	1663618296164
2649	801	0	0	0	0	0	0	1663618297184
2656	801	0	0	0	0	0	0	1663618298204
2660	797	0	0	0	0	0	0	1663618299224
2663	792	0	0	0	0	0	0	1663618300244
2664	790	0	0	0	0	0	0	1663618301264
2665	788	0	0	0	0	0	0	1663618302284
2665	786	0	0	0	0	0	0	1663618303304
2665	786	0	0	0	0	0	0	1663618304324
2664	786	0	0	0	0	0	0	1663618305344
2661	784	0	0	0	0	0	0	1663618306364
2657	784	0	0	0	0	0	0	1663618307384
2652	786	0	0	0	0	0	0	1663618308404
2647	786	0	0	0	0	0	0	1663618309424
2645	782	0	0	0	0	0	0	1663618310444
2643	787	0	0	0	0	0	0	1663618311464
2641	790	0	0	0	0	0	0	1663618312484
2641	783	0	0	0	0	0	0	1663618313504
2640	779	0	0	0	0	0	0	1663618314524
2644	777	0	0	0	0	0	0	1663618315544
2642	776	0	0	0	0	0	0	1663618316564
2641	775	0	0	0	0	0	0	1663618317584
2640	774	0	0	0	0	0	0	1663618318604
2640	774	0	0	0	0	0	0	1663618319624
2639	774	0	0	0	0	0	0	1663618320644
2639	774	0	0	0	0	0	0	1663618321664
2639	774	0	0	0	0	0	0	1663618322684
2639	774	0	0	0	0	0	0	1663618323704
2639	774	0	0	0	0	0	0	1663618324724
2639	774	0	0	0	0	0	0	1663618325744
2639	774	0	0	0	0	0	0	1663618326764
2639	774	0	0	0	0	0	0	1663618327784
2639	774	0	0	0	0	0	0	1663618328804
2639	774	0	0	0	0	0	0	1663618329824
2639	774	0	0	0	0	0	0	1663618330844
2639	774	0	0	0	0	0	0	1663618331864
2639	774	0	0	0	0	0	0	1663618332884
2639	774	0	0	0	0	0	0	1663618333904
2639	774	0	0	0	0	0	0	1663618334924
2639	774	0	0	0	0	0	0	1663618335944
2639	774	0	0	0	0	0	0	1663618336964
2639	774	0	0	0	0	0	0	1663618337984
2639	774	0	0	0	0	0	0	1663618339004
2639	774	0	0	0	0	0	0	1663618340024
2639	774	0	0	0	0	0	0	1663618341044
2639	774	0	0	0	0	0	0	1663618342064
2639	774	0	0	0	0	0	0	1663618343084
2639	774	0	0	0	0	0	0	1663618344104
2639	774	0	0	0	0	0	0	1663618345124
2638	774	0	0	0	0	0	0	1663618346144
2635	774	0	0	0	0	0	0	1663618347164
2631	774	0	0	0	0	0	0	1663618348184
2630	774	0	0	0	0	0	0	1663618349204
2626	774	0	0	0	0	0	0	1663618350224
2628	774	0	0	0	0	0	0	1663618351244
2632	774	0	0	0	0	0	0	1663618352264
2635	774	0	0	0	0	0	0	1663618353284
2635	774	0	0	0	0	0	0	1663618354304
2635	774	0	0	0	0	0	0	1663618355324
2636	773	0	0	0	0	0	0	1663618356344
2637	773	0	0	0	0	0	0	1663618357364
2638	773	0	0	0	0	0	0	1663618358384
2638	771	0	0	0	0	0	0	1663618359404
2638	770	0	0	0	0	0	0	1663618360424
2638	769	0	0	0	0	0	0	1663618361444
2638	769	0	0	0	0	0	0	1663618362464
2638	768	0	0	0	0	0	0	1663618363484
2638	760	0	0	0	0	0	0	1663618364504
2638	758	0	0	0	0	0	0	1663618365524
2630	762	0	0	0	0	0	0	1663618366544
2623	767	0	0	0	0	0	0	1663618367564
2618	770	0	0	0	0	0	0	1663618368584
2615	771	0	0	0	0	0	0	1663618369604
2614	772	0	0	0	0	0	0	1663618370624
2612	773	0	0	0	0	0	0	1663618371644
2612	773	0	0	0	0	0	0	1663618372664
2612	773	0	0	0	0	0	0	1663618373684
2611	773	0	0	0	0	0	0	1663618374704
2611	773	0	0	0	0	0	0	1663618375724
2611	773	0	0	0	0	0	0	1663618376744
2611	773	0	0	0	0	0	0	1663618377764
2611	772	0	0	0	0	0	0	1663618378784
2611	772	0	0	0	0	0	0	1663618379804
2611	773	0	0	0	0	0	0	1663618380824
2611	770	0	0	0	0	0	0	1663618381844
2611	768	0	0	0	0	0	0	1663618382864
2611	770	0	0	0	0	0	0	1663618383884
2611	770	0	0	0	0	0	0	1663618384904
2611	769	0	0	0	0	0	0	1663618385924
2611	761	0	0	0	0	0	0	1663618386944
2611	755	0	0	0	0	0	0	1663618387964
2611	751	0	0	0	0	0	0	1663618388984
2611	749	0	0	0	0	0	0	1663618390004
2611	748	0	0	0	0	0	0	1663618391024
2611	747	0	0	0	0	0	0	1663618392044
2611	747	0	0	0	0	0	0	1663618393064
2611	747	0	0	0	0	0	0	1663618394084
2611	747	0	0	0	0	0	0	1663618395104
2611	746	0	0	0	0	0	0	1663618396124
2611	746	0	0	0	0	0	0	1663618397144
2611	746	0	0	0	0	0	0	1663618398164
2611	746	0	0	0	0	0	0	1663618399184
2611	746	0	0	0	0	0	0	1663618400204
2611	746	0	0	0	0	0	0	1663618401224
2611	746	0	0	0	0	0	0	1663618402244
2611	746	0	0	0	0	0	0	1663618403264
2611	746	0	0	0	0	0	0	1663618404284
2611	746	0	0	0	0	0	0	1663618405304
2611	746	0	0	0	0	0	0	1663618406324
2611	746	0	0	0	0	0	0	1663618407344
2611	746	0	0	0	0	0	0	1663618408364
2611	746	0	0	0	0	0	0	1663618409384
2611	746	0	0	0	0	0	0	1663618410404
2611	746	0	0	0	0	0	0	1663618411424
2611	746	0	0	0	0	0	0	1663618412444
2610	746	0	0	0	0	0	0	1663618413464
2610	746	0	0	0	0	0	0	1663618414484
2610	746	0	0	0	0	0	0	1663618415504
2610	746	0	0	0	0	0	0	1663618416524
2610	746	0	0	0	0	0	0	1663618417544
2610	746	0	0	0	0	0	0	1663618418564
2610	746	0	0	0	0	0	0	1663618419584
2610	746	0	0	0	0	0	0	1663618420604
2611	746	0	0	0	0	0	0	1663618421624
2611	746	0	0	0	0	0	0	1663618422644
2611	746	0	0	0	0	0	0	1663618423664
2611	746	0	0	0	0	0	0	1663618424684
2611	736	0	0	0	0	0	0	1663618425704
2611	732	0	0	0	0	0	0	1663618426724
2611	732	0	0	0	0	0	0	1663618427744
2611	736	0	0	0	0	0	0	1663618428764
2611	736	0	0	0	0	0	0	1663618429784
2611	736	0	0	0	0	0	0	1663618430804
2611	736	0	0	0	0	0	0	1663618431824
2611	736	0	0	0	0	0	0	1663618432844
2611	733	0	0	0	0	0	0	1663618433864
2609	732	0	0	0	0	0	0	1663618434884
2609	731	0	0	0	0	0	0	1663618435904
2610	727	0	0	0	0	0	0	1663618436924
2610	725	0	0	0	0	0	0	1663618437944
2603	728	0	0	0	0	0	0	1663618438964
2604	726	0	0	0	0	0	0	1663618439984
2605	723	0	0	0	0	0	0	1663618441004
2600	721	0	0	0	0	0	0	1663618442024
2597	720	0	0	0	0	0	0	1663618443044
2592	721	0	0	0	0	0	0	1663618444064
2589	724	0	0	0	0	0	0	1663618445084
2587	726	0	0	0	0	0	0	1663618446104
2585	727	0	0	0	0	0	0	1663618447124
2584	725	0	0	0	0	0	0	1663618448144
2583	724	0	0	0	0	0	0	1663618449164
2583	723	0	0	0	0	0	0	1663618450184
2583	723	0	0	0	0	0	0	1663618451204
2583	723	0	0	0	0	0	0	1663618452224
2583	722	0	0	0	0	0	0	1663618453244
2583	721	0	0	0	0	0	0	1663618454264
2583	721	0	0	0	0	0	0	1663618455284
2583	721	0	0	0	0	0	0	1663618456304
2583	720	0	0	0	0	0	0	1663618457324
2583	720	0	0	0	0	0	0	1663618458344
2583	719	0	0	0	0	0	0	1663618459364
2583	719	0	0	0	0	0	0	1663618460384
2583	719	0	0	0	0	0	0	1663618461404
2583	719	0	0	0	0	0	0	1663618462424
2583	719	0	0	0	0	0	0	1663618463444
2583	719	0	0	0	0	0	0	1663618464464
2583	719	0	0	0	0	0	0	1663618465484
2583	719	0	0	0	0	0	0	1663618466504
2583	719	0	0	0	0	0	0	1663618467524
2583	719	0	0	0	0	0	0	1663618468544
2583	719	0	0	0	0	0	0	1663618469564
2583	719	0	0	0	0	0	0	1663618470584
2583	719	0	0	0	0	0	0	1663618471604
2583	719	0	0	0	0	0	0	1663618472624
2583	719	0	0	0	0	0	0	1663618473644
2583	719	0	0	0	0	0	0	1663618474664
2583	719	0	0	0	0	0	0	1663618475684
2583	719	0	0	0	0	0	0	1663618476704
2583	719	0	0	0	0	0	0	1663618477724
2583	719	0	0	0	0	0	0	1663618478744
2583	719	0	0	0	0	0	0	1663618479764
2583	719	0	0	0	0	0	0	1663618480784
2583	719	0	0	0	0	0	0	1663618481804
2582	719	0	0	0	0	0	0	1663618482824
2582	719	0	0	0	0	0	0	1663618483844
2581	719	0	0	0	0	0	0	1663618484864
2580	719	0	0	0	0	0	0	1663618485884
2579	719	0	0	0	0	0	0	1663618486904
2577	719	0	0	0	0	0	0	1663618487924
2576	719	0	0	0	0	0	0	1663618488944
2571	719	0	0	0	0	0	0	1663618489964
2565	719	0	0	0	0	0	0	1663618490984
2561	719	0	0	0	0	0	0	1663618492004
2559	719	0	0	0	0	0	0	1663618493024
2558	719	0	0	0	0	0	0	1663618494044
2557	719	0	0	0	0	0	0	1663618495064
2556	719	0	0	0	0	0	0	1663618496084
2556	719	0	0	0	0	0	0	1663618497104
2555	719	0	0	0	0	0	0	1663618498124
2555	719	0	0	0	0	0	0	1663618499144
2555	718	0	0	0	0	0	0	1663618500164
2555	718	0	0	0	0	0	0	1663618501184
2555	718	0	0	0	0	0	0	1663618502204
2555	718	0	0	0	0	0	0	1663618503224
2555	718	0	0	0	0	0	0	1663618504244
2555	718	0	0	0	0	0	0	1663618505264
2555	718	0	0	0	0	0	0	1663618506284
2555	718	0	0	0	0	0	0	1663618507304
2555	718	0	0	0	0	0	0	1663618508324
2555	718	0	0	0	0	0	0	1663618509344
2555	718	0	0	0	0	0	0	1663618510364
2555	718	0	0	0	0	0	0	1663618511384
2555	718	0	0	0	0	0	0	1663618512404
2555	718	0	0	0	0	0	0	1663618513424
2555	718	0	0	0	0	0	0	1663618514444
2555	718	0	0	0	0	0	0	1663618515464
2555	718	0	0	0	0	0	0	1663618516484
2555	718	0	0	0	0	0	0	1663618517504
2555	718	0	0	0	0	0	0	1663618518524
2555	718	0	0	0	0	0	0	1663618519544
2555	718	0	0	0	0	0	0	1663618520564
2555	718	0	0	0	0	0	0	1663618521584
2555	718	0	0	0	0	0	0	1663618522604
2555	718	0	0	0	0	0	0	1663618523624
2555	718	0	0	0	0	0	0	1663618524644
2555	718	0	0	0	0	0	0	1663618525664
2555	718	0	0	0	0	0	0	1663618526684
2555	718	0	0	0	0	0	0	1663618527704
2555	718	0	0	0	0	0	0	1663618528724
2555	718	0	0	0	0	0	0	1663618529744
2555	718	0	0	0	0	0	0	1663618530764
2555	718	0	0	0	0	0	0	1663618531784
2554	718	0	0	0	0	0	0	1663618532804
2554	718	0	0	0	0	0	0	1663618533824
2554	718	0	0	0	0	0	0	1663618534844
2552	718	0	0	0	0	0	0	1663618535864
2553	718	0	0	0	0	0	0	1663618536884
2548	718	0	0	0	0	0	0	1663618537904
2544	718	0	0	0	0	0	0	1663618538924
2541	718	0	0	0	0	0	0	1663618539944
2538	718	0	0	0	0	0	0	1663618540964
2535	718	0	0	0	0	0	0	1663618541984
2533	718	0	0	0	0	0	0	1663618543004
2530	718	0	0	0	0	0	0	1663618544024
2529	718	0	0	0	0	0	0	1663618545044
2528	718	0	0	0	0	0	0	1663618546064
2527	718	0	0	0	0	0	0	1663618547084
2527	718	0	0	0	0	0	0	1663618548104
2527	718	0	0	0	0	0	0	1663618549124
2527	718	0	0	0	0	0	0	1663618550144
2527	718	0	0	0	0	0	0	1663618551164
2527	718	0	0	0	0	0	0	1663618552184
2527	718	0	0	0	0	0	0	1663618553204
2527	718	0	0	0	0	0	0	1663618554224
2527	718	0	0	0	0	0	0	1663618555244
2527	718	0	0	0	0	0	0	1663618556264
2527	718	0	0	0	0	0	0	1663618557284
2527	718	0	0	0	0	0	0	1663618558304
2527	718	0	0	0	0	0	0	1663618559324
2527	718	0	0	0	0	0	0	1663618560344
2527	718	0	0	0	0	0	0	1663618561364
2527	718	0	0	0	0	0	0	1663618562384
2527	718	0	0	0	0	0	0	1663618563404
2527	718	0	0	0	0	0	0	1663618564424
2527	718	0	0	0	0	0	0	1663618565444
2527	718	0	0	0	0	0	0	1663618566464
2527	718	0	0	0	0	0	0	1663618567484
2527	718	0	0	0	0	0	0	1663618568504
2527	718	0	0	0	0	0	0	1663618569524
2527	718	0	0	0	0	0	0	1663618570544
2527	718	0	0	0	0	0	0	1663618571564
2527	718	0	0	0	0	0	0	1663618572584
2527	718	0	0	0	0	0	0	1663618573604
2527	718	0	0	0	0	0	0	1663618574624
2527	718	0	0	0	0	0	0	1663618575644
2527	718	0	0	0	0	0	0	1663618576664
2527	718	0	0	0	0	0	0	1663618577684
2526	718	0	0	0	0	0	0	1663618578704
2526	718	0	0	0	0	0	0	1663618579724
2526	718	0	0	0	0	0	0	1663618580744
2526	718	0	0	0	0	0	0	1663618581764
2526	718	0	0	0	0	0	0	1663618582784
2527	718	0	0	0	0	0	0	1663618583804
2527	718	0	0	0	0	0	0	1663618584824
2527	718	0	0	0	0	0	0	1663618585844
2527	718	0	0	0	0	0	0	1663618586864
2526	718	0	0	0	0	0	0	1663618587884
2525	718	0	0	0	0	0	0	1663618588904
2523	718	0	0	0	0	0	0	1663618589924
2521	718	0	0	0	0	0	0	1663618590944
2517	718	0	0	0	0	0	0	1663618591964
2513	718	0	0	0	0	0	0	1663618592984
2509	718	0	0	0	0	0	0	1663618594004
2506	718	0	0	0	0	0	0	1663618595024
2504	718	0	0	0	0	0	0	1663618596044
2503	718	0	0	0	0	0	0	1663618597064
2501	718	0	0	0	0	0	0	1663618598084
2500	718	0	0	0	0	0	0	1663618599104
2500	718	0	0	0	0	0	0	1663618600124
2499	718	0	0	0	0	0	0	1663618601144
2499	718	0	0	0	0	0	0	1663618602164
2499	718	0	0	0	0	0	0	1663618603184
2499	718	0	0	0	0	0	0	1663618604204
2499	718	0	0	0	0	0	0	1663618605224
2499	718	0	0	0	0	0	0	1663618606244
2499	718	0	0	0	0	0	0	1663618607264
2499	718	0	0	0	0	0	0	1663618608284
2499	718	0	0	0	0	0	0	1663618609304
2499	718	0	0	0	0	0	0	1663618610324
2499	718	0	0	0	0	0	0	1663618611344
2499	718	0	0	0	0	0	0	1663618612364
2499	718	0	0	0	0	0	0	1663618613384
2499	718	0	0	0	0	0	0	1663618614404
2499	718	0	0	0	0	0	0	1663618615424
2499	718	0	0	0	0	0	0	1663618616444
2499	718	0	0	0	0	0	0	1663618617464
2499	718	0	0	0	0	0	0	1663618618484
2499	718	0	0	0	0	0	0	1663618619504
2499	718	0	0	0	0	0	0	1663618620524
2499	718	0	0	0	0	0	0	1663618621544
2499	718	0	0	0	0	0	0	1663618622564
2499	718	0	0	0	0	0	0	1663618623584
2499	718	0	0	0	0	0	0	1663618624604
2499	718	0	0	0	0	0	0	1663618625624
2499	718	0	0	0	0	0	0	1663618626644
2499	718	0	0	0	0	0	0	1663618627664
2499	718	0	0	0	0	0	0	1663618628684
2499	718	0	0	0	0	0	0	1663618629704
2499	718	0	0	0	0	0	0	1663618630724
2499	718	0	0	0	0	0	0	1663618631744
2499	718	0	0	0	0	0	0	1663618632764
2499	718	0	0	0	0	0	0	1663618633784
2499	718	0	0	0	0	0	0	1663618634804
2499	718	0	0	0	0	0	0	1663618635824
2499	718	0	0	0	0	0	0	1663618636844
2499	718	0	0	0	0	0	0	1663618637864
2498	718	0	0	0	0	0	0	1663618638884
2497	718	0	0	0	0	0	0	1663618639904
2497	718	0	0	0	0	0	0	1663618640924
2496	718	0	0	0	0	0	0	1663618641944
2495	718	0	0	0	0	0	0	1663618642964
2491	718	0	0	0	0	0	0	1663618643984
2489	718	0	0	0	0	0	0	1663618645004
2485	718	0	0	0	0	0	0	1663618646024
2481	718	0	0	0	0	0	0	1663618647044
2479	718	0	0	0	0	0	0	1663618648064
2477	718	0	0	0	0	0	0	1663618649084
2476	718	0	0	0	0	0	0	1663618650104
2474	718	0	0	0	0	0	0	1663618651124
2472	718	0	0	0	0	0	0	1663618652144
2472	718	0	0	0	0	0	0	1663618653164
2471	718	0	0	0	0	0	0	1663618654184
2471	718	0	0	0	0	0	0	1663618655204
2471	718	0	0	0	0	0	0	1663618656224
2471	718	0	0	0	0	0	0	1663618657244
2470	718	0	0	0	0	0	0	1663618658264
2470	718	0	0	0	0	0	0	1663618659284
2470	718	0	0	0	0	0	0	1663618660304
2470	718	0	0	0	0	0	0	1663618661324
2470	718	0	0	0	0	0	0	1663618662344
2470	718	0	0	0	0	0	0	1663618663364
2470	718	0	0	0	0	0	0	1663618664384
2470	718	0	0	0	0	0	0	1663618665404
2471	718	0	0	0	0	0	0	1663618666424
2471	718	0	0	0	0	0	0	1663618667444
2471	718	0	0	0	0	0	0	1663618668464
2471	718	0	0	0	0	0	0	1663618669484
2471	718	0	0	0	0	0	0	1663618670504
2471	718	0	0	0	0	0	0	1663618671524
2471	718	0	0	0	0	0	0	1663618672544
2471	718	0	0	0	0	0	0	1663618673564
2471	718	0	0	0	0	0	0	1663618674584
2471	718	0	0	0	0	0	0	1663618675604
2470	718	0	0	0	0	0	0	1663618676624
2470	718	0	0	0	0	0	0	1663618677644
2470	718	0	0	0	0	0	0	1663618678664
2470	718	0	0	0	0	0	0	1663618679684
2470	718	0	0	0	0	0	0	1663618680704
2470	718	0	0	0	0	0	0	1663618681724
2471	718	0	0	0	0	0	0	1663618682744
2471	718	0	0	0	0	0	0	1663618683764
2471	718	0	0	0	0	0	0	1663618684784
2471	718	0	0	0	0	0	0	1663618685804
2471	718	0	0	0	0	0	0	1663618686824
2471	718	0	0	0	0	0	0	1663618687844
2471	718	0	0	0	0	0	0	1663618688864
2471	718	0	0	0	0	0	0	1663618689884
2471	718	0	0	0	0	0	0	1663618690904
2470	718	0	0	0	0	0	0	1663618691924
2471	718	0	0	0	0	0	0	1663618692944
2471	718	0	0	0	0	0	0	1663618693964
2471	718	0	0	0	0	0	0	1663618694984
2471	718	0	0	0	0	0	0	1663618696004
2471	718	0	0	0	0	0	0	1663618697024
2471	718	0	0	0	0	0	0	1663618698044
2471	718	0	0	0	0	0	0	1663618699064
2471	718	0	0	0	0	0	0	1663618700084
2471	718	0	0	0	0	0	0	1663618701104
2471	718	0	0	0	0	0	0	1663618702124
2471	718	0	0	0	0	0	0	1663618703144
2471	718	0	0	0	0	0	0	1663618704164
2471	718	0	0	0	0	0	0	1663618705184
2470	718	0	0	0	0	0	0	1663618706204
2470	718	0	0	0	0	0	0	1663618707224
2469	718	0	0	0	0	0	0	1663618708244
2467	718	0	0	0	0	0	0	1663618709264
2464	718	0	0	0	0	0	0	1663618710284
2462	718	0	0	0	0	0	0	1663618711304
2460	718	0	0	0	0	0	0	1663618712324
2458	718	0	0	0	0	0	0	1663618713344
2455	718	0	0	0	0	0	0	1663618714364
2453	718	0	0	0	0	0	0	1663618715384
2450	718	0	0	0	0	0	0	1663618716404
2448	718	0	0	0	0	0	0	1663618717424
2446	718	0	0	0	0	0	0	1663618718444
2445	718	0	0	0	0	0	0	1663618719464
2444	718	0	0	0	0	0	0	1663618720484
2443	718	0	0	0	0	0	0	1663618721504
2443	718	0	0	0	0	0	0	1663618722524
2443	718	0	0	0	0	0	0	1663618723544
2443	718	0	0	0	0	0	0	1663618724564
2443	718	0	0	0	0	0	0	1663618725584
2443	718	0	0	0	0	0	0	1663618726604
2443	718	0	0	0	0	0	0	1663618727624
2443	718	0	0	0	0	0	0	1663618728644
2443	718	0	0	0	0	0	0	1663618729664
2443	718	0	0	0	0	0	0	1663618730684
2443	718	0	0	0	0	0	0	1663618731704
2443	718	0	0	0	0	0	0	1663618732724
2443	718	0	0	0	0	0	0	1663618733744
2443	718	0	0	0	0	0	0	1663618734764
2443	718	0	0	0	0	0	0	1663618735784
2443	718	0	0	0	0	0	0	1663618736804
2443	718	0	0	0	0	0	0	1663618737824
2443	718	0	0	0	0	0	0	1663618738844
2443	718	0	0	0	0	0	0	1663618739864
2443	718	0	0	0	0	0	0	1663618740884
2443	718	0	0	0	0	0	0	1663618741904
2443	718	0	0	0	0	0	0	1663618742924
2443	718	0	0	0	0	0	0	1663618743944
2443	718	0	0	0	0	0	0	1663618744964
2443	718	0	0	0	0	0	0	1663618745984
2443	718	0	0	0	0	0	0	1663618747004
2443	718	0	0	0	0	0	0	1663618748024
2443	718	0	0	0	0	0	0	1663618749044
2443	718	0	0	0	0	0	0	1663618750064
2443	718	0	0	0	0	0	0	1663618751084
2442	718	0	0	0	0	0	0	1663618752104
2442	718	0	0	0	0	0	0	1663618753124
2442	718	0	0	0	0	0	0	1663618754144
2442	718	0	0	0	0	0	0	1663618755164
2442	718	0	0	0	0	0	0	1663618756184
2442	718	0	0	0	0	0	0	1663618757204
2442	718	0	0	0	0	0	0	1663618758224
2442	718	0	0	0	0	0	0	1663618759244
2442	718	0	0	0	0	0	0	1663618760264
2442	718	0	0	0	0	0	0	1663618761284
2443	718	0	0	0	0	0	0	1663618762304
2466	720	0	0	0	0	0	0	1663618763324
2477	719	0	0	0	0	0	0	1663618764344
2480	719	0	0	0	0	0	0	1663618765364
2479	719	0	0	0	0	0	0	1663618766384
2478	719	0	0	0	0	0	0	1663618767404
2476	719	0	0	0	0	0	0	1663618768424
2474	719	0	0	0	0	0	0	1663618769444
2473	719	0	0	0	0	0	0	1663618770464
2473	719	0	0	0	0	0	0	1663618771484
2472	719	0	0	0	0	0	0	1663618772504
2472	719	0	0	0	0	0	0	1663618773524
2472	719	0	0	0	0	0	0	1663618774544
2471	719	0	0	0	0	0	0	1663618775564
2471	719	0	0	0	0	0	0	1663618776584
2471	719	0	0	0	0	0	0	1663618777604
2471	719	0	0	0	0	0	0	1663618778624
2471	719	0	0	0	0	0	0	1663618779644
2471	719	0	0	0	0	0	0	1663618780664
2471	719	0	0	0	0	0	0	1663618781684
2471	719	0	0	0	0	0	0	1663618782704
2478	719	0	0	0	0	0	0	1663618783724
2482	719	0	0	0	0	0	0	1663618784744
2477	719	0	0	0	0	0	0	1663618785764
2475	719	0	0	0	0	0	0	1663618786784
2473	719	0	0	0	0	0	0	1663618787804
2472	719	0	0	0	0	0	0	1663618788824
2471	719	0	0	0	0	0	0	1663618789844
2471	719	0	0	0	0	0	0	1663618790864
2471	719	0	0	0	0	0	0	1663618791884
2471	719	0	0	0	0	0	0	1663618792904
2471	719	0	0	0	0	0	0	1663618793924
2471	719	0	0	0	0	0	0	1663618794944
2471	719	0	0	0	0	0	0	1663618795964
2471	719	0	0	0	0	0	0	1663618796984
2471	719	0	0	0	0	0	0	1663618798004
2471	719	0	0	0	0	0	0	1663618799024
2471	719	0	0	0	0	0	0	1663618800044
2471	719	0	0	0	0	0	0	1663618801064
2471	719	0	0	0	0	0	0	1663618802084
2471	719	0	0	0	0	0	0	1663618803104
2471	719	0	0	0	0	0	0	1663618804124
2471	719	0	0	0	0	0	0	1663618805144
2471	719	0	0	0	0	0	0	1663618806164
2471	719	0	0	0	0	0	0	1663618807184
2471	719	0	0	0	0	0	0	1663618808204
2471	719	0	0	0	0	0	0	1663618809224
2471	719	0	0	0	0	0	0	1663618810244
2489	728	0	0	0	0	0	0	1663618811264
2496	724	0	0	0	0	0	0	1663618812284
2497	722	0	0	0	0	0	0	1663618813304
2498	720	0	0	0	0	0	0	1663618814324
2499	719	0	0	0	0	0	0	1663618815344
2499	719	0	0	0	0	0	0	1663618816364
2499	719	0	0	0	0	0	0	1663618817384
2499	719	0	0	0	0	0	0	1663618818404
2499	719	0	0	0	0	0	0	1663618819424
2499	719	0	0	0	0	0	0	1663618820444
2499	719	0	0	0	0	0	0	1663618821464
2499	719	0	0	0	0	0	0	1663618822484
2499	719	0	0	0	0	0	0	1663618823504
2499	719	0	0	0	0	0	0	1663618824524
2499	719	0	0	0	0	0	0	1663618825544
2499	719	0	0	0	0	0	0	1663618826564
2499	719	0	0	0	0	0	0	1663618827584
2499	719	0	0	0	0	0	0	1663618828604
2499	719	0	0	0	0	0	0	1663618829624
2499	719	0	0	0	0	0	0	1663618830644
2499	719	0	0	0	0	0	0	1663618831664
2499	719	0	0	0	0	0	0	1663618832684
2499	719	0	0	0	0	0	0	1663618833704
2499	719	0	0	0	0	0	0	1663618834724
2499	719	0	0	0	0	0	0	1663618835744
2499	719	0	0	0	0	0	0	1663618836764
2499	719	0	0	0	0	0	0	1663618837784
2499	719	0	0	0	0	0	0	1663618838804
2499	719	0	0	0	0	0	0	1663618839824
2499	719	0	0	0	0	0	0	1663618840844
2499	719	0	0	0	0	0	0	1663618841864
2498	719	0	0	0	0	0	0	1663618842884
2498	719	0	0	0	0	0	0	1663618843904
2496	719	0	0	0	0	0	0	1663618844924
2493	718	0	0	0	0	0	0	1663618845944
2492	718	0	0	0	0	0	0	1663618846964
2490	718	0	0	0	0	0	0	1663618847984
2488	718	0	0	0	0	0	0	1663618849004
2490	718	0	0	0	0	0	0	1663618850024
2493	718	0	0	0	0	0	0	1663618851044
2492	718	0	0	0	0	0	0	1663618852064
2493	718	0	0	0	0	0	0	1663618853084
2492	718	0	0	0	0	0	0	1663618854104
2489	718	0	0	0	0	0	0	1663618855124
2485	718	0	0	0	0	0	0	1663618856144
2481	718	0	0	0	0	0	0	1663618857164
2478	718	0	0	0	0	0	0	1663618858184
2477	718	0	0	0	0	0	0	1663618859204
2475	718	0	0	0	0	0	0	1663618860224
2473	718	0	0	0	0	0	0	1663618861244
2473	718	0	0	0	0	0	0	1663618862264
2472	718	0	0	0	0	0	0	1663618863284
2472	718	0	0	0	0	0	0	1663618864304
2472	718	0	0	0	0	0	0	1663618865324
2472	718	0	0	0	0	0	0	1663618866344
2471	718	0	0	0	0	0	0	1663618867364
2471	718	0	0	0	0	0	0	1663618868384
2471	718	0	0	0	0	0	0	1663618869404
2471	718	0	0	0	0	0	0	1663618870424
2471	718	0	0	0	0	0	0	1663618871444
2471	718	0	0	0	0	0	0	1663618872464
2471	718	0	0	0	0	0	0	1663618873484
2471	718	0	0	0	0	0	0	1663618874504
2471	718	0	0	0	0	0	0	1663618875524
2471	718	0	0	0	0	0	0	1663618876544
2471	718	0	0	0	0	0	0	1663618877564
2471	718	0	0	0	0	0	0	1663618878584
2471	718	0	0	0	0	0	0	1663618879604
2471	718	0	0	0	0	0	0	1663618880624
2471	718	0	0	0	0	0	0	1663618881644
2471	718	0	0	0	0	0	0	1663618882664
2471	718	0	0	0	0	0	0	1663618883684
2471	718	0	0	0	0	0	0	1663618884704
2471	718	0	0	0	0	0	0	1663618885724
2471	718	0	0	0	0	0	0	1663618886744
2471	718	0	0	0	0	0	0	1663618887794
2471	718	0	0	0	0	0	0	1663618888814
2471	718	0	0	0	0	0	0	1663618889834
2471	718	0	0	0	0	0	0	1663618890854
2471	718	0	0	0	0	0	0	1663618891874
2471	718	0	0	0	0	0	0	1663618892894
2471	718	0	0	0	0	0	0	1663618893914
2471	718	0	0	0	0	0	0	1663618894934
2471	718	0	0	0	0	0	0	1663618895954
2471	718	0	0	0	0	0	0	1663618896974
2471	718	0	0	0	0	0	0	1663618897994
2471	718	0	0	0	0	0	0	1663618899014
2471	718	0	0	0	0	0	0	1663618900034
2471	718	0	0	0	0	0	0	1663618901054
2471	718	0	0	0	0	0	0	1663618902074
2471	718	0	0	0	0	0	0	1663618903094
2471	718	0	0	0	0	0	0	1663618904114
2471	718	0	0	0	0	0	0	1663618905134
2471	718	0	0	0	0	0	0	1663618906154
2471	718	0	0	0	0	0	0	1663618907174
2471	718	0	0	0	0	0	0	1663618908194
2471	718	0	0	0	0	0	0	1663618909214
2471	718	0	0	0	0	0	0	1663618910234
2471	718	0	0	0	0	0	0	1663618911254
2471	718	0	0	0	0	0	0	1663618912274
2471	718	0	0	0	0	0	0	1663618913294
2471	718	0	0	0	0	0	0	1663618914314
2471	718	0	0	0	0	0	0	1663618915334
2471	717	0	0	0	0	0	0	1663618916354
2471	717	0	0	0	0	0	0	1663618917374
2470	717	0	0	0	0	0	0	1663618918394
2470	717	0	0	0	0	0	0	1663618919414
2470	717	0	0	0	0	0	0	1663618920434
2470	717	0	0	0	0	0	0	1663618921454
2470	717	0	0	0	0	0	0	1663618922474
2470	717	0	0	0	0	0	0	1663618923494
2470	716	0	0	0	0	0	0	1663618924514
2470	716	0	0	0	0	0	0	1663618925534
2470	715	0	0	0	0	0	0	1663618926554
2470	715	0	0	0	0	0	0	1663618927574
2470	716	0	0	0	0	0	0	1663618928594
2470	715	0	0	0	0	0	0	1663618929614
2470	716	0	0	0	0	0	0	1663618930634
2470	716	0	0	0	0	0	0	1663618931654
2471	716	0	0	0	0	0	0	1663618932674
2471	716	0	0	0	0	0	0	1663618933694
2471	715	0	0	0	0	0	0	1663618934714
2471	714	0	0	0	0	0	0	1663618935734
2470	715	0	0	0	0	0	0	1663618936754
2470	715	0	0	0	0	0	0	1663618937774
2470	715	0	0	0	0	0	0	1663618938794
2470	714	0	0	0	0	0	0	1663618939814
2471	714	0	0	0	0	0	0	1663618940834
2471	712	0	0	0	0	0	0	1663618941854
2469	712	0	0	0	0	0	0	1663618942874
2468	711	0	0	0	0	0	0	1663618943894
2468	711	0	0	0	0	0	0	1663618944914
2466	709	0	0	0	0	0	0	1663618945934
2466	709	0	0	0	0	0	0	1663618946954
2465	709	0	0	0	0	0	0	1663618947974
2464	710	0	0	0	0	0	0	1663618948994
2462	710	0	0	0	0	0	0	1663618950014
2462	710	0	0	0	0	0	0	1663618951034
2459	710	0	0	0	0	0	0	1663618952054
2457	709	0	0	0	0	0	0	1663618953074
2455	708	0	0	0	0	0	0	1663618954094
2453	707	0	0	0	0	0	0	1663618955114
2451	705	0	0	0	0	0	0	1663618956134
2450	706	0	0	0	0	0	0	1663618957154
2448	705	0	0	0	0	0	0	1663618958174
2446	706	0	0	0	0	0	0	1663618959194
2445	706	0	0	0	0	0	0	1663618960214
2445	705	0	0	0	0	0	0	1663618961234
2444	703	0	0	0	0	0	0	1663618962254
2444	703	0	0	0	0	0	0	1663618963274
2444	703	0	0	0	0	0	0	1663618964294
2444	702	0	0	0	0	0	0	1663618965314
2444	701	0	0	0	0	0	0	1663618966334
2444	701	0	0	0	0	0	0	1663618967354
2444	699	0	0	0	0	0	0	1663618968374
2444	700	0	0	0	0	0	0	1663618969394
2444	700	0	0	0	0	0	0	1663618970414
2444	699	0	0	0	0	0	0	1663618971434
11466	698	0	0	0	0	0	0	1663618972454
7857	698	0	0	0	0	0	0	1663618973474
5691	698	0	0	0	0	0	0	1663618974494
4392	698	0	0	0	0	0	0	1663618975514
3612	697	0	0	0	0	0	0	1663618976534
3144	697	0	0	0	0	0	0	1663618977554
2863	697	0	0	0	0	0	0	1663618978574
2695	697	0	0	0	0	0	0	1663618979594
2594	699	0	0	0	0	0	0	1663618980614
2533	699	0	0	0	0	0	0	1663618981634
2497	698	0	0	0	0	0	0	1663618982654
2476	696	0	0	0	0	0	0	1663618983674
2463	695	0	0	0	0	0	0	1663618984694
2455	694	0	0	0	0	0	0	1663618985714
2450	693	0	0	0	0	0	0	1663618986734
2447	693	0	0	0	0	0	0	1663618987754
2446	693	0	0	0	0	0	0	1663618988774
2444	693	0	0	0	0	0	0	1663618989794
2443	692	0	0	0	0	0	0	1663618990814
2443	692	0	0	0	0	0	0	1663618991834
2443	691	0	0	0	0	0	0	1663618992854
2443	691	0	0	0	0	0	0	1663618993874
2443	691	0	0	0	0	0	0	1663618994894
2443	692	0	0	0	0	0	0	1663618995914
2443	692	0	0	0	0	0	0	1663618996934
2443	692	0	0	0	0	0	0	1663618997954
2443	692	0	0	0	0	0	0	1663618998974
2443	692	0	0	0	0	0	0	1663618999994
2443	692	0	0	0	0	0	0	1663619001014
2443	692	0	0	0	0	0	0	1663619002034
2443	692	0	0	0	0	0	0	1663619003054
2443	692	0	0	0	0	0	0	1663619004074
2443	691	0	0	0	0	0	0	1663619005094
2443	691	0	0	0	0	0	0	1663619006114
2443	691	0	0	0	0	0	0	1663619007134
2443	691	0	0	0	0	0	0	1663619008154
2443	691	0	0	0	0	0	0	1663619009174
2443	691	0	0	0	0	0	0	1663619010194
2443	691	0	0	0	0	0	0	1663619011214
2443	691	0	0	0	0	0	0	1663619012234
2443	691	0	0	0	0	0	0	1663619013254
2443	691	0	0	0	0	0	0	1663619014274
2443	691	0	0	0	0	0	0	1663619015294
2443	691	0	0	0	0	0	0	1663619016314
2443	691	0	0	0	0	0	0	1663619017334
2443	691	0	0	0	0	0	0	1663619018354
2443	691	0	0	0	0	0	0	1663619019374
2443	691	0	0	0	0	0	0	1663619020394
2443	691	0	0	0	0	0	0	1663619021414
2443	691	0	0	0	0	0	0	1663619022434
2443	691	0	0	0	0	0	0	1663619023454
2443	691	0	0	0	0	0	0	1663619024474
2443	691	0	0	0	0	0	0	1663619025494
2443	691	0	0	0	0	0	0	1663619026514
2443	691	0	0	0	0	0	0	1663619027534
2443	691	0	0	0	0	0	0	1663619028554
2443	691	0	0	0	0	0	0	1663619029574
2443	691	0	0	0	0	0	0	1663619030594
2443	691	0	0	0	0	0	0	1663619031614
2443	691	0	0	0	0	0	0	1663619032634
2443	691	0	0	0	0	0	0	1663619033654
2443	691	0	0	0	0	0	0	1663619034674
2443	691	0	0	0	0	0	0	1663619035694
2443	691	0	0	0	0	0	0	1663619036714
2443	691	0	0	0	0	0	0	1663619037734
2442	691	0	0	0	0	0	0	1663619038754
2442	691	0	0	0	0	0	0	1663619039774
2442	691	0	0	0	0	0	0	1663619040794
2442	691	0	0	0	0	0	0	1663619041814
2442	691	0	0	0	0	0	0	1663619042834
2442	691	0	0	0	0	0	0	1663619043854
2442	691	0	0	0	0	0	0	1663619044874
2443	691	0	0	0	0	0	0	1663619045894
2443	691	0	0	0	0	0	0	1663619046914
2442	691	0	0	0	0	0	0	1663619047934
2441	691	0	0	0	0	0	0	1663619048954
2441	691	0	0	0	0	0	0	1663619049974
2439	691	0	0	0	0	0	0	1663619050994
2438	691	0	0	0	0	0	0	1663619052014
2437	691	0	0	0	0	0	0	1663619053034
2438	691	0	0	0	0	0	0	1663619054054
2437	691	0	0	0	0	0	0	1663619055074
2435	691	0	0	0	0	0	0	1663619056094
2433	691	0	0	0	0	0	0	1663619057114
2430	691	0	0	0	0	0	0	1663619058134
2428	691	0	0	0	0	0	0	1663619059154
2427	691	0	0	0	0	0	0	1663619060174
2426	691	0	0	0	0	0	0	1663619061194
2423	691	0	0	0	0	0	0	1663619062214
2422	691	0	0	0	0	0	0	1663619063234
2421	691	0	0	0	0	0	0	1663619064254
2419	691	0	0	0	0	0	0	1663619065274
2418	691	0	0	0	0	0	0	1663619066294
2418	691	0	0	0	0	0	0	1663619067314
2417	691	0	0	0	0	0	0	1663619068334
2416	691	0	0	0	0	0	0	1663619069354
2415	691	0	0	0	0	0	0	1663619070374
2415	691	0	0	0	0	0	0	1663619071394
2415	691	0	0	0	0	0	0	1663619072414
2415	691	0	0	0	0	0	0	1663619073434
2415	691	0	0	0	0	0	0	1663619074454
2415	691	0	0	0	0	0	0	1663619075474
2415	691	0	0	0	0	0	0	1663619076494
2415	691	0	0	0	0	0	0	1663619077514
2415	691	0	0	0	0	0	0	1663619078534
2415	691	0	0	0	0	0	0	1663619079554
2415	691	0	0	0	0	0	0	1663619080574
2415	691	0	0	0	0	0	0	1663619081594
2415	691	0	0	0	0	0	0	1663619082614
2415	691	0	0	0	0	0	0	1663619083634
2415	691	0	0	0	0	0	0	1663619084654
2415	691	0	0	0	0	0	0	1663619085674
2415	691	0	0	0	0	0	0	1663619086694
2415	691	0	0	0	0	0	0	1663619087714
2415	691	0	0	0	0	0	0	1663619088734
2415	691	0	0	0	0	0	0	1663619089754
2415	691	0	0	0	0	0	0	1663619090774
2415	691	0	0	0	0	0	0	1663619091794
2415	691	0	0	0	0	0	0	1663619092814
2415	691	0	0	0	0	0	0	1663619093834
2415	691	0	0	0	0	0	0	1663619094854
2415	691	0	0	0	0	0	0	1663619095874
2415	691	0	0	0	0	0	0	1663619096894
2415	691	0	0	0	0	0	0	1663619097914
2415	691	0	0	0	0	0	0	1663619098934
2415	691	0	0	0	0	0	0	1663619099954
2415	691	0	0	0	0	0	0	1663619100974
2415	691	0	0	0	0	0	0	1663619101994
2415	691	0	0	0	0	0	0	1663619103014
2415	691	0	0	0	0	0	0	1663619104034
2415	691	0	0	0	0	0	0	1663619105054
2415	691	0	0	0	0	0	0	1663619106074
2415	691	0	0	0	0	0	0	1663619107094
2415	691	0	0	0	0	0	0	1663619108114
2415	691	0	0	0	0	0	0	1663619109134
2415	691	0	0	0	0	0	0	1663619110154
2415	691	0	0	0	0	0	0	1663619111174
2415	691	0	0	0	0	0	0	1663619112194
2415	691	0	0	0	0	0	0	1663619113214
2415	691	0	0	0	0	0	0	1663619114234
2415	691	0	0	0	0	0	0	1663619115254
2415	691	0	0	0	0	0	0	1663619116274
2415	691	0	0	0	0	0	0	1663619117294
2415	691	0	0	0	0	0	0	1663619118314
2415	691	0	0	0	0	0	0	1663619119334
2415	691	0	0	0	0	0	0	1663619120354
2415	691	0	0	0	0	0	0	1663619121374
2415	691	0	0	0	0	0	0	1663619122394
2415	691	0	0	0	0	0	0	1663619123414
2415	691	0	0	0	0	0	0	1663619124434
2415	691	0	0	0	0	0	0	1663619125454
2415	691	0	0	0	0	0	0	1663619126474
2415	691	0	0	0	0	0	0	1663619127494
2415	691	0	0	0	0	0	0	1663619128514
2415	691	0	0	0	0	0	0	1663619129534
2415	691	0	0	0	0	0	0	1663619130554
2415	691	0	0	0	0	0	0	1663619131574
2415	691	0	0	0	0	0	0	1663619132594
2415	691	0	0	0	0	0	0	1663619133614
2414	691	0	0	0	0	0	0	1663619134634
2414	691	0	0	0	0	0	0	1663619135654
2414	691	0	0	0	0	0	0	1663619136674
2414	691	0	0	0	0	0	0	1663619137694
2414	691	0	0	0	0	0	0	1663619138714
2414	691	0	0	0	0	0	0	1663619139734
2414	691	0	0	0	0	0	0	1663619140754
2414	691	0	0	0	0	0	0	1663619141774
2414	691	0	0	0	0	0	0	1663619142794
2414	691	0	0	0	0	0	0	1663619143814
2415	691	0	0	0	0	0	0	1663619144834
2415	691	0	0	0	0	0	0	1663619145854
2415	691	0	0	0	0	0	0	1663619146874
2415	691	0	0	0	0	0	0	1663619147894
2415	691	0	0	0	0	0	0	1663619148914
2415	691	0	0	0	0	0	0	1663619149934
2414	691	0	0	0	0	0	0	1663619150954
2414	691	0	0	0	0	0	0	1663619151974
2414	691	0	0	0	0	0	0	1663619152994
2414	691	0	0	0	0	0	0	1663619154014
2415	691	0	0	0	0	0	0	1663619155034
2415	691	0	0	0	0	0	0	1663619156054
2415	691	0	0	0	0	0	0	1663619157074
2415	691	0	0	0	0	0	0	1663619158094
2415	691	0	0	0	0	0	0	1663619159114
2415	691	0	0	0	0	0	0	1663619160134
2415	691	0	0	0	0	0	0	1663619161154
2415	691	0	0	0	0	0	0	1663619162174
2415	691	0	0	0	0	0	0	1663619163194
2415	691	0	0	0	0	0	0	1663619164214
2415	691	0	0	0	0	0	0	1663619165234
2415	691	0	0	0	0	0	0	1663619166254
2415	691	0	0	0	0	0	0	1663619167274
2415	691	0	0	0	0	0	0	1663619168294
2415	691	0	0	0	0	0	0	1663619169314
2415	691	0	0	0	0	0	0	1663619170334
2415	691	0	0	0	0	0	0	1663619171354
2415	691	0	0	0	0	0	0	1663619172374
2415	691	0	0	0	0	0	0	1663619173394
2415	691	0	0	0	0	0	0	1663619174414
2414	691	0	0	0	0	0	0	1663619175434
2415	691	0	0	0	0	0	0	1663619176454
2414	691	0	0	0	0	0	0	1663619177474
2413	691	0	0	0	0	0	0	1663619178494
2413	691	0	0	0	0	0	0	1663619179514
2411	691	0	0	0	0	0	0	1663619180534
2408	691	0	0	0	0	0	0	1663619181554
2404	10414	0	0	0	0	0	0	1663619182574
2402	6525	0	0	0	0	0	0	1663619183594
2397	4191	0	0	0	0	0	0	1663619184614
2394	2791	0	0	0	0	0	0	1663619185634
2392	1951	0	0	0	0	0	0	1663619186654
2392	1447	0	0	0	0	0	0	1663619187674
2390	1144	0	0	0	0	0	0	1663619188694
2390	963	0	0	0	0	0	0	1663619189714
2389	854	0	0	0	0	0	0	1663619190734
2388	789	0	0	0	0	0	0	1663619191754
2387	749	0	0	0	0	0	0	1663619192774
2387	726	0	0	0	0	0	0	1663619193794
2387	712	0	0	0	0	0	0	1663619194814
2387	703	0	0	0	0	0	0	1663619195834
2387	698	0	0	0	0	0	0	1663619196854
2387	695	0	0	0	0	0	0	1663619197874
2387	693	0	0	0	0	0	0	1663619198894
2387	692	0	0	0	0	0	0	1663619199914
2387	691	0	0	0	0	0	0	1663619200934
2387	691	0	0	0	0	0	0	1663619201954
2386	691	0	0	0	0	0	0	1663619202974
2386	691	0	0	0	0	0	0	1663619203994
2386	691	0	0	0	0	0	0	1663619205014
2387	691	0	0	0	0	0	0	1663619206034
2387	691	0	0	0	0	0	0	1663619207054
2387	691	0	0	0	0	0	0	1663619208074
2387	691	0	0	0	0	0	0	1663619209094
2387	691	0	0	0	0	0	0	1663619210114
2387	691	0	0	0	0	0	0	1663619211134
2387	691	0	0	0	0	0	0	1663619212154
2387	691	0	0	0	0	0	0	1663619213174
2387	691	0	0	0	0	0	0	1663619214194
2387	691	0	0	0	0	0	0	1663619215214
2387	691	0	0	0	0	0	0	1663619216234
2387	691	0	0	0	0	0	0	1663619217254
2387	691	0	0	0	0	0	0	1663619218274
2387	691	0	0	0	0	0	0	1663619219294
2387	691	0	0	0	0	0	0	1663619220314
2387	691	0	0	0	0	0	0	1663619221334
2387	691	0	0	0	0	0	0	1663619222354
2387	691	0	0	0	0	0	0	1663619223374
2387	691	0	0	0	0	0	0	1663619224394
2387	691	0	0	0	0	0	0	1663619225414
2387	691	0	0	0	0	0	0	1663619226434
2387	691	0	0	0	0	0	0	1663619227454
2387	691	0	0	0	0	0	0	1663619228474
2387	691	0	0	0	0	0	0	1663619229494
2387	691	0	0	0	0	0	0	1663619230514
2387	691	0	0	0	0	0	0	1663619231534
2387	691	0	0	0	0	0	0	1663619232554
2387	691	0	0	0	0	0	0	1663619233574
2387	691	0	0	0	0	0	0	1663619234594
2387	691	0	0	0	0	0	0	1663619235614
2387	691	0	0	0	0	0	0	1663619236634
2387	691	0	0	0	0	0	0	1663619237654
2387	691	0	0	0	0	0	0	1663619238674
2387	691	0	0	0	0	0	0	1663619239694
2387	691	0	0	0	0	0	0	1663619240714
2387	691	0	0	0	0	0	0	1663619241734
2387	691	0	0	0	0	0	0	1663619242754
2387	691	0	0	0	0	0	0	1663619243774
2387	691	0	0	0	0	0	0	1663619244794
2387	691	0	0	0	0	0	0	1663619245814
2387	691	0	0	0	0	0	0	1663619246834
2386	691	0	0	0	0	0	0	1663619247854
2386	691	0	0	0	0	0	0	1663619248874
2386	691	0	0	0	0	0	0	1663619249894
2386	691	0	0	0	0	0	0	1663619250914
2386	691	0	0	0	0	0	0	1663619251934
2386	691	0	0	0	0	0	0	1663619252954
2386	691	0	0	0	0	0	0	1663619253974
2386	691	0	0	0	0	0	0	1663619254994
2386	691	0	0	0	0	0	0	1663619256014
2386	691	0	0	0	0	0	0	1663619257034
2386	691	0	0	0	0	0	0	1663619258054
2386	691	0	0	0	0	0	0	1663619259074
2386	691	0	0	0	0	0	0	1663619260094
2386	691	0	0	0	0	0	0	1663619261114
2386	691	0	0	0	0	0	0	1663619262134
2386	691	0	0	0	0	0	0	1663619263154
2386	691	0	0	0	0	0	0	1663619264174
2386	691	0	0	0	0	0	0	1663619265194
2386	691	0	0	0	0	0	0	1663619266214
2386	691	0	0	0	0	0	0	1663619267234
2386	691	0	0	0	0	0	0	1663619268254
2386	691	0	0	0	0	0	0	1663619269274
2386	691	0	0	0	0	0	0	1663619270294
2386	691	0	0	0	0	0	0	1663619271314
2386	691	0	0	0	0	0	0	1663619272334
2386	691	0	0	0	0	0	0	1663619273354
