1513	2107	0	0	0	0	0	0	1657136332310
1505	2096	0	0	0	0	0	0	1657136333330
1490	2089	0	0	0	0	0	0	1657136334350
1477	2085	0	0	0	0	0	0	1657136335370
1462	2083	0	0	0	0	0	0	1657136336390
1453	2081	0	0	0	0	0	0	1657136337410
1440	2080	0	0	0	0	0	0	1657136338430
1429	2079	0	0	0	0	0	0	1657136339450
1422	2079	0	0	0	0	0	0	1657136340470
1411	2073	0	0	0	0	0	0	1657136341490
1400	2065	0	0	0	0	0	0	1657136342510
1394	2061	0	0	0	0	0	0	1657136343530
1390	2058	0	0	0	0	0	0	1657136344550
1386	2055	0	0	0	0	0	0	1657136345570
1376	2054	0	0	0	0	0	0	1657136346590
1368	2053	0	0	0	0	0	0	1657136347610
1363	2052	0	0	0	0	0	0	1657136348630
1360	2052	0	0	0	0	0	0	1657136349650
1358	2052	0	0	0	0	0	0	1657136350670
1357	2052	0	0	0	0	0	0	1657136351690
1356	2052	0	0	0	0	0	0	1657136352710
1354	2052	0	0	0	0	0	0	1657136353730
1346	2052	0	0	0	0	0	0	1657136354750
1339	2052	0	0	0	0	0	0	1657136355770
1334	2052	0	0	0	0	0	0	1657136356790
1332	2052	0	0	0	0	0	0	1657136357810
1330	2052	0	0	0	0	0	0	1657136358830
1329	2052	0	0	0	0	0	0	1657136359850
1329	2052	0	0	0	0	0	0	1657136360870
1328	2052	0	0	0	0	0	0	1657136361890
1328	2052	0	0	0	0	0	0	1657136362910
1328	2052	0	0	0	0	0	0	1657136363930
1328	2052	0	0	0	0	0	0	1657136364950
1328	2052	0	0	0	0	0	0	1657136365970
1327	2052	0	0	0	0	0	0	1657136366990
1323	2052	0	0	0	0	0	0	1657136368010
1317	2052	0	0	0	0	0	0	1657136369030
1312	2052	0	0	0	0	0	0	1657136370050
1308	2052	0	0	0	0	0	0	1657136371070
1305	2052	0	0	0	0	0	0	1657136372090
1303	2052	0	0	0	0	0	0	1657136373110
1302	2052	0	0	0	0	0	0	1657136374130
1301	2052	0	0	0	0	0	0	1657136375150
1301	2052	0	0	0	0	0	0	1657136376170
1301	2052	0	0	0	0	0	0	1657136377190
1301	2052	0	0	0	0	0	0	1657136378210
1301	2052	0	0	0	0	0	0	1657136379230
1301	2052	0	0	0	0	0	0	1657136380250
1301	2052	0	0	0	0	0	0	1657136381270
1301	2052	0	0	0	0	0	0	1657136382290
1300	2052	0	0	0	0	0	0	1657136383310
1300	2052	0	0	0	0	0	0	1657136384330
1300	2052	0	0	0	0	0	0	1657136385350
1300	2067	0	0	0	0	0	0	1657136386370
1300	2061	0	0	0	0	0	0	1657136387390
1299	2057	0	0	0	0	0	0	1657136388410
1299	2055	0	0	0	0	0	0	1657136389430
1297	2054	0	0	0	0	0	0	1657136390450
1295	2053	0	0	0	0	0	0	1657136391470
1290	2052	0	0	0	0	0	0	1657136392490
1285	2050	0	0	0	0	0	0	1657136393510
1281	2049	0	0	0	0	0	0	1657136394530
1278	2046	0	0	0	0	0	0	1657136395550
1276	2045	0	0	0	0	0	0	1657136396570
1275	2040	0	0	0	0	0	0	1657136397590
1274	2036	0	0	0	0	0	0	1657136398610
1273	2033	0	0	0	0	0	0	1657136399630
1273	2031	0	0	0	0	0	0	1657136400650
1273	2028	0	0	0	0	0	0	1657136401670
1273	2027	0	0	0	0	0	0	1657136402690
1273	2026	0	0	0	0	0	0	1657136403710
1273	2025	0	0	0	0	0	0	1657136404730
1273	2025	0	0	0	0	0	0	1657136405750
1273	2025	0	0	0	0	0	0	1657136406770
1273	2024	0	0	0	0	0	0	1657136407790
1273	2024	0	0	0	0	0	0	1657136408810
1273	2024	0	0	0	0	0	0	1657136409830
1273	2024	0	0	0	0	0	0	1657136410850
1273	2024	0	0	0	0	0	0	1657136411870
1272	2024	0	0	0	0	0	0	1657136412890
1272	2024	0	0	0	0	0	0	1657136413940
1272	2024	0	0	0	0	0	0	1657136414960
1272	2024	0	0	0	0	0	0	1657136415980
1272	2024	0	0	0	0	0	0	1657136417000
1272	2024	0	0	0	0	0	0	1657136418020
1272	2024	0	0	0	0	0	0	1657136419040
1272	2024	0	0	0	0	0	0	1657136420060
1271	2024	0	0	0	0	0	0	1657136421080
1271	2024	0	0	0	0	0	0	1657136422100
1270	2024	0	0	0	0	0	0	1657136423120
1268	2024	0	0	0	0	0	0	1657136424140
1264	2024	0	0	0	0	0	0	1657136425160
1260	2024	0	0	0	0	0	0	1657136426180
1258	2024	0	0	0	0	0	0	1657136427200
1253	2024	0	0	0	0	0	0	1657136428220
1250	2024	0	0	0	0	0	0	1657136429240
1249	2024	0	0	0	0	0	0	1657136430260
1247	2024	0	0	0	0	0	0	1657136431280
1246	2024	0	0	0	0	0	0	1657136432300
1245	2024	0	0	0	0	0	0	1657136433320
1245	2024	0	0	0	0	0	0	1657136434340
1245	2024	0	0	0	0	0	0	1657136435360
1245	2024	0	0	0	0	0	0	1657136436380
1245	2023	0	0	0	0	0	0	1657136437400
1245	2023	0	0	0	0	0	0	1657136438420
1245	2021	0	0	0	0	0	0	1657136439440
1245	2020	0	0	0	0	0	0	1657136440460
1245	2019	0	0	0	0	0	0	1657136441480
1245	2014	0	0	0	0	0	0	1657136442500
1245	2011	0	0	0	0	0	0	1657136443520
1245	2008	0	0	0	0	0	0	1657136444540
1245	2005	0	0	0	0	0	0	1657136445560
1245	2002	0	0	0	0	0	0	1657136446580
1245	2000	0	0	0	0	0	0	1657136447600
1245	1999	0	0	0	0	0	0	1657136448620
1245	1998	0	0	0	0	0	0	1657136449640
1245	1997	0	0	0	0	0	0	1657136450660
1245	1997	0	0	0	0	0	0	1657136451680
1245	1996	0	0	0	0	0	0	1657136452700
1245	1996	0	0	0	0	0	0	1657136453720
1245	1996	0	0	0	0	0	0	1657136454740
1245	1996	0	0	0	0	0	0	1657136455760
1245	1996	0	0	0	0	0	0	1657136456780
1245	1996	0	0	0	0	0	0	1657136457800
1245	1996	0	0	0	0	0	0	1657136458820
1245	1996	0	0	0	0	0	0	1657136459840
1245	1996	0	0	0	0	0	0	1657136460860
1245	1996	0	0	0	0	0	0	1657136461880
1245	1996	0	0	0	0	0	0	1657136462900
1245	1996	0	0	0	0	0	0	1657136463920
1245	1996	0	0	0	0	0	0	1657136464940
1245	1996	0	0	0	0	0	0	1657136465960
1245	1996	0	0	0	0	0	0	1657136466980
1245	1996	0	0	0	0	0	0	1657136468000
1245	1996	0	0	0	0	0	0	1657136469020
1245	1996	0	0	0	0	0	0	1657136470040
1245	1996	0	0	0	0	0	0	1657136471060
1245	1996	0	0	0	0	0	0	1657136472080
1245	1996	0	0	0	0	0	0	1657136473100
1245	1996	0	0	0	0	0	0	1657136474120
1245	1996	0	0	0	0	0	0	1657136475140
1245	1996	0	0	0	0	0	0	1657136476160
1244	1996	0	0	0	0	0	0	1657136477180
1244	1996	0	0	0	0	0	0	1657136478200
1244	1996	0	0	0	0	0	0	1657136479220
1244	1996	0	0	0	0	0	0	1657136480240
1244	1996	0	0	0	0	0	0	1657136481260
1244	1996	0	0	0	0	0	0	1657136482280
1243	1996	0	0	0	0	0	0	1657136483300
1243	1996	0	0	0	0	0	0	1657136484320
1243	1996	0	0	0	0	0	0	1657136485340
1243	1995	0	0	0	0	0	0	1657136486360
1242	1994	0	0	0	0	0	0	1657136487380
1241	1993	0	0	0	0	0	0	1657136488400
1239	1992	0	0	0	0	0	0	1657136489420
1239	1990	0	0	0	0	0	0	1657136490440
1235	1987	0	0	0	0	0	0	1657136491460
1233	1983	0	0	0	0	0	0	1657136492480
1230	1976	0	0	0	0	0	0	1657136493500
1229	1973	0	0	0	0	0	0	1657136494520
1227	1971	0	0	0	0	0	0	1657136495540
1226	1970	0	0	0	0	0	0	1657136496560
1223	1969	0	0	0	0	0	0	1657136497580
1223	1968	0	0	0	0	0	0	1657136498600
1222	1968	0	0	0	0	0	0	1657136499620
1221	1968	0	0	0	0	0	0	1657136500640
1220	1968	0	0	0	0	0	0	1657136501660
1219	1968	0	0	0	0	0	0	1657136502680
1219	1968	0	0	0	0	0	0	1657136503700
1220	1968	0	0	0	0	0	0	1657136504720
1220	1968	0	0	0	0	0	0	1657136505740
1219	1968	0	0	0	0	0	0	1657136506760
1218	1968	0	0	0	0	0	0	1657136507780
1218	1968	0	0	0	0	0	0	1657136508800
1218	1968	0	0	0	0	0	0	1657136509820
1217	1968	0	0	0	0	0	0	1657136510840
1217	1968	0	0	0	0	0	0	1657136511860
1217	1968	0	0	0	0	0	0	1657136512880
1217	1968	0	0	0	0	0	0	1657136513900
1217	1968	0	0	0	0	0	0	1657136514920
1217	1968	0	0	0	0	0	0	1657136515940
1217	1968	0	0	0	0	0	0	1657136516960
1217	1968	0	0	0	0	0	0	1657136517980
1217	1968	0	0	0	0	0	0	1657136519000
1217	1968	0	0	0	0	0	0	1657136520020
1217	1968	0	0	0	0	0	0	1657136521040
1217	1968	0	0	0	0	0	0	1657136522060
1217	1968	0	0	0	0	0	0	1657136523080
1217	1968	0	0	0	0	0	0	1657136524100
1217	1968	0	0	0	0	0	0	1657136525120
1217	1968	0	0	0	0	0	0	1657136526140
1217	1968	0	0	0	0	0	0	1657136527160
1217	1968	0	0	0	0	0	0	1657136528180
1217	1967	0	0	0	0	0	0	1657136529200
1217	1967	0	0	0	0	0	0	1657136530220
1217	1967	0	0	0	0	0	0	1657136531240
1217	1967	0	0	0	0	0	0	1657136532260
1217	1966	0	0	0	0	0	0	1657136533280
1217	1963	0	0	0	0	0	0	1657136534300
1217	1961	0	0	0	0	0	0	1657136535320
1217	1956	0	0	0	0	0	0	1657136536340
1217	1952	0	0	0	0	0	0	1657136537360
1217	1949	0	0	0	0	0	0	1657136538380
1217	1947	0	0	0	0	0	0	1657136539400
1217	1945	0	0	0	0	0	0	1657136540420
1217	1943	0	0	0	0	0	0	1657136541440
1217	1942	0	0	0	0	0	0	1657136542460
1217	1941	0	0	0	0	0	0	1657136543480
1217	1941	0	0	0	0	0	0	1657136544500
1217	1941	0	0	0	0	0	0	1657136545520
1217	1941	0	0	0	0	0	0	1657136546540
1217	1941	0	0	0	0	0	0	1657136547560
1217	1941	0	0	0	0	0	0	1657136548580
1217	1941	0	0	0	0	0	0	1657136549600
1217	1940	0	0	0	0	0	0	1657136550620
1217	1940	0	0	0	0	0	0	1657136551640
1217	1940	0	0	0	0	0	0	1657136552660
1217	1940	0	0	0	0	0	0	1657136553680
1217	1940	0	0	0	0	0	0	1657136554700
1217	1940	0	0	0	0	0	0	1657136555720
1217	1940	0	0	0	0	0	0	1657136556740
1217	1940	0	0	0	0	0	0	1657136557760
1217	1940	0	0	0	0	0	0	1657136558780
1217	1940	0	0	0	0	0	0	1657136559800
1217	1940	0	0	0	0	0	0	1657136560820
1217	1940	0	0	0	0	0	0	1657136561840
1217	1940	0	0	0	0	0	0	1657136562860
1217	1940	0	0	0	0	0	0	1657136563880
1217	1940	0	0	0	0	0	0	1657136564900
1217	1940	0	0	0	0	0	0	1657136565920
1217	1940	0	0	0	0	0	0	1657136566940
1217	1940	0	0	0	0	0	0	1657136567960
1217	1940	0	0	0	0	0	0	1657136568980
1217	1940	0	0	0	0	0	0	1657136570000
1217	1940	0	0	0	0	0	0	1657136571020
1217	1940	0	0	0	0	0	0	1657136572040
1217	1940	0	0	0	0	0	0	1657136573060
1217	1940	0	0	0	0	0	0	1657136574080
1217	1940	0	0	0	0	0	0	1657136575100
1217	1940	0	0	0	0	0	0	1657136576120
1217	1940	0	0	0	0	0	0	1657136577140
1217	1940	0	0	0	0	0	0	1657136578160
1217	1940	0	0	0	0	0	0	1657136579180
1217	1940	0	0	0	0	0	0	1657136580200
1217	1940	0	0	0	0	0	0	1657136581220
1217	1940	0	0	0	0	0	0	1657136582240
1217	1940	0	0	0	0	0	0	1657136583260
1217	1940	0	0	0	0	0	0	1657136584280
1217	1940	0	0	0	0	0	0	1657136585300
1217	1940	0	0	0	0	0	0	1657136586320
1217	1940	0	0	0	0	0	0	1657136587340
1217	1939	0	0	0	0	0	0	1657136588360
1217	1937	0	0	0	0	0	0	1657136589380
1217	1937	0	0	0	0	0	0	1657136590400
1217	1937	0	0	0	0	0	0	1657136591420
1217	1938	0	0	0	0	0	0	1657136592440
1217	1939	0	0	0	0	0	0	1657136593460
1217	1940	0	0	0	0	0	0	1657136594480
1217	1940	0	0	0	0	0	0	1657136595500
1217	1940	0	0	0	0	0	0	1657136596520
1217	1940	0	0	0	0	0	0	1657136597540
1217	1940	0	0	0	0	0	0	1657136598560
1217	1940	0	0	0	0	0	0	1657136599580
1217	1940	0	0	0	0	0	0	1657136600600
1217	1940	0	0	0	0	0	0	1657136601620
1217	1940	0	0	0	0	0	0	1657136602640
1217	1940	0	0	0	0	0	0	1657136603660
1217	1940	0	0	0	0	0	0	1657136604680
1217	1940	0	0	0	0	0	0	1657136605700
1217	1940	0	0	0	0	0	0	1657136606720
1217	1940	0	0	0	0	0	0	1657136607740
1217	1940	0	0	0	0	0	0	1657136608760
1217	1940	0	0	0	0	0	0	1657136609780
1217	1940	0	0	0	0	0	0	1657136610800
1217	1940	0	0	0	0	0	0	1657136611820
1217	1940	0	0	0	0	0	0	1657136612840
1217	1940	0	0	0	0	0	0	1657136613860
1217	1940	0	0	0	0	0	0	1657136614880
1217	1939	0	0	0	0	0	0	1657136615900
1217	1938	0	0	0	0	0	0	1657136616920
1217	1937	0	0	0	0	0	0	1657136617940
1217	1935	0	0	0	0	0	0	1657136618960
1217	1932	0	0	0	0	0	0	1657136619980
1217	1930	0	0	0	0	0	0	1657136621000
1217	1927	0	0	0	0	0	0	1657136622020
1216	1923	0	0	0	0	0	0	1657136623040
1216	1919	0	0	0	0	0	0	1657136624060
1216	1917	0	0	0	0	0	0	1657136625080
1216	1916	0	0	0	0	0	0	1657136626100
1216	1915	0	0	0	0	0	0	1657136627120
1216	1915	0	0	0	0	0	0	1657136628140
1216	1914	0	0	0	0	0	0	1657136629160
1216	1913	0	0	0	0	0	0	1657136630180
1216	1913	0	0	0	0	0	0	1657136631200
1216	1913	0	0	0	0	0	0	1657136632220
1216	1913	0	0	0	0	0	0	1657136633240
1216	1913	0	0	0	0	0	0	1657136634260
1216	1913	0	0	0	0	0	0	1657136635280
1216	1913	0	0	0	0	0	0	1657136636300
1216	1913	0	0	0	0	0	0	1657136637320
1216	1912	0	0	0	0	0	0	1657136638340
1216	1912	0	0	0	0	0	0	1657136639360
1216	1912	0	0	0	0	0	0	1657136640380
1216	1912	0	0	0	0	0	0	1657136641400
1216	1912	0	0	0	0	0	0	1657136642420
1216	1912	0	0	0	0	0	0	1657136643440
1216	1912	0	0	0	0	0	0	1657136644460
1216	1912	0	0	0	0	0	0	1657136645480
1216	1912	0	0	0	0	0	0	1657136646500
1216	1912	0	0	0	0	0	0	1657136647520
1216	1912	0	0	0	0	0	0	1657136648540
1216	1912	0	0	0	0	0	0	1657136649560
1216	1912	0	0	0	0	0	0	1657136650580
1216	1912	0	0	0	0	0	0	1657136651600
1216	1912	0	0	0	0	0	0	1657136652620
1216	1912	0	0	0	0	0	0	1657136653640
1216	1912	0	0	0	0	0	0	1657136654660
1216	1912	0	0	0	0	0	0	1657136655680
1216	1912	0	0	0	0	0	0	1657136656700
1216	1912	0	0	0	0	0	0	1657136657720
1216	1912	0	0	0	0	0	0	1657136658740
1216	1912	0	0	0	0	0	0	1657136659760
1216	1912	0	0	0	0	0	0	1657136660780
1216	1912	0	0	0	0	0	0	1657136661800
1216	1912	0	0	0	0	0	0	1657136662820
1216	1912	0	0	0	0	0	0	1657136663840
1216	1912	0	0	0	0	0	0	1657136664860
1216	1912	0	0	0	0	0	0	1657136665880
1216	1912	0	0	0	0	0	0	1657136666900
1216	1912	0	0	0	0	0	0	1657136667920
1216	1912	0	0	0	0	0	0	1657136668940
1216	1912	0	0	0	0	0	0	1657136669960
1216	1912	0	0	0	0	0	0	1657136670980
1216	1912	0	0	0	0	0	0	1657136672000
1217	1912	0	0	0	0	0	0	1657136673020
1217	1912	0	0	0	0	0	0	1657136674040
1217	1912	0	0	0	0	0	0	1657136675060
1217	1912	0	0	0	0	0	0	1657136676080
1217	1912	0	0	0	0	0	0	1657136677100
1217	1912	0	0	0	0	0	0	1657136678120
1217	1912	0	0	0	0	0	0	1657136679140
1217	1912	0	0	0	0	0	0	1657136680160
1217	1890	0	0	0	0	0	0	1657136681180
1217	1899	0	0	0	0	0	0	1657136682200
1217	1904	0	0	0	0	0	0	1657136683220
1217	1907	0	0	0	0	0	0	1657136684240
1217	1909	0	0	0	0	0	0	1657136685260
1217	1910	0	0	0	0	0	0	1657136686280
1217	1910	0	0	0	0	0	0	1657136687300
1217	1910	0	0	0	0	0	0	1657136688320
1217	1910	0	0	0	0	0	0	1657136689340
1217	1910	0	0	0	0	0	0	1657136690360
1217	1909	0	0	0	0	0	0	1657136691380
1217	1909	0	0	0	0	0	0	1657136692400
1217	1906	0	0	0	0	0	0	1657136693420
1217	1904	0	0	0	0	0	0	1657136694440
1217	1900	0	0	0	0	0	0	1657136695460
1217	1899	0	0	0	0	0	0	1657136696480
1217	1898	0	0	0	0	0	0	1657136697500
1217	1895	0	0	0	0	0	0	1657136698520
1217	1895	0	0	0	0	0	0	1657136699540
1217	1892	0	0	0	0	0	0	1657136700560
1217	1890	0	0	0	0	0	0	1657136701580
1217	1888	0	0	0	0	0	0	1657136702600
1217	1887	0	0	0	0	0	0	1657136703620
1217	11132	0	0	0	0	0	0	1657136704640
1217	7433	0	0	0	0	0	0	1657136705660
1217	5214	0	0	0	0	0	0	1657136706680
1217	3882	0	0	0	0	0	0	1657136707700
1217	3083	0	0	0	0	0	0	1657136708720
1217	2603	0	0	0	0	0	0	1657136709740
1217	2316	0	0	0	0	0	0	1657136710760
1217	2144	0	0	0	0	0	0	1657136711780
1217	2040	0	0	0	0	0	0	1657136712800
1217	1978	0	0	0	0	0	0	1657136713820
1217	1940	0	0	0	0	0	0	1657136714840
1217	1918	0	0	0	0	0	0	1657136715860
1217	1905	0	0	0	0	0	0	1657136716880
1217	1897	0	0	0	0	0	0	1657136717900
1217	1892	0	0	0	0	0	0	1657136718920
1217	1889	0	0	0	0	0	0	1657136719940
1217	1887	0	0	0	0	0	0	1657136720960
1217	1886	0	0	0	0	0	0	1657136721980
1217	1885	0	0	0	0	0	0	1657136723000
1217	1884	0	0	0	0	0	0	1657136724020
1217	1884	0	0	0	0	0	0	1657136725040
1217	1884	0	0	0	0	0	0	1657136726060
1217	1884	0	0	0	0	0	0	1657136727080
1217	1884	0	0	0	0	0	0	1657136728100
1217	11130	0	0	0	0	0	0	1657136729120
1217	7432	0	0	0	0	0	0	1657136730140
1217	5213	0	0	0	0	0	0	1657136731160
1217	3882	0	0	0	0	0	0	1657136732180
1217	3083	0	0	0	0	0	0	1657136733200
1217	2603	0	0	0	0	0	0	1657136734220
1217	2316	0	0	0	0	0	0	1657136735240
1217	2143	0	0	0	0	0	0	1657136736260
1217	2039	0	0	0	0	0	0	1657136737280
1217	1977	0	0	0	0	0	0	1657136738300
1217	1940	0	0	0	0	0	0	1657136739320
1217	1918	0	0	0	0	0	0	1657136740340
1217	1904	0	0	0	0	0	0	1657136741360
1217	1896	0	0	0	0	0	0	1657136742380
1217	1892	0	0	0	0	0	0	1657136743400
1217	1889	0	0	0	0	0	0	1657136744420
1217	1887	0	0	0	0	0	0	1657136745440
1217	1886	0	0	0	0	0	0	1657136746460
1217	1885	0	0	0	0	0	0	1657136747480
1217	1885	0	0	0	0	0	0	1657136748500
1217	1885	0	0	0	0	0	0	1657136749520
1217	1885	0	0	0	0	0	0	1657136750540
1217	1885	0	0	0	0	0	0	1657136751560
1217	1885	0	0	0	0	0	0	1657136752580
1217	1884	0	0	0	0	0	0	1657136753600
1217	1884	0	0	0	0	0	0	1657136754620
1217	1884	0	0	0	0	0	0	1657136755640
1217	1884	0	0	0	0	0	0	1657136756660
1217	1884	0	0	0	0	0	0	1657136757680
1217	11130	0	0	0	0	0	0	1657136758700
1217	7432	0	0	0	0	0	0	1657136759720
1217	5213	0	0	0	0	0	0	1657136760740
1217	3881	0	0	0	0	0	0	1657136761760
1217	3082	0	0	0	0	0	0	1657136762780
1217	2603	0	0	0	0	0	0	1657136763800
1217	2316	0	0	0	0	0	0	1657136764820
1217	2143	0	0	0	0	0	0	1657136765840
1217	2040	0	0	0	0	0	0	1657136766860
1217	1978	0	0	0	0	0	0	1657136767880
1217	1941	0	0	0	0	0	0	1657136768900
1217	1918	0	0	0	0	0	0	1657136769920
1217	1904	0	0	0	0	0	0	1657136770940
1217	1896	0	0	0	0	0	0	1657136771960
1217	1891	0	0	0	0	0	0	1657136772980
1217	1888	0	0	0	0	0	0	1657136774000
1217	1886	0	0	0	0	0	0	1657136775020
1217	1885	0	0	0	0	0	0	1657136776040
1217	1884	0	0	0	0	0	0	1657136777060
1217	1882	0	0	0	0	0	0	1657136778080
1217	1882	0	0	0	0	0	0	1657136779100
1217	1882	0	0	0	0	0	0	1657136780120
1217	1881	0	0	0	0	0	0	1657136781140
1217	1879	0	0	0	0	0	0	1657136782160
1217	1879	0	0	0	0	0	0	1657136783180
1217	1877	0	0	0	0	0	0	1657136784200
1217	1873	0	0	0	0	0	0	1657136785220
1217	1871	0	0	0	0	0	0	1657136786240
1217	1869	0	0	0	0	0	0	1657136787260
1217	1866	0	0	0	0	0	0	1657136788280
1217	1864	0	0	0	0	0	0	1657136789300
1217	1864	0	0	0	0	0	0	1657136790320
1217	1862	0	0	0	0	0	0	1657136791340
1217	1861	0	0	0	0	0	0	1657136792360
1217	1860	0	0	0	0	0	0	1657136793380
1217	1860	0	0	0	0	0	0	1657136794400
1216	1859	0	0	0	0	0	0	1657136795420
1216	1858	0	0	0	0	0	0	1657136796440
1216	1857	0	0	0	0	0	0	1657136797460
1216	1857	0	0	0	0	0	0	1657136798480
1216	1857	0	0	0	0	0	0	1657136799500
1215	1857	0	0	0	0	0	0	1657136800520
1216	1857	0	0	0	0	0	0	1657136801540
1215	1857	0	0	0	0	0	0	1657136802560
1215	1857	0	0	0	0	0	0	1657136803580
1214	1857	0	0	0	0	0	0	1657136804600
1214	1857	0	0	0	0	0	0	1657136805620
1214	1857	0	0	0	0	0	0	1657136806640
1214	1857	0	0	0	0	0	0	1657136807660
1214	1857	0	0	0	0	0	0	1657136808680
1214	1857	0	0	0	0	0	0	1657136809700
1214	1857	0	0	0	0	0	0	1657136810720
1215	1857	0	0	0	0	0	0	1657136811740
1215	1857	0	0	0	0	0	0	1657136812760
1215	1857	0	0	0	0	0	0	1657136813780
1214	1856	0	0	0	0	0	0	1657136814800
1214	1856	0	0	0	0	0	0	1657136815820
1214	1856	0	0	0	0	0	0	1657136816840
1213	1856	0	0	0	0	0	0	1657136817860
1213	1856	0	0	0	0	0	0	1657136818880
1213	1856	0	0	0	0	0	0	1657136819900
1211	1856	0	0	0	0	0	0	1657136820920
1213	1856	0	0	0	0	0	0	1657136821940
1213	1856	0	0	0	0	0	0	1657136822960
1213	1856	0	0	0	0	0	0	1657136823980
1213	1856	0	0	0	0	0	0	1657136825000
1212	1856	0	0	0	0	0	0	1657136826020
1211	1856	0	0	0	0	0	0	1657136827040
1211	1856	0	0	0	0	0	0	1657136828060
1212	1856	0	0	0	0	0	0	1657136829080
1210	1856	0	0	0	0	0	0	1657136830100
1208	1856	0	0	0	0	0	0	1657136831120
1208	1856	0	0	0	0	0	0	1657136832140
1207	1856	0	0	0	0	0	0	1657136833160
1204	1856	0	0	0	0	0	0	1657136834180
1205	1856	0	0	0	0	0	0	1657136835200
1205	1856	0	0	0	0	0	0	1657136836220
1203	1856	0	0	0	0	0	0	1657136837240
1203	1856	0	0	0	0	0	0	1657136838260
1205	1856	0	0	0	0	0	0	1657136839280
1204	1856	0	0	0	0	0	0	1657136840300
1203	1856	0	0	0	0	0	0	1657136841320
1204	1856	0	0	0	0	0	0	1657136842340
1204	1856	0	0	0	0	0	0	1657136843360
1204	1856	0	0	0	0	0	0	1657136844380
1202	1856	0	0	0	0	0	0	1657136845400
1200	1856	0	0	0	0	0	0	1657136846420
1199	1856	0	0	0	0	0	0	1657136847440
1198	1856	0	0	0	0	0	0	1657136848460
1199	1856	0	0	0	0	0	0	1657136849480
1199	1856	0	0	0	0	0	0	1657136850500
1196	1856	0	0	0	0	0	0	1657136851520
1197	1856	0	0	0	0	0	0	1657136852540
1198	1856	0	0	0	0	0	0	1657136853560
1198	1856	0	0	0	0	0	0	1657136854580
1197	1856	0	0	0	0	0	0	1657136855600
1196	1856	0	0	0	0	0	0	1657136856620
1195	1856	0	0	0	0	0	0	1657136857640
1193	1856	0	0	0	0	0	0	1657136858660
1191	1856	0	0	0	0	0	0	1657136859680
1190	1856	0	0	0	0	0	0	1657136860700
1190	1856	0	0	0	0	0	0	1657136861720
1189	1856	0	0	0	0	0	0	1657136862740
1189	1856	0	0	0	0	0	0	1657136863760
1189	1856	0	0	0	0	0	0	1657136864780
1189	1856	0	0	0	0	0	0	1657136865800
1189	1856	0	0	0	0	0	0	1657136866820
1189	1855	0	0	0	0	0	0	1657136867840
1189	1854	0	0	0	0	0	0	1657136868860
1189	1855	0	0	0	0	0	0	1657136869880
1189	1855	0	0	0	0	0	0	1657136870900
1189	1854	0	0	0	0	0	0	1657136871920
1189	1853	0	0	0	0	0	0	1657136872940
1189	1853	0	0	0	0	0	0	1657136873960
1189	1850	0	0	0	0	0	0	1657136874980
1189	1849	0	0	0	0	0	0	1657136876000
1189	1849	0	0	0	0	0	0	1657136877020
1189	1848	0	0	0	0	0	0	1657136878040
1189	1846	0	0	0	0	0	0	1657136879060
1189	1845	0	0	0	0	0	0	1657136880080
1189	1842	0	0	0	0	0	0	1657136881100
1189	1839	0	0	0	0	0	0	1657136882120
1189	1838	0	0	0	0	0	0	1657136883140
1189	1838	0	0	0	0	0	0	1657136884160
1189	1837	0	0	0	0	0	0	1657136885180
1189	1835	0	0	0	0	0	0	1657136886200
1189	1834	0	0	0	0	0	0	1657136887220
1189	1832	0	0	0	0	0	0	1657136888240
1189	1831	0	0	0	0	0	0	1657136889260
1189	1830	0	0	0	0	0	0	1657136890280
1189	1830	0	0	0	0	0	0	1657136891300
1189	1830	0	0	0	0	0	0	1657136892320
1189	1829	0	0	0	0	0	0	1657136893340
1189	1829	0	0	0	0	0	0	1657136894360
1189	1829	0	0	0	0	0	0	1657136895380
1189	1829	0	0	0	0	0	0	1657136896400
1189	1829	0	0	0	0	0	0	1657136897420
1189	1829	0	0	0	0	0	0	1657136898440
1189	1829	0	0	0	0	0	0	1657136899460
1189	1829	0	0	0	0	0	0	1657136900480
1189	1829	0	0	0	0	0	0	1657136901500
1189	1829	0	0	0	0	0	0	1657136902520
1189	1829	0	0	0	0	0	0	1657136903540
1189	1829	0	0	0	0	0	0	1657136904560
1189	1829	0	0	0	0	0	0	1657136905580
1189	1829	0	0	0	0	0	0	1657136906600
1189	1829	0	0	0	0	0	0	1657136907620
1189	1829	0	0	0	0	0	0	1657136908640
1189	1829	0	0	0	0	0	0	1657136909660
1189	1829	0	0	0	0	0	0	1657136910680
1189	11097	0	0	0	0	0	0	1657136911700
1189	7390	0	0	0	0	0	0	1657136912720
1189	5166	0	0	0	0	0	0	1657136913740
1189	3831	0	0	0	0	0	0	1657136914760
1189	3030	0	0	0	0	0	0	1657136915780
1189	2549	0	0	0	0	0	0	1657136916800
1189	2261	0	0	0	0	0	0	1657136917820
1189	2088	0	0	0	0	0	0	1657136918840
1189	1984	0	0	0	0	0	0	1657136919860
1189	1922	0	0	0	0	0	0	1657136920880
1189	1885	0	0	0	0	0	0	1657136921900
1189	1862	0	0	0	0	0	0	1657136922920
1189	1849	0	0	0	0	0	0	1657136923940
1189	1841	0	0	0	0	0	0	1657136924960
1189	1836	0	0	0	0	0	0	1657136925980
1189	1833	0	0	0	0	0	0	1657136927000
1189	1831	0	0	0	0	0	0	1657136928020
1189	1830	0	0	0	0	0	0	1657136929040
1189	1829	0	0	0	0	0	0	1657136930060
1189	1829	0	0	0	0	0	0	1657136931080
1189	1829	0	0	0	0	0	0	1657136932100
1189	1829	0	0	0	0	0	0	1657136933120
1189	1829	0	0	0	0	0	0	1657136934140
1189	1829	0	0	0	0	0	0	1657136935160
1189	1829	0	0	0	0	0	0	1657136936180
1189	1829	0	0	0	0	0	0	1657136937200
1189	1829	0	0	0	0	0	0	1657136938220
1189	1829	0	0	0	0	0	0	1657136939240
1189	1829	0	0	0	0	0	0	1657136940260
1189	1829	0	0	0	0	0	0	1657136941280
1189	1829	0	0	0	0	0	0	1657136942300
1189	1829	0	0	0	0	0	0	1657136943320
1189	1829	0	0	0	0	0	0	1657136944340
1189	1829	0	0	0	0	0	0	1657136945360
1189	1829	0	0	0	0	0	0	1657136946380
1189	1829	0	0	0	0	0	0	1657136947400
1189	1829	0	0	0	0	0	0	1657136948420
1189	1829	0	0	0	0	0	0	1657136949440
1189	1829	0	0	0	0	0	0	1657136950460
1189	1829	0	0	0	0	0	0	1657136951480
1189	1829	0	0	0	0	0	0	1657136952500
1189	1829	0	0	0	0	0	0	1657136953520
1189	1829	0	0	0	0	0	0	1657136954540
1189	1829	0	0	0	0	0	0	1657136955560
1189	1829	0	0	0	0	0	0	1657136956580
1189	1829	0	0	0	0	0	0	1657136957600
1189	1829	0	0	0	0	0	0	1657136958620
1189	1829	0	0	0	0	0	0	1657136959640
1189	1829	0	0	0	0	0	0	1657136960660
1189	1829	0	0	0	0	0	0	1657136961680
1189	1829	0	0	0	0	0	0	1657136962700
1189	1829	0	0	0	0	0	0	1657136963720
1189	1829	0	0	0	0	0	0	1657136964740
1189	1829	0	0	0	0	0	0	1657136965760
1189	1829	0	0	0	0	0	0	1657136966780
1189	1829	0	0	0	0	0	0	1657136967800
1189	1829	0	0	0	0	0	0	1657136968820
1189	1829	0	0	0	0	0	0	1657136969840
1189	1829	0	0	0	0	0	0	1657136970860
1189	1829	0	0	0	0	0	0	1657136971880
1189	1829	0	0	0	0	0	0	1657136972900
1189	1829	0	0	0	0	0	0	1657136973920
1189	1829	0	0	0	0	0	0	1657136974940
1189	1829	0	0	0	0	0	0	1657136975960
1189	1829	0	0	0	0	0	0	1657136976980
1189	1829	0	0	0	0	0	0	1657136978000
1189	1829	0	0	0	0	0	0	1657136979020
1189	1829	0	0	0	0	0	0	1657136980040
1189	1829	0	0	0	0	0	0	1657136981060
1189	1829	0	0	0	0	0	0	1657136982080
1189	1829	0	0	0	0	0	0	1657136983100
1189	1829	0	0	0	0	0	0	1657136984120
1189	1829	0	0	0	0	0	0	1657136985140
1189	1829	0	0	0	0	0	0	1657136986160
1189	1829	0	0	0	0	0	0	1657136987180
1189	1829	0	0	0	0	0	0	1657136988200
1189	1829	0	0	0	0	0	0	1657136989220
1189	1829	0	0	0	0	0	0	1657136990240
1189	1829	0	0	0	0	0	0	1657136991260
1189	1829	0	0	0	0	0	0	1657136992280
1189	1829	0	0	0	0	0	0	1657136993300
1189	1829	0	0	0	0	0	0	1657136994320
1189	1829	0	0	0	0	0	0	1657136995340
1189	1829	0	0	0	0	0	0	1657136996360
1189	1829	0	0	0	0	0	0	1657136997380
1189	1829	0	0	0	0	0	0	1657136998400
1189	1829	0	0	0	0	0	0	1657136999420
1189	1829	0	0	0	0	0	0	1657137000440
1189	1828	0	0	0	0	0	0	1657137001460
1189	1827	0	0	0	0	0	0	1657137002480
1189	1827	0	0	0	0	0	0	1657137003500
1189	1827	0	0	0	0	0	0	1657137004520
1189	1827	0	0	0	0	0	0	1657137005540
1189	1827	0	0	0	0	0	0	1657137006560
1189	1826	0	0	0	0	0	0	1657137007580
1189	1824	0	0	0	0	0	0	1657137008600
1189	1824	0	0	0	0	0	0	1657137009620
1189	1824	0	0	0	0	0	0	1657137010640
1189	1825	0	0	0	0	0	0	1657137011660
1189	1825	0	0	0	0	0	0	1657137012680
1189	1825	0	0	0	0	0	0	1657137013700
1189	1825	0	0	0	0	0	0	1657137014720
1189	1824	0	0	0	0	0	0	1657137015740
1189	1821	0	0	0	0	0	0	1657137016760
1189	1820	0	0	0	0	0	0	1657137017780
1189	1819	0	0	0	0	0	0	1657137018800
1189	1817	0	0	0	0	0	0	1657137019820
1189	1815	0	0	0	0	0	0	1657137020840
1189	1815	0	0	0	0	0	0	1657137021860
1189	1814	0	0	0	0	0	0	1657137022880
1189	1812	0	0	0	0	0	0	1657137023900
1189	1811	0	0	0	0	0	0	1657137024920
1189	1811	0	0	0	0	0	0	1657137025940
1189	1808	0	0	0	0	0	0	1657137026960
1189	1807	0	0	0	0	0	0	1657137027980
1189	1805	0	0	0	0	0	0	1657137029000
1189	1805	0	0	0	0	0	0	1657137030020
1189	1804	0	0	0	0	0	0	1657137031040
1189	1803	0	0	0	0	0	0	1657137032060
1189	1803	0	0	0	0	0	0	1657137033080
1189	1802	0	0	0	0	0	0	1657137034100
1189	1802	0	0	0	0	0	0	1657137035120
1189	1802	0	0	0	0	0	0	1657137036140
1189	1802	0	0	0	0	0	0	1657137037160
1189	1802	0	0	0	0	0	0	1657137038180
1189	1802	0	0	0	0	0	0	1657137039200
1189	1802	0	0	0	0	0	0	1657137040220
1189	1801	0	0	0	0	0	0	1657137041240
1189	1801	0	0	0	0	0	0	1657137042260
1189	1801	0	0	0	0	0	0	1657137043280
1189	1801	0	0	0	0	0	0	1657137044300
1189	1801	0	0	0	0	0	0	1657137045320
1189	1801	0	0	0	0	0	0	1657137046340
1189	1801	0	0	0	0	0	0	1657137047360
1189	1801	0	0	0	0	0	0	1657137048380
1189	1801	0	0	0	0	0	0	1657137049400
1189	1801	0	0	0	0	0	0	1657137050420
1189	1801	0	0	0	0	0	0	1657137051440
1189	1801	0	0	0	0	0	0	1657137052460
1189	1801	0	0	0	0	0	0	1657137053480
1189	1801	0	0	0	0	0	0	1657137054500
1189	1801	0	0	0	0	0	0	1657137055520
1189	1801	0	0	0	0	0	0	1657137056540
1189	1801	0	0	0	0	0	0	1657137057560
1189	1801	0	0	0	0	0	0	1657137058580
1189	1801	0	0	0	0	0	0	1657137059600
1189	1801	0	0	0	0	0	0	1657137060620
1189	1801	0	0	0	0	0	0	1657137061640
1189	1801	0	0	0	0	0	0	1657137062660
1189	1801	0	0	0	0	0	0	1657137063680
1189	1801	0	0	0	0	0	0	1657137064700
1189	1801	0	0	0	0	0	0	1657137065720
1189	1801	0	0	0	0	0	0	1657137066740
1189	1801	0	0	0	0	0	0	1657137067760
1189	1801	0	0	0	0	0	0	1657137068780
1189	1801	0	0	0	0	0	0	1657137069800
1189	1801	0	0	0	0	0	0	1657137070820
1189	1801	0	0	0	0	0	0	1657137071840
1189	1801	0	0	0	0	0	0	1657137072860
1189	1801	0	0	0	0	0	0	1657137073880
1189	1801	0	0	0	0	0	0	1657137074900
1189	1801	0	0	0	0	0	0	1657137075920
1189	1801	0	0	0	0	0	0	1657137076940
1189	1801	0	0	0	0	0	0	1657137077960
1189	1801	0	0	0	0	0	0	1657137078980
1189	1801	0	0	0	0	0	0	1657137080000
1189	1801	0	0	0	0	0	0	1657137081020
1189	1801	0	0	0	0	0	0	1657137082040
1189	1801	0	0	0	0	0	0	1657137083060
1189	1801	0	0	0	0	0	0	1657137084080
1189	1801	0	0	0	0	0	0	1657137085100
1189	1801	0	0	0	0	0	0	1657137086120
1189	1801	0	0	0	0	0	0	1657137087140
1189	1801	0	0	0	0	0	0	1657137088160
1189	1801	0	0	0	0	0	0	1657137089180
1189	1801	0	0	0	0	0	0	1657137090200
1189	1801	0	0	0	0	0	0	1657137091220
1189	1801	0	0	0	0	0	0	1657137092240
1189	1801	0	0	0	0	0	0	1657137093260
1189	1801	0	0	0	0	0	0	1657137094280
1189	1801	0	0	0	0	0	0	1657137095300
1189	1801	0	0	0	0	0	0	1657137096320
1189	1801	0	0	0	0	0	0	1657137097340
1189	1801	0	0	0	0	0	0	1657137098360
1189	1801	0	0	0	0	0	0	1657137099380
1189	1801	0	0	0	0	0	0	1657137100400
1189	1801	0	0	0	0	0	0	1657137101420
1189	1801	0	0	0	0	0	0	1657137102440
1189	1801	0	0	0	0	0	0	1657137103460
1189	1801	0	0	0	0	0	0	1657137104480
1189	1801	0	0	0	0	0	0	1657137105500
1189	1801	0	0	0	0	0	0	1657137106520
1189	1801	0	0	0	0	0	0	1657137107540
1189	1801	0	0	0	0	0	0	1657137108560
1189	1801	0	0	0	0	0	0	1657137109580
1189	1801	0	0	0	0	0	0	1657137110600
1189	1801	0	0	0	0	0	0	1657137111620
1189	1801	0	0	0	0	0	0	1657137112640
1189	1801	0	0	0	0	0	0	1657137113660
1189	1801	0	0	0	0	0	0	1657137114680
1189	1801	0	0	0	0	0	0	1657137115700
1189	1801	0	0	0	0	0	0	1657137116720
1189	1801	0	0	0	0	0	0	1657137117740
1189	1801	0	0	0	0	0	0	1657137118760
1189	1801	0	0	0	0	0	0	1657137119780
1189	1801	0	0	0	0	0	0	1657137120800
1189	1801	0	0	0	0	0	0	1657137121820
1189	1801	0	0	0	0	0	0	1657137122840
1189	1801	0	0	0	0	0	0	1657137123860
1189	1801	0	0	0	0	0	0	1657137124880
1189	1801	0	0	0	0	0	0	1657137125900
1189	1801	0	0	0	0	0	0	1657137126920
1189	1801	0	0	0	0	0	0	1657137127940
1189	1801	0	0	0	0	0	0	1657137128960
1189	1801	0	0	0	0	0	0	1657137129980
1189	1801	0	0	0	0	0	0	1657137131000
1189	1801	0	0	0	0	0	0	1657137132020
1189	1801	0	0	0	0	0	0	1657137133040
1189	1801	0	0	0	0	0	0	1657137134060
1189	1801	0	0	0	0	0	0	1657137135080
1189	1801	0	0	0	0	0	0	1657137136100
1189	1801	0	0	0	0	0	0	1657137137120
1189	1801	0	0	0	0	0	0	1657137138140
1189	1801	0	0	0	0	0	0	1657137139160
1189	1801	0	0	0	0	0	0	1657137140180
1189	1801	0	0	0	0	0	0	1657137141200
1189	1801	0	0	0	0	0	0	1657137142220
1189	1801	0	0	0	0	0	0	1657137143240
1189	1801	0	0	0	0	0	0	1657137144260
1189	1801	0	0	0	0	0	0	1657137145280
1189	1801	0	0	0	0	0	0	1657137146300
1189	1801	0	0	0	0	0	0	1657137147320
1189	1801	0	0	0	0	0	0	1657137148340
1189	1801	0	0	0	0	0	0	1657137149360
1189	1800	0	0	0	0	0	0	1657137150380
1189	1800	0	0	0	0	0	0	1657137151400
1189	1800	0	0	0	0	0	0	1657137152420
1189	1800	0	0	0	0	0	0	1657137153440
1189	1800	0	0	0	0	0	0	1657137154460
1189	1800	0	0	0	0	0	0	1657137155480
1189	1800	0	0	0	0	0	0	1657137156500
1189	1800	0	0	0	0	0	0	1657137157520
1189	1800	0	0	0	0	0	0	1657137158540
1189	1800	0	0	0	0	0	0	1657137159560
1189	1800	0	0	0	0	0	0	1657137160580
1189	1801	0	0	0	0	0	0	1657137161600
1189	1801	0	0	0	0	0	0	1657137162620
1189	1801	0	0	0	0	0	0	1657137163640
1189	1801	0	0	0	0	0	0	1657137164660
1189	1801	0	0	0	0	0	0	1657137165680
1189	1801	0	0	0	0	0	0	1657137166700
1189	1801	0	0	0	0	0	0	1657137167720
1189	1801	0	0	0	0	0	0	1657137168740
1189	1801	0	0	0	0	0	0	1657137169760
1189	1801	0	0	0	0	0	0	1657137170780
1189	1801	0	0	0	0	0	0	1657137171800
1189	1801	0	0	0	0	0	0	1657137172820
1189	1801	0	0	0	0	0	0	1657137173840
1189	1801	0	0	0	0	0	0	1657137174860
1189	1801	0	0	0	0	0	0	1657137175880
1189	1801	0	0	0	0	0	0	1657137176900
1189	1801	0	0	0	0	0	0	1657137177920
1189	1801	0	0	0	0	0	0	1657137178940
1189	1801	0	0	0	0	0	0	1657137179960
1189	1801	0	0	0	0	0	0	1657137180980
1189	1801	0	0	0	0	0	0	1657137182000
1189	1801	0	0	0	0	0	0	1657137183020
1189	1801	0	0	0	0	0	0	1657137184040
1189	1801	0	0	0	0	0	0	1657137185060
1189	1801	0	0	0	0	0	0	1657137186080
1189	1801	0	0	0	0	0	0	1657137187100
1189	1801	0	0	0	0	0	0	1657137188120
1189	1801	0	0	0	0	0	0	1657137189140
1189	1801	0	0	0	0	0	0	1657137190160
1189	1801	0	0	0	0	0	0	1657137191180
1189	1801	0	0	0	0	0	0	1657137192200
1189	1801	0	0	0	0	0	0	1657137193220
1189	1801	0	0	0	0	0	0	1657137194240
1189	1801	0	0	0	0	0	0	1657137195260
1189	1801	0	0	0	0	0	0	1657137196280
1189	1801	0	0	0	0	0	0	1657137197300
1189	1801	0	0	0	0	0	0	1657137198320
1189	1801	0	0	0	0	0	0	1657137199340
1189	1801	0	0	0	0	0	0	1657137200360
1189	1801	0	0	0	0	0	0	1657137201380
1189	1801	0	0	0	0	0	0	1657137202400
1189	1801	0	0	0	0	0	0	1657137203420
1189	1801	0	0	0	0	0	0	1657137204440
1189	1801	0	0	0	0	0	0	1657137205460
1189	1801	0	0	0	0	0	0	1657137206480
1189	1801	0	0	0	0	0	0	1657137207500
1189	1801	0	0	0	0	0	0	1657137208520
1189	1801	0	0	0	0	0	0	1657137209540
1189	1801	0	0	0	0	0	0	1657137210560
1189	1801	0	0	0	0	0	0	1657137211580
1189	1801	0	0	0	0	0	0	1657137212600
1189	1800	0	0	0	0	0	0	1657137213620
1189	1800	0	0	0	0	0	0	1657137214640
1189	1800	0	0	0	0	0	0	1657137215660
1189	1800	0	0	0	0	0	0	1657137216680
1189	1800	0	0	0	0	0	0	1657137217700
1189	1800	0	0	0	0	0	0	1657137218720
1189	1800	0	0	0	0	0	0	1657137219740
1189	1800	0	0	0	0	0	0	1657137220760
1189	1799	0	0	0	0	0	0	1657137221780
1189	1799	0	0	0	0	0	0	1657137222800
1189	1799	0	0	0	0	0	0	1657137223820
1189	1799	0	0	0	0	0	0	1657137224840
1189	1799	0	0	0	0	0	0	1657137225860
1189	1799	0	0	0	0	0	0	1657137226880
1189	1799	0	0	0	0	0	0	1657137227900
1189	1798	0	0	0	0	0	0	1657137228920
1189	1798	0	0	0	0	0	0	1657137229940
1189	1798	0	0	0	0	0	0	1657137230960
1189	1799	0	0	0	0	0	0	1657137231980
1189	1799	0	0	0	0	0	0	1657137233000
1189	1798	0	0	0	0	0	0	1657137234020
1189	1797	0	0	0	0	0	0	1657137235040
1189	1797	0	0	0	0	0	0	1657137236060
1189	1796	0	0	0	0	0	0	1657137237080
1189	1795	0	0	0	0	0	0	1657137238100
1189	1794	0	0	0	0	0	0	1657137239120
1189	1792	0	0	0	0	0	0	1657137240140
1189	1793	0	0	0	0	0	0	1657137241160
1189	1791	0	0	0	0	0	0	1657137242180
1189	1789	0	0	0	0	0	0	1657137243200
1189	1789	0	0	0	0	0	0	1657137244220
1189	1788	0	0	0	0	0	0	1657137245240
1189	1784	0	0	0	0	0	0	1657137246260
1189	1784	0	0	0	0	0	0	1657137247280
1189	1784	0	0	0	0	0	0	1657137248300
1189	1784	0	0	0	0	0	0	1657137249320
1189	1783	0	0	0	0	0	0	1657137250340
1189	1783	0	0	0	0	0	0	1657137251360
1189	1785	0	0	0	0	0	0	1657137252380
1189	1784	0	0	0	0	0	0	1657137253400
1189	1782	0	0	0	0	0	0	1657137254420
1189	1782	0	0	0	0	0	0	1657137255440
1189	1782	0	0	0	0	0	0	1657137256460
1189	1783	0	0	0	0	0	0	1657137257480
1189	1783	0	0	0	0	0	0	1657137258500
1189	1782	0	0	0	0	0	0	1657137259520
1189	1781	0	0	0	0	0	0	1657137260540
1189	1781	0	0	0	0	0	0	1657137261560
1189	1781	0	0	0	0	0	0	1657137262580
1189	1780	0	0	0	0	0	0	1657137263600
1189	1779	0	0	0	0	0	0	1657137264620
1189	1778	0	0	0	0	0	0	1657137265640
1189	1779	0	0	0	0	0	0	1657137266660
1189	1778	0	0	0	0	0	0	1657137267680
1189	1779	0	0	0	0	0	0	1657137268700
1189	1777	0	0	0	0	0	0	1657137269720
1189	1776	0	0	0	0	0	0	1657137270740
1189	1775	0	0	0	0	0	0	1657137271760
1189	1775	0	0	0	0	0	0	1657137272780
1189	1775	0	0	0	0	0	0	1657137273800
1189	1775	0	0	0	0	0	0	1657137274820
1189	1774	0	0	0	0	0	0	1657137275840
1189	1774	0	0	0	0	0	0	1657137276860
1189	1774	0	0	0	0	0	0	1657137277880
1189	1775	0	0	0	0	0	0	1657137278900
1189	1775	0	0	0	0	0	0	1657137279920
1189	1774	0	0	0	0	0	0	1657137280940
1189	1774	0	0	0	0	0	0	1657137281960
1189	1774	0	0	0	0	0	0	1657137282980
1189	1773	0	0	0	0	0	0	1657137284000
1189	1773	0	0	0	0	0	0	1657137285020
1189	1773	0	0	0	0	0	0	1657137286040
1189	1773	0	0	0	0	0	0	1657137287060
1189	1773	0	0	0	0	0	0	1657137288080
1189	1773	0	0	0	0	0	0	1657137289100
1189	1773	0	0	0	0	0	0	1657137290120
1189	1773	0	0	0	0	0	0	1657137291140
1189	1773	0	0	0	0	0	0	1657137292160
1189	1773	0	0	0	0	0	0	1657137293180
1189	1773	0	0	0	0	0	0	1657137294200
1189	1773	0	0	0	0	0	0	1657137295220
1189	1773	0	0	0	0	0	0	1657137296240
1189	1773	0	0	0	0	0	0	1657137297260
1189	1773	0	0	0	0	0	0	1657137298280
1189	1773	0	0	0	0	0	0	1657137299300
1189	1773	0	0	0	0	0	0	1657137300320
1189	1773	0	0	0	0	0	0	1657137301340
1189	1773	0	0	0	0	0	0	1657137302360
1189	1773	0	0	0	0	0	0	1657137303380
1189	1773	0	0	0	0	0	0	1657137304400
1189	1773	0	0	0	0	0	0	1657137305420
1189	1773	0	0	0	0	0	0	1657137306440
1189	1773	0	0	0	0	0	0	1657137307460
1189	1773	0	0	0	0	0	0	1657137308480
1189	1773	0	0	0	0	0	0	1657137309500
1189	1773	0	0	0	0	0	0	1657137310520
1189	1773	0	0	0	0	0	0	1657137311540
1189	1773	0	0	0	0	0	0	1657137312560
1189	1773	0	0	0	0	0	0	1657137313580
1189	1773	0	0	0	0	0	0	1657137314600
1189	1773	0	0	0	0	0	0	1657137315620
1189	1773	0	0	0	0	0	0	1657137316640
1189	1773	0	0	0	0	0	0	1657137317660
1189	1773	0	0	0	0	0	0	1657137318680
1189	1773	0	0	0	0	0	0	1657137319700
1189	1773	0	0	0	0	0	0	1657137320720
1189	1773	0	0	0	0	0	0	1657137321740
1189	1773	0	0	0	0	0	0	1657137322760
1189	1773	0	0	0	0	0	0	1657137323780
1189	1773	0	0	0	0	0	0	1657137324800
1189	1773	0	0	0	0	0	0	1657137325820
1189	1773	0	0	0	0	0	0	1657137326840
1189	1773	0	0	0	0	0	0	1657137327860
1189	1773	0	0	0	0	0	0	1657137328880
1189	1773	0	0	0	0	0	0	1657137329900
1189	1773	0	0	0	0	0	0	1657137330920
1189	1773	0	0	0	0	0	0	1657137331940
1189	1773	0	0	0	0	0	0	1657137332960
1189	1773	0	0	0	0	0	0	1657137333980
1189	1773	0	0	0	0	0	0	1657137335000
1189	1773	0	0	0	0	0	0	1657137336020
1189	1773	0	0	0	0	0	0	1657137337040
1189	1773	0	0	0	0	0	0	1657137338060
1189	1773	0	0	0	0	0	0	1657137339080
1189	1773	0	0	0	0	0	0	1657137340100
1189	1773	0	0	0	0	0	0	1657137341120
1189	1773	0	0	0	0	0	0	1657137342140
1189	1773	0	0	0	0	0	0	1657137343160
1189	1773	0	0	0	0	0	0	1657137344180
1189	1773	0	0	0	0	0	0	1657137345200
1189	1773	0	0	0	0	0	0	1657137346220
1189	1773	0	0	0	0	0	0	1657137347240
1189	1773	0	0	0	0	0	0	1657137348260
1189	1773	0	0	0	0	0	0	1657137349280
1189	1773	0	0	0	0	0	0	1657137350300
1189	1773	0	0	0	0	0	0	1657137351320
1189	1773	0	0	0	0	0	0	1657137352340
1189	1773	0	0	0	0	0	0	1657137353360
1189	1773	0	0	0	0	0	0	1657137354380
1189	1773	0	0	0	0	0	0	1657137355400
1189	1773	0	0	0	0	0	0	1657137356420
1189	1773	0	0	0	0	0	0	1657137357440
1189	1773	0	0	0	0	0	0	1657137358460
1189	1773	0	0	0	0	0	0	1657137359480
1189	1773	0	0	0	0	0	0	1657137360500
1189	1773	0	0	0	0	0	0	1657137361520
1189	1773	0	0	0	0	0	0	1657137362540
1189	1773	0	0	0	0	0	0	1657137363560
1189	1773	0	0	0	0	0	0	1657137364580
1189	1773	0	0	0	0	0	0	1657137365600
1189	1773	0	0	0	0	0	0	1657137366620
1189	1773	0	0	0	0	0	0	1657137367640
1189	1773	0	0	0	0	0	0	1657137368660
1189	1773	0	0	0	0	0	0	1657137369680
1189	1773	0	0	0	0	0	0	1657137370700
1189	1773	0	0	0	0	0	0	1657137371720
1189	1773	0	0	0	0	0	0	1657137372740
1189	1773	0	0	0	0	0	0	1657137373760
1189	1773	0	0	0	0	0	0	1657137374780
1189	1773	0	0	0	0	0	0	1657137375800
1189	1773	0	0	0	0	0	0	1657137376820
1189	1773	0	0	0	0	0	0	1657137377840
1189	1773	0	0	0	0	0	0	1657137378860
1189	1773	0	0	0	0	0	0	1657137379880
1189	1773	0	0	0	0	0	0	1657137380900
1189	1773	0	0	0	0	0	0	1657137381920
1189	1773	0	0	0	0	0	0	1657137382940
1189	1773	0	0	0	0	0	0	1657137383960
1189	1773	0	0	0	0	0	0	1657137384980
1189	1773	0	0	0	0	0	0	1657137386000
1189	1773	0	0	0	0	0	0	1657137387020
1189	1773	0	0	0	0	0	0	1657137388040
1189	1773	0	0	0	0	0	0	1657137389060
1189	1773	0	0	0	0	0	0	1657137390080
1189	1773	0	0	0	0	0	0	1657137391100
1189	1773	0	0	0	0	0	0	1657137392120
1189	1773	0	0	0	0	0	0	1657137393140
1189	1773	0	0	0	0	0	0	1657137394160
1189	1773	0	0	0	0	0	0	1657137395180
1189	1773	0	0	0	0	0	0	1657137396200
1189	1773	0	0	0	0	0	0	1657137397220
1189	1773	0	0	0	0	0	0	1657137398240
1189	1773	0	0	0	0	0	0	1657137399260
1189	1773	0	0	0	0	0	0	1657137400280
1189	1773	0	0	0	0	0	0	1657137401300
1189	1773	0	0	0	0	0	0	1657137402320
1189	1773	0	0	0	0	0	0	1657137403340
1189	1773	0	0	0	0	0	0	1657137404360
1189	1773	0	0	0	0	0	0	1657137405380
1189	1773	0	0	0	0	0	0	1657137406400
1189	1773	0	0	0	0	0	0	1657137407420
1189	1773	0	0	0	0	0	0	1657137408440
1189	1773	0	0	0	0	0	0	1657137409460
1189	1773	0	0	0	0	0	0	1657137410480
1189	1773	0	0	0	0	0	0	1657137411500
1189	1773	0	0	0	0	0	0	1657137412520
1189	1773	0	0	0	0	0	0	1657137413540
1189	1773	0	0	0	0	0	0	1657137414560
1189	1773	0	0	0	0	0	0	1657137415580
1189	1773	0	0	0	0	0	0	1657137416600
1189	1773	0	0	0	0	0	0	1657137417620
1189	1773	0	0	0	0	0	0	1657137418640
1189	1773	0	0	0	0	0	0	1657137419660
1189	1773	0	0	0	0	0	0	1657137420680
1189	1773	0	0	0	0	0	0	1657137421700
1189	1773	0	0	0	0	0	0	1657137422720
1189	1773	0	0	0	0	0	0	1657137423740
1189	1773	0	0	0	0	0	0	1657137424760
1189	1773	0	0	0	0	0	0	1657137425780
1189	1773	0	0	0	0	0	0	1657137426800
1189	1773	0	0	0	0	0	0	1657137427820
1189	1773	0	0	0	0	0	0	1657137428840
1189	1773	0	0	0	0	0	0	1657137429860
1189	1773	0	0	0	0	0	0	1657137430880
1189	1773	0	0	0	0	0	0	1657137431900
1189	1773	0	0	0	0	0	0	1657137432920
1189	1773	0	0	0	0	0	0	1657137433940
1189	1773	0	0	0	0	0	0	1657137434960
1189	1773	0	0	0	0	0	0	1657137435980
1189	1773	0	0	0	0	0	0	1657137437000
1189	1773	0	0	0	0	0	0	1657137438020
1189	1773	0	0	0	0	0	0	1657137439040
1189	1773	0	0	0	0	0	0	1657137440060
1189	1773	0	0	0	0	0	0	1657137441080
1189	1773	0	0	0	0	0	0	1657137442100
1189	1773	0	0	0	0	0	0	1657137443120
1189	1773	0	0	0	0	0	0	1657137444140
1189	1773	0	0	0	0	0	0	1657137445160
1189	1773	0	0	0	0	0	0	1657137446180
1189	1773	0	0	0	0	0	0	1657137447200
1189	1773	0	0	0	0	0	0	1657137448220
1189	1773	0	0	0	0	0	0	1657137449240
1189	1773	0	0	0	0	0	0	1657137450260
1189	1773	0	0	0	0	0	0	1657137451280
1189	1773	0	0	0	0	0	0	1657137452300
1189	1773	0	0	0	0	0	0	1657137453320
1189	1773	0	0	0	0	0	0	1657137454340
1189	1773	0	0	0	0	0	0	1657137455360
1189	1773	0	0	0	0	0	0	1657137456380
1189	1773	0	0	0	0	0	0	1657137457400
1189	1773	0	0	0	0	0	0	1657137458420
1189	1773	0	0	0	0	0	0	1657137459440
1189	1773	0	0	0	0	0	0	1657137460460
1189	1773	0	0	0	0	0	0	1657137461480
1189	1773	0	0	0	0	0	0	1657137462500
1189	1773	0	0	0	0	0	0	1657137463520
1189	1773	0	0	0	0	0	0	1657137464540
1189	1773	0	0	0	0	0	0	1657137465560
1189	1773	0	0	0	0	0	0	1657137466580
1189	1773	0	0	0	0	0	0	1657137467600
1189	1773	0	0	0	0	0	0	1657137468620
1189	1773	0	0	0	0	0	0	1657137469640
1189	1773	0	0	0	0	0	0	1657137470660
1189	1773	0	0	0	0	0	0	1657137471680
1189	1773	0	0	0	0	0	0	1657137472700
1189	1773	0	0	0	0	0	0	1657137473720
1189	1773	0	0	0	0	0	0	1657137474740
1189	1773	0	0	0	0	0	0	1657137475760
1189	1773	0	0	0	0	0	0	1657137476780
1189	1773	0	0	0	0	0	0	1657137477800
1189	1773	0	0	0	0	0	0	1657137478820
1189	1773	0	0	0	0	0	0	1657137479840
1189	1773	0	0	0	0	0	0	1657137480860
1189	1773	0	0	0	0	0	0	1657137481880
1189	1773	0	0	0	0	0	0	1657137482900
1189	1773	0	0	0	0	0	0	1657137483920
1189	1773	0	0	0	0	0	0	1657137484940
1189	1773	0	0	0	0	0	0	1657137485960
1189	1773	0	0	0	0	0	0	1657137486980
1189	1773	0	0	0	0	0	0	1657137488000
1189	1773	0	0	0	0	0	0	1657137489020
1189	1773	0	0	0	0	0	0	1657137490040
1189	1773	0	0	0	0	0	0	1657137491060
1189	1773	0	0	0	0	0	0	1657137492080
1189	1773	0	0	0	0	0	0	1657137493100
1189	1773	0	0	0	0	0	0	1657137494120
1189	1773	0	0	0	0	0	0	1657137495140
1189	1772	0	0	0	0	0	0	1657137496160
1189	1772	0	0	0	0	0	0	1657137497180
1189	1772	0	0	0	0	0	0	1657137498200
1189	1772	0	0	0	0	0	0	1657137499220
1189	1772	0	0	0	0	0	0	1657137500240
1189	1772	0	0	0	0	0	0	1657137501260
1189	1772	0	0	0	0	0	0	1657137502280
1189	1772	0	0	0	0	0	0	1657137503300
1189	1772	0	0	0	0	0	0	1657137504320
1189	1772	0	0	0	0	0	0	1657137505340
1189	1772	0	0	0	0	0	0	1657137506360
1189	1772	0	0	0	0	0	0	1657137507380
1189	1772	0	0	0	0	0	0	1657137508400
1189	1772	0	0	0	0	0	0	1657137509420
1189	1772	0	0	0	0	0	0	1657137510440
1189	1772	0	0	0	0	0	0	1657137511460
1189	1772	0	0	0	0	0	0	1657137512480
1189	1772	0	0	0	0	0	0	1657137513500
1189	1772	0	0	0	0	0	0	1657137514520
1189	1772	0	0	0	0	0	0	1657137515540
1189	1772	0	0	0	0	0	0	1657137516560
1189	1772	0	0	0	0	0	0	1657137517580
1189	1772	0	0	0	0	0	0	1657137518600
1189	1772	0	0	0	0	0	0	1657137519620
1189	1772	0	0	0	0	0	0	1657137520640
1189	1772	0	0	0	0	0	0	1657137521660
1189	1772	0	0	0	0	0	0	1657137522680
1189	1772	0	0	0	0	0	0	1657137523700
1189	1772	0	0	0	0	0	0	1657137524720
1189	1772	0	0	0	0	0	0	1657137525740
1189	1772	0	0	0	0	0	0	1657137526760
1189	1772	0	0	0	0	0	0	1657137527780
1189	1772	0	0	0	0	0	0	1657137528800
1189	1772	0	0	0	0	0	0	1657137529820
1189	1772	0	0	0	0	0	0	1657137530840
