1566	2218	0	0	0	0	0	0	1657730899700
1559	2208	0	0	0	0	0	0	1657730900720
1545	2202	0	0	0	0	0	0	1657730901740
1536	2198	0	0	0	0	0	0	1657730902760
1527	2195	0	0	0	0	0	0	1657730903780
1514	2194	0	0	0	0	0	0	1657730904800
1507	2193	0	0	0	0	0	0	1657730905820
1502	2193	0	0	0	0	0	0	1657730906840
1496	2192	0	0	0	0	0	0	1657730907860
1485	2192	0	0	0	0	0	0	1657730908880
1478	2192	0	0	0	0	0	0	1657730909900
1474	2191	0	0	0	0	0	0	1657730910920
1472	2184	0	0	0	0	0	0	1657730911940
1470	2177	0	0	0	0	0	0	1657730912960
1468	2172	0	0	0	0	0	0	1657730913980
1459	2169	0	0	0	0	0	0	1657730915000
1452	2167	0	0	0	0	0	0	1657730916020
1447	2166	0	0	0	0	0	0	1657730917040
1444	2165	0	0	0	0	0	0	1657730918060
1442	2165	0	0	0	0	0	0	1657730919080
1441	2165	0	0	0	0	0	0	1657730920100
1441	2164	0	0	0	0	0	0	1657730921120
1440	2164	0	0	0	0	0	0	1657730922140
1440	2164	0	0	0	0	0	0	1657730923160
1440	2164	0	0	0	0	0	0	1657730924180
1439	2164	0	0	0	0	0	0	1657730925200
1436	2164	0	0	0	0	0	0	1657730926220
1430	2164	0	0	0	0	0	0	1657730927240
1424	2164	0	0	0	0	0	0	1657730928260
1419	2162	0	0	0	0	0	0	1657730929280
1416	2159	0	0	0	0	0	0	1657730930300
1414	2153	0	0	0	0	0	0	1657730931320
1413	2148	0	0	0	0	0	0	1657730932340
1412	2143	0	0	0	0	0	0	1657730933360
1411	2140	0	0	0	0	0	0	1657730934380
1411	2138	0	0	0	0	0	0	1657730935400
1411	2138	0	0	0	0	0	0	1657730936420
1411	2137	0	0	0	0	0	0	1657730937440
1411	2136	0	0	0	0	0	0	1657730938460
1411	2136	0	0	0	0	0	0	1657730939480
1411	2136	0	0	0	0	0	0	1657730940500
1411	2136	0	0	0	0	0	0	1657730941520
1411	2136	0	0	0	0	0	0	1657730942540
1411	2136	0	0	0	0	0	0	1657730943560
1411	2136	0	0	0	0	0	0	1657730944580
1411	2136	0	0	0	0	0	0	1657730945600
1411	2136	0	0	0	0	0	0	1657730946620
1411	2136	0	0	0	0	0	0	1657730947640
1411	2136	0	0	0	0	0	0	1657730948660
1411	2136	0	0	0	0	0	0	1657730949680
1411	2136	0	0	0	0	0	0	1657730950700
1409	2136	0	0	0	0	0	0	1657730951720
1405	2134	0	0	0	0	0	0	1657730952740
1398	2134	0	0	0	0	0	0	1657730953760
1396	2133	0	0	0	0	0	0	1657730954780
1393	2128	0	0	0	0	0	0	1657730955800
1391	2125	0	0	0	0	0	0	1657730956820
1388	2122	0	0	0	0	0	0	1657730957840
1387	2116	0	0	0	0	0	0	1657730958860
1386	2113	0	0	0	0	0	0	1657730959880
1386	2111	0	0	0	0	0	0	1657730960900
1385	2110	0	0	0	0	0	0	1657730961920
1384	2109	0	0	0	0	0	0	1657730962940
1384	2109	0	0	0	0	0	0	1657730963960
1384	2108	0	0	0	0	0	0	1657730964980
1384	2108	0	0	0	0	0	0	1657730966000
1384	2108	0	0	0	0	0	0	1657730967020
1384	2108	0	0	0	0	0	0	1657730968040
1384	2108	0	0	0	0	0	0	1657730969060
1384	2108	0	0	0	0	0	0	1657730970080
1384	2108	0	0	0	0	0	0	1657730971100
1384	2108	0	0	0	0	0	0	1657730972120
1384	2108	0	0	0	0	0	0	1657730973140
1384	2108	0	0	0	0	0	0	1657730974160
1384	2108	0	0	0	0	0	0	1657730975180
1384	2108	0	0	0	0	0	0	1657730976200
1384	2108	0	0	0	0	0	0	1657730977220
1384	2108	0	0	0	0	0	0	1657730978240
1383	2108	0	0	0	0	0	0	1657730979260
1383	2108	0	0	0	0	0	0	1657730980280
1383	2108	0	0	0	0	0	0	1657730981300
1383	2108	0	0	0	0	0	0	1657730982320
1383	2108	0	0	0	0	0	0	1657730983340
1383	2108	0	0	0	0	0	0	1657730984360
1383	2108	0	0	0	0	0	0	1657730985380
1383	2108	0	0	0	0	0	0	1657730986400
1383	2107	0	0	0	0	0	0	1657730987420
1383	2106	0	0	0	0	0	0	1657730988440
1383	2104	0	0	0	0	0	0	1657730989460
1384	2101	0	0	0	0	0	0	1657730990480
1384	2097	0	0	0	0	0	0	1657730991500
1384	2093	0	0	0	0	0	0	1657730992520
1384	2090	0	0	0	0	0	0	1657730993540
1384	2086	0	0	0	0	0	0	1657730994560
1384	2084	0	0	0	0	0	0	1657730995580
1384	2082	0	0	0	0	0	0	1657730996600
1384	2081	0	0	0	0	0	0	1657730997620
1384	2081	0	0	0	0	0	0	1657730998640
1384	2081	0	0	0	0	0	0	1657730999660
1384	2081	0	0	0	0	0	0	1657731000680
1384	2080	0	0	0	0	0	0	1657731001700
1384	2080	0	0	0	0	0	0	1657731002720
1384	2080	0	0	0	0	0	0	1657731003740
1384	2080	0	0	0	0	0	0	1657731004760
1384	2080	0	0	0	0	0	0	1657731005780
1384	2080	0	0	0	0	0	0	1657731006800
1384	2080	0	0	0	0	0	0	1657731007820
1383	2080	0	0	0	0	0	0	1657731008840
1383	2080	0	0	0	0	0	0	1657731009860
1383	2080	0	0	0	0	0	0	1657731010880
1383	2080	0	0	0	0	0	0	1657731011900
1383	2080	0	0	0	0	0	0	1657731012920
1383	2080	0	0	0	0	0	0	1657731013940
1383	2080	0	0	0	0	0	0	1657731014960
1383	2080	0	0	0	0	0	0	1657731015980
1383	2080	0	0	0	0	0	0	1657731017000
1383	2080	0	0	0	0	0	0	1657731018020
1383	2080	0	0	0	0	0	0	1657731019040
1383	2080	0	0	0	0	0	0	1657731020060
1383	2080	0	0	0	0	0	0	1657731021080
1383	2080	0	0	0	0	0	0	1657731022100
1383	2080	0	0	0	0	0	0	1657731023120
1383	2080	0	0	0	0	0	0	1657731024140
1383	2080	0	0	0	0	0	0	1657731025160
1382	2080	0	0	0	0	0	0	1657731026180
1383	2079	0	0	0	0	0	0	1657731027200
1383	2079	0	0	0	0	0	0	1657731028220
1382	2076	0	0	0	0	0	0	1657731029240
1383	2073	0	0	0	0	0	0	1657731030260
1381	2071	0	0	0	0	0	0	1657731031280
1381	2068	0	0	0	0	0	0	1657731032300
1379	2063	0	0	0	0	0	0	1657731033320
1377	2061	0	0	0	0	0	0	1657731034340
1376	2058	0	0	0	0	0	0	1657731035360
1376	2056	0	0	0	0	0	0	1657731036380
1375	2054	0	0	0	0	0	0	1657731037400
1374	2054	0	0	0	0	0	0	1657731038420
1371	2053	0	0	0	0	0	0	1657731039440
1371	2053	0	0	0	0	0	0	1657731040460
1370	2053	0	0	0	0	0	0	1657731041480
1368	2053	0	0	0	0	0	0	1657731042500
1368	2053	0	0	0	0	0	0	1657731043520
1366	2053	0	0	0	0	0	0	1657731044540
1365	2053	0	0	0	0	0	0	1657731045560
1364	2053	0	0	0	0	0	0	1657731046580
1363	2053	0	0	0	0	0	0	1657731047600
1362	2053	0	0	0	0	0	0	1657731048620
1361	2052	0	0	0	0	0	0	1657731049640
1361	2052	0	0	0	0	0	0	1657731050660
1361	2052	0	0	0	0	0	0	1657731051680
1361	2052	0	0	0	0	0	0	1657731052700
1360	2052	0	0	0	0	0	0	1657731053720
1359	2052	0	0	0	0	0	0	1657731054740
1358	2052	0	0	0	0	0	0	1657731055760
1359	2052	0	0	0	0	0	0	1657731056780
1358	2052	0	0	0	0	0	0	1657731057800
1358	2052	0	0	0	0	0	0	1657731058820
1357	2052	0	0	0	0	0	0	1657731059840
1357	2052	0	0	0	0	0	0	1657731060860
1357	2052	0	0	0	0	0	0	1657731061880
1357	2052	0	0	0	0	0	0	1657731062900
1357	2052	0	0	0	0	0	0	1657731063920
1357	2052	0	0	0	0	0	0	1657731064940
1356	2052	0	0	0	0	0	0	1657731065960
1356	2052	0	0	0	0	0	0	1657731066980
1356	2052	0	0	0	0	0	0	1657731068000
1356	2051	0	0	0	0	0	0	1657731069020
1356	2050	0	0	0	0	0	0	1657731070040
1356	2049	0	0	0	0	0	0	1657731071060
1356	2048	0	0	0	0	0	0	1657731072080
1356	2047	0	0	0	0	0	0	1657731073100
1356	2044	0	0	0	0	0	0	1657731074120
1356	2041	0	0	0	0	0	0	1657731075140
1356	2037	0	0	0	0	0	0	1657731076160
1356	2034	0	0	0	0	0	0	1657731077180
1356	2030	0	0	0	0	0	0	1657731078200
1356	2029	0	0	0	0	0	0	1657731079220
1356	2027	0	0	0	0	0	0	1657731080240
1356	2026	0	0	0	0	0	0	1657731081260
1356	2025	0	0	0	0	0	0	1657731082280
1356	2025	0	0	0	0	0	0	1657731083300
1356	2025	0	0	0	0	0	0	1657731084320
1356	2025	0	0	0	0	0	0	1657731085340
1356	2025	0	0	0	0	0	0	1657731086360
1356	2025	0	0	0	0	0	0	1657731087380
1356	2025	0	0	0	0	0	0	1657731088400
1356	2025	0	0	0	0	0	0	1657731089420
1356	2025	0	0	0	0	0	0	1657731090440
1356	2025	0	0	0	0	0	0	1657731091460
1356	2025	0	0	0	0	0	0	1657731092480
1356	2025	0	0	0	0	0	0	1657731093500
1356	2025	0	0	0	0	0	0	1657731094520
1356	2025	0	0	0	0	0	0	1657731095540
1356	2025	0	0	0	0	0	0	1657731096560
1356	2025	0	0	0	0	0	0	1657731097580
1356	2024	0	0	0	0	0	0	1657731098600
1356	2024	0	0	0	0	0	0	1657731099620
1356	2024	0	0	0	0	0	0	1657731100640
1356	2024	0	0	0	0	0	0	1657731101660
1356	2024	0	0	0	0	0	0	1657731102680
1356	2024	0	0	0	0	0	0	1657731103700
1356	2024	0	0	0	0	0	0	1657731104720
1356	2024	0	0	0	0	0	0	1657731105740
1356	2024	0	0	0	0	0	0	1657731106760
1356	2024	0	0	0	0	0	0	1657731107780
1356	2024	0	0	0	0	0	0	1657731108800
1356	2024	0	0	0	0	0	0	1657731109820
1356	2024	0	0	0	0	0	0	1657731110840
1356	2024	0	0	0	0	0	0	1657731111860
1356	2024	0	0	0	0	0	0	1657731112880
1356	2024	0	0	0	0	0	0	1657731113900
1356	2024	0	0	0	0	0	0	1657731114920
1356	2024	0	0	0	0	0	0	1657731115940
1356	2024	0	0	0	0	0	0	1657731116960
1356	2023	0	0	0	0	0	0	1657731117980
1356	2022	0	0	0	0	0	0	1657731119000
1356	2022	0	0	0	0	0	0	1657731120020
1356	2020	0	0	0	0	0	0	1657731121040
1356	2017	0	0	0	0	0	0	1657731122060
1356	2017	0	0	0	0	0	0	1657731123080
1356	2013	0	0	0	0	0	0	1657731124100
1356	2009	0	0	0	0	0	0	1657731125120
1356	2006	0	0	0	0	0	0	1657731126140
1356	2004	0	0	0	0	0	0	1657731127160
1356	2002	0	0	0	0	0	0	1657731128180
1356	2000	0	0	0	0	0	0	1657731129200
1356	1999	0	0	0	0	0	0	1657731130220
1356	1998	0	0	0	0	0	0	1657731131240
1356	1997	0	0	0	0	0	0	1657731132260
1356	1997	0	0	0	0	0	0	1657731133280
1356	1997	0	0	0	0	0	0	1657731134300
1356	1996	0	0	0	0	0	0	1657731135320
1356	1996	0	0	0	0	0	0	1657731136340
1356	1996	0	0	0	0	0	0	1657731137360
1356	1996	0	0	0	0	0	0	1657731138380
1356	1996	0	0	0	0	0	0	1657731139400
1356	1996	0	0	0	0	0	0	1657731140420
1356	1996	0	0	0	0	0	0	1657731141440
1356	1996	0	0	0	0	0	0	1657731142460
1356	1996	0	0	0	0	0	0	1657731143480
1356	1996	0	0	0	0	0	0	1657731144500
1356	1996	0	0	0	0	0	0	1657731145520
1356	1996	0	0	0	0	0	0	1657731146540
1356	1996	0	0	0	0	0	0	1657731147560
1356	1996	0	0	0	0	0	0	1657731148580
1356	1996	0	0	0	0	0	0	1657731149600
1356	1996	0	0	0	0	0	0	1657731150620
1356	1996	0	0	0	0	0	0	1657731151640
1356	1996	0	0	0	0	0	0	1657731152660
1356	1996	0	0	0	0	0	0	1657731153680
1356	1996	0	0	0	0	0	0	1657731154700
1356	1996	0	0	0	0	0	0	1657731155720
1356	1996	0	0	0	0	0	0	1657731156740
1356	1996	0	0	0	0	0	0	1657731157760
1356	1996	0	0	0	0	0	0	1657731158780
1356	1996	0	0	0	0	0	0	1657731159800
1356	1996	0	0	0	0	0	0	1657731160820
1356	1996	0	0	0	0	0	0	1657731161840
1356	1996	0	0	0	0	0	0	1657731162860
1356	1996	0	0	0	0	0	0	1657731163880
1356	1996	0	0	0	0	0	0	1657731164900
1356	1996	0	0	0	0	0	0	1657731165920
1356	1996	0	0	0	0	0	0	1657731166940
1356	1996	0	0	0	0	0	0	1657731167960
1356	1996	0	0	0	0	0	0	1657731168980
1356	1996	0	0	0	0	0	0	1657731170000
1356	1996	0	0	0	0	0	0	1657731171020
1356	1996	0	0	0	0	0	0	1657731172040
1356	1996	0	0	0	0	0	0	1657731173060
1356	1996	0	0	0	0	0	0	1657731174080
1356	1996	0	0	0	0	0	0	1657731175100
1356	1996	0	0	0	0	0	0	1657731176120
1356	1995	0	0	0	0	0	0	1657731177140
1356	1994	0	0	0	0	0	0	1657731178160
1356	1990	0	0	0	0	0	0	1657731179180
1356	1987	0	0	0	0	0	0	1657731180200
1356	1986	0	0	0	0	0	0	1657731181220
1356	1982	0	0	0	0	0	0	1657731182240
1356	1978	0	0	0	0	0	0	1657731183260
1356	1977	0	0	0	0	0	0	1657731184280
1356	1975	0	0	0	0	0	0	1657731185300
1356	1973	0	0	0	0	0	0	1657731186320
1356	1971	0	0	0	0	0	0	1657731187340
1356	1970	0	0	0	0	0	0	1657731188360
1355	1969	0	0	0	0	0	0	1657731189380
1355	1969	0	0	0	0	0	0	1657731190400
1354	1968	0	0	0	0	0	0	1657731191420
1355	1968	0	0	0	0	0	0	1657731192440
1354	1968	0	0	0	0	0	0	1657731193460
1354	1969	0	0	0	0	0	0	1657731194480
1354	1969	0	0	0	0	0	0	1657731195500
1354	1969	0	0	0	0	0	0	1657731196520
1354	1969	0	0	0	0	0	0	1657731197540
1353	1969	0	0	0	0	0	0	1657731198560
1353	1969	0	0	0	0	0	0	1657731199580
1352	1969	0	0	0	0	0	0	1657731200600
1353	1969	0	0	0	0	0	0	1657731201620
1351	1969	0	0	0	0	0	0	1657731202640
1351	1969	0	0	0	0	0	0	1657731203660
1348	1969	0	0	0	0	0	0	1657731204680
1348	1969	0	0	0	0	0	0	1657731205700
1347	1969	0	0	0	0	0	0	1657731206720
1347	1969	0	0	0	0	0	0	1657731207740
1346	1969	0	0	0	0	0	0	1657731208760
1345	1969	0	0	0	0	0	0	1657731209780
1345	1969	0	0	0	0	0	0	1657731210800
1343	1969	0	0	0	0	0	0	1657731211820
1342	1968	0	0	0	0	0	0	1657731212840
1339	1968	0	0	0	0	0	0	1657731213860
1339	1968	0	0	0	0	0	0	1657731214880
1339	1968	0	0	0	0	0	0	1657731215900
1337	1968	0	0	0	0	0	0	1657731216920
1335	1968	0	0	0	0	0	0	1657731217940
1335	1968	0	0	0	0	0	0	1657731218960
1334	1968	0	0	0	0	0	0	1657731219980
1335	1968	0	0	0	0	0	0	1657731221000
1333	1968	0	0	0	0	0	0	1657731222020
1331	1968	0	0	0	0	0	0	1657731223040
1331	1968	0	0	0	0	0	0	1657731224060
1331	1968	0	0	0	0	0	0	1657731225080
1331	1968	0	0	0	0	0	0	1657731226100
1331	1968	0	0	0	0	0	0	1657731227120
1331	1968	0	0	0	0	0	0	1657731228140
1332	1968	0	0	0	0	0	0	1657731229160
1331	1968	0	0	0	0	0	0	1657731230180
1330	1968	0	0	0	0	0	0	1657731231200
1330	1968	0	0	0	0	0	0	1657731232220
1329	1968	0	0	0	0	0	0	1657731233240
1330	1968	0	0	0	0	0	0	1657731234260
1330	1967	0	0	0	0	0	0	1657731235280
1330	1967	0	0	0	0	0	0	1657731236300
1329	1967	0	0	0	0	0	0	1657731237320
1329	1967	0	0	0	0	0	0	1657731238340
1329	1964	0	0	0	0	0	0	1657731239360
1329	1962	0	0	0	0	0	0	1657731240380
1329	1960	0	0	0	0	0	0	1657731241400
1329	1960	0	0	0	0	0	0	1657731242420
1329	1960	0	0	0	0	0	0	1657731243440
1328	1958	0	0	0	0	0	0	1657731244460
1328	1953	0	0	0	0	0	0	1657731245480
1328	1949	0	0	0	0	0	0	1657731246500
1328	1946	0	0	0	0	0	0	1657731247520
1328	1944	0	0	0	0	0	0	1657731248540
1328	1943	0	0	0	0	0	0	1657731249560
1328	1942	0	0	0	0	0	0	1657731250580
1328	1941	0	0	0	0	0	0	1657731251600
1328	1941	0	0	0	0	0	0	1657731252620
1328	1941	0	0	0	0	0	0	1657731253640
1328	1941	0	0	0	0	0	0	1657731254660
1328	1941	0	0	0	0	0	0	1657731255680
1328	1941	0	0	0	0	0	0	1657731256700
1328	1941	0	0	0	0	0	0	1657731257720
1328	1941	0	0	0	0	0	0	1657731258740
1328	1941	0	0	0	0	0	0	1657731259760
1328	1941	0	0	0	0	0	0	1657731260780
1328	1941	0	0	0	0	0	0	1657731261800
1328	1941	0	0	0	0	0	0	1657731262820
1328	1941	0	0	0	0	0	0	1657731263840
1328	1941	0	0	0	0	0	0	1657731264860
1328	1941	0	0	0	0	0	0	1657731265880
1328	1941	0	0	0	0	0	0	1657731266900
1328	1941	0	0	0	0	0	0	1657731267920
1328	1941	0	0	0	0	0	0	1657731268940
1328	1941	0	0	0	0	0	0	1657731269960
1328	1941	0	0	0	0	0	0	1657731270980
1328	1941	0	0	0	0	0	0	1657731272000
1328	1941	0	0	0	0	0	0	1657731273020
1328	1941	0	0	0	0	0	0	1657731274040
1328	1941	0	0	0	0	0	0	1657731275060
1328	1941	0	0	0	0	0	0	1657731276080
1328	1941	0	0	0	0	0	0	1657731277100
1328	1941	0	0	0	0	0	0	1657731278120
1328	1941	0	0	0	0	0	0	1657731279140
1328	1941	0	0	0	0	0	0	1657731280160
1328	1941	0	0	0	0	0	0	1657731281180
1328	1941	0	0	0	0	0	0	1657731282200
1328	1941	0	0	0	0	0	0	1657731283220
1328	1941	0	0	0	0	0	0	1657731284240
1328	1941	0	0	0	0	0	0	1657731285260
1328	1941	0	0	0	0	0	0	1657731286280
1328	1941	0	0	0	0	0	0	1657731287300
1328	1941	0	0	0	0	0	0	1657731288320
1328	1941	0	0	0	0	0	0	1657731289340
1328	1941	0	0	0	0	0	0	1657731290360
1328	1941	0	0	0	0	0	0	1657731291380
1328	1941	0	0	0	0	0	0	1657731292400
1328	1940	0	0	0	0	0	0	1657731293420
1328	1940	0	0	0	0	0	0	1657731294440
1328	1940	0	0	0	0	0	0	1657731295460
1328	1940	0	0	0	0	0	0	1657731296480
1328	1940	0	0	0	0	0	0	1657731297500
1328	1940	0	0	0	0	0	0	1657731298520
1328	1939	0	0	0	0	0	0	1657731299540
1328	1937	0	0	0	0	0	0	1657731300560
1328	1936	0	0	0	0	0	0	1657731301580
1328	1935	0	0	0	0	0	0	1657731302600
1328	1932	0	0	0	0	0	0	1657731303620
1328	1930	0	0	0	0	0	0	1657731304640
1328	1927	0	0	0	0	0	0	1657731305660
1328	1924	0	0	0	0	0	0	1657731306680
1328	1921	0	0	0	0	0	0	1657731307700
1328	1918	0	0	0	0	0	0	1657731308720
1328	1916	0	0	0	0	0	0	1657731309740
1328	1915	0	0	0	0	0	0	1657731310760
1328	1915	0	0	0	0	0	0	1657731311780
1328	1914	0	0	0	0	0	0	1657731312800
1328	1914	0	0	0	0	0	0	1657731313820
1328	1914	0	0	0	0	0	0	1657731314840
1328	1914	0	0	0	0	0	0	1657731315860
1328	1913	0	0	0	0	0	0	1657731316880
1328	1913	0	0	0	0	0	0	1657731317900
1328	1913	0	0	0	0	0	0	1657731318920
1328	1913	0	0	0	0	0	0	1657731319940
1328	1913	0	0	0	0	0	0	1657731320960
1328	1913	0	0	0	0	0	0	1657731321980
1328	1913	0	0	0	0	0	0	1657731323000
1328	1913	0	0	0	0	0	0	1657731324020
1328	1913	0	0	0	0	0	0	1657731325040
1328	1913	0	0	0	0	0	0	1657731326060
1328	1913	0	0	0	0	0	0	1657731327080
1328	1913	0	0	0	0	0	0	1657731328100
1328	1913	0	0	0	0	0	0	1657731329120
1328	1913	0	0	0	0	0	0	1657731330140
1328	1913	0	0	0	0	0	0	1657731331160
1328	1913	0	0	0	0	0	0	1657731332180
1328	1913	0	0	0	0	0	0	1657731333200
1328	1913	0	0	0	0	0	0	1657731334220
1328	1913	0	0	0	0	0	0	1657731335240
1328	1913	0	0	0	0	0	0	1657731336260
1328	1913	0	0	0	0	0	0	1657731337280
1328	1913	0	0	0	0	0	0	1657731338300
1328	1913	0	0	0	0	0	0	1657731339320
1328	1913	0	0	0	0	0	0	1657731340340
1328	1913	0	0	0	0	0	0	1657731341360
1328	1913	0	0	0	0	0	0	1657731342380
1328	1913	0	0	0	0	0	0	1657731343400
1328	1913	0	0	0	0	0	0	1657731344420
1328	1913	0	0	0	0	0	0	1657731345440
1328	1913	0	0	0	0	0	0	1657731346460
1328	1913	0	0	0	0	0	0	1657731347480
1328	1913	0	0	0	0	0	0	1657731348500
1328	1913	0	0	0	0	0	0	1657731349520
1328	1913	0	0	0	0	0	0	1657731350540
1328	1913	0	0	0	0	0	0	1657731351560
1328	1913	0	0	0	0	0	0	1657731352580
1328	1913	0	0	0	0	0	0	1657731353600
1328	1913	0	0	0	0	0	0	1657731354620
1328	1913	0	0	0	0	0	0	1657731355640
1328	1913	0	0	0	0	0	0	1657731356660
1328	1913	0	0	0	0	0	0	1657731357680
1328	1913	0	0	0	0	0	0	1657731358700
1328	1913	0	0	0	0	0	0	1657731359720
1328	1913	0	0	0	0	0	0	1657731360740
1328	1913	0	0	0	0	0	0	1657731361760
1328	1913	0	0	0	0	0	0	1657731362780
1328	1913	0	0	0	0	0	0	1657731363800
1328	1913	0	0	0	0	0	0	1657731364820
1328	1913	0	0	0	0	0	0	1657731365840
1328	1913	0	0	0	0	0	0	1657731366860
1328	1913	0	0	0	0	0	0	1657731367880
1328	1913	0	0	0	0	0	0	1657731368900
1328	1913	0	0	0	0	0	0	1657731369920
1328	1912	0	0	0	0	0	0	1657731370940
1328	1911	0	0	0	0	0	0	1657731371960
1328	1910	0	0	0	0	0	0	1657731372980
1328	1910	0	0	0	0	0	0	1657731374000
1328	1908	0	0	0	0	0	0	1657731375020
1328	1907	0	0	0	0	0	0	1657731376040
1328	1907	0	0	0	0	0	0	1657731377060
1328	1904	0	0	0	0	0	0	1657731378080
1328	1900	0	0	0	0	0	0	1657731379100
1328	1899	0	0	0	0	0	0	1657731380120
1328	1896	0	0	0	0	0	0	1657731381140
1328	1895	0	0	0	0	0	0	1657731382160
1328	1894	0	0	0	0	0	0	1657731383180
1328	1891	0	0	0	0	0	0	1657731384200
1328	1888	0	0	0	0	0	0	1657731385220
1328	1888	0	0	0	0	0	0	1657731386240
1328	1887	0	0	0	0	0	0	1657731387260
1328	1886	0	0	0	0	0	0	1657731388280
1328	1885	0	0	0	0	0	0	1657731389300
1328	1885	0	0	0	0	0	0	1657731390320
1328	1885	0	0	0	0	0	0	1657731391340
1328	1885	0	0	0	0	0	0	1657731392360
1328	1885	0	0	0	0	0	0	1657731393380
1328	1885	0	0	0	0	0	0	1657731394400
1328	1885	0	0	0	0	0	0	1657731395420
1328	1885	0	0	0	0	0	0	1657731396440
1328	1885	0	0	0	0	0	0	1657731397460
1328	1885	0	0	0	0	0	0	1657731398480
1328	1885	0	0	0	0	0	0	1657731399500
1328	1885	0	0	0	0	0	0	1657731400520
1328	1885	0	0	0	0	0	0	1657731401540
1328	1885	0	0	0	0	0	0	1657731402560
1328	1885	0	0	0	0	0	0	1657731403580
1328	1885	0	0	0	0	0	0	1657731404600
1328	1885	0	0	0	0	0	0	1657731405620
1328	1885	0	0	0	0	0	0	1657731406640
1328	1885	0	0	0	0	0	0	1657731407660
1328	1885	0	0	0	0	0	0	1657731408680
1328	1885	0	0	0	0	0	0	1657731409700
1328	1885	0	0	0	0	0	0	1657731410720
1328	1885	0	0	0	0	0	0	1657731411740
1328	1885	0	0	0	0	0	0	1657731412760
1328	1885	0	0	0	0	0	0	1657731413780
1328	1885	0	0	0	0	0	0	1657731414800
1328	1885	0	0	0	0	0	0	1657731415820
1328	1885	0	0	0	0	0	0	1657731416840
1328	1885	0	0	0	0	0	0	1657731417860
1328	1885	0	0	0	0	0	0	1657731418880
1328	1885	0	0	0	0	0	0	1657731419900
1328	1885	0	0	0	0	0	0	1657731420920
1328	1885	0	0	0	0	0	0	1657731421940
1328	1885	0	0	0	0	0	0	1657731422960
1328	1885	0	0	0	0	0	0	1657731423980
1328	1885	0	0	0	0	0	0	1657731425000
1328	1885	0	0	0	0	0	0	1657731426020
1328	1885	0	0	0	0	0	0	1657731427040
1328	1885	0	0	0	0	0	0	1657731428060
1328	1884	0	0	0	0	0	0	1657731429080
1328	1884	0	0	0	0	0	0	1657731430100
1328	1884	0	0	0	0	0	0	1657731431120
1328	1884	0	0	0	0	0	0	1657731432140
1328	1884	0	0	0	0	0	0	1657731433160
1328	1884	0	0	0	0	0	0	1657731434180
1328	1884	0	0	0	0	0	0	1657731435200
1328	1884	0	0	0	0	0	0	1657731436220
1327	1884	0	0	0	0	0	0	1657731437240
1328	1884	0	0	0	0	0	0	1657731438260
1328	1884	0	0	0	0	0	0	1657731439280
1327	1884	0	0	0	0	0	0	1657731440300
1326	1884	0	0	0	0	0	0	1657731441320
1326	1884	0	0	0	0	0	0	1657731442340
1326	1884	0	0	0	0	0	0	1657731443360
1326	1884	0	0	0	0	0	0	1657731444380
1325	1884	0	0	0	0	0	0	1657731445400
1325	1884	0	0	0	0	0	0	1657731446420
1325	1884	0	0	0	0	0	0	1657731447440
1325	1884	0	0	0	0	0	0	1657731448460
1324	1884	0	0	0	0	0	0	1657731449480
1324	1884	0	0	0	0	0	0	1657731450500
1322	1884	0	0	0	0	0	0	1657731451520
1321	1884	0	0	0	0	0	0	1657731452540
1321	1884	0	0	0	0	0	0	1657731453560
1320	1884	0	0	0	0	0	0	1657731454580
1320	1884	0	0	0	0	0	0	1657731455600
1318	1883	0	0	0	0	0	0	1657731456620
1318	1882	0	0	0	0	0	0	1657731457640
1320	1881	0	0	0	0	0	0	1657731458660
1318	1880	0	0	0	0	0	0	1657731459680
1316	1877	0	0	0	0	0	0	1657731460700
1316	1875	0	0	0	0	0	0	1657731461720
1316	1872	0	0	0	0	0	0	1657731462740
1315	1868	0	0	0	0	0	0	1657731463760
1313	1865	0	0	0	0	0	0	1657731464780
1311	1864	0	0	0	0	0	0	1657731465800
1312	1861	0	0	0	0	0	0	1657731466820
1312	1860	0	0	0	0	0	0	1657731467840
1312	1860	0	0	0	0	0	0	1657731468860
1310	1859	0	0	0	0	0	0	1657731469880
1309	1859	0	0	0	0	0	0	1657731470900
1309	1858	0	0	0	0	0	0	1657731471920
1308	1858	0	0	0	0	0	0	1657731472940
1306	1858	0	0	0	0	0	0	1657731473960
1308	1857	0	0	0	0	0	0	1657731474980
1306	1857	0	0	0	0	0	0	1657731476000
1305	1857	0	0	0	0	0	0	1657731477020
1305	1857	0	0	0	0	0	0	1657731478040
1305	1857	0	0	0	0	0	0	1657731479060
1305	1857	0	0	0	0	0	0	1657731480080
1305	1857	0	0	0	0	0	0	1657731481100
1305	1857	0	0	0	0	0	0	1657731482120
1306	1857	0	0	0	0	0	0	1657731483140
1307	1857	0	0	0	0	0	0	1657731484160
1307	1857	0	0	0	0	0	0	1657731485180
1307	1857	0	0	0	0	0	0	1657731486200
1306	1857	0	0	0	0	0	0	1657731487220
1306	1857	0	0	0	0	0	0	1657731488240
1304	1857	0	0	0	0	0	0	1657731489260
1303	1857	0	0	0	0	0	0	1657731490280
1304	1857	0	0	0	0	0	0	1657731491300
1304	1857	0	0	0	0	0	0	1657731492320
1303	1857	0	0	0	0	0	0	1657731493340
1303	1857	0	0	0	0	0	0	1657731494360
1302	1857	0	0	0	0	0	0	1657731495380
1302	1857	0	0	0	0	0	0	1657731496400
1302	1857	0	0	0	0	0	0	1657731497420
1302	1857	0	0	0	0	0	0	1657731498440
1302	1857	0	0	0	0	0	0	1657731499460
1301	1857	0	0	0	0	0	0	1657731500480
1301	1857	0	0	0	0	0	0	1657731501500
1301	1857	0	0	0	0	0	0	1657731502520
1301	1857	0	0	0	0	0	0	1657731503540
1302	1857	0	0	0	0	0	0	1657731504560
1302	1857	0	0	0	0	0	0	1657731505580
1302	1857	0	0	0	0	0	0	1657731506600
1302	1857	0	0	0	0	0	0	1657731507620
1302	1857	0	0	0	0	0	0	1657731508640
1301	1857	0	0	0	0	0	0	1657731509660
1301	1857	0	0	0	0	0	0	1657731510680
1301	1857	0	0	0	0	0	0	1657731511700
1300	1857	0	0	0	0	0	0	1657731512720
1300	1857	0	0	0	0	0	0	1657731513740
1300	1857	0	0	0	0	0	0	1657731514760
1300	1857	0	0	0	0	0	0	1657731515780
1300	1857	0	0	0	0	0	0	1657731516800
1300	1857	0	0	0	0	0	0	1657731517820
1300	1857	0	0	0	0	0	0	1657731518840
1300	1857	0	0	0	0	0	0	1657731519860
1300	1857	0	0	0	0	0	0	1657731520880
1300	1857	0	0	0	0	0	0	1657731521900
1300	1857	0	0	0	0	0	0	1657731522920
1300	1857	0	0	0	0	0	0	1657731523940
1300	1857	0	0	0	0	0	0	1657731524960
1300	1857	0	0	0	0	0	0	1657731525980
1300	1857	0	0	0	0	0	0	1657731527000
1300	1857	0	0	0	0	0	0	1657731528020
1300	1857	0	0	0	0	0	0	1657731529040
1300	1857	0	0	0	0	0	0	1657731530060
1300	1857	0	0	0	0	0	0	1657731531080
1300	1857	0	0	0	0	0	0	1657731532100
1300	1857	0	0	0	0	0	0	1657731533120
1300	1857	0	0	0	0	0	0	1657731534140
1300	1857	0	0	0	0	0	0	1657731535160
1300	1857	0	0	0	0	0	0	1657731536180
1300	1857	0	0	0	0	0	0	1657731537200
1300	1857	0	0	0	0	0	0	1657731538220
1300	1856	0	0	0	0	0	0	1657731539240
1300	1856	0	0	0	0	0	0	1657731540260
1300	1856	0	0	0	0	0	0	1657731541280
1300	1855	0	0	0	0	0	0	1657731542300
1300	1853	0	0	0	0	0	0	1657731543320
1300	1853	0	0	0	0	0	0	1657731544340
1300	1852	0	0	0	0	0	0	1657731545360
1300	1851	0	0	0	0	0	0	1657731546380
1300	1848	0	0	0	0	0	0	1657731547400
1300	1846	0	0	0	0	0	0	1657731548420
1300	1845	0	0	0	0	0	0	1657731549440
1300	1844	0	0	0	0	0	0	1657731550460
1300	1843	0	0	0	0	0	0	1657731551480
1301	1841	0	0	0	0	0	0	1657731552500
1302	1839	0	0	0	0	0	0	1657731553520
1302	1837	0	0	0	0	0	0	1657731554540
1301	1836	0	0	0	0	0	0	1657731555560
1301	1835	0	0	0	0	0	0	1657731556580
1302	1835	0	0	0	0	0	0	1657731557600
1301	1833	0	0	0	0	0	0	1657731558620
1302	1831	0	0	0	0	0	0	1657731559640
1301	1830	0	0	0	0	0	0	1657731560660
1300	1829	0	0	0	0	0	0	1657731561680
1300	1829	0	0	0	0	0	0	1657731562700
1300	1829	0	0	0	0	0	0	1657731563720
1301	1829	0	0	0	0	0	0	1657731564740
1302	1829	0	0	0	0	0	0	1657731565760
1302	1829	0	0	0	0	0	0	1657731566780
1302	1829	0	0	0	0	0	0	1657731567800
1301	1829	0	0	0	0	0	0	1657731568820
1302	1829	0	0	0	0	0	0	1657731569840
1302	1829	0	0	0	0	0	0	1657731570860
1302	1829	0	0	0	0	0	0	1657731571880
1302	1829	0	0	0	0	0	0	1657731572900
1302	1829	0	0	0	0	0	0	1657731573920
1302	1829	0	0	0	0	0	0	1657731574940
1303	1829	0	0	0	0	0	0	1657731575960
1302	1829	0	0	0	0	0	0	1657731576980
1302	1829	0	0	0	0	0	0	1657731578000
1302	1829	0	0	0	0	0	0	1657731579020
1302	1829	0	0	0	0	0	0	1657731580040
1302	1829	0	0	0	0	0	0	1657731581060
1302	1829	0	0	0	0	0	0	1657731582080
1302	1829	0	0	0	0	0	0	1657731583100
1302	1829	0	0	0	0	0	0	1657731584120
1302	1829	0	0	0	0	0	0	1657731585140
1302	1829	0	0	0	0	0	0	1657731586160
1302	1829	0	0	0	0	0	0	1657731587180
1302	1829	0	0	0	0	0	0	1657731588200
1303	1829	0	0	0	0	0	0	1657731589220
1302	1829	0	0	0	0	0	0	1657731590240
1302	1829	0	0	0	0	0	0	1657731591260
1302	1829	0	0	0	0	0	0	1657731592280
1302	1829	0	0	0	0	0	0	1657731593300
1302	1829	0	0	0	0	0	0	1657731594320
1302	1829	0	0	0	0	0	0	1657731595340
1302	1829	0	0	0	0	0	0	1657731596360
1302	1829	0	0	0	0	0	0	1657731597380
1301	1829	0	0	0	0	0	0	1657731598400
1301	1829	0	0	0	0	0	0	1657731599420
1301	1829	0	0	0	0	0	0	1657731600440
1301	1829	0	0	0	0	0	0	1657731601460
1301	1829	0	0	0	0	0	0	1657731602480
1301	1829	0	0	0	0	0	0	1657731603500
1301	1829	0	0	0	0	0	0	1657731604520
1301	1829	0	0	0	0	0	0	1657731605540
1301	1829	0	0	0	0	0	0	1657731606560
1301	1829	0	0	0	0	0	0	1657731607580
1301	1829	0	0	0	0	0	0	1657731608600
1301	1829	0	0	0	0	0	0	1657731609620
1301	1829	0	0	0	0	0	0	1657731610640
1301	1829	0	0	0	0	0	0	1657731611660
1301	1829	0	0	0	0	0	0	1657731612680
1301	1829	0	0	0	0	0	0	1657731613700
1301	1829	0	0	0	0	0	0	1657731614720
1301	1829	0	0	0	0	0	0	1657731615740
1301	1829	0	0	0	0	0	0	1657731616760
1301	1829	0	0	0	0	0	0	1657731617780
1301	1829	0	0	0	0	0	0	1657731618800
1301	1829	0	0	0	0	0	0	1657731619820
1301	1829	0	0	0	0	0	0	1657731620840
1301	1829	0	0	0	0	0	0	1657731621860
1301	1829	0	0	0	0	0	0	1657731622880
1301	1829	0	0	0	0	0	0	1657731623900
1301	1829	0	0	0	0	0	0	1657731624920
1301	1829	0	0	0	0	0	0	1657731625940
1301	1829	0	0	0	0	0	0	1657731626960
1301	1829	0	0	0	0	0	0	1657731627980
1301	1829	0	0	0	0	0	0	1657731629000
1301	1829	0	0	0	0	0	0	1657731630020
1301	1829	0	0	0	0	0	0	1657731631040
1300	1829	0	0	0	0	0	0	1657731632060
1300	1829	0	0	0	0	0	0	1657731633080
1300	1829	0	0	0	0	0	0	1657731634100
1300	1829	0	0	0	0	0	0	1657731635120
1300	1829	0	0	0	0	0	0	1657731636140
1301	1829	0	0	0	0	0	0	1657731637160
1301	1829	0	0	0	0	0	0	1657731638180
1301	1829	0	0	0	0	0	0	1657731639200
1301	1829	0	0	0	0	0	0	1657731640220
1301	1829	0	0	0	0	0	0	1657731641240
1301	1829	0	0	0	0	0	0	1657731642260
1301	1829	0	0	0	0	0	0	1657731643280
1301	1829	0	0	0	0	0	0	1657731644300
1300	1828	0	0	0	0	0	0	1657731645320
1300	1829	0	0	0	0	0	0	1657731646340
1300	1828	0	0	0	0	0	0	1657731647360
1301	1827	0	0	0	0	0	0	1657731648380
1301	1827	0	0	0	0	0	0	1657731649400
1300	1826	0	0	0	0	0	0	1657731650420
1300	1826	0	0	0	0	0	0	1657731651440
1300	1824	0	0	0	0	0	0	1657731652460
1300	1822	0	0	0	0	0	0	1657731653480
1300	1820	0	0	0	0	0	0	1657731654500
1300	1819	0	0	0	0	0	0	1657731655520
1300	1819	0	0	0	0	0	0	1657731656540
1300	1818	0	0	0	0	0	0	1657731657560
1300	1817	0	0	0	0	0	0	1657731658580
1300	1813	0	0	0	0	0	0	1657731659600
1300	1811	0	0	0	0	0	0	1657731660620
1300	1811	0	0	0	0	0	0	1657731661640
1300	1810	0	0	0	0	0	0	1657731662660
1300	1809	0	0	0	0	0	0	1657731663680
1300	1808	0	0	0	0	0	0	1657731664700
1300	1806	0	0	0	0	0	0	1657731665720
1300	1804	0	0	0	0	0	0	1657731666740
1300	1803	0	0	0	0	0	0	1657731667760
1300	1803	0	0	0	0	0	0	1657731668780
1300	1802	0	0	0	0	0	0	1657731669800
1300	1802	0	0	0	0	0	0	1657731670820
1300	1802	0	0	0	0	0	0	1657731671840
1300	1802	0	0	0	0	0	0	1657731672860
1300	1802	0	0	0	0	0	0	1657731673880
1300	1802	0	0	0	0	0	0	1657731674900
1300	1802	0	0	0	0	0	0	1657731675920
1300	1802	0	0	0	0	0	0	1657731676940
1300	1802	0	0	0	0	0	0	1657731677960
1301	1802	0	0	0	0	0	0	1657731678980
1301	1802	0	0	0	0	0	0	1657731680000
1301	1802	0	0	0	0	0	0	1657731681020
1301	1802	0	0	0	0	0	0	1657731682040
1301	1802	0	0	0	0	0	0	1657731683060
1301	1801	0	0	0	0	0	0	1657731684080
1301	1801	0	0	0	0	0	0	1657731685100
1301	1801	0	0	0	0	0	0	1657731686120
1300	1801	0	0	0	0	0	0	1657731687140
1300	1801	0	0	0	0	0	0	1657731688160
1300	1801	0	0	0	0	0	0	1657731689180
1300	1801	0	0	0	0	0	0	1657731690200
1300	1801	0	0	0	0	0	0	1657731691220
1300	1801	0	0	0	0	0	0	1657731692240
1300	1801	0	0	0	0	0	0	1657731693260
1300	1801	0	0	0	0	0	0	1657731694280
1300	1801	0	0	0	0	0	0	1657731695300
1300	1801	0	0	0	0	0	0	1657731696320
1300	1801	0	0	0	0	0	0	1657731697340
1300	1801	0	0	0	0	0	0	1657731698360
1300	1801	0	0	0	0	0	0	1657731699380
1300	1801	0	0	0	0	0	0	1657731700400
1300	1801	0	0	0	0	0	0	1657731701420
1301	1801	0	0	0	0	0	0	1657731702440
1301	1801	0	0	0	0	0	0	1657731703460
1301	1801	0	0	0	0	0	0	1657731704480
1301	1801	0	0	0	0	0	0	1657731705500
1301	1801	0	0	0	0	0	0	1657731706520
1301	1801	0	0	0	0	0	0	1657731707540
1301	1801	0	0	0	0	0	0	1657731708560
1301	1801	0	0	0	0	0	0	1657731709580
1301	1801	0	0	0	0	0	0	1657731710600
1301	1801	0	0	0	0	0	0	1657731711620
1301	1801	0	0	0	0	0	0	1657731712640
1301	1801	0	0	0	0	0	0	1657731713660
1301	1801	0	0	0	0	0	0	1657731714680
1301	1801	0	0	0	0	0	0	1657731715700
1301	1801	0	0	0	0	0	0	1657731716720
1301	1801	0	0	0	0	0	0	1657731717740
1301	1801	0	0	0	0	0	0	1657731718760
1301	1801	0	0	0	0	0	0	1657731719780
1301	1801	0	0	0	0	0	0	1657731720800
1301	1801	0	0	0	0	0	0	1657731721820
1301	1801	0	0	0	0	0	0	1657731722840
1301	1801	0	0	0	0	0	0	1657731723860
1301	1801	0	0	0	0	0	0	1657731724880
1301	1801	0	0	0	0	0	0	1657731725900
1301	1801	0	0	0	0	0	0	1657731726920
1301	1801	0	0	0	0	0	0	1657731727940
1300	1801	0	0	0	0	0	0	1657731728960
1300	1801	0	0	0	0	0	0	1657731729980
1300	1801	0	0	0	0	0	0	1657731731000
1300	1801	0	0	0	0	0	0	1657731732020
1300	1801	0	0	0	0	0	0	1657731733040
1300	1801	0	0	0	0	0	0	1657731734060
1300	1801	0	0	0	0	0	0	1657731735080
1300	1801	0	0	0	0	0	0	1657731736100
1300	1801	0	0	0	0	0	0	1657731737120
1300	1801	0	0	0	0	0	0	1657731738140
1300	1801	0	0	0	0	0	0	1657731739160
1300	1801	0	0	0	0	0	0	1657731740180
1300	1801	0	0	0	0	0	0	1657731741200
1300	1801	0	0	0	0	0	0	1657731742220
1300	1801	0	0	0	0	0	0	1657731743240
1300	1801	0	0	0	0	0	0	1657731744260
1300	1801	0	0	0	0	0	0	1657731745280
1300	1801	0	0	0	0	0	0	1657731746300
1300	1801	0	0	0	0	0	0	1657731747320
1300	1801	0	0	0	0	0	0	1657731748340
1300	1801	0	0	0	0	0	0	1657731749360
1300	1801	0	0	0	0	0	0	1657731750380
1300	1801	0	0	0	0	0	0	1657731751400
1300	1801	0	0	0	0	0	0	1657731752420
1300	1801	0	0	0	0	0	0	1657731753440
1300	1801	0	0	0	0	0	0	1657731754460
1300	1801	0	0	0	0	0	0	1657731755480
1300	1801	0	0	0	0	0	0	1657731756500
1300	1801	0	0	0	0	0	0	1657731757520
1300	1801	0	0	0	0	0	0	1657731758540
1300	1801	0	0	0	0	0	0	1657731759560
1300	1800	0	0	0	0	0	0	1657731760580
1300	1800	0	0	0	0	0	0	1657731761600
1300	1800	0	0	0	0	0	0	1657731762620
1300	1800	0	0	0	0	0	0	1657731763640
1300	1800	0	0	0	0	0	0	1657731764660
1300	1800	0	0	0	0	0	0	1657731765680
1300	1800	0	0	0	0	0	0	1657731766700
1300	1800	0	0	0	0	0	0	1657731767720
1300	1800	0	0	0	0	0	0	1657731768740
1300	1800	0	0	0	0	0	0	1657731769760
1300	1800	0	0	0	0	0	0	1657731770780
1300	1800	0	0	0	0	0	0	1657731771800
1300	1800	0	0	0	0	0	0	1657731772820
1300	1800	0	0	0	0	0	0	1657731773840
1300	1800	0	0	0	0	0	0	1657731774860
1300	1800	0	0	0	0	0	0	1657731775880
1300	1800	0	0	0	0	0	0	1657731776900
1300	1800	0	0	0	0	0	0	1657731777920
1300	1800	0	0	0	0	0	0	1657731778940
1300	1799	0	0	0	0	0	0	1657731779960
1300	1799	0	0	0	0	0	0	1657731780980
1300	1798	0	0	0	0	0	0	1657731782000
1300	1796	0	0	0	0	0	0	1657731783020
1300	1792	0	0	0	0	0	0	1657731784040
1300	1793	0	0	0	0	0	0	1657731785060
1300	1791	0	0	0	0	0	0	1657731786080
1300	1789	0	0	0	0	0	0	1657731787100
1300	1787	0	0	0	0	0	0	1657731788120
1300	1786	0	0	0	0	0	0	1657731789140
1300	1786	0	0	0	0	0	0	1657731790160
1300	1785	0	0	0	0	0	0	1657731791180
1301	1784	0	0	0	0	0	0	1657731792200
1301	1781	0	0	0	0	0	0	1657731793220
1301	1780	0	0	0	0	0	0	1657731794240
1301	1779	0	0	0	0	0	0	1657731795260
1301	1778	0	0	0	0	0	0	1657731796280
1301	1776	0	0	0	0	0	0	1657731797300
1301	1775	0	0	0	0	0	0	1657731798320
1301	1775	0	0	0	0	0	0	1657731799340
1301	1774	0	0	0	0	0	0	1657731800360
1301	1775	0	0	0	0	0	0	1657731801380
1301	1775	0	0	0	0	0	0	1657731802400
1301	1774	0	0	0	0	0	0	1657731803420
1300	1774	0	0	0	0	0	0	1657731804440
1300	1774	0	0	0	0	0	0	1657731805460
1300	1774	0	0	0	0	0	0	1657731806480
1300	1774	0	0	0	0	0	0	1657731807500
1300	1774	0	0	0	0	0	0	1657731808520
1300	1774	0	0	0	0	0	0	1657731809540
1300	1774	0	0	0	0	0	0	1657731810560
1300	1773	0	0	0	0	0	0	1657731811580
1300	1773	0	0	0	0	0	0	1657731812600
1300	1773	0	0	0	0	0	0	1657731813620
1300	1773	0	0	0	0	0	0	1657731814640
1300	1773	0	0	0	0	0	0	1657731815660
1300	1773	0	0	0	0	0	0	1657731816680
1300	1773	0	0	0	0	0	0	1657731817700
1300	1773	0	0	0	0	0	0	1657731818720
1300	1773	0	0	0	0	0	0	1657731819740
1300	1773	0	0	0	0	0	0	1657731820760
1300	1773	0	0	0	0	0	0	1657731821780
1300	1773	0	0	0	0	0	0	1657731822800
1300	1773	0	0	0	0	0	0	1657731823820
1300	1773	0	0	0	0	0	0	1657731824840
1300	1773	0	0	0	0	0	0	1657731825860
1300	1773	0	0	0	0	0	0	1657731826880
1300	1773	0	0	0	0	0	0	1657731827900
1300	1773	0	0	0	0	0	0	1657731828920
1300	1773	0	0	0	0	0	0	1657731829940
1300	1773	0	0	0	0	0	0	1657731830960
1300	1773	0	0	0	0	0	0	1657731831980
1300	1773	0	0	0	0	0	0	1657731833000
1300	1773	0	0	0	0	0	0	1657731834020
1300	1773	0	0	0	0	0	0	1657731835040
1300	1773	0	0	0	0	0	0	1657731836060
1300	1773	0	0	0	0	0	0	1657731837080
1300	1773	0	0	0	0	0	0	1657731838100
1300	1773	0	0	0	0	0	0	1657731839120
1300	1773	0	0	0	0	0	0	1657731840140
1300	1773	0	0	0	0	0	0	1657731841160
1300	1773	0	0	0	0	0	0	1657731842180
1300	1773	0	0	0	0	0	0	1657731843200
1300	1773	0	0	0	0	0	0	1657731844220
1300	1773	0	0	0	0	0	0	1657731845240
1300	1773	0	0	0	0	0	0	1657731846260
1300	1773	0	0	0	0	0	0	1657731847280
1300	1773	0	0	0	0	0	0	1657731848300
1300	1773	0	0	0	0	0	0	1657731849320
1300	1773	0	0	0	0	0	0	1657731850340
1300	1773	0	0	0	0	0	0	1657731851360
1300	1773	0	0	0	0	0	0	1657731852380
1300	1773	0	0	0	0	0	0	1657731853400
1300	1773	0	0	0	0	0	0	1657731854420
1300	1773	0	0	0	0	0	0	1657731855440
1300	1773	0	0	0	0	0	0	1657731856460
1300	1773	0	0	0	0	0	0	1657731857480
1300	1773	0	0	0	0	0	0	1657731858500
1300	1773	0	0	0	0	0	0	1657731859520
1300	1773	0	0	0	0	0	0	1657731860540
1300	1773	0	0	0	0	0	0	1657731861560
1300	1773	0	0	0	0	0	0	1657731862580
1300	1773	0	0	0	0	0	0	1657731863600
1300	1773	0	0	0	0	0	0	1657731864620
1300	1773	0	0	0	0	0	0	1657731865640
1300	1773	0	0	0	0	0	0	1657731866660
1300	1773	0	0	0	0	0	0	1657731867680
1300	1773	0	0	0	0	0	0	1657731868700
1300	1773	0	0	0	0	0	0	1657731869720
1300	1773	0	0	0	0	0	0	1657731870740
1300	1773	0	0	0	0	0	0	1657731871760
1300	1773	0	0	0	0	0	0	1657731872780
1300	1773	0	0	0	0	0	0	1657731873800
1300	1773	0	0	0	0	0	0	1657731874820
1300	1773	0	0	0	0	0	0	1657731875840
1300	1773	0	0	0	0	0	0	1657731876860
1300	1773	0	0	0	0	0	0	1657731877880
1300	1773	0	0	0	0	0	0	1657731878900
1300	1773	0	0	0	0	0	0	1657731879920
1300	1773	0	0	0	0	0	0	1657731880940
1300	1773	0	0	0	0	0	0	1657731881960
1300	1773	0	0	0	0	0	0	1657731882980
1300	1773	0	0	0	0	0	0	1657731884000
1300	1773	0	0	0	0	0	0	1657731885020
1300	1773	0	0	0	0	0	0	1657731886040
1300	1773	0	0	0	0	0	0	1657731887060
1300	1773	0	0	0	0	0	0	1657731888080
1300	1773	0	0	0	0	0	0	1657731889100
1300	1773	0	0	0	0	0	0	1657731890120
1300	1773	0	0	0	0	0	0	1657731891140
1300	1773	0	0	0	0	0	0	1657731892160
1300	1773	0	0	0	0	0	0	1657731893180
1300	1773	0	0	0	0	0	0	1657731894200
1300	1773	0	0	0	0	0	0	1657731895220
1300	1773	0	0	0	0	0	0	1657731896240
1300	1773	0	0	0	0	0	0	1657731897260
1301	1773	0	0	0	0	0	0	1657731898280
1301	1773	0	0	0	0	0	0	1657731899300
1301	1773	0	0	0	0	0	0	1657731900320
1301	1773	0	0	0	0	0	0	1657731901340
1301	1773	0	0	0	0	0	0	1657731902360
1301	1773	0	0	0	0	0	0	1657731903380
1301	1773	0	0	0	0	0	0	1657731904400
1301	1773	0	0	0	0	0	0	1657731905420
1301	1773	0	0	0	0	0	0	1657731906440
1301	1773	0	0	0	0	0	0	1657731907460
1301	1773	0	0	0	0	0	0	1657731908480
1301	1773	0	0	0	0	0	0	1657731909500
1301	1773	0	0	0	0	0	0	1657731910520
1301	1773	0	0	0	0	0	0	1657731911540
1301	1773	0	0	0	0	0	0	1657731912560
1301	1773	0	0	0	0	0	0	1657731913580
1301	1773	0	0	0	0	0	0	1657731914600
1301	1773	0	0	0	0	0	0	1657731915620
1301	1773	0	0	0	0	0	0	1657731916640
1301	1773	0	0	0	0	0	0	1657731917660
1301	1773	0	0	0	0	0	0	1657731918680
1301	1773	0	0	0	0	0	0	1657731919700
1301	1773	0	0	0	0	0	0	1657731920720
1301	1773	0	0	0	0	0	0	1657731921740
1301	1773	0	0	0	0	0	0	1657731922760
1301	1773	0	0	0	0	0	0	1657731923780
1301	1773	0	0	0	0	0	0	1657731924800
1301	1773	0	0	0	0	0	0	1657731925820
1301	1773	0	0	0	0	0	0	1657731926840
1301	1773	0	0	0	0	0	0	1657731927860
1301	1773	0	0	0	0	0	0	1657731928880
1301	1773	0	0	0	0	0	0	1657731929900
1301	1773	0	0	0	0	0	0	1657731930920
1301	1773	0	0	0	0	0	0	1657731931940
1301	1772	0	0	0	0	0	0	1657731932960
1301	1772	0	0	0	0	0	0	1657731933980
1301	1772	0	0	0	0	0	0	1657731935000
1301	1772	0	0	0	0	0	0	1657731936020
1301	1770	0	0	0	0	0	0	1657731937040
1301	1770	0	0	0	0	0	0	1657731938060
1301	1768	0	0	0	0	0	0	1657731939080
1301	1767	0	0	0	0	0	0	1657731940100
1301	1766	0	0	0	0	0	0	1657731941120
1301	1764	0	0	0	0	0	0	1657731942140
1301	1762	0	0	0	0	0	0	1657731943160
1301	1763	0	0	0	0	0	0	1657731944180
1301	1762	0	0	0	0	0	0	1657731945200
1302	1762	0	0	0	0	0	0	1657731946220
1301	1762	0	0	0	0	0	0	1657731947240
1301	1761	0	0	0	0	0	0	1657731948260
1301	1759	0	0	0	0	0	0	1657731949280
1301	1757	0	0	0	0	0	0	1657731950300
1301	1757	0	0	0	0	0	0	1657731951320
1301	1755	0	0	0	0	0	0	1657731952340
1302	1754	0	0	0	0	0	0	1657731953360
1301	1753	0	0	0	0	0	0	1657731954380
1301	1752	0	0	0	0	0	0	1657731955400
1301	1752	0	0	0	0	0	0	1657731956420
1302	1751	0	0	0	0	0	0	1657731957440
1301	1751	0	0	0	0	0	0	1657731958460
1301	1750	0	0	0	0	0	0	1657731959480
1301	1749	0	0	0	0	0	0	1657731960500
1301	1749	0	0	0	0	0	0	1657731961520
1301	1748	0	0	0	0	0	0	1657731962540
1301	1748	0	0	0	0	0	0	1657731963560
1301	1747	0	0	0	0	0	0	1657731964580
1301	1746	0	0	0	0	0	0	1657731965600
1301	1746	0	0	0	0	0	0	1657731966620
1301	1745	0	0	0	0	0	0	1657731967640
1301	1745	0	0	0	0	0	0	1657731968660
1301	1745	0	0	0	0	0	0	1657731969680
1301	1745	0	0	0	0	0	0	1657731970700
1301	1745	0	0	0	0	0	0	1657731971720
1301	1745	0	0	0	0	0	0	1657731972740
1301	1745	0	0	0	0	0	0	1657731973760
1301	1745	0	0	0	0	0	0	1657731974780
1301	1745	0	0	0	0	0	0	1657731975800
1302	1745	0	0	0	0	0	0	1657731976820
1301	1745	0	0	0	0	0	0	1657731977840
1301	1745	0	0	0	0	0	0	1657731978860
1301	1745	0	0	0	0	0	0	1657731979880
1301	1745	0	0	0	0	0	0	1657731980900
1301	1745	0	0	0	0	0	0	1657731981920
1301	1745	0	0	0	0	0	0	1657731982940
1301	1745	0	0	0	0	0	0	1657731983960
1300	1745	0	0	0	0	0	0	1657731984980
1300	1745	0	0	0	0	0	0	1657731986000
1300	1745	0	0	0	0	0	0	1657731987020
1300	1745	0	0	0	0	0	0	1657731988040
1300	1745	0	0	0	0	0	0	1657731989060
1300	1745	0	0	0	0	0	0	1657731990080
1300	1745	0	0	0	0	0	0	1657731991100
1300	1745	0	0	0	0	0	0	1657731992120
1300	1745	0	0	0	0	0	0	1657731993140
1300	1745	0	0	0	0	0	0	1657731994160
1300	1745	0	0	0	0	0	0	1657731995180
1300	1745	0	0	0	0	0	0	1657731996200
1300	1745	0	0	0	0	0	0	1657731997220
1300	1745	0	0	0	0	0	0	1657731998240
1300	1745	0	0	0	0	0	0	1657731999260
1300	1745	0	0	0	0	0	0	1657732000280
1300	1745	0	0	0	0	0	0	1657732001300
1300	1745	0	0	0	0	0	0	1657732002320
1300	1745	0	0	0	0	0	0	1657732003340
1300	1745	0	0	0	0	0	0	1657732004360
1300	1745	0	0	0	0	0	0	1657732005380
1300	1745	0	0	0	0	0	0	1657732006400
1300	1745	0	0	0	0	0	0	1657732007420
1300	1745	0	0	0	0	0	0	1657732008440
1300	1745	0	0	0	0	0	0	1657732009460
1300	1745	0	0	0	0	0	0	1657732010480
1300	1745	0	0	0	0	0	0	1657732011500
1300	1745	0	0	0	0	0	0	1657732012520
1300	1745	0	0	0	0	0	0	1657732013540
1300	1745	0	0	0	0	0	0	1657732014560
1300	1745	0	0	0	0	0	0	1657732015580
1300	1745	0	0	0	0	0	0	1657732016600
1300	1745	0	0	0	0	0	0	1657732017620
1300	1745	0	0	0	0	0	0	1657732018640
1300	1745	0	0	0	0	0	0	1657732019660
1300	1745	0	0	0	0	0	0	1657732020680
1300	1745	0	0	0	0	0	0	1657732021700
1300	1745	0	0	0	0	0	0	1657732022720
1300	1745	0	0	0	0	0	0	1657732023740
1300	1745	0	0	0	0	0	0	1657732024760
1300	1745	0	0	0	0	0	0	1657732025780
1300	1745	0	0	0	0	0	0	1657732026800
1300	1745	0	0	0	0	0	0	1657732027820
1300	1745	0	0	0	0	0	0	1657732028840
1300	1745	0	0	0	0	0	0	1657732029860
1300	1745	0	0	0	0	0	0	1657732030880
1300	1745	0	0	0	0	0	0	1657732031900
1300	1745	0	0	0	0	0	0	1657732032920
1300	1745	0	0	0	0	0	0	1657732033940
1300	1745	0	0	0	0	0	0	1657732034960
1300	1745	0	0	0	0	0	0	1657732035980
1300	1745	0	0	0	0	0	0	1657732037000
1300	1745	0	0	0	0	0	0	1657732038020
1300	1745	0	0	0	0	0	0	1657732039040
1300	1745	0	0	0	0	0	0	1657732040060
1300	1745	0	0	0	0	0	0	1657732041080
1300	1745	0	0	0	0	0	0	1657732042100
1300	1745	0	0	0	0	0	0	1657732043120
1300	1745	0	0	0	0	0	0	1657732044140
1300	1745	0	0	0	0	0	0	1657732045160
1301	1745	0	0	0	0	0	0	1657732046180
1301	1745	0	0	0	0	0	0	1657732047200
1302	1745	0	0	0	0	0	0	1657732048220
1301	1745	0	0	0	0	0	0	1657732049240
1301	1745	0	0	0	0	0	0	1657732050260
1301	1745	0	0	0	0	0	0	1657732051280
1301	1745	0	0	0	0	0	0	1657732052300
1301	1745	0	0	0	0	0	0	1657732053320
1301	1745	0	0	0	0	0	0	1657732054340
1301	1745	0	0	0	0	0	0	1657732055360
1301	1745	0	0	0	0	0	0	1657732056380
1301	1745	0	0	0	0	0	0	1657732057400
1301	1745	0	0	0	0	0	0	1657732058420
1301	1745	0	0	0	0	0	0	1657732059440
1301	1745	0	0	0	0	0	0	1657732060460
1301	1745	0	0	0	0	0	0	1657732061480
1301	1745	0	0	0	0	0	0	1657732062500
1301	1745	0	0	0	0	0	0	1657732063520
1301	1745	0	0	0	0	0	0	1657732064540
1301	1745	0	0	0	0	0	0	1657732065560
1301	1745	0	0	0	0	0	0	1657732066580
1301	1745	0	0	0	0	0	0	1657732067600
1301	1745	0	0	0	0	0	0	1657732068620
1301	1745	0	0	0	0	0	0	1657732069640
1301	1745	0	0	0	0	0	0	1657732070660
1300	1745	0	0	0	0	0	0	1657732071680
1300	1745	0	0	0	0	0	0	1657732072700
1300	1745	0	0	0	0	0	0	1657732073720
1300	1745	0	0	0	0	0	0	1657732074740
1300	1745	0	0	0	0	0	0	1657732075760
1300	1745	0	0	0	0	0	0	1657732076780
1300	1745	0	0	0	0	0	0	1657732077800
1300	1745	0	0	0	0	0	0	1657732078820
1300	1745	0	0	0	0	0	0	1657732079840
1300	1745	0	0	0	0	0	0	1657732080860
1300	1745	0	0	0	0	0	0	1657732081880
1300	1745	0	0	0	0	0	0	1657732082900
1300	1745	0	0	0	0	0	0	1657732083920
1300	1745	0	0	0	0	0	0	1657732084940
1300	1745	0	0	0	0	0	0	1657732085960
1300	1745	0	0	0	0	0	0	1657732086980
1300	1745	0	0	0	0	0	0	1657732088000
1300	1745	0	0	0	0	0	0	1657732089020
1300	1745	0	0	0	0	0	0	1657732090040
1301	1745	0	0	0	0	0	0	1657732091060
1301	1745	0	0	0	0	0	0	1657732092080
1301	1745	0	0	0	0	0	0	1657732093100
1302	1745	0	0	0	0	0	0	1657732094120
1302	1745	0	0	0	0	0	0	1657732095140
1302	1745	0	0	0	0	0	0	1657732096160
1302	1745	0	0	0	0	0	0	1657732097180
1302	1745	0	0	0	0	0	0	1657732098200
