1360	1763	0	0	0	0	0	0	1661192385784
1356	1756	0	0	0	0	0	0	1661192386804
1345	1751	0	0	0	0	0	0	1661192387824
1338	1743	0	0	0	0	0	0	1661192388844
1334	1733	0	0	0	0	0	0	1661192389864
1325	1726	0	0	0	0	0	0	1661192390884
1315	1722	0	0	0	0	0	0	1661192391904
1309	1720	0	0	0	0	0	0	1661192392924
1305	1718	0	0	0	0	0	0	1661192393944
1300	1717	0	0	0	0	0	0	1661192394964
1289	1717	0	0	0	0	0	0	1661192395984
1282	1716	0	0	0	0	0	0	1661192397004
1278	1716	0	0	0	0	0	0	1661192398024
1276	1716	0	0	0	0	0	0	1661192399044
1275	1716	0	0	0	0	0	0	1661192400064
1274	1716	0	0	0	0	0	0	1661192401084
1271	1716	0	0	0	0	0	0	1661192402104
1262	1716	0	0	0	0	0	0	1661192403124
1255	1715	0	0	0	0	0	0	1661192404144
1251	1715	0	0	0	0	0	0	1661192405164
1248	1715	0	0	0	0	0	0	1661192406184
1247	1715	0	0	0	0	0	0	1661192407204
1246	1715	0	0	0	0	0	0	1661192408224
1245	1714	0	0	0	0	0	0	1661192409244
1245	1714	0	0	0	0	0	0	1661192410264
1244	1713	0	0	0	0	0	0	1661192411284
1239	1712	0	0	0	0	0	0	1661192412304
1231	1709	0	0	0	0	0	0	1661192413324
1225	1706	0	0	0	0	0	0	1661192414344
1222	1701	0	0	0	0	0	0	1661192415364
1220	1700	0	0	0	0	0	0	1661192416384
1219	1698	0	0	0	0	0	0	1661192417404
1218	1694	0	0	0	0	0	0	1661192418424
1217	1691	0	0	0	0	0	0	1661192419444
1217	1690	0	0	0	0	0	0	1661192420464
1217	1689	0	0	0	0	0	0	1661192421484
1217	1689	0	0	0	0	0	0	1661192422504
1215	1688	0	0	0	0	0	0	1661192423524
1212	1688	0	0	0	0	0	0	1661192424544
1204	1688	0	0	0	0	0	0	1661192425564
1198	1688	0	0	0	0	0	0	1661192426584
1194	1688	0	0	0	0	0	0	1661192427604
1192	1688	0	0	0	0	0	0	1661192428624
1191	1688	0	0	0	0	0	0	1661192429644
1190	1688	0	0	0	0	0	0	1661192430664
1189	1688	0	0	0	0	0	0	1661192431684
1189	1688	0	0	0	0	0	0	1661192432704
1189	1688	0	0	0	0	0	0	1661192433724
1189	1688	0	0	0	0	0	0	1661192434744
1189	1688	0	0	0	0	0	0	1661192435764
1189	1688	0	0	0	0	0	0	1661192436784
1189	1688	0	0	0	0	0	0	1661192437804
1189	1688	0	0	0	0	0	0	1661192438824
1189	1688	0	0	0	0	0	0	1661192439844
1188	1688	0	0	0	0	0	0	1661192440864
1187	1688	0	0	0	0	0	0	1661192441884
1186	1688	0	0	0	0	0	0	1661192442904
1181	1688	0	0	0	0	0	0	1661192443924
1176	1688	0	0	0	0	0	0	1661192444944
1171	1688	0	0	0	0	0	0	1661192445964
1168	1687	0	0	0	0	0	0	1661192446984
1166	1687	0	0	0	0	0	0	1661192448004
1164	1686	0	0	0	0	0	0	1661192449024
1163	1685	0	0	0	0	0	0	1661192450044
1162	1684	0	0	0	0	0	0	1661192451064
1162	1682	0	0	0	0	0	0	1661192452084
1162	1680	0	0	0	0	0	0	1661192453104
1161	1677	0	0	0	0	0	0	1661192454124
1161	1674	0	0	0	0	0	0	1661192455144
1161	1671	0	0	0	0	0	0	1661192456164
1161	1667	0	0	0	0	0	0	1661192457184
1161	1664	0	0	0	0	0	0	1661192458204
1161	1662	0	0	0	0	0	0	1661192459224
1161	1661	0	0	0	0	0	0	1661192460244
1161	1661	0	0	0	0	0	0	1661192461264
1161	1661	0	0	0	0	0	0	1661192462284
1161	1661	0	0	0	0	0	0	1661192463304
1161	1660	0	0	0	0	0	0	1661192464324
1161	1660	0	0	0	0	0	0	1661192465344
1161	1660	0	0	0	0	0	0	1661192466364
1161	1660	0	0	0	0	0	0	1661192467384
1161	1660	0	0	0	0	0	0	1661192468404
1161	1660	0	0	0	0	0	0	1661192469424
1161	1660	0	0	0	0	0	0	1661192470444
1161	1660	0	0	0	0	0	0	1661192471464
1161	1660	0	0	0	0	0	0	1661192472484
1161	1660	0	0	0	0	0	0	1661192473504
1161	1660	0	0	0	0	0	0	1661192474524
1161	1660	0	0	0	0	0	0	1661192475544
1161	1660	0	0	0	0	0	0	1661192476564
1161	1660	0	0	0	0	0	0	1661192477584
1161	1660	0	0	0	0	0	0	1661192478604
1161	1660	0	0	0	0	0	0	1661192479624
1160	1660	0	0	0	0	0	0	1661192480644
1159	1660	0	0	0	0	0	0	1661192481664
1156	1660	0	0	0	0	0	0	1661192482684
1152	1660	0	0	0	0	0	0	1661192483704
1151	1660	0	0	0	0	0	0	1661192484724
1147	1660	0	0	0	0	0	0	1661192485744
1144	1660	0	0	0	0	0	0	1661192486764
1141	1660	0	0	0	0	0	0	1661192487784
1138	1660	0	0	0	0	0	0	1661192488804
1137	1660	0	0	0	0	0	0	1661192489824
1136	1660	0	0	0	0	0	0	1661192490844
1135	1660	0	0	0	0	0	0	1661192491864
1134	1660	0	0	0	0	0	0	1661192492884
1134	1660	0	0	0	0	0	0	1661192493904
1134	1660	0	0	0	0	0	0	1661192494924
1134	1660	0	0	0	0	0	0	1661192495944
1134	1660	0	0	0	0	0	0	1661192496964
1134	1660	0	0	0	0	0	0	1661192497984
1134	1660	0	0	0	0	0	0	1661192499004
1134	1660	0	0	0	0	0	0	1661192500024
1134	1660	0	0	0	0	0	0	1661192501044
1134	1660	0	0	0	0	0	0	1661192502064
1134	1660	0	0	0	0	0	0	1661192503084
1134	1660	0	0	0	0	0	0	1661192504104
1134	1660	0	0	0	0	0	0	1661192505124
1134	1660	0	0	0	0	0	0	1661192506144
1134	1660	0	0	0	0	0	0	1661192507164
1134	1660	0	0	0	0	0	0	1661192508184
1134	1660	0	0	0	0	0	0	1661192509204
1134	1660	0	0	0	0	0	0	1661192510224
1134	1660	0	0	0	0	0	0	1661192511244
1134	1660	0	0	0	0	0	0	1661192512264
1134	1660	0	0	0	0	0	0	1661192513284
1134	1659	0	0	0	0	0	0	1661192514304
1134	1659	0	0	0	0	0	0	1661192515324
1134	1659	0	0	0	0	0	0	1661192516344
1134	1660	0	0	0	0	0	0	1661192517364
1134	1659	0	0	0	0	0	0	1661192518384
1134	1658	0	0	0	0	0	0	1661192519404
1134	1657	0	0	0	0	0	0	1661192520424
1134	1657	0	0	0	0	0	0	1661192521444
1134	1657	0	0	0	0	0	0	1661192522464
1134	1656	0	0	0	0	0	0	1661192523484
1134	1653	0	0	0	0	0	0	1661192524504
1134	1651	0	0	0	0	0	0	1661192525524
1134	1649	0	0	0	0	0	0	1661192526544
1134	1647	0	0	0	0	0	0	1661192527564
1134	1645	0	0	0	0	0	0	1661192528584
1133	1642	0	0	0	0	0	0	1661192529604
1133	1640	0	0	0	0	0	0	1661192530624
1133	1638	0	0	0	0	0	0	1661192531644
1133	1636	0	0	0	0	0	0	1661192532664
1133	1635	0	0	0	0	0	0	1661192533684
1133	1634	0	0	0	0	0	0	1661192534704
1133	1634	0	0	0	0	0	0	1661192535724
1133	1633	0	0	0	0	0	0	1661192536744
1133	1633	0	0	0	0	0	0	1661192537764
1133	1633	0	0	0	0	0	0	1661192538784
1133	1632	0	0	0	0	0	0	1661192539804
1133	1632	0	0	0	0	0	0	1661192540824
1133	1632	0	0	0	0	0	0	1661192541844
1133	1632	0	0	0	0	0	0	1661192542864
1133	1632	0	0	0	0	0	0	1661192543884
1133	1632	0	0	0	0	0	0	1661192544904
1133	1632	0	0	0	0	0	0	1661192545924
1133	1632	0	0	0	0	0	0	1661192546944
1133	1632	0	0	0	0	0	0	1661192547964
1133	1632	0	0	0	0	0	0	1661192548984
1133	1632	0	0	0	0	0	0	1661192550004
1133	1632	0	0	0	0	0	0	1661192551024
1133	1632	0	0	0	0	0	0	1661192552044
1133	1632	0	0	0	0	0	0	1661192553064
1133	1632	0	0	0	0	0	0	1661192554084
1133	1632	0	0	0	0	0	0	1661192555104
1133	1632	0	0	0	0	0	0	1661192556124
1131	1632	0	0	0	0	0	0	1661192557144
1132	1632	0	0	0	0	0	0	1661192558164
1132	1632	0	0	0	0	0	0	1661192559184
1132	1632	0	0	0	0	0	0	1661192560204
1132	1634	0	0	0	0	0	0	1661192561224
1132	1644	0	0	0	0	0	0	1661192562244
1133	1651	0	0	0	0	0	0	1661192563264
1133	1655	0	0	0	0	0	0	1661192564284
1133	1657	0	0	0	0	0	0	1661192565304
1133	1658	0	0	0	0	0	0	1661192566324
1133	1659	0	0	0	0	0	0	1661192567344
1133	1659	0	0	0	0	0	0	1661192568364
1133	1659	0	0	0	0	0	0	1661192569384
1133	1660	0	0	0	0	0	0	1661192570404
1133	1660	0	0	0	0	0	0	1661192571424
1133	1660	0	0	0	0	0	0	1661192572444
1132	1660	0	0	0	0	0	0	1661192573464
1131	1660	0	0	0	0	0	0	1661192574484
1132	1660	0	0	0	0	0	0	1661192575504
1131	1660	0	0	0	0	0	0	1661192576524
1130	1660	0	0	0	0	0	0	1661192577544
1128	1660	0	0	0	0	0	0	1661192578564
1127	1660	0	0	0	0	0	0	1661192579584
1125	1660	0	0	0	0	0	0	1661192580604
1122	1657	0	0	0	0	0	0	1661192581624
1121	1655	0	0	0	0	0	0	1661192582644
1119	1654	0	0	0	0	0	0	1661192583664
1118	1651	0	0	0	0	0	0	1661192584684
1117	1650	0	0	0	0	0	0	1661192585704
1115	1647	0	0	0	0	0	0	1661192586724
1115	1646	0	0	0	0	0	0	1661192587744
1113	1642	0	0	0	0	0	0	1661192588764
1115	1641	0	0	0	0	0	0	1661192589784
1116	1639	0	0	0	0	0	0	1661192590804
1115	1637	0	0	0	0	0	0	1661192591824
1112	1635	0	0	0	0	0	0	1661192592844
1110	1634	0	0	0	0	0	0	1661192593864
1108	1633	0	0	0	0	0	0	1661192594884
1107	1633	0	0	0	0	0	0	1661192595904
1107	1633	0	0	0	0	0	0	1661192596924
1106	1633	0	0	0	0	0	0	1661192597944
1106	1633	0	0	0	0	0	0	1661192598964
1107	1633	0	0	0	0	0	0	1661192599984
1107	1633	0	0	0	0	0	0	1661192601004
1107	1633	0	0	0	0	0	0	1661192602024
1107	1633	0	0	0	0	0	0	1661192603044
1107	1633	0	0	0	0	0	0	1661192604064
1107	1633	0	0	0	0	0	0	1661192605084
1106	1632	0	0	0	0	0	0	1661192606104
1106	1632	0	0	0	0	0	0	1661192607124
1106	1632	0	0	0	0	0	0	1661192608144
1106	1632	0	0	0	0	0	0	1661192609164
1106	1632	0	0	0	0	0	0	1661192610184
1106	1632	0	0	0	0	0	0	1661192611204
1106	1632	0	0	0	0	0	0	1661192612224
1106	1632	0	0	0	0	0	0	1661192613244
1106	1632	0	0	0	0	0	0	1661192614264
1106	1632	0	0	0	0	0	0	1661192615284
1106	1632	0	0	0	0	0	0	1661192616304
1106	1632	0	0	0	0	0	0	1661192617324
1106	1632	0	0	0	0	0	0	1661192618344
1106	1632	0	0	0	0	0	0	1661192619364
1106	1632	0	0	0	0	0	0	1661192620384
1106	1632	0	0	0	0	0	0	1661192621404
1106	1632	0	0	0	0	0	0	1661192622424
1106	1632	0	0	0	0	0	0	1661192623444
1106	1632	0	0	0	0	0	0	1661192624464
1106	1632	0	0	0	0	0	0	1661192625484
1106	1632	0	0	0	0	0	0	1661192626504
1106	1632	0	0	0	0	0	0	1661192627524
1106	1632	0	0	0	0	0	0	1661192628544
1106	1632	0	0	0	0	0	0	1661192629564
1106	1632	0	0	0	0	0	0	1661192630584
1106	1632	0	0	0	0	0	0	1661192631604
1106	1632	0	0	0	0	0	0	1661192632624
1106	1632	0	0	0	0	0	0	1661192633644
1106	1632	0	0	0	0	0	0	1661192634664
1106	1632	0	0	0	0	0	0	1661192635684
1106	1632	0	0	0	0	0	0	1661192636704
1106	1632	0	0	0	0	0	0	1661192637724
1106	1632	0	0	0	0	0	0	1661192638744
1106	1632	0	0	0	0	0	0	1661192639764
1106	1632	0	0	0	0	0	0	1661192640784
1106	1632	0	0	0	0	0	0	1661192641804
1106	1632	0	0	0	0	0	0	1661192642824
1106	1632	0	0	0	0	0	0	1661192643844
1106	1632	0	0	0	0	0	0	1661192644864
1106	1632	0	0	0	0	0	0	1661192645884
1106	1632	0	0	0	0	0	0	1661192646904
1106	1632	0	0	0	0	0	0	1661192647924
1106	1632	0	0	0	0	0	0	1661192648944
1106	1632	0	0	0	0	0	0	1661192649964
1106	1632	0	0	0	0	0	0	1661192650984
1106	1631	0	0	0	0	0	0	1661192652004
1106	1631	0	0	0	0	0	0	1661192653024
1106	1631	0	0	0	0	0	0	1661192654044
1106	1630	0	0	0	0	0	0	1661192655064
1106	1629	0	0	0	0	0	0	1661192656084
1106	1626	0	0	0	0	0	0	1661192657104
1106	1624	0	0	0	0	0	0	1661192658124
1106	1620	0	0	0	0	0	0	1661192659144
1106	1620	0	0	0	0	0	0	1661192660164
1106	1618	0	0	0	0	0	0	1661192661184
1106	1615	0	0	0	0	0	0	1661192662204
1106	1613	0	0	0	0	0	0	1661192663224
1106	1610	0	0	0	0	0	0	1661192664244
1106	1608	0	0	0	0	0	0	1661192665264
1106	1607	0	0	0	0	0	0	1661192666284
1106	1607	0	0	0	0	0	0	1661192667304
1106	1606	0	0	0	0	0	0	1661192668324
1106	1606	0	0	0	0	0	0	1661192669344
1106	1605	0	0	0	0	0	0	1661192670364
1106	1605	0	0	0	0	0	0	1661192671384
1106	1605	0	0	0	0	0	0	1661192672404
1106	1605	0	0	0	0	0	0	1661192673424
1106	1605	0	0	0	0	0	0	1661192674444
1106	1605	0	0	0	0	0	0	1661192675464
1106	1605	0	0	0	0	0	0	1661192676484
1106	1605	0	0	0	0	0	0	1661192677504
1106	1605	0	0	0	0	0	0	1661192678524
1106	1605	0	0	0	0	0	0	1661192679544
1106	1605	0	0	0	0	0	0	1661192680564
1106	1605	0	0	0	0	0	0	1661192681584
1106	1605	0	0	0	0	0	0	1661192682604
1106	1605	0	0	0	0	0	0	1661192683624
1106	1605	0	0	0	0	0	0	1661192684644
1106	1605	0	0	0	0	0	0	1661192685664
1106	1605	0	0	0	0	0	0	1661192686684
1106	1605	0	0	0	0	0	0	1661192687704
1106	1605	0	0	0	0	0	0	1661192688724
1106	1605	0	0	0	0	0	0	1661192689744
1106	1604	0	0	0	0	0	0	1661192690764
1106	1604	0	0	0	0	0	0	1661192691784
1106	1604	0	0	0	0	0	0	1661192692804
1106	1604	0	0	0	0	0	0	1661192693824
1106	1604	0	0	0	0	0	0	1661192694844
1106	1604	0	0	0	0	0	0	1661192695864
1106	1604	0	0	0	0	0	0	1661192696884
1106	1604	0	0	0	0	0	0	1661192697904
1106	1604	0	0	0	0	0	0	1661192698924
1106	1604	0	0	0	0	0	0	1661192699944
1106	1604	0	0	0	0	0	0	1661192700964
1106	1604	0	0	0	0	0	0	1661192701984
1106	1605	0	0	0	0	0	0	1661192703004
1106	1605	0	0	0	0	0	0	1661192704024
1106	1605	0	0	0	0	0	0	1661192705044
1106	1605	0	0	0	0	0	0	1661192706064
1105	1605	0	0	0	0	0	0	1661192707084
1105	1605	0	0	0	0	0	0	1661192708104
1105	1605	0	0	0	0	0	0	1661192709124
1105	1605	0	0	0	0	0	0	1661192710144
1105	1605	0	0	0	0	0	0	1661192711164
1105	1605	0	0	0	0	0	0	1661192712184
1105	1605	0	0	0	0	0	0	1661192713204
1105	1605	0	0	0	0	0	0	1661192714224
1105	1605	0	0	0	0	0	0	1661192715244
1105	1605	0	0	0	0	0	0	1661192716264
1105	1605	0	0	0	0	0	0	1661192717284
1105	1605	0	0	0	0	0	0	1661192718304
1105	1605	0	0	0	0	0	0	1661192719324
1105	1605	0	0	0	0	0	0	1661192720344
1105	1605	0	0	0	0	0	0	1661192721364
1105	1605	0	0	0	0	0	0	1661192722384
1105	1605	0	0	0	0	0	0	1661192723404
1105	1605	0	0	0	0	0	0	1661192724424
1105	1604	0	0	0	0	0	0	1661192725444
1105	1604	0	0	0	0	0	0	1661192726464
1105	1604	0	0	0	0	0	0	1661192727484
1105	1604	0	0	0	0	0	0	1661192728504
1105	1603	0	0	0	0	0	0	1661192729524
1105	1602	0	0	0	0	0	0	1661192730544
1105	1602	0	0	0	0	0	0	1661192731564
1105	1601	0	0	0	0	0	0	1661192732584
1105	1601	0	0	0	0	0	0	1661192733604
1105	1600	0	0	0	0	0	0	1661192734624
1105	1597	0	0	0	0	0	0	1661192735644
1105	1597	0	0	0	0	0	0	1661192736664
1105	1592	0	0	0	0	0	0	1661192737684
1105	1587	0	0	0	0	0	0	1661192738704
1105	1584	0	0	0	0	0	0	1661192739724
1105	1581	0	0	0	0	0	0	1661192740744
1105	1580	0	0	0	0	0	0	1661192741764
1105	1579	0	0	0	0	0	0	1661192742784
1105	1578	0	0	0	0	0	0	1661192743804
1105	1578	0	0	0	0	0	0	1661192744824
1105	1578	0	0	0	0	0	0	1661192745844
1105	1577	0	0	0	0	0	0	1661192746864
1105	1577	0	0	0	0	0	0	1661192747884
1105	1577	0	0	0	0	0	0	1661192748904
1105	1577	0	0	0	0	0	0	1661192749924
1105	1577	0	0	0	0	0	0	1661192750944
1105	1577	0	0	0	0	0	0	1661192751964
1105	1577	0	0	0	0	0	0	1661192752984
1105	1577	0	0	0	0	0	0	1661192754004
1105	1577	0	0	0	0	0	0	1661192755024
1105	1577	0	0	0	0	0	0	1661192756044
1105	1577	0	0	0	0	0	0	1661192757064
1105	1577	0	0	0	0	0	0	1661192758084
1105	1577	0	0	0	0	0	0	1661192759104
1105	1577	0	0	0	0	0	0	1661192760124
1105	1577	0	0	0	0	0	0	1661192761144
1105	1577	0	0	0	0	0	0	1661192762164
1105	1577	0	0	0	0	0	0	1661192763184
1105	1577	0	0	0	0	0	0	1661192764204
1105	1577	0	0	0	0	0	0	1661192765224
1105	1577	0	0	0	0	0	0	1661192766244
1105	1577	0	0	0	0	0	0	1661192767264
1105	1577	0	0	0	0	0	0	1661192768284
1105	1577	0	0	0	0	0	0	1661192769304
1105	1577	0	0	0	0	0	0	1661192770324
1105	1577	0	0	0	0	0	0	1661192771344
1105	1577	0	0	0	0	0	0	1661192772364
1105	1577	0	0	0	0	0	0	1661192773384
1105	1577	0	0	0	0	0	0	1661192774404
1105	1577	0	0	0	0	0	0	1661192775424
1105	1577	0	0	0	0	0	0	1661192776444
1105	1577	0	0	0	0	0	0	1661192777464
1105	1577	0	0	0	0	0	0	1661192778484
1105	1577	0	0	0	0	0	0	1661192779504
1105	1577	0	0	0	0	0	0	1661192780524
1105	1577	0	0	0	0	0	0	1661192781544
1105	1577	0	0	0	0	0	0	1661192782564
1104	1577	0	0	0	0	0	0	1661192783584
1103	1577	0	0	0	0	0	0	1661192784604
1104	1577	0	0	0	0	0	0	1661192785624
1103	1577	0	0	0	0	0	0	1661192786644
1103	1577	0	0	0	0	0	0	1661192787664
1102	1577	0	0	0	0	0	0	1661192788684
1100	1577	0	0	0	0	0	0	1661192789704
1101	1577	0	0	0	0	0	0	1661192790724
1101	1577	0	0	0	0	0	0	1661192791744
1097	1577	0	0	0	0	0	0	1661192792764
1095	1577	0	0	0	0	0	0	1661192793784
1093	1577	0	0	0	0	0	0	1661192794804
1091	1577	0	0	0	0	0	0	1661192795824
1088	1577	0	0	0	0	0	0	1661192796844
1086	1577	0	0	0	0	0	0	1661192797864
1085	1576	0	0	0	0	0	0	1661192798884
1083	1576	0	0	0	0	0	0	1661192799904
1081	1576	0	0	0	0	0	0	1661192800924
1080	1576	0	0	0	0	0	0	1661192801944
1079	1576	0	0	0	0	0	0	1661192802964
1079	1576	0	0	0	0	0	0	1661192803984
1078	1576	0	0	0	0	0	0	1661192805004
1078	1576	0	0	0	0	0	0	1661192806024
1078	1576	0	0	0	0	0	0	1661192807044
1078	1576	0	0	0	0	0	0	1661192808064
1078	1576	0	0	0	0	0	0	1661192809084
1078	1576	0	0	0	0	0	0	1661192810104
1078	1575	0	0	0	0	0	0	1661192811124
1078	1573	0	0	0	0	0	0	1661192812144
1078	1574	0	0	0	0	0	0	1661192813164
1078	1573	0	0	0	0	0	0	1661192814184
1078	1573	0	0	0	0	0	0	1661192815204
1078	1573	0	0	0	0	0	0	1661192816224
1078	1570	0	0	0	0	0	0	1661192817244
1078	1567	0	0	0	0	0	0	1661192818264
1078	1566	0	0	0	0	0	0	1661192819284
1078	1564	0	0	0	0	0	0	1661192820304
1078	1563	0	0	0	0	0	0	1661192821324
1078	1561	0	0	0	0	0	0	1661192822344
1078	1561	0	0	0	0	0	0	1661192823364
1078	1558	0	0	0	0	0	0	1661192824384
1078	1557	0	0	0	0	0	0	1661192825404
1078	1555	0	0	0	0	0	0	1661192826424
1078	1553	0	0	0	0	0	0	1661192827444
1078	1552	0	0	0	0	0	0	1661192828464
1078	1551	0	0	0	0	0	0	1661192829484
1078	1550	0	0	0	0	0	0	1661192830504
1078	1550	0	0	0	0	0	0	1661192831524
1078	1550	0	0	0	0	0	0	1661192832544
1078	1550	0	0	0	0	0	0	1661192833564
1078	1550	0	0	0	0	0	0	1661192834584
1078	1550	0	0	0	0	0	0	1661192835604
1078	1550	0	0	0	0	0	0	1661192836624
1078	1549	0	0	0	0	0	0	1661192837644
1078	1549	0	0	0	0	0	0	1661192838664
1078	1549	0	0	0	0	0	0	1661192839684
1078	1549	0	0	0	0	0	0	1661192840704
1078	1549	0	0	0	0	0	0	1661192841724
1078	1549	0	0	0	0	0	0	1661192842744
1078	1549	0	0	0	0	0	0	1661192843764
1078	1549	0	0	0	0	0	0	1661192844784
1078	1549	0	0	0	0	0	0	1661192845804
1078	1549	0	0	0	0	0	0	1661192846824
1078	1549	0	0	0	0	0	0	1661192847844
1078	1549	0	0	0	0	0	0	1661192848864
1078	1549	0	0	0	0	0	0	1661192849884
1078	1549	0	0	0	0	0	0	1661192850904
1078	1549	0	0	0	0	0	0	1661192851924
1078	1549	0	0	0	0	0	0	1661192852944
1078	1549	0	0	0	0	0	0	1661192853964
1078	1549	0	0	0	0	0	0	1661192854984
1078	1549	0	0	0	0	0	0	1661192856004
1078	1549	0	0	0	0	0	0	1661192857024
1078	1549	0	0	0	0	0	0	1661192858044
1078	1549	0	0	0	0	0	0	1661192859064
1078	1549	0	0	0	0	0	0	1661192860084
1078	1549	0	0	0	0	0	0	1661192861104
1078	1549	0	0	0	0	0	0	1661192862124
1078	1549	0	0	0	0	0	0	1661192863144
1078	1549	0	0	0	0	0	0	1661192864164
1078	1549	0	0	0	0	0	0	1661192865184
1078	1549	0	0	0	0	0	0	1661192866204
1078	1549	0	0	0	0	0	0	1661192867224
1078	1549	0	0	0	0	0	0	1661192868244
1078	1549	0	0	0	0	0	0	1661192869264
1078	1549	0	0	0	0	0	0	1661192870284
1078	1549	0	0	0	0	0	0	1661192871304
1078	1549	0	0	0	0	0	0	1661192872324
1078	1549	0	0	0	0	0	0	1661192873344
1078	1549	0	0	0	0	0	0	1661192874364
1078	1549	0	0	0	0	0	0	1661192875384
1078	1549	0	0	0	0	0	0	1661192876404
1078	1549	0	0	0	0	0	0	1661192877424
1078	1549	0	0	0	0	0	0	1661192878444
1078	1549	0	0	0	0	0	0	1661192879464
1078	1549	0	0	0	0	0	0	1661192880484
1078	1549	0	0	0	0	0	0	1661192881504
1078	1549	0	0	0	0	0	0	1661192882524
1078	1549	0	0	0	0	0	0	1661192883544
1078	1549	0	0	0	0	0	0	1661192884564
1078	1549	0	0	0	0	0	0	1661192885584
1078	1549	0	0	0	0	0	0	1661192886604
1078	1549	0	0	0	0	0	0	1661192887624
1078	1549	0	0	0	0	0	0	1661192888644
1078	1549	0	0	0	0	0	0	1661192889664
1078	1549	0	0	0	0	0	0	1661192890684
1078	1549	0	0	0	0	0	0	1661192891704
1078	1549	0	0	0	0	0	0	1661192892724
1078	1549	0	0	0	0	0	0	1661192893744
1078	1549	0	0	0	0	0	0	1661192894764
1078	1549	0	0	0	0	0	0	1661192895784
1078	1549	0	0	0	0	0	0	1661192896804
1078	1549	0	0	0	0	0	0	1661192897824
1078	1549	0	0	0	0	0	0	1661192898844
1078	1549	0	0	0	0	0	0	1661192899864
1078	1549	0	0	0	0	0	0	1661192900884
1078	1549	0	0	0	0	0	0	1661192901904
1078	1549	0	0	0	0	0	0	1661192902924
1078	1549	0	0	0	0	0	0	1661192903944
1078	1549	0	0	0	0	0	0	1661192904964
1078	1548	0	0	0	0	0	0	1661192905984
1078	1548	0	0	0	0	0	0	1661192907004
1078	1548	0	0	0	0	0	0	1661192908024
1078	1548	0	0	0	0	0	0	1661192909044
1078	1548	0	0	0	0	0	0	1661192910064
1078	1548	0	0	0	0	0	0	1661192911084
1078	1548	0	0	0	0	0	0	1661192912104
1078	1548	0	0	0	0	0	0	1661192913124
1078	1547	0	0	0	0	0	0	1661192914144
1078	1547	0	0	0	0	0	0	1661192915164
1078	1546	0	0	0	0	0	0	1661192916184
1078	1546	0	0	0	0	0	0	1661192917204
1078	1545	0	0	0	0	0	0	1661192918224
1078	1543	0	0	0	0	0	0	1661192919244
1078	1543	0	0	0	0	0	0	1661192920264
1078	1543	0	0	0	0	0	0	1661192921284
1078	1542	0	0	0	0	0	0	1661192922304
1078	1542	0	0	0	0	0	0	1661192923324
1078	1540	0	0	0	0	0	0	1661192924344
1078	1537	0	0	0	0	0	0	1661192925364
1078	1536	0	0	0	0	0	0	1661192926384
1078	1532	0	0	0	0	0	0	1661192927404
1078	1532	0	0	0	0	0	0	1661192928424
1078	1531	0	0	0	0	0	0	1661192929444
1078	1529	0	0	0	0	0	0	1661192930464
1078	1527	0	0	0	0	0	0	1661192931484
1078	1526	0	0	0	0	0	0	1661192932504
1078	1525	0	0	0	0	0	0	1661192933524
1078	1523	0	0	0	0	0	0	1661192934544
1078	1523	0	0	0	0	0	0	1661192935564
1078	1523	0	0	0	0	0	0	1661192936584
1078	1522	0	0	0	0	0	0	1661192937604
1078	1522	0	0	0	0	0	0	1661192938624
1078	1522	0	0	0	0	0	0	1661192939644
1078	1521	0	0	0	0	0	0	1661192940664
1078	1521	0	0	0	0	0	0	1661192941684
1078	1521	0	0	0	0	0	0	1661192942704
1078	1521	0	0	0	0	0	0	1661192943724
1078	1521	0	0	0	0	0	0	1661192944744
1078	1521	0	0	0	0	0	0	1661192945764
1078	1521	0	0	0	0	0	0	1661192946784
1078	1521	0	0	0	0	0	0	1661192947804
1078	1521	0	0	0	0	0	0	1661192948824
1078	1521	0	0	0	0	0	0	1661192949844
1078	1521	0	0	0	0	0	0	1661192950864
1078	1521	0	0	0	0	0	0	1661192951884
1078	1521	0	0	0	0	0	0	1661192952904
1078	1521	0	0	0	0	0	0	1661192953924
1078	1521	0	0	0	0	0	0	1661192954944
1078	1521	0	0	0	0	0	0	1661192955964
1078	1521	0	0	0	0	0	0	1661192956984
1078	1521	0	0	0	0	0	0	1661192958004
1078	1521	0	0	0	0	0	0	1661192959024
1078	1521	0	0	0	0	0	0	1661192960044
1078	1521	0	0	0	0	0	0	1661192961064
1078	1521	0	0	0	0	0	0	1661192962084
1078	1521	0	0	0	0	0	0	1661192963104
1078	1521	0	0	0	0	0	0	1661192964124
1078	1521	0	0	0	0	0	0	1661192965144
1078	1521	0	0	0	0	0	0	1661192966164
1078	1521	0	0	0	0	0	0	1661192967184
1078	1521	0	0	0	0	0	0	1661192968204
1078	1521	0	0	0	0	0	0	1661192969224
1078	1521	0	0	0	0	0	0	1661192970244
1078	1521	0	0	0	0	0	0	1661192971264
1078	1521	0	0	0	0	0	0	1661192972284
1078	1521	0	0	0	0	0	0	1661192973304
1078	1521	0	0	0	0	0	0	1661192974324
1078	1521	0	0	0	0	0	0	1661192975344
1078	1521	0	0	0	0	0	0	1661192976364
1078	1521	0	0	0	0	0	0	1661192977384
1078	1521	0	0	0	0	0	0	1661192978404
1078	1521	0	0	0	0	0	0	1661192979424
1078	1521	0	0	0	0	0	0	1661192980444
1078	1521	0	0	0	0	0	0	1661192981464
1078	1521	0	0	0	0	0	0	1661192982484
1078	1521	0	0	0	0	0	0	1661192983504
1078	1521	0	0	0	0	0	0	1661192984524
1078	1521	0	0	0	0	0	0	1661192985544
1078	1521	0	0	0	0	0	0	1661192986564
1078	1521	0	0	0	0	0	0	1661192987584
1078	1521	0	0	0	0	0	0	1661192988604
1078	1521	0	0	0	0	0	0	1661192989624
1078	1521	0	0	0	0	0	0	1661192990644
1078	1521	0	0	0	0	0	0	1661192991664
1078	1521	0	0	0	0	0	0	1661192992684
1078	1521	0	0	0	0	0	0	1661192993704
1078	1521	0	0	0	0	0	0	1661192994724
1078	1521	0	0	0	0	0	0	1661192995744
1078	1521	0	0	0	0	0	0	1661192996764
1078	1521	0	0	0	0	0	0	1661192997784
1078	1521	0	0	0	0	0	0	1661192998804
1078	1521	0	0	0	0	0	0	1661192999824
1078	1521	0	0	0	0	0	0	1661193000844
1078	1521	0	0	0	0	0	0	1661193001864
1078	1521	0	0	0	0	0	0	1661193002884
1078	1521	0	0	0	0	0	0	1661193003904
1078	1521	0	0	0	0	0	0	1661193004924
1078	1521	0	0	0	0	0	0	1661193005944
1078	1521	0	0	0	0	0	0	1661193006964
1078	1521	0	0	0	0	0	0	1661193007984
1078	1521	0	0	0	0	0	0	1661193009004
1078	1521	0	0	0	0	0	0	1661193010024
1078	1521	0	0	0	0	0	0	1661193011044
1078	1521	0	0	0	0	0	0	1661193012064
1078	1521	0	0	0	0	0	0	1661193013084
1078	1521	0	0	0	0	0	0	1661193014104
1078	1521	0	0	0	0	0	0	1661193015124
1078	1521	0	0	0	0	0	0	1661193016144
1078	1521	0	0	0	0	0	0	1661193017164
1078	1521	0	0	0	0	0	0	1661193018184
1078	1521	0	0	0	0	0	0	1661193019204
1078	1521	0	0	0	0	0	0	1661193020224
1078	1521	0	0	0	0	0	0	1661193021244
1078	1521	0	0	0	0	0	0	1661193022264
1078	1520	0	0	0	0	0	0	1661193023284
1078	1520	0	0	0	0	0	0	1661193024304
1077	1518	0	0	0	0	0	0	1661193025324
1077	1519	0	0	0	0	0	0	1661193026344
1075	1520	0	0	0	0	0	0	1661193027364
1068	1515	0	0	0	0	0	0	1661193028384
1063	1510	0	0	0	0	0	0	1661193029404
1060	1507	0	0	0	0	0	0	1661193030424
1059	1508	0	0	0	0	0	0	1661193031444
1059	1509	0	0	0	0	0	0	1661193032464
1058	1510	0	0	0	0	0	0	1661193033484
1058	1512	0	0	0	0	0	0	1661193034504
1056	1513	0	0	0	0	0	0	1661193035524
1054	1512	0	0	0	0	0	0	1661193036544
1052	1509	0	0	0	0	0	0	1661193037564
1052	1508	0	0	0	0	0	0	1661193038584
1055	1507	0	0	0	0	0	0	1661193039604
1056	1504	0	0	0	0	0	0	1661193040624
1057	1504	0	0	0	0	0	0	1661193041644
1057	1502	0	0	0	0	0	0	1661193042664
1072	1512	0	0	0	0	0	0	1661193043684
1078	1516	0	0	0	0	0	0	1661193044704
1083	1518	0	0	0	0	0	0	1661193045724
1085	1519	0	0	0	0	0	0	1661193046744
1085	1520	0	0	0	0	0	0	1661193047764
1087	1521	0	0	0	0	0	0	1661193048784
1090	1521	0	0	0	0	0	0	1661193049804
1092	1521	0	0	0	0	0	0	1661193050824
1094	1521	0	0	0	0	0	0	1661193051844
1095	1521	0	0	0	0	0	0	1661193052864
1091	1521	0	0	0	0	0	0	1661193053884
1086	1521	0	0	0	0	0	0	1661193054904
1083	1521	0	0	0	0	0	0	1661193055924
1081	1521	0	0	0	0	0	0	1661193056944
1080	1521	0	0	0	0	0	0	1661193057964
1080	1521	0	0	0	0	0	0	1661193058984
1081	1521	0	0	0	0	0	0	1661193060004
1082	1522	0	0	0	0	0	0	1661193061024
1082	1522	0	0	0	0	0	0	1661193062044
1085	1522	0	0	0	0	0	0	1661193063064
1084	1522	0	0	0	0	0	0	1661193064084
1084	1522	0	0	0	0	0	0	1661193065104
1084	1522	0	0	0	0	0	0	1661193066124
1086	1522	0	0	0	0	0	0	1661193067144
1086	1522	0	0	0	0	0	0	1661193068164
1088	1522	0	0	0	0	0	0	1661193069184
1087	1522	0	0	0	0	0	0	1661193070204
1088	1522	0	0	0	0	0	0	1661193071224
1087	1522	0	0	0	0	0	0	1661193072244
1088	1522	0	0	0	0	0	0	1661193073264
1089	1522	0	0	0	0	0	0	1661193074284
1090	1522	0	0	0	0	0	0	1661193075304
1090	1522	0	0	0	0	0	0	1661193076324
1091	1522	0	0	0	0	0	0	1661193077344
1092	1521	0	0	0	0	0	0	1661193078364
1093	1521	0	0	0	0	0	0	1661193079384
1094	1521	0	0	0	0	0	0	1661193080404
1094	1521	0	0	0	0	0	0	1661193081424
1094	1521	0	0	0	0	0	0	1661193082444
1094	1521	0	0	0	0	0	0	1661193083464
1095	1521	0	0	0	0	0	0	1661193084484
1095	1521	0	0	0	0	0	0	1661193085504
1094	1521	0	0	0	0	0	0	1661193086524
1093	1521	0	0	0	0	0	0	1661193087544
1094	1521	0	0	0	0	0	0	1661193088564
1094	1521	0	0	0	0	0	0	1661193089584
1094	1521	0	0	0	0	0	0	1661193090604
1094	1521	0	0	0	0	0	0	1661193091624
1094	1521	0	0	0	0	0	0	1661193092644
1094	1521	0	0	0	0	0	0	1661193093664
1093	1521	0	0	0	0	0	0	1661193094684
1096	1521	0	0	0	0	0	0	1661193095704
1096	1521	0	0	0	0	0	0	1661193096724
1094	1521	0	0	0	0	0	0	1661193097744
1094	1521	0	0	0	0	0	0	1661193098764
1096	1521	0	0	0	0	0	0	1661193099784
1098	1521	0	0	0	0	0	0	1661193100804
1098	1521	0	0	0	0	0	0	1661193101824
1098	1521	0	0	0	0	0	0	1661193102844
1099	1521	0	0	0	0	0	0	1661193103864
1098	1521	0	0	0	0	0	0	1661193104884
1098	1521	0	0	0	0	0	0	1661193105904
1099	1521	0	0	0	0	0	0	1661193106924
1098	1521	0	0	0	0	0	0	1661193107944
1097	1521	0	0	0	0	0	0	1661193108964
1098	1521	0	0	0	0	0	0	1661193109984
1098	1521	0	0	0	0	0	0	1661193111004
1099	1521	0	0	0	0	0	0	1661193112024
1098	1521	0	0	0	0	0	0	1661193113044
1097	1521	0	0	0	0	0	0	1661193114064
1099	1521	0	0	0	0	0	0	1661193115084
1099	1521	0	0	0	0	0	0	1661193116104
1097	1521	0	0	0	0	0	0	1661193117124
1099	1521	0	0	0	0	0	0	1661193118144
1101	1521	0	0	0	0	0	0	1661193119164
1102	1521	0	0	0	0	0	0	1661193120184
1103	1521	0	0	0	0	0	0	1661193121204
1103	1521	0	0	0	0	0	0	1661193122224
1103	1521	0	0	0	0	0	0	1661193123244
1103	1521	0	0	0	0	0	0	1661193124264
1103	1521	0	0	0	0	0	0	1661193125284
1102	1521	0	0	0	0	0	0	1661193126304
1103	1521	0	0	0	0	0	0	1661193127324
1103	1518	0	0	0	0	0	0	1661193128344
1103	1519	0	0	0	0	0	0	1661193129364
1104	1520	0	0	0	0	0	0	1661193130384
1104	1520	0	0	0	0	0	0	1661193131404
1104	1520	0	0	0	0	0	0	1661193132424
1104	1521	0	0	0	0	0	0	1661193133444
1104	1521	0	0	0	0	0	0	1661193134464
1105	1521	0	0	0	0	0	0	1661193135484
1105	1521	0	0	0	0	0	0	1661193136504
1105	1521	0	0	0	0	0	0	1661193137524
1105	1520	0	0	0	0	0	0	1661193138544
1105	1520	0	0	0	0	0	0	1661193139564
1105	1521	0	0	0	0	0	0	1661193140584
1105	1520	0	0	0	0	0	0	1661193141604
1105	1520	0	0	0	0	0	0	1661193142624
1105	1520	0	0	0	0	0	0	1661193143644
1105	1519	0	0	0	0	0	0	1661193144664
1105	1519	0	0	0	0	0	0	1661193145684
1105	1518	0	0	0	0	0	0	1661193146704
1105	1518	0	0	0	0	0	0	1661193147724
1105	1517	0	0	0	0	0	0	1661193148744
1104	1515	0	0	0	0	0	0	1661193149764
1105	1513	0	0	0	0	0	0	1661193150784
1104	1510	0	0	0	0	0	0	1661193151804
1104	1509	0	0	0	0	0	0	1661193152824
1104	1509	0	0	0	0	0	0	1661193153844
1102	1508	0	0	0	0	0	0	1661193154864
1101	1509	0	0	0	0	0	0	1661193155884
1100	1507	0	0	0	0	0	0	1661193156904
1101	1505	0	0	0	0	0	0	1661193157924
1099	1504	0	0	0	0	0	0	1661193158944
1099	1504	0	0	0	0	0	0	1661193159964
1099	1502	0	0	0	0	0	0	1661193160984
1099	1503	0	0	0	0	0	0	1661193162004
1099	1502	0	0	0	0	0	0	1661193163024
1099	1500	0	0	0	0	0	0	1661193164044
1098	1498	0	0	0	0	0	0	1661193165064
1098	1496	0	0	0	0	0	0	1661193166084
1097	1496	0	0	0	0	0	0	1661193167104
1098	1497	0	0	0	0	0	0	1661193168124
1098	1497	0	0	0	0	0	0	1661193169144
1097	1496	0	0	0	0	0	0	1661193170164
1096	1496	0	0	0	0	0	0	1661193171184
1096	1496	0	0	0	0	0	0	1661193172204
1097	1495	0	0	0	0	0	0	1661193173224
1097	1495	0	0	0	0	0	0	1661193174244
1098	1495	0	0	0	0	0	0	1661193175264
1098	1494	0	0	0	0	0	0	1661193176284
1098	1494	0	0	0	0	0	0	1661193177304
1098	1494	0	0	0	0	0	0	1661193178324
1098	1494	0	0	0	0	0	0	1661193179344
1098	1494	0	0	0	0	0	0	1661193180364
1097	1494	0	0	0	0	0	0	1661193181384
1097	1494	0	0	0	0	0	0	1661193182404
1098	1494	0	0	0	0	0	0	1661193183424
1098	1494	0	0	0	0	0	0	1661193184444
1098	1494	0	0	0	0	0	0	1661193185464
1098	1494	0	0	0	0	0	0	1661193186484
1098	1494	0	0	0	0	0	0	1661193187504
1098	1494	0	0	0	0	0	0	1661193188524
1097	1494	0	0	0	0	0	0	1661193189544
1097	1494	0	0	0	0	0	0	1661193190564
1098	1494	0	0	0	0	0	0	1661193191584
1099	1494	0	0	0	0	0	0	1661193192604
1097	1494	0	0	0	0	0	0	1661193193624
1098	1494	0	0	0	0	0	0	1661193194644
1098	1494	0	0	0	0	0	0	1661193195664
1097	1494	0	0	0	0	0	0	1661193196684
1097	1494	0	0	0	0	0	0	1661193197704
1096	1494	0	0	0	0	0	0	1661193198724
1099	1494	0	0	0	0	0	0	1661193199744
1099	1494	0	0	0	0	0	0	1661193200764
1098	1494	0	0	0	0	0	0	1661193201784
1098	1494	0	0	0	0	0	0	1661193202804
1098	1494	0	0	0	0	0	0	1661193203824
1098	1494	0	0	0	0	0	0	1661193204844
1100	1494	0	0	0	0	0	0	1661193205864
1100	1494	0	0	0	0	0	0	1661193206884
1100	1494	0	0	0	0	0	0	1661193207904
1101	1494	0	0	0	0	0	0	1661193208924
1102	10896	0	0	0	0	0	0	1661193209944
1103	7135	0	0	0	0	0	0	1661193210964
1103	4878	0	0	0	0	0	0	1661193211984
1104	3524	0	0	0	0	0	0	1661193213004
1105	2712	0	0	0	0	0	0	1661193214024
1105	2225	0	0	0	0	0	0	1661193215044
1105	1932	0	0	0	0	0	0	1661193216064
1105	1757	0	0	0	0	0	0	1661193217084
1105	1652	0	0	0	0	0	0	1661193218104
1105	1589	0	0	0	0	0	0	1661193219124
1105	1551	0	0	0	0	0	0	1661193220144
1105	1528	0	0	0	0	0	0	1661193221164
1105	1514	0	0	0	0	0	0	1661193222184
1105	1506	0	0	0	0	0	0	1661193223204
1105	1501	0	0	0	0	0	0	1661193224224
1105	1498	0	0	0	0	0	0	1661193225244
1105	1496	0	0	0	0	0	0	1661193226264
1105	1495	0	0	0	0	0	0	1661193227284
1105	1495	0	0	0	0	0	0	1661193228304
1105	1494	0	0	0	0	0	0	1661193229324
1105	1494	0	0	0	0	0	0	1661193230344
1105	1494	0	0	0	0	0	0	1661193231364
1105	1494	0	0	0	0	0	0	1661193232384
1105	1494	0	0	0	0	0	0	1661193233404
1105	1494	0	0	0	0	0	0	1661193234424
1105	1494	0	0	0	0	0	0	1661193235444
1105	1494	0	0	0	0	0	0	1661193236464
1105	1494	0	0	0	0	0	0	1661193237484
1105	1494	0	0	0	0	0	0	1661193238504
1105	1494	0	0	0	0	0	0	1661193239524
1105	1494	0	0	0	0	0	0	1661193240544
1105	1494	0	0	0	0	0	0	1661193241564
1105	1494	0	0	0	0	0	0	1661193242584
1105	1494	0	0	0	0	0	0	1661193243604
1105	1494	0	0	0	0	0	0	1661193244624
1105	1494	0	0	0	0	0	0	1661193245644
1105	1494	0	0	0	0	0	0	1661193246664
1105	1494	0	0	0	0	0	0	1661193247684
1105	1494	0	0	0	0	0	0	1661193248704
1105	1494	0	0	0	0	0	0	1661193249724
1105	1494	0	0	0	0	0	0	1661193250744
1105	1494	0	0	0	0	0	0	1661193251764
1105	1494	0	0	0	0	0	0	1661193252784
1105	1494	0	0	0	0	0	0	1661193253804
1105	1494	0	0	0	0	0	0	1661193254824
1105	1494	0	0	0	0	0	0	1661193255844
1105	1494	0	0	0	0	0	0	1661193256864
1105	1494	0	0	0	0	0	0	1661193257884
1105	1494	0	0	0	0	0	0	1661193258904
1105	1494	0	0	0	0	0	0	1661193259924
1105	1494	0	0	0	0	0	0	1661193260944
1105	1494	0	0	0	0	0	0	1661193261964
1105	1494	0	0	0	0	0	0	1661193262984
1105	1494	0	0	0	0	0	0	1661193264004
1105	1494	0	0	0	0	0	0	1661193265024
1105	1494	0	0	0	0	0	0	1661193266044
1105	1494	0	0	0	0	0	0	1661193267064
1105	1494	0	0	0	0	0	0	1661193268084
1105	1494	0	0	0	0	0	0	1661193269104
1105	1494	0	0	0	0	0	0	1661193270124
1105	1494	0	0	0	0	0	0	1661193271144
1105	1494	0	0	0	0	0	0	1661193272164
1105	1494	0	0	0	0	0	0	1661193273184
1105	1494	0	0	0	0	0	0	1661193274204
1105	1494	0	0	0	0	0	0	1661193275224
1105	1494	0	0	0	0	0	0	1661193276244
1105	1494	0	0	0	0	0	0	1661193277264
1105	1494	0	0	0	0	0	0	1661193278284
1105	1494	0	0	0	0	0	0	1661193279304
1105	1494	0	0	0	0	0	0	1661193280324
1105	1494	0	0	0	0	0	0	1661193281344
1105	1494	0	0	0	0	0	0	1661193282364
1105	1494	0	0	0	0	0	0	1661193283384
1105	1494	0	0	0	0	0	0	1661193284404
1105	1494	0	0	0	0	0	0	1661193285424
1105	1494	0	0	0	0	0	0	1661193286444
1105	1494	0	0	0	0	0	0	1661193287464
1105	1494	0	0	0	0	0	0	1661193288484
1105	1494	0	0	0	0	0	0	1661193289504
1105	1494	0	0	0	0	0	0	1661193290524
1105	1494	0	0	0	0	0	0	1661193291544
1105	1494	0	0	0	0	0	0	1661193292564
1105	1494	0	0	0	0	0	0	1661193293584
1105	1494	0	0	0	0	0	0	1661193294604
1105	1494	0	0	0	0	0	0	1661193295624
1105	1494	0	0	0	0	0	0	1661193296644
1105	1494	0	0	0	0	0	0	1661193297664
1105	1494	0	0	0	0	0	0	1661193298684
1105	1494	0	0	0	0	0	0	1661193299704
1105	1494	0	0	0	0	0	0	1661193300724
1105	1494	0	0	0	0	0	0	1661193301744
1105	1494	0	0	0	0	0	0	1661193302764
1105	1494	0	0	0	0	0	0	1661193303784
1105	1494	0	0	0	0	0	0	1661193304804
1105	1494	0	0	0	0	0	0	1661193305824
1105	1494	0	0	0	0	0	0	1661193306844
1105	1494	0	0	0	0	0	0	1661193307864
1105	1494	0	0	0	0	0	0	1661193308884
1105	1494	0	0	0	0	0	0	1661193309904
1105	1494	0	0	0	0	0	0	1661193310924
10663	1494	0	0	0	0	0	0	1661193311944
6840	1494	0	0	0	0	0	0	1661193312964
4546	1494	0	0	0	0	0	0	1661193313984
3170	1493	0	0	0	0	0	0	1661193315004
2344	1493	0	0	0	0	0	0	1661193316024
1849	1493	0	0	0	0	0	0	1661193317044
1552	1493	0	0	0	0	0	0	1661193318064
1373	1493	0	0	0	0	0	0	1661193319084
1266	1493	0	0	0	0	0	0	1661193320104
1202	1492	0	0	0	0	0	0	1661193321124
1163	1492	0	0	0	0	0	0	1661193322144
1140	1492	0	0	0	0	0	0	1661193323164
1126	1492	0	0	0	0	0	0	1661193324184
1118	1491	0	0	0	0	0	0	1661193325204
1113	1491	0	0	0	0	0	0	1661193326224
1110	1490	0	0	0	0	0	0	1661193327244
1108	1492	0	0	0	0	0	0	1661193328264
1107	1492	0	0	0	0	0	0	1661193329284
1106	1492	0	0	0	0	0	0	1661193330304
1106	1492	0	0	0	0	0	0	1661193331324
1106	1492	0	0	0	0	0	0	1661193332344
1106	1491	0	0	0	0	0	0	1661193333364
1106	1490	0	0	0	0	0	0	1661193334384
1106	1489	0	0	0	0	0	0	1661193335404
1106	1489	0	0	0	0	0	0	1661193336424
1106	1488	0	0	0	0	0	0	1661193337444
1106	1488	0	0	0	0	0	0	1661193338464
1106	1488	0	0	0	0	0	0	1661193339484
1106	1487	0	0	0	0	0	0	1661193340504
1106	1485	0	0	0	0	0	0	1661193341524
1106	1484	0	0	0	0	0	0	1661193342544
1106	1483	0	0	0	0	0	0	1661193343564
1106	1483	0	0	0	0	0	0	1661193344584
1106	1482	0	0	0	0	0	0	1661193345604
1106	1482	0	0	0	0	0	0	1661193346624
1106	1479	0	0	0	0	0	0	1661193347644
1106	1479	0	0	0	0	0	0	1661193348664
1106	1478	0	0	0	0	0	0	1661193349684
1106	1477	0	0	0	0	0	0	1661193350704
1106	1477	0	0	0	0	0	0	1661193351724
1106	1476	0	0	0	0	0	0	1661193352744
1106	1476	0	0	0	0	0	0	1661193353764
1106	1476	0	0	0	0	0	0	1661193354784
1106	1475	0	0	0	0	0	0	1661193355804
1106	1474	0	0	0	0	0	0	1661193356824
1106	1474	0	0	0	0	0	0	1661193357844
1106	1473	0	0	0	0	0	0	1661193358864
1106	1472	0	0	0	0	0	0	1661193359884
1106	1471	0	0	0	0	0	0	1661193360904
1106	1470	0	0	0	0	0	0	1661193361924
1106	1470	0	0	0	0	0	0	1661193362944
1106	1470	0	0	0	0	0	0	1661193363964
1106	1470	0	0	0	0	0	0	1661193364984
1106	1470	0	0	0	0	0	0	1661193366004
1106	1469	0	0	0	0	0	0	1661193367024
1106	1468	0	0	0	0	0	0	1661193368044
1106	1468	0	0	0	0	0	0	1661193369064
1106	1467	0	0	0	0	0	0	1661193370084
1106	1467	0	0	0	0	0	0	1661193371104
1106	1467	0	0	0	0	0	0	1661193372124
1106	1467	0	0	0	0	0	0	1661193373144
1106	1467	0	0	0	0	0	0	1661193374164
1106	1468	0	0	0	0	0	0	1661193375184
1106	1467	0	0	0	0	0	0	1661193376204
1106	1466	0	0	0	0	0	0	1661193377224
1106	1466	0	0	0	0	0	0	1661193378244
1106	1466	0	0	0	0	0	0	1661193379264
1106	1466	0	0	0	0	0	0	1661193380284
1106	1466	0	0	0	0	0	0	1661193381304
1106	1466	0	0	0	0	0	0	1661193382324
1106	1466	0	0	0	0	0	0	1661193383344
1106	1466	0	0	0	0	0	0	1661193384364
1106	1466	0	0	0	0	0	0	1661193385384
1106	1466	0	0	0	0	0	0	1661193386404
1106	1466	0	0	0	0	0	0	1661193387424
1106	1466	0	0	0	0	0	0	1661193388444
1106	1466	0	0	0	0	0	0	1661193389464
1106	1466	0	0	0	0	0	0	1661193390484
1106	1466	0	0	0	0	0	0	1661193391504
1106	1466	0	0	0	0	0	0	1661193392524
1106	1466	0	0	0	0	0	0	1661193393544
1106	1466	0	0	0	0	0	0	1661193394564
1106	1466	0	0	0	0	0	0	1661193395584
1106	1466	0	0	0	0	0	0	1661193396604
1106	1466	0	0	0	0	0	0	1661193397624
1106	1466	0	0	0	0	0	0	1661193398644
1106	1466	0	0	0	0	0	0	1661193399664
1106	1466	0	0	0	0	0	0	1661193400684
1106	1466	0	0	0	0	0	0	1661193401704
1106	1466	0	0	0	0	0	0	1661193402724
1106	1466	0	0	0	0	0	0	1661193403744
1106	1466	0	0	0	0	0	0	1661193404764
1106	1466	0	0	0	0	0	0	1661193405784
1106	1466	0	0	0	0	0	0	1661193406804
1106	1466	0	0	0	0	0	0	1661193407824
1106	1466	0	0	0	0	0	0	1661193408844
1106	1466	0	0	0	0	0	0	1661193409864
1106	1466	0	0	0	0	0	0	1661193410884
1106	1466	0	0	0	0	0	0	1661193411904
1106	1466	0	0	0	0	0	0	1661193412924
1106	1466	0	0	0	0	0	0	1661193413944
1106	1466	0	0	0	0	0	0	1661193414964
1106	1466	0	0	0	0	0	0	1661193415984
1106	1449	0	0	0	0	0	0	1661193417004
1106	1456	0	0	0	0	0	0	1661193418024
1106	1460	0	0	0	0	0	0	1661193419044
1106	1462	0	0	0	0	0	0	1661193420064
1106	1463	0	0	0	0	0	0	1661193421084
1106	1464	0	0	0	0	0	0	1661193422104
1106	1465	0	0	0	0	0	0	1661193423124
1106	1465	0	0	0	0	0	0	1661193424144
1106	1465	0	0	0	0	0	0	1661193425164
1106	1465	0	0	0	0	0	0	1661193426184
1106	1465	0	0	0	0	0	0	1661193427204
1106	1465	0	0	0	0	0	0	1661193428224
1106	1465	0	0	0	0	0	0	1661193429244
1106	1465	0	0	0	0	0	0	1661193430264
1106	1465	0	0	0	0	0	0	1661193431284
1106	1465	0	0	0	0	0	0	1661193432304
1106	1465	0	0	0	0	0	0	1661193433324
1106	1465	0	0	0	0	0	0	1661193434344
1106	1465	0	0	0	0	0	0	1661193435364
1106	1466	0	0	0	0	0	0	1661193436384
1106	1466	0	0	0	0	0	0	1661193437404
1106	1466	0	0	0	0	0	0	1661193438424
1106	1466	0	0	0	0	0	0	1661193439444
1106	1466	0	0	0	0	0	0	1661193440464
1106	1466	0	0	0	0	0	0	1661193441484
1106	1466	0	0	0	0	0	0	1661193442504
1106	1466	0	0	0	0	0	0	1661193443524
1106	1466	0	0	0	0	0	0	1661193444544
1106	1466	0	0	0	0	0	0	1661193445564
1106	1466	0	0	0	0	0	0	1661193446584
1106	1466	0	0	0	0	0	0	1661193447604
1106	1466	0	0	0	0	0	0	1661193448624
1106	1466	0	0	0	0	0	0	1661193449644
1106	1466	0	0	0	0	0	0	1661193450664
1106	1466	0	0	0	0	0	0	1661193451684
1106	1466	0	0	0	0	0	0	1661193452704
1106	1466	0	0	0	0	0	0	1661193453724
1106	1466	0	0	0	0	0	0	1661193454744
1106	1466	0	0	0	0	0	0	1661193455764
1106	1466	0	0	0	0	0	0	1661193456784
1106	1466	0	0	0	0	0	0	1661193457804
1106	1466	0	0	0	0	0	0	1661193458824
1106	1466	0	0	0	0	0	0	1661193459844
1106	1466	0	0	0	0	0	0	1661193460864
1106	1466	0	0	0	0	0	0	1661193461884
1106	1466	0	0	0	0	0	0	1661193462904
1106	1466	0	0	0	0	0	0	1661193463924
1106	1466	0	0	0	0	0	0	1661193464944
1106	1466	0	0	0	0	0	0	1661193465964
1106	1466	0	0	0	0	0	0	1661193466984
1106	1466	0	0	0	0	0	0	1661193468034
1106	1466	0	0	0	0	0	0	1661193469054
1106	1466	0	0	0	0	0	0	1661193470074
1106	1466	0	0	0	0	0	0	1661193471094
1106	1466	0	0	0	0	0	0	1661193472114
1106	1466	0	0	0	0	0	0	1661193473134
1106	1466	0	0	0	0	0	0	1661193474154
1106	1466	0	0	0	0	0	0	1661193475174
1106	1466	0	0	0	0	0	0	1661193476194
1106	1466	0	0	0	0	0	0	1661193477214
1106	1466	0	0	0	0	0	0	1661193478234
1106	1466	0	0	0	0	0	0	1661193479254
1106	1466	0	0	0	0	0	0	1661193480274
1106	1466	0	0	0	0	0	0	1661193481294
1106	1466	0	0	0	0	0	0	1661193482314
1106	1466	0	0	0	0	0	0	1661193483334
1106	1466	0	0	0	0	0	0	1661193484354
1106	1466	0	0	0	0	0	0	1661193485374
1106	1466	0	0	0	0	0	0	1661193486394
1106	1466	0	0	0	0	0	0	1661193487414
1106	1466	0	0	0	0	0	0	1661193488434
1106	1466	0	0	0	0	0	0	1661193489454
1106	1466	0	0	0	0	0	0	1661193490474
1106	1466	0	0	0	0	0	0	1661193491494
1106	1466	0	0	0	0	0	0	1661193492514
1106	1466	0	0	0	0	0	0	1661193493534
1106	1466	0	0	0	0	0	0	1661193494554
1106	1466	0	0	0	0	0	0	1661193495574
1106	1466	0	0	0	0	0	0	1661193496594
1106	1466	0	0	0	0	0	0	1661193497614
1106	1466	0	0	0	0	0	0	1661193498634
1106	1466	0	0	0	0	0	0	1661193499654
1106	1466	0	0	0	0	0	0	1661193500674
1106	1466	0	0	0	0	0	0	1661193501694
1106	1466	0	0	0	0	0	0	1661193502714
1106	1466	0	0	0	0	0	0	1661193503734
1106	1466	0	0	0	0	0	0	1661193504754
1106	1466	0	0	0	0	0	0	1661193505774
1106	1466	0	0	0	0	0	0	1661193506794
1106	1466	0	0	0	0	0	0	1661193507814
1106	1466	0	0	0	0	0	0	1661193508834
1106	1466	0	0	0	0	0	0	1661193509854
1106	1466	0	0	0	0	0	0	1661193510874
1106	1466	0	0	0	0	0	0	1661193511894
1106	1466	0	0	0	0	0	0	1661193512914
1106	1466	0	0	0	0	0	0	1661193513934
1106	1466	0	0	0	0	0	0	1661193514954
1106	1466	0	0	0	0	0	0	1661193515974
1106	1466	0	0	0	0	0	0	1661193516994
1106	1466	0	0	0	0	0	0	1661193518014
1106	1466	0	0	0	0	0	0	1661193519034
1106	1466	0	0	0	0	0	0	1661193520054
1106	1466	0	0	0	0	0	0	1661193521074
1106	1466	0	0	0	0	0	0	1661193522094
1106	1466	0	0	0	0	0	0	1661193523114
1106	1466	0	0	0	0	0	0	1661193524134
1106	1466	0	0	0	0	0	0	1661193525154
1106	1466	0	0	0	0	0	0	1661193526174
1106	1466	0	0	0	0	0	0	1661193527194
1106	1466	0	0	0	0	0	0	1661193528214
1107	1466	0	0	0	0	0	0	1661193529234
1107	1466	0	0	0	0	0	0	1661193530254
1107	1466	0	0	0	0	0	0	1661193531274
1106	1466	0	0	0	0	0	0	1661193532294
1106	1466	0	0	0	0	0	0	1661193533314
1107	1466	0	0	0	0	0	0	1661193534334
1108	1466	0	0	0	0	0	0	1661193535354
1109	1466	0	0	0	0	0	0	1661193536374
1109	1466	0	0	0	0	0	0	1661193537394
1110	1466	0	0	0	0	0	0	1661193538414
1111	1466	0	0	0	0	0	0	1661193539434
1113	1466	0	0	0	0	0	0	1661193540454
1115	1466	0	0	0	0	0	0	1661193541474
1118	1466	0	0	0	0	0	0	1661193542494
1122	1466	0	0	0	0	0	0	1661193543514
1124	1466	0	0	0	0	0	0	1661193544534
1125	1466	0	0	0	0	0	0	1661193545554
1127	1466	0	0	0	0	0	0	1661193546574
1129	1466	0	0	0	0	0	0	1661193547594
1129	1466	0	0	0	0	0	0	1661193548614
1128	1466	0	0	0	0	0	0	1661193549634
1129	1466	0	0	0	0	0	0	1661193550654
1131	1466	0	0	0	0	0	0	1661193551674
1131	1466	0	0	0	0	0	0	1661193552694
1132	1466	0	0	0	0	0	0	1661193553714
1133	1466	0	0	0	0	0	0	1661193554734
1133	1466	0	0	0	0	0	0	1661193555754
1133	1466	0	0	0	0	0	0	1661193556774
1133	1466	0	0	0	0	0	0	1661193557794
1133	1466	0	0	0	0	0	0	1661193558814
1133	1466	0	0	0	0	0	0	1661193559834
1133	1466	0	0	0	0	0	0	1661193560854
1133	1466	0	0	0	0	0	0	1661193561874
1132	1466	0	0	0	0	0	0	1661193562894
1131	1466	0	0	0	0	0	0	1661193563914
1129	1466	0	0	0	0	0	0	1661193564934
1127	1466	0	0	0	0	0	0	1661193565954
1128	1466	0	0	0	0	0	0	1661193566974
1127	1466	0	0	0	0	0	0	1661193567994
1127	1466	0	0	0	0	0	0	1661193569014
1125	1466	0	0	0	0	0	0	1661193570034
1126	1466	0	0	0	0	0	0	1661193571054
1128	1466	0	0	0	0	0	0	1661193572074
1129	1466	0	0	0	0	0	0	1661193573094
1130	1466	0	0	0	0	0	0	1661193574114
1130	1466	0	0	0	0	0	0	1661193575134
1130	1466	0	0	0	0	0	0	1661193576154
1130	1466	0	0	0	0	0	0	1661193577174
1131	1466	0	0	0	0	0	0	1661193578194
1131	1466	0	0	0	0	0	0	1661193579214
1132	1466	0	0	0	0	0	0	1661193580234
1132	1466	0	0	0	0	0	0	1661193581254
1132	1466	0	0	0	0	0	0	1661193582274
1132	1466	0	0	0	0	0	0	1661193583294
1133	1466	0	0	0	0	0	0	1661193584314
