1955	418	0	0	0	0	0	0	1659533042278
1948	416	0	0	0	0	0	0	1659533043298
1944	415	0	0	0	0	0	0	1659533044318
1941	414	0	0	0	0	0	0	1659533045338
1940	410	0	0	0	0	0	0	1659533046358
1939	400	0	0	0	0	0	0	1659533047378
1936	394	0	0	0	0	0	0	1659533048398
1928	391	0	0	0	0	0	0	1659533049418
1920	389	0	0	0	0	0	0	1659533050438
1916	388	0	0	0	0	0	0	1659533051458
1914	387	0	0	0	0	0	0	1659533052478
1912	386	0	0	0	0	0	0	1659533053498
1911	386	0	0	0	0	0	0	1659533054518
1910	386	0	0	0	0	0	0	1659533055538
1910	386	0	0	0	0	0	0	1659533056558
1910	386	0	0	0	0	0	0	1659533057578
1910	386	0	0	0	0	0	0	1659533058598
1910	386	0	0	0	0	0	0	1659533059618
1910	386	0	0	0	0	0	0	1659533060638
1910	386	0	0	0	0	0	0	1659533061658
1910	386	0	0	0	0	0	0	1659533062678
1910	386	0	0	0	0	0	0	1659533063698
1908	385	0	0	0	0	0	0	1659533064718
1903	385	0	0	0	0	0	0	1659533065738
1898	383	0	0	0	0	0	0	1659533066758
1892	381	0	0	0	0	0	0	1659533067778
1888	379	0	0	0	0	0	0	1659533068798
1885	376	0	0	0	0	0	0	1659533069818
1884	375	0	0	0	0	0	0	1659533070838
1883	374	0	0	0	0	0	0	1659533071858
1883	371	0	0	0	0	0	0	1659533072878
1882	368	0	0	0	0	0	0	1659533073898
1882	367	0	0	0	0	0	0	1659533074918
1882	366	0	0	0	0	0	0	1659533075938
1882	365	0	0	0	0	0	0	1659533076958
1882	364	0	0	0	0	0	0	1659533077978
1882	363	0	0	0	0	0	0	1659533078998
1882	362	0	0	0	0	0	0	1659533080018
1882	361	0	0	0	0	0	0	1659533081038
1882	360	0	0	0	0	0	0	1659533082058
1882	360	0	0	0	0	0	0	1659533083078
1882	359	0	0	0	0	0	0	1659533084098
1882	359	0	0	0	0	0	0	1659533085118
1882	359	0	0	0	0	0	0	1659533086138
1882	359	0	0	0	0	0	0	1659533087158
1882	359	0	0	0	0	0	0	1659533088178
1882	359	0	0	0	0	0	0	1659533089198
1882	359	0	0	0	0	0	0	1659533090218
1882	359	0	0	0	0	0	0	1659533091238
1882	359	0	0	0	0	0	0	1659533092258
1882	359	0	0	0	0	0	0	1659533093278
1881	359	0	0	0	0	0	0	1659533094298
1879	359	0	0	0	0	0	0	1659533095318
1878	359	0	0	0	0	0	0	1659533096338
1877	359	0	0	0	0	0	0	1659533097358
1876	359	0	0	0	0	0	0	1659533098378
1873	359	0	0	0	0	0	0	1659533099398
1871	359	0	0	0	0	0	0	1659533100418
1867	359	0	0	0	0	0	0	1659533101438
1864	359	0	0	0	0	0	0	1659533102458
1861	359	0	0	0	0	0	0	1659533103478
1859	359	0	0	0	0	0	0	1659533104498
1857	359	0	0	0	0	0	0	1659533105518
1856	359	0	0	0	0	0	0	1659533106538
1856	359	0	0	0	0	0	0	1659533107558
1855	359	0	0	0	0	0	0	1659533108578
1855	359	0	0	0	0	0	0	1659533109598
1855	359	0	0	0	0	0	0	1659533110618
1855	359	0	0	0	0	0	0	1659533111638
1854	359	0	0	0	0	0	0	1659533112658
1854	359	0	0	0	0	0	0	1659533113678
1854	359	0	0	0	0	0	0	1659533114698
1854	358	0	0	0	0	0	0	1659533115718
1854	359	0	0	0	0	0	0	1659533116738
1854	359	0	0	0	0	0	0	1659533117758
1854	359	0	0	0	0	0	0	1659533118778
1854	359	0	0	0	0	0	0	1659533119798
1854	359	0	0	0	0	0	0	1659533120818
1854	360	0	0	0	0	0	0	1659533121838
1854	359	0	0	0	0	0	0	1659533122858
1854	359	0	0	0	0	0	0	1659533123878
1854	360	0	0	0	0	0	0	1659533124898
1854	363	0	0	0	0	0	0	1659533125918
1854	364	0	0	0	0	0	0	1659533126938
1854	363	0	0	0	0	0	0	1659533127958
1854	362	0	0	0	0	0	0	1659533128978
1854	362	0	0	0	0	0	0	1659533129998
1854	361	0	0	0	0	0	0	1659533131018
1854	361	0	0	0	0	0	0	1659533132038
1854	361	0	0	0	0	0	0	1659533133058
1854	362	0	0	0	0	0	0	1659533134078
1854	361	0	0	0	0	0	0	1659533135098
1854	361	0	0	0	0	0	0	1659533136118
1854	362	0	0	0	0	0	0	1659533137138
1854	363	0	0	0	0	0	0	1659533138158
1854	363	0	0	0	0	0	0	1659533139178
1854	362	0	0	0	0	0	0	1659533140198
1854	363	0	0	0	0	0	0	1659533141218
1854	364	0	0	0	0	0	0	1659533142238
1854	364	0	0	0	0	0	0	1659533143258
1854	364	0	0	0	0	0	0	1659533144278
1854	366	0	0	0	0	0	0	1659533145298
1854	366	0	0	0	0	0	0	1659533146318
1854	367	0	0	0	0	0	0	1659533147338
1854	367	0	0	0	0	0	0	1659533148358
1854	368	0	0	0	0	0	0	1659533149378
1854	368	0	0	0	0	0	0	1659533150398
1854	369	0	0	0	0	0	0	1659533151418
1854	369	0	0	0	0	0	0	1659533152438
1854	370	0	0	0	0	0	0	1659533153458
1854	372	0	0	0	0	0	0	1659533154478
1854	376	0	0	0	0	0	0	1659533155498
1854	10225	0	0	0	0	0	0	1659533156518
1854	6288	0	0	0	0	0	0	1659533157538
1854	3927	0	0	0	0	0	0	1659533158558
1854	2510	0	0	0	0	0	0	1659533159578
1854	1660	0	0	0	0	0	0	1659533160598
1854	1150	0	0	0	0	0	0	1659533161618
1854	844	0	0	0	0	0	0	1659533162638
1854	661	0	0	0	0	0	0	1659533163658
1854	550	0	0	0	0	0	0	1659533164678
1854	484	0	0	0	0	0	0	1659533165698
1854	445	0	0	0	0	0	0	1659533166718
1854	421	0	0	0	0	0	0	1659533167738
1854	406	0	0	0	0	0	0	1659533168758
1854	398	0	0	0	0	0	0	1659533169778
1854	393	0	0	0	0	0	0	1659533170798
1854	390	0	0	0	0	0	0	1659533171818
1854	388	0	0	0	0	0	0	1659533172838
1854	387	0	0	0	0	0	0	1659533173858
1854	386	0	0	0	0	0	0	1659533174878
1854	386	0	0	0	0	0	0	1659533175898
1854	386	0	0	0	0	0	0	1659533176918
1854	386	0	0	0	0	0	0	1659533177938
1854	386	0	0	0	0	0	0	1659533178958
1854	386	0	0	0	0	0	0	1659533179978
1854	386	0	0	0	0	0	0	1659533180998
1854	386	0	0	0	0	0	0	1659533182018
1854	386	0	0	0	0	0	0	1659533183038
1854	386	0	0	0	0	0	0	1659533184058
1854	386	0	0	0	0	0	0	1659533185078
1854	386	0	0	0	0	0	0	1659533186098
1854	386	0	0	0	0	0	0	1659533187118
1854	386	0	0	0	0	0	0	1659533188138
1854	386	0	0	0	0	0	0	1659533189158
1854	386	0	0	0	0	0	0	1659533190178
1854	386	0	0	0	0	0	0	1659533191198
1854	386	0	0	0	0	0	0	1659533192218
1854	386	0	0	0	0	0	0	1659533193238
1854	386	0	0	0	0	0	0	1659533194258
1854	386	0	0	0	0	0	0	1659533195278
1854	386	0	0	0	0	0	0	1659533196298
1854	386	0	0	0	0	0	0	1659533197318
1853	386	0	0	0	0	0	0	1659533198338
1853	386	0	0	0	0	0	0	1659533199358
1852	386	0	0	0	0	0	0	1659533200378
1852	386	0	0	0	0	0	0	1659533201398
1852	386	0	0	0	0	0	0	1659533202418
1853	386	0	0	0	0	0	0	1659533203438
1852	386	0	0	0	0	0	0	1659533204458
1850	386	0	0	0	0	0	0	1659533205478
1851	386	0	0	0	0	0	0	1659533206498
1851	386	0	0	0	0	0	0	1659533207518
1850	386	0	0	0	0	0	0	1659533208538
1849	386	0	0	0	0	0	0	1659533209558
1848	386	0	0	0	0	0	0	1659533210578
1846	386	0	0	0	0	0	0	1659533211598
1845	386	0	0	0	0	0	0	1659533212618
1844	386	0	0	0	0	0	0	1659533213638
1845	386	0	0	0	0	0	0	1659533214658
1845	386	0	0	0	0	0	0	1659533215678
1843	386	0	0	0	0	0	0	1659533216698
1843	386	0	0	0	0	0	0	1659533217718
1843	386	0	0	0	0	0	0	1659533218738
1843	386	0	0	0	0	0	0	1659533219758
1840	386	0	0	0	0	0	0	1659533220778
1840	386	0	0	0	0	0	0	1659533221798
1838	386	0	0	0	0	0	0	1659533222818
1836	386	0	0	0	0	0	0	1659533223838
1836	386	0	0	0	0	0	0	1659533224858
1836	386	0	0	0	0	0	0	1659533225878
1835	386	0	0	0	0	0	0	1659533226898
1832	386	0	0	0	0	0	0	1659533227918
1832	386	0	0	0	0	0	0	1659533228938
1832	386	0	0	0	0	0	0	1659533229958
1831	386	0	0	0	0	0	0	1659533230978
1831	386	0	0	0	0	0	0	1659533231998
1830	386	0	0	0	0	0	0	1659533233018
1828	386	0	0	0	0	0	0	1659533234038
1829	386	0	0	0	0	0	0	1659533235058
1829	386	0	0	0	0	0	0	1659533236078
1829	386	0	0	0	0	0	0	1659533237098
1828	386	0	0	0	0	0	0	1659533238118
1827	386	0	0	0	0	0	0	1659533239138
1827	386	0	0	0	0	0	0	1659533240158
1827	386	0	0	0	0	0	0	1659533241178
1827	386	0	0	0	0	0	0	1659533242198
1827	386	0	0	0	0	0	0	1659533243218
1827	386	0	0	0	0	0	0	1659533244238
1827	386	0	0	0	0	0	0	1659533245258
1827	386	0	0	0	0	0	0	1659533246278
1827	386	0	0	0	0	0	0	1659533247298
1826	386	0	0	0	0	0	0	1659533248318
1826	386	0	0	0	0	0	0	1659533249338
1826	386	0	0	0	0	0	0	1659533250358
1826	386	0	0	0	0	0	0	1659533251378
1826	386	0	0	0	0	0	0	1659533252398
1826	386	0	0	0	0	0	0	1659533253418
1826	386	0	0	0	0	0	0	1659533254438
1826	386	0	0	0	0	0	0	1659533255458
1826	386	0	0	0	0	0	0	1659533256478
1826	386	0	0	0	0	0	0	1659533257498
1826	386	0	0	0	0	0	0	1659533258518
1826	386	0	0	0	0	0	0	1659533259538
1826	386	0	0	0	0	0	0	1659533260558
1826	386	0	0	0	0	0	0	1659533261578
1826	386	0	0	0	0	0	0	1659533262598
1826	386	0	0	0	0	0	0	1659533263618
1826	386	0	0	0	0	0	0	1659533264638
1826	386	0	0	0	0	0	0	1659533265658
1826	386	0	0	0	0	0	0	1659533266678
1826	386	0	0	0	0	0	0	1659533267698
1826	386	0	0	0	0	0	0	1659533268718
1826	386	0	0	0	0	0	0	1659533269738
1826	386	0	0	0	0	0	0	1659533270758
1826	386	0	0	0	0	0	0	1659533271778
1826	386	0	0	0	0	0	0	1659533272798
1826	386	0	0	0	0	0	0	1659533273818
1826	386	0	0	0	0	0	0	1659533274838
1826	386	0	0	0	0	0	0	1659533275858
1826	386	0	0	0	0	0	0	1659533276878
1826	386	0	0	0	0	0	0	1659533277898
1826	386	0	0	0	0	0	0	1659533278918
1826	386	0	0	0	0	0	0	1659533279938
1826	386	0	0	0	0	0	0	1659533280958
1826	386	0	0	0	0	0	0	1659533281978
1827	386	0	0	0	0	0	0	1659533282998
1827	386	0	0	0	0	0	0	1659533284018
1827	386	0	0	0	0	0	0	1659533285038
1827	386	0	0	0	0	0	0	1659533286058
1827	386	0	0	0	0	0	0	1659533287078
1827	386	0	0	0	0	0	0	1659533288098
1827	386	0	0	0	0	0	0	1659533289118
1827	386	0	0	0	0	0	0	1659533290138
1827	386	0	0	0	0	0	0	1659533291158
1827	386	0	0	0	0	0	0	1659533292178
1827	386	0	0	0	0	0	0	1659533293198
1827	386	0	0	0	0	0	0	1659533294218
1827	386	0	0	0	0	0	0	1659533295238
1827	386	0	0	0	0	0	0	1659533296258
1827	386	0	0	0	0	0	0	1659533297278
1827	386	0	0	0	0	0	0	1659533298298
1827	386	0	0	0	0	0	0	1659533299318
1827	386	0	0	0	0	0	0	1659533300338
1827	386	0	0	0	0	0	0	1659533301358
1827	386	0	0	0	0	0	0	1659533302378
1827	386	0	0	0	0	0	0	1659533303398
1827	386	0	0	0	0	0	0	1659533304418
1826	386	0	0	0	0	0	0	1659533305438
1826	386	0	0	0	0	0	0	1659533306458
1826	386	0	0	0	0	0	0	1659533307478
1826	386	0	0	0	0	0	0	1659533308498
1826	386	0	0	0	0	0	0	1659533309518
1826	386	0	0	0	0	0	0	1659533310538
1826	386	0	0	0	0	0	0	1659533311558
1826	386	0	0	0	0	0	0	1659533312578
1826	386	0	0	0	0	0	0	1659533313598
1826	386	0	0	0	0	0	0	1659533314618
1826	386	0	0	0	0	0	0	1659533315638
1826	386	0	0	0	0	0	0	1659533316658
1826	386	0	0	0	0	0	0	1659533317678
1826	386	0	0	0	0	0	0	1659533318698
1826	386	0	0	0	0	0	0	1659533319718
1826	386	0	0	0	0	0	0	1659533320738
1826	386	0	0	0	0	0	0	1659533321758
1826	386	0	0	0	0	0	0	1659533322778
1826	386	0	0	0	0	0	0	1659533323798
1826	386	0	0	0	0	0	0	1659533324818
1826	386	0	0	0	0	0	0	1659533325838
1826	386	0	0	0	0	0	0	1659533326858
1826	386	0	0	0	0	0	0	1659533327878
1826	386	0	0	0	0	0	0	1659533328898
1826	386	0	0	0	0	0	0	1659533329918
1826	386	0	0	0	0	0	0	1659533330938
1826	386	0	0	0	0	0	0	1659533331958
1826	386	0	0	0	0	0	0	1659533332978
1826	386	0	0	0	0	0	0	1659533333998
1826	386	0	0	0	0	0	0	1659533335018
1826	386	0	0	0	0	0	0	1659533336038
1826	386	0	0	0	0	0	0	1659533337058
1826	386	0	0	0	0	0	0	1659533338078
1826	386	0	0	0	0	0	0	1659533339098
1826	386	0	0	0	0	0	0	1659533340118
1826	386	0	0	0	0	0	0	1659533341138
1826	386	0	0	0	0	0	0	1659533342158
1826	386	0	0	0	0	0	0	1659533343178
1826	386	0	0	0	0	0	0	1659533344198
1826	386	0	0	0	0	0	0	1659533345218
1826	386	0	0	0	0	0	0	1659533346238
1826	386	0	0	0	0	0	0	1659533347258
1826	386	0	0	0	0	0	0	1659533348278
1826	386	0	0	0	0	0	0	1659533349298
1826	386	0	0	0	0	0	0	1659533350318
1826	386	0	0	0	0	0	0	1659533351338
1826	386	0	0	0	0	0	0	1659533352358
1826	386	0	0	0	0	0	0	1659533353378
1826	386	0	0	0	0	0	0	1659533354398
1826	386	0	0	0	0	0	0	1659533355418
1826	386	0	0	0	0	0	0	1659533356438
1826	386	0	0	0	0	0	0	1659533357458
1826	386	0	0	0	0	0	0	1659533358478
1826	386	0	0	0	0	0	0	1659533359498
1826	386	0	0	0	0	0	0	1659533360518
1826	386	0	0	0	0	0	0	1659533361538
1826	386	0	0	0	0	0	0	1659533362558
1826	386	0	0	0	0	0	0	1659533363578
1826	386	0	0	0	0	0	0	1659533364598
1826	386	0	0	0	0	0	0	1659533365618
1826	386	0	0	0	0	0	0	1659533366638
1826	386	0	0	0	0	0	0	1659533367658
1826	386	0	0	0	0	0	0	1659533368678
1826	386	0	0	0	0	0	0	1659533369698
1826	386	0	0	0	0	0	0	1659533370718
1826	386	0	0	0	0	0	0	1659533371738
1826	386	0	0	0	0	0	0	1659533372758
1826	386	0	0	0	0	0	0	1659533373778
1818	386	0	0	0	0	0	0	1659533374798
1810	386	0	0	0	0	0	0	1659533375818
1805	386	0	0	0	0	0	0	1659533376838
1802	386	0	0	0	0	0	0	1659533377858
1801	386	0	0	0	0	0	0	1659533378878
1800	386	0	0	0	0	0	0	1659533379898
1799	386	0	0	0	0	0	0	1659533380918
1799	386	0	0	0	0	0	0	1659533381938
1799	386	0	0	0	0	0	0	1659533382958
1799	386	0	0	0	0	0	0	1659533383978
1799	386	0	0	0	0	0	0	1659533384998
1799	386	0	0	0	0	0	0	1659533386018
1799	386	0	0	0	0	0	0	1659533387038
1799	386	0	0	0	0	0	0	1659533388058
1798	386	0	0	0	0	0	0	1659533389078
1798	386	0	0	0	0	0	0	1659533390098
1798	386	0	0	0	0	0	0	1659533391118
1798	386	0	0	0	0	0	0	1659533392138
1798	386	0	0	0	0	0	0	1659533393158
1798	386	0	0	0	0	0	0	1659533394178
1798	386	0	0	0	0	0	0	1659533395198
1798	386	0	0	0	0	0	0	1659533396218
1798	386	0	0	0	0	0	0	1659533397238
1798	386	0	0	0	0	0	0	1659533398258
1798	386	0	0	0	0	0	0	1659533399278
1798	386	0	0	0	0	0	0	1659533400298
1798	386	0	0	0	0	0	0	1659533401318
1798	386	0	0	0	0	0	0	1659533402338
1798	386	0	0	0	0	0	0	1659533403358
1798	386	0	0	0	0	0	0	1659533404378
1798	386	0	0	0	0	0	0	1659533405398
1798	386	0	0	0	0	0	0	1659533406418
1798	386	0	0	0	0	0	0	1659533407438
1798	386	0	0	0	0	0	0	1659533408458
1798	386	0	0	0	0	0	0	1659533409478
1798	386	0	0	0	0	0	0	1659533410498
1798	386	0	0	0	0	0	0	1659533411518
1798	386	0	0	0	0	0	0	1659533412538
1798	386	0	0	0	0	0	0	1659533413558
1798	386	0	0	0	0	0	0	1659533414578
1798	386	0	0	0	0	0	0	1659533415598
1798	386	0	0	0	0	0	0	1659533416618
1798	386	0	0	0	0	0	0	1659533417638
1798	386	0	0	0	0	0	0	1659533418658
1798	386	0	0	0	0	0	0	1659533419678
1794	386	0	0	0	0	0	0	1659533420698
1795	386	0	0	0	0	0	0	1659533421718
1796	386	0	0	0	0	0	0	1659533422738
1797	386	0	0	0	0	0	0	1659533423758
1798	386	0	0	0	0	0	0	1659533424778
1798	386	0	0	0	0	0	0	1659533425798
1798	386	0	0	0	0	0	0	1659533426818
1798	386	0	0	0	0	0	0	1659533427838
1798	386	0	0	0	0	0	0	1659533428858
1798	386	0	0	0	0	0	0	1659533429878
1798	386	0	0	0	0	0	0	1659533430898
1798	386	0	0	0	0	0	0	1659533431918
1798	386	0	0	0	0	0	0	1659533432938
1798	386	0	0	0	0	0	0	1659533433958
1798	386	0	0	0	0	0	0	1659533434978
1798	386	0	0	0	0	0	0	1659533435998
1798	386	0	0	0	0	0	0	1659533437018
1798	386	0	0	0	0	0	0	1659533438038
1798	386	0	0	0	0	0	0	1659533439058
1798	386	0	0	0	0	0	0	1659533440078
1798	386	0	0	0	0	0	0	1659533441098
1798	386	0	0	0	0	0	0	1659533442118
1798	386	0	0	0	0	0	0	1659533443138
1798	386	0	0	0	0	0	0	1659533444158
1798	386	0	0	0	0	0	0	1659533445178
1798	386	0	0	0	0	0	0	1659533446198
1798	386	0	0	0	0	0	0	1659533447218
1798	386	0	0	0	0	0	0	1659533448238
1798	386	0	0	0	0	0	0	1659533449258
1798	386	0	0	0	0	0	0	1659533450278
1798	386	0	0	0	0	0	0	1659533451298
1798	386	0	0	0	0	0	0	1659533452318
1798	386	0	0	0	0	0	0	1659533453338
1798	386	0	0	0	0	0	0	1659533454358
1798	386	0	0	0	0	0	0	1659533455378
1798	386	0	0	0	0	0	0	1659533456398
1798	386	0	0	0	0	0	0	1659533457418
1798	386	0	0	0	0	0	0	1659533458438
1798	386	0	0	0	0	0	0	1659533459458
1798	386	0	0	0	0	0	0	1659533460478
1798	386	0	0	0	0	0	0	1659533461498
1798	386	0	0	0	0	0	0	1659533462518
1798	386	0	0	0	0	0	0	1659533463538
1798	386	0	0	0	0	0	0	1659533464558
1798	386	0	0	0	0	0	0	1659533465578
1798	386	0	0	0	0	0	0	1659533466598
1798	386	0	0	0	0	0	0	1659533467618
1798	386	0	0	0	0	0	0	1659533468638
1798	386	0	0	0	0	0	0	1659533469658
1798	386	0	0	0	0	0	0	1659533470678
1798	386	0	0	0	0	0	0	1659533471698
1798	386	0	0	0	0	0	0	1659533472718
1798	386	0	0	0	0	0	0	1659533473738
1798	386	0	0	0	0	0	0	1659533474758
1798	386	0	0	0	0	0	0	1659533475778
1798	386	0	0	0	0	0	0	1659533476798
1798	386	0	0	0	0	0	0	1659533477818
1798	386	0	0	0	0	0	0	1659533478838
1798	386	0	0	0	0	0	0	1659533479858
1798	386	0	0	0	0	0	0	1659533480878
1798	386	0	0	0	0	0	0	1659533481898
1798	386	0	0	0	0	0	0	1659533482918
1798	386	0	0	0	0	0	0	1659533483938
1798	386	0	0	0	0	0	0	1659533484958
1798	386	0	0	0	0	0	0	1659533485978
1798	386	0	0	0	0	0	0	1659533486998
1798	386	0	0	0	0	0	0	1659533488018
1798	386	0	0	0	0	0	0	1659533489038
1798	386	0	0	0	0	0	0	1659533490058
1798	386	0	0	0	0	0	0	1659533491078
1798	386	0	0	0	0	0	0	1659533492098
1798	386	0	0	0	0	0	0	1659533493118
1798	386	0	0	0	0	0	0	1659533494138
1798	386	0	0	0	0	0	0	1659533495158
1798	386	0	0	0	0	0	0	1659533496178
1798	386	0	0	0	0	0	0	1659533497198
1798	386	0	0	0	0	0	0	1659533498218
1798	386	0	0	0	0	0	0	1659533499238
1798	386	0	0	0	0	0	0	1659533500258
1798	386	0	0	0	0	0	0	1659533501278
1798	386	0	0	0	0	0	0	1659533502298
1798	386	0	0	0	0	0	0	1659533503318
1798	386	0	0	0	0	0	0	1659533504338
1798	386	0	0	0	0	0	0	1659533505358
1798	386	0	0	0	0	0	0	1659533506378
1798	386	0	0	0	0	0	0	1659533507398
1798	386	0	0	0	0	0	0	1659533508418
1798	386	0	0	0	0	0	0	1659533509438
1798	386	0	0	0	0	0	0	1659533510458
1798	386	0	0	0	0	0	0	1659533511478
1798	386	0	0	0	0	0	0	1659533512498
1798	386	0	0	0	0	0	0	1659533513518
1798	386	0	0	0	0	0	0	1659533514538
1798	386	0	0	0	0	0	0	1659533515558
1798	386	0	0	0	0	0	0	1659533516578
1798	386	0	0	0	0	0	0	1659533517598
1798	386	0	0	0	0	0	0	1659533518618
1798	386	0	0	0	0	0	0	1659533519638
1798	386	0	0	0	0	0	0	1659533520658
1798	386	0	0	0	0	0	0	1659533521678
1798	386	0	0	0	0	0	0	1659533522698
1798	386	0	0	0	0	0	0	1659533523718
1798	386	0	0	0	0	0	0	1659533524738
1798	386	0	0	0	0	0	0	1659533525758
1798	386	0	0	0	0	0	0	1659533526778
1798	386	0	0	0	0	0	0	1659533527798
1798	386	0	0	0	0	0	0	1659533528818
1798	386	0	0	0	0	0	0	1659533529838
1798	386	0	0	0	0	0	0	1659533530858
1798	386	0	0	0	0	0	0	1659533531878
1798	386	0	0	0	0	0	0	1659533532898
1798	386	0	0	0	0	0	0	1659533533918
1798	386	0	0	0	0	0	0	1659533534938
1798	386	0	0	0	0	0	0	1659533535958
1798	386	0	0	0	0	0	0	1659533536978
1798	386	0	0	0	0	0	0	1659533537998
1798	386	0	0	0	0	0	0	1659533539018
1798	386	0	0	0	0	0	0	1659533540038
1798	386	0	0	0	0	0	0	1659533541058
1798	386	0	0	0	0	0	0	1659533542078
1798	386	0	0	0	0	0	0	1659533543098
1798	386	0	0	0	0	0	0	1659533544118
1798	386	0	0	0	0	0	0	1659533545138
1798	386	0	0	0	0	0	0	1659533546158
1798	386	0	0	0	0	0	0	1659533547178
1798	386	0	0	0	0	0	0	1659533548198
1798	386	0	0	0	0	0	0	1659533549218
1798	386	0	0	0	0	0	0	1659533550238
1798	386	0	0	0	0	0	0	1659533551258
1798	386	0	0	0	0	0	0	1659533552278
1798	386	0	0	0	0	0	0	1659533553298
1798	386	0	0	0	0	0	0	1659533554318
1798	386	0	0	0	0	0	0	1659533555338
1798	386	0	0	0	0	0	0	1659533556358
1798	386	0	0	0	0	0	0	1659533557378
1798	386	0	0	0	0	0	0	1659533558398
1798	386	0	0	0	0	0	0	1659533559418
1798	386	0	0	0	0	0	0	1659533560438
1798	386	0	0	0	0	0	0	1659533561458
1798	386	0	0	0	0	0	0	1659533562478
1798	386	0	0	0	0	0	0	1659533563498
1798	386	0	0	0	0	0	0	1659533564518
1798	386	0	0	0	0	0	0	1659533565538
1799	386	0	0	0	0	0	0	1659533566558
1799	386	0	0	0	0	0	0	1659533567578
1799	386	0	0	0	0	0	0	1659533568598
1799	386	0	0	0	0	0	0	1659533569618
1799	386	0	0	0	0	0	0	1659533570638
1799	386	0	0	0	0	0	0	1659533571658
1799	386	0	0	0	0	0	0	1659533572678
1799	386	0	0	0	0	0	0	1659533573698
1799	386	0	0	0	0	0	0	1659533574718
1799	386	0	0	0	0	0	0	1659533575738
1778	386	0	0	0	0	0	0	1659533576758
1786	386	0	0	0	0	0	0	1659533577778
1791	386	0	0	0	0	0	0	1659533578798
1794	386	0	0	0	0	0	0	1659533579818
1796	386	0	0	0	0	0	0	1659533580838
1797	386	0	0	0	0	0	0	1659533581858
1798	386	0	0	0	0	0	0	1659533582908
1798	386	0	0	0	0	0	0	1659533583928
1798	386	0	0	0	0	0	0	1659533584948
1798	386	0	0	0	0	0	0	1659533585968
1798	386	0	0	0	0	0	0	1659533586988
1798	386	0	0	0	0	0	0	1659533588008
1798	386	0	0	0	0	0	0	1659533589028
1798	386	0	0	0	0	0	0	1659533590048
1798	386	0	0	0	0	0	0	1659533591068
1798	386	0	0	0	0	0	0	1659533592088
1798	386	0	0	0	0	0	0	1659533593108
1798	386	0	0	0	0	0	0	1659533594128
1798	386	0	0	0	0	0	0	1659533595148
1798	386	0	0	0	0	0	0	1659533596168
1798	386	0	0	0	0	0	0	1659533597188
1798	386	0	0	0	0	0	0	1659533598208
1798	386	0	0	0	0	0	0	1659533599228
1798	386	0	0	0	0	0	0	1659533600248
1798	386	0	0	0	0	0	0	1659533601268
1798	386	0	0	0	0	0	0	1659533602288
1798	386	0	0	0	0	0	0	1659533603308
1798	386	0	0	0	0	0	0	1659533604328
1798	386	0	0	0	0	0	0	1659533605348
1798	386	0	0	0	0	0	0	1659533606368
1798	386	0	0	0	0	0	0	1659533607388
1798	386	0	0	0	0	0	0	1659533608408
1798	386	0	0	0	0	0	0	1659533609428
1798	386	0	0	0	0	0	0	1659533610448
1798	386	0	0	0	0	0	0	1659533611468
1798	386	0	0	0	0	0	0	1659533612488
1798	386	0	0	0	0	0	0	1659533613508
1798	386	0	0	0	0	0	0	1659533614528
1798	386	0	0	0	0	0	0	1659533615548
1798	386	0	0	0	0	0	0	1659533616568
1798	386	0	0	0	0	0	0	1659533617588
1798	386	0	0	0	0	0	0	1659533618608
1798	386	0	0	0	0	0	0	1659533619628
1798	386	0	0	0	0	0	0	1659533620648
1798	386	0	0	0	0	0	0	1659533621668
1798	386	0	0	0	0	0	0	1659533622688
1798	386	0	0	0	0	0	0	1659533623708
1798	386	0	0	0	0	0	0	1659533624728
1798	386	0	0	0	0	0	0	1659533625748
1798	386	0	0	0	0	0	0	1659533626768
1798	386	0	0	0	0	0	0	1659533627788
1798	386	0	0	0	0	0	0	1659533628808
1798	386	0	0	0	0	0	0	1659533629828
1798	386	0	0	0	0	0	0	1659533630848
1798	386	0	0	0	0	0	0	1659533631868
1798	386	0	0	0	0	0	0	1659533632888
1798	386	0	0	0	0	0	0	1659533633908
1798	386	0	0	0	0	0	0	1659533634928
1798	386	0	0	0	0	0	0	1659533635948
1799	386	0	0	0	0	0	0	1659533636968
1798	386	0	0	0	0	0	0	1659533637988
1798	386	0	0	0	0	0	0	1659533639008
1798	386	0	0	0	0	0	0	1659533640028
1798	386	0	0	0	0	0	0	1659533641048
1798	386	0	0	0	0	0	0	1659533642068
1798	386	0	0	0	0	0	0	1659533643088
1798	386	0	0	0	0	0	0	1659533644108
1798	386	0	0	0	0	0	0	1659533645128
1798	386	0	0	0	0	0	0	1659533646148
1798	386	0	0	0	0	0	0	1659533647168
1798	386	0	0	0	0	0	0	1659533648188
1798	386	0	0	0	0	0	0	1659533649208
1798	386	0	0	0	0	0	0	1659533650228
1798	386	0	0	0	0	0	0	1659533651248
1798	386	0	0	0	0	0	0	1659533652268
1799	386	0	0	0	0	0	0	1659533653288
1799	386	0	0	0	0	0	0	1659533654308
1799	386	0	0	0	0	0	0	1659533655328
1799	386	0	0	0	0	0	0	1659533656348
1799	386	0	0	0	0	0	0	1659533657368
1799	386	0	0	0	0	0	0	1659533658388
1799	386	0	0	0	0	0	0	1659533659408
1799	10231	0	0	0	0	0	0	1659533660428
1799	6293	0	0	0	0	0	0	1659533661448
1799	3931	0	0	0	0	0	0	1659533662468
1799	2513	0	0	0	0	0	0	1659533663488
1799	1662	0	0	0	0	0	0	1659533664508
1799	1151	0	0	0	0	0	0	1659533665528
1799	845	0	0	0	0	0	0	1659533666548
1799	662	0	0	0	0	0	0	1659533667568
1799	554	0	0	0	0	0	0	1659533668588
1799	491	0	0	0	0	0	0	1659533669608
1799	454	0	0	0	0	0	0	1659533670628
1798	432	0	0	0	0	0	0	1659533671648
1798	419	0	0	0	0	0	0	1659533672668
1798	411	0	0	0	0	0	0	1659533673688
1798	407	0	0	0	0	0	0	1659533674708
1798	405	0	0	0	0	0	0	1659533675728
1798	401	0	0	0	0	0	0	1659533676748
1798	402	0	0	0	0	0	0	1659533677768
1798	403	0	0	0	0	0	0	1659533678788
1798	406	0	0	0	0	0	0	1659533679808
1798	408	0	0	0	0	0	0	1659533680828
1798	409	0	0	0	0	0	0	1659533681848
1798	411	0	0	0	0	0	0	1659533682868
1798	412	0	0	0	0	0	0	1659533683888
1798	412	0	0	0	0	0	0	1659533684908
1798	412	0	0	0	0	0	0	1659533685928
1798	411	0	0	0	0	0	0	1659533686948
1798	408	0	0	0	0	0	0	1659533687968
1798	408	0	0	0	0	0	0	1659533688988
1798	409	0	0	0	0	0	0	1659533690008
1798	410	0	0	0	0	0	0	1659533691028
1798	410	0	0	0	0	0	0	1659533692048
1798	411	0	0	0	0	0	0	1659533693068
1798	412	0	0	0	0	0	0	1659533694088
1798	413	0	0	0	0	0	0	1659533695108
1798	413	0	0	0	0	0	0	1659533696128
1798	412	0	0	0	0	0	0	1659533697148
1798	412	0	0	0	0	0	0	1659533698168
1798	412	0	0	0	0	0	0	1659533699188
1798	412	0	0	0	0	0	0	1659533700208
1798	412	0	0	0	0	0	0	1659533701228
1798	412	0	0	0	0	0	0	1659533702248
1798	412	0	0	0	0	0	0	1659533703268
1798	412	0	0	0	0	0	0	1659533704288
1798	412	0	0	0	0	0	0	1659533705308
1798	412	0	0	0	0	0	0	1659533706328
1798	412	0	0	0	0	0	0	1659533707348
1798	412	0	0	0	0	0	0	1659533708368
1798	412	0	0	0	0	0	0	1659533709388
1798	412	0	0	0	0	0	0	1659533710408
1798	412	0	0	0	0	0	0	1659533711428
1798	413	0	0	0	0	0	0	1659533712448
1798	413	0	0	0	0	0	0	1659533713468
1798	413	0	0	0	0	0	0	1659533714488
1798	413	0	0	0	0	0	0	1659533715508
1799	413	0	0	0	0	0	0	1659533716528
1799	413	0	0	0	0	0	0	1659533717548
1799	413	0	0	0	0	0	0	1659533718568
1799	413	0	0	0	0	0	0	1659533719588
1799	413	0	0	0	0	0	0	1659533720608
1799	413	0	0	0	0	0	0	1659533721628
1799	413	0	0	0	0	0	0	1659533722648
1799	413	0	0	0	0	0	0	1659533723668
1799	413	0	0	0	0	0	0	1659533724688
1799	413	0	0	0	0	0	0	1659533725708
1799	413	0	0	0	0	0	0	1659533726728
1799	413	0	0	0	0	0	0	1659533727748
1799	413	0	0	0	0	0	0	1659533728768
1799	413	0	0	0	0	0	0	1659533729788
1799	413	0	0	0	0	0	0	1659533730808
1799	413	0	0	0	0	0	0	1659533731828
1799	413	0	0	0	0	0	0	1659533732848
1799	413	0	0	0	0	0	0	1659533733868
1799	413	0	0	0	0	0	0	1659533734888
1799	413	0	0	0	0	0	0	1659533735908
1799	413	0	0	0	0	0	0	1659533736928
1799	413	0	0	0	0	0	0	1659533737948
1799	413	0	0	0	0	0	0	1659533738968
1799	413	0	0	0	0	0	0	1659533739988
1799	413	0	0	0	0	0	0	1659533741008
1799	413	0	0	0	0	0	0	1659533742028
1799	413	0	0	0	0	0	0	1659533743048
1799	413	0	0	0	0	0	0	1659533744068
1799	413	0	0	0	0	0	0	1659533745088
1799	413	0	0	0	0	0	0	1659533746108
1799	413	0	0	0	0	0	0	1659533747128
1799	413	0	0	0	0	0	0	1659533748148
1799	413	0	0	0	0	0	0	1659533749168
1799	413	0	0	0	0	0	0	1659533750188
1799	413	0	0	0	0	0	0	1659533751208
1799	413	0	0	0	0	0	0	1659533752228
1799	413	0	0	0	0	0	0	1659533753248
1799	413	0	0	0	0	0	0	1659533754268
1799	413	0	0	0	0	0	0	1659533755288
1799	413	0	0	0	0	0	0	1659533756308
1799	413	0	0	0	0	0	0	1659533757328
1799	413	0	0	0	0	0	0	1659533758348
1799	413	0	0	0	0	0	0	1659533759368
1799	413	0	0	0	0	0	0	1659533760388
1799	413	0	0	0	0	0	0	1659533761408
1799	413	0	0	0	0	0	0	1659533762428
1799	413	0	0	0	0	0	0	1659533763448
1799	413	0	0	0	0	0	0	1659533764468
1799	413	0	0	0	0	0	0	1659533765488
1799	413	0	0	0	0	0	0	1659533766508
1799	413	0	0	0	0	0	0	1659533767528
1799	413	0	0	0	0	0	0	1659533768548
1799	413	0	0	0	0	0	0	1659533769568
1799	413	0	0	0	0	0	0	1659533770588
1799	413	0	0	0	0	0	0	1659533771608
1799	413	0	0	0	0	0	0	1659533772628
1799	413	0	0	0	0	0	0	1659533773648
1799	413	0	0	0	0	0	0	1659533774668
1799	413	0	0	0	0	0	0	1659533775688
1799	413	0	0	0	0	0	0	1659533776708
1799	413	0	0	0	0	0	0	1659533777728
1799	413	0	0	0	0	0	0	1659533778748
1799	413	0	0	0	0	0	0	1659533779768
1799	413	0	0	0	0	0	0	1659533780788
1799	413	0	0	0	0	0	0	1659533781808
1799	413	0	0	0	0	0	0	1659533782828
1799	413	0	0	0	0	0	0	1659533783848
1799	413	0	0	0	0	0	0	1659533784868
1799	413	0	0	0	0	0	0	1659533785888
1799	413	0	0	0	0	0	0	1659533786908
1799	413	0	0	0	0	0	0	1659533787928
1799	413	0	0	0	0	0	0	1659533788948
1799	413	0	0	0	0	0	0	1659533789968
1799	413	0	0	0	0	0	0	1659533790988
1799	413	0	0	0	0	0	0	1659533792008
1799	413	0	0	0	0	0	0	1659533793028
1799	413	0	0	0	0	0	0	1659533794048
1799	413	0	0	0	0	0	0	1659533795068
1799	413	0	0	0	0	0	0	1659533796088
1799	413	0	0	0	0	0	0	1659533797108
1799	413	0	0	0	0	0	0	1659533798128
1799	413	0	0	0	0	0	0	1659533799148
1799	413	0	0	0	0	0	0	1659533800168
1799	413	0	0	0	0	0	0	1659533801188
1799	413	0	0	0	0	0	0	1659533802208
1799	413	0	0	0	0	0	0	1659533803228
1799	413	0	0	0	0	0	0	1659533804248
1799	413	0	0	0	0	0	0	1659533805268
1799	413	0	0	0	0	0	0	1659533806288
1799	413	0	0	0	0	0	0	1659533807308
1799	413	0	0	0	0	0	0	1659533808328
1799	413	0	0	0	0	0	0	1659533809348
1799	413	0	0	0	0	0	0	1659533810368
1799	413	0	0	0	0	0	0	1659533811388
1799	413	0	0	0	0	0	0	1659533812408
1799	413	0	0	0	0	0	0	1659533813428
1799	413	0	0	0	0	0	0	1659533814448
1799	413	0	0	0	0	0	0	1659533815468
1799	413	0	0	0	0	0	0	1659533816488
1799	413	0	0	0	0	0	0	1659533817508
1799	413	0	0	0	0	0	0	1659533818528
1799	413	0	0	0	0	0	0	1659533819548
1799	413	0	0	0	0	0	0	1659533820568
1799	413	0	0	0	0	0	0	1659533821588
1799	413	0	0	0	0	0	0	1659533822608
1799	413	0	0	0	0	0	0	1659533823628
1799	413	0	0	0	0	0	0	1659533824648
1799	413	0	0	0	0	0	0	1659533825668
1799	413	0	0	0	0	0	0	1659533826688
1799	413	0	0	0	0	0	0	1659533827708
1799	413	0	0	0	0	0	0	1659533828728
1799	413	0	0	0	0	0	0	1659533829748
1799	413	0	0	0	0	0	0	1659533830768
1799	413	0	0	0	0	0	0	1659533831788
1799	413	0	0	0	0	0	0	1659533832808
1799	413	0	0	0	0	0	0	1659533833828
1799	413	0	0	0	0	0	0	1659533834848
1799	413	0	0	0	0	0	0	1659533835868
1799	413	0	0	0	0	0	0	1659533836888
1799	413	0	0	0	0	0	0	1659533837908
1799	413	0	0	0	0	0	0	1659533838928
1799	413	0	0	0	0	0	0	1659533839948
1799	413	0	0	0	0	0	0	1659533840968
1799	413	0	0	0	0	0	0	1659533841988
1799	413	0	0	0	0	0	0	1659533843008
1799	413	0	0	0	0	0	0	1659533844028
1799	413	0	0	0	0	0	0	1659533845048
1799	413	0	0	0	0	0	0	1659533846068
1799	413	0	0	0	0	0	0	1659533847088
1799	413	0	0	0	0	0	0	1659533848108
1799	413	0	0	0	0	0	0	1659533849128
1799	413	0	0	0	0	0	0	1659533850148
1799	413	0	0	0	0	0	0	1659533851168
1799	413	0	0	0	0	0	0	1659533852188
1799	413	0	0	0	0	0	0	1659533853208
1799	413	0	0	0	0	0	0	1659533854228
1799	413	0	0	0	0	0	0	1659533855248
1799	413	0	0	0	0	0	0	1659533856268
1799	413	0	0	0	0	0	0	1659533857288
1799	413	0	0	0	0	0	0	1659533858308
1799	413	0	0	0	0	0	0	1659533859328
1799	413	0	0	0	0	0	0	1659533860348
1799	413	0	0	0	0	0	0	1659533861368
1799	413	0	0	0	0	0	0	1659533862388
1799	413	0	0	0	0	0	0	1659533863408
1799	413	0	0	0	0	0	0	1659533864428
1799	413	0	0	0	0	0	0	1659533865448
1799	413	0	0	0	0	0	0	1659533866468
1799	413	0	0	0	0	0	0	1659533867488
1799	413	0	0	0	0	0	0	1659533868508
1799	413	0	0	0	0	0	0	1659533869528
1799	413	0	0	0	0	0	0	1659533870548
1799	413	0	0	0	0	0	0	1659533871568
1799	413	0	0	0	0	0	0	1659533872588
1799	413	0	0	0	0	0	0	1659533873608
1799	413	0	0	0	0	0	0	1659533874628
1799	413	0	0	0	0	0	0	1659533875648
1799	413	0	0	0	0	0	0	1659533876668
1799	413	0	0	0	0	0	0	1659533877688
1799	413	0	0	0	0	0	0	1659533878708
1799	413	0	0	0	0	0	0	1659533879728
1799	413	0	0	0	0	0	0	1659533880748
1799	413	0	0	0	0	0	0	1659533881768
1799	413	0	0	0	0	0	0	1659533882788
1799	413	0	0	0	0	0	0	1659533883808
1799	413	0	0	0	0	0	0	1659533884828
1799	413	0	0	0	0	0	0	1659533885848
1799	413	0	0	0	0	0	0	1659533886868
1799	413	0	0	0	0	0	0	1659533887888
11079	413	0	0	0	0	0	0	1659533888908
7367	413	0	0	0	0	0	0	1659533889928
5140	413	0	0	0	0	0	0	1659533890948
3804	413	0	0	0	0	0	0	1659533891968
3002	413	0	0	0	0	0	0	1659533892988
2521	413	0	0	0	0	0	0	1659533894008
2232	413	0	0	0	0	0	0	1659533895028
2059	413	0	0	0	0	0	0	1659533896048
1955	413	0	0	0	0	0	0	1659533897068
1892	413	0	0	0	0	0	0	1659533898088
1855	413	0	0	0	0	0	0	1659533899108
1832	413	0	0	0	0	0	0	1659533900128
1819	413	0	0	0	0	0	0	1659533901148
1811	413	0	0	0	0	0	0	1659533902168
1806	413	0	0	0	0	0	0	1659533903188
1803	413	0	0	0	0	0	0	1659533904208
1801	413	0	0	0	0	0	0	1659533905228
1800	413	0	0	0	0	0	0	1659533906248
1799	413	0	0	0	0	0	0	1659533907268
1799	413	0	0	0	0	0	0	1659533908288
1799	413	0	0	0	0	0	0	1659533909308
1799	413	0	0	0	0	0	0	1659533910328
1799	413	0	0	0	0	0	0	1659533911348
1799	413	0	0	0	0	0	0	1659533912368
1799	413	0	0	0	0	0	0	1659533913388
1799	413	0	0	0	0	0	0	1659533914408
1799	413	0	0	0	0	0	0	1659533915428
1799	413	0	0	0	0	0	0	1659533916448
1799	413	0	0	0	0	0	0	1659533917468
1799	413	0	0	0	0	0	0	1659533918488
1799	413	0	0	0	0	0	0	1659533919508
1799	413	0	0	0	0	0	0	1659533920528
1799	413	0	0	0	0	0	0	1659533921548
1799	413	0	0	0	0	0	0	1659533922568
1799	413	0	0	0	0	0	0	1659533923588
1799	413	0	0	0	0	0	0	1659533924608
1799	413	0	0	0	0	0	0	1659533925628
1799	413	0	0	0	0	0	0	1659533926648
1799	413	0	0	0	0	0	0	1659533927668
1799	413	0	0	0	0	0	0	1659533928688
1799	413	0	0	0	0	0	0	1659533929708
1799	413	0	0	0	0	0	0	1659533930728
1799	413	0	0	0	0	0	0	1659533931748
1799	413	0	0	0	0	0	0	1659533932768
1799	413	0	0	0	0	0	0	1659533933788
1799	413	0	0	0	0	0	0	1659533934808
1799	413	0	0	0	0	0	0	1659533935828
1799	413	0	0	0	0	0	0	1659533936848
1799	413	0	0	0	0	0	0	1659533937868
1799	413	0	0	0	0	0	0	1659533938888
1799	413	0	0	0	0	0	0	1659533939908
1799	413	0	0	0	0	0	0	1659533940928
1799	413	0	0	0	0	0	0	1659533941948
1799	413	0	0	0	0	0	0	1659533942968
1800	413	0	0	0	0	0	0	1659533943988
1799	413	0	0	0	0	0	0	1659533945008
1799	413	0	0	0	0	0	0	1659533946028
1799	413	0	0	0	0	0	0	1659533947048
1799	413	0	0	0	0	0	0	1659533948068
1799	413	0	0	0	0	0	0	1659533949088
1799	413	0	0	0	0	0	0	1659533950108
1799	413	0	0	0	0	0	0	1659533951128
1799	413	0	0	0	0	0	0	1659533952148
1799	413	0	0	0	0	0	0	1659533953168
1799	413	0	0	0	0	0	0	1659533954188
1799	413	0	0	0	0	0	0	1659533955208
1799	413	0	0	0	0	0	0	1659533956228
1799	413	0	0	0	0	0	0	1659533957248
1799	413	0	0	0	0	0	0	1659533958268
1800	413	0	0	0	0	0	0	1659533959288
1800	413	0	0	0	0	0	0	1659533960308
1800	413	0	0	0	0	0	0	1659533961328
1800	413	0	0	0	0	0	0	1659533962348
1800	413	0	0	0	0	0	0	1659533963368
1800	413	0	0	0	0	0	0	1659533964388
1800	413	0	0	0	0	0	0	1659533965408
1800	413	0	0	0	0	0	0	1659533966428
1800	413	0	0	0	0	0	0	1659533967448
1800	413	0	0	0	0	0	0	1659533968468
1800	413	0	0	0	0	0	0	1659533969488
1800	413	0	0	0	0	0	0	1659533970508
1801	413	0	0	0	0	0	0	1659533971528
1801	413	0	0	0	0	0	0	1659533972548
1800	413	0	0	0	0	0	0	1659533973568
1800	413	0	0	0	0	0	0	1659533974588
1800	413	0	0	0	0	0	0	1659533975608
1801	413	0	0	0	0	0	0	1659533976628
1802	413	0	0	0	0	0	0	1659533977648
1801	413	0	0	0	0	0	0	1659533978668
1801	413	0	0	0	0	0	0	1659533979688
1801	413	0	0	0	0	0	0	1659533980708
1801	413	0	0	0	0	0	0	1659533981728
1801	413	0	0	0	0	0	0	1659533982748
1801	413	0	0	0	0	0	0	1659533983768
1801	413	0	0	0	0	0	0	1659533984788
1801	413	0	0	0	0	0	0	1659533985808
1801	413	0	0	0	0	0	0	1659533986828
1803	413	0	0	0	0	0	0	1659533987848
1802	413	0	0	0	0	0	0	1659533988868
1802	413	0	0	0	0	0	0	1659533989888
1802	413	0	0	0	0	0	0	1659533990908
1803	413	0	0	0	0	0	0	1659533991928
1804	413	0	0	0	0	0	0	1659533992948
1803	413	0	0	0	0	0	0	1659533993968
1803	413	0	0	0	0	0	0	1659533994988
1803	413	0	0	0	0	0	0	1659533996008
1806	413	0	0	0	0	0	0	1659533997028
1805	413	0	0	0	0	0	0	1659533998048
1805	413	0	0	0	0	0	0	1659533999068
1805	413	0	0	0	0	0	0	1659534000088
1807	413	0	0	0	0	0	0	1659534001108
1806	413	0	0	0	0	0	0	1659534002128
1807	413	0	0	0	0	0	0	1659534003148
1809	413	0	0	0	0	0	0	1659534004168
1810	413	0	0	0	0	0	0	1659534005188
1808	413	0	0	0	0	0	0	1659534006208
1810	413	0	0	0	0	0	0	1659534007228
1810	413	0	0	0	0	0	0	1659534008248
1811	413	0	0	0	0	0	0	1659534009268
1811	413	0	0	0	0	0	0	1659534010288
1810	413	0	0	0	0	0	0	1659534011308
1812	413	0	0	0	0	0	0	1659534012328
1812	413	0	0	0	0	0	0	1659534013348
1811	413	0	0	0	0	0	0	1659534014368
1811	413	0	0	0	0	0	0	1659534015388
1812	413	0	0	0	0	0	0	1659534016408
1812	413	0	0	0	0	0	0	1659534017428
1812	413	0	0	0	0	0	0	1659534018448
1814	413	0	0	0	0	0	0	1659534019468
1815	413	0	0	0	0	0	0	1659534020488
1815	413	0	0	0	0	0	0	1659534021508
1817	413	0	0	0	0	0	0	1659534022528
1815	413	0	0	0	0	0	0	1659534023548
1817	413	0	0	0	0	0	0	1659534024568
1818	413	0	0	0	0	0	0	1659534025588
1819	413	0	0	0	0	0	0	1659534026608
1820	413	0	0	0	0	0	0	1659534027628
1819	413	0	0	0	0	0	0	1659534028648
1820	413	0	0	0	0	0	0	1659534029668
1821	413	0	0	0	0	0	0	1659534030688
1822	413	0	0	0	0	0	0	1659534031708
1823	413	0	0	0	0	0	0	1659534032728
1823	413	0	0	0	0	0	0	1659534033748
1824	413	0	0	0	0	0	0	1659534034768
1823	413	0	0	0	0	0	0	1659534035788
1823	413	0	0	0	0	0	0	1659534036808
1824	413	0	0	0	0	0	0	1659534037828
1824	413	0	0	0	0	0	0	1659534038848
1825	413	0	0	0	0	0	0	1659534039868
1826	413	0	0	0	0	0	0	1659534040888
1827	413	0	0	0	0	0	0	1659534041908
1827	413	0	0	0	0	0	0	1659534042928
1827	413	0	0	0	0	0	0	1659534043948
1827	413	0	0	0	0	0	0	1659534044968
1827	413	0	0	0	0	0	0	1659534045988
1827	413	0	0	0	0	0	0	1659534047008
1827	413	0	0	0	0	0	0	1659534048028
1827	413	0	0	0	0	0	0	1659534049048
1827	413	0	0	0	0	0	0	1659534050068
1827	413	0	0	0	0	0	0	1659534051088
1827	413	0	0	0	0	0	0	1659534052108
1827	413	0	0	0	0	0	0	1659534053128
1827	413	0	0	0	0	0	0	1659534054148
1827	413	0	0	0	0	0	0	1659534055168
1827	413	0	0	0	0	0	0	1659534056188
1827	413	0	0	0	0	0	0	1659534057208
1827	413	0	0	0	0	0	0	1659534058228
1827	413	0	0	0	0	0	0	1659534059248
1827	413	0	0	0	0	0	0	1659534060268
1827	413	0	0	0	0	0	0	1659534061288
1827	413	0	0	0	0	0	0	1659534062308
1827	413	0	0	0	0	0	0	1659534063328
1827	413	0	0	0	0	0	0	1659534064348
1827	413	0	0	0	0	0	0	1659534065368
1827	413	0	0	0	0	0	0	1659534066388
1827	413	0	0	0	0	0	0	1659534067408
1827	413	0	0	0	0	0	0	1659534068428
1827	413	0	0	0	0	0	0	1659534069448
1827	413	0	0	0	0	0	0	1659534070468
1827	413	0	0	0	0	0	0	1659534071488
1827	413	0	0	0	0	0	0	1659534072508
1827	413	0	0	0	0	0	0	1659534073528
1827	413	0	0	0	0	0	0	1659534074548
1827	413	0	0	0	0	0	0	1659534075568
1827	413	0	0	0	0	0	0	1659534076588
1827	413	0	0	0	0	0	0	1659534077608
1827	413	0	0	0	0	0	0	1659534078628
1827	413	0	0	0	0	0	0	1659534079648
1827	413	0	0	0	0	0	0	1659534080668
1827	413	0	0	0	0	0	0	1659534081688
1826	413	0	0	0	0	0	0	1659534082708
1826	413	0	0	0	0	0	0	1659534083728
1826	413	0	0	0	0	0	0	1659534084748
1826	413	0	0	0	0	0	0	1659534085768
1826	413	0	0	0	0	0	0	1659534086788
1826	413	0	0	0	0	0	0	1659534087808
1826	413	0	0	0	0	0	0	1659534088828
1826	413	0	0	0	0	0	0	1659534089848
1826	413	0	0	0	0	0	0	1659534090868
1826	413	0	0	0	0	0	0	1659534091888
1826	413	0	0	0	0	0	0	1659534092908
1826	413	0	0	0	0	0	0	1659534093928
1827	413	0	0	0	0	0	0	1659534094948
1827	413	0	0	0	0	0	0	1659534095968
1827	413	0	0	0	0	0	0	1659534096988
1827	413	0	0	0	0	0	0	1659534098008
1827	413	0	0	0	0	0	0	1659534099028
1827	413	0	0	0	0	0	0	1659534100048
1827	413	0	0	0	0	0	0	1659534101068
1827	413	0	0	0	0	0	0	1659534102088
1827	413	0	0	0	0	0	0	1659534103108
1827	413	0	0	0	0	0	0	1659534104128
1827	413	0	0	0	0	0	0	1659534105148
1827	413	0	0	0	0	0	0	1659534106168
1827	413	0	0	0	0	0	0	1659534107188
1827	413	0	0	0	0	0	0	1659534108208
1827	413	0	0	0	0	0	0	1659534109228
1827	413	0	0	0	0	0	0	1659534110248
1827	413	0	0	0	0	0	0	1659534111268
1827	413	0	0	0	0	0	0	1659534112288
1827	413	0	0	0	0	0	0	1659534113308
1827	413	0	0	0	0	0	0	1659534114328
1827	413	0	0	0	0	0	0	1659534115348
1827	413	0	0	0	0	0	0	1659534116368
1827	413	0	0	0	0	0	0	1659534117388
1827	413	0	0	0	0	0	0	1659534118408
1827	413	0	0	0	0	0	0	1659534119428
1827	413	0	0	0	0	0	0	1659534120448
1827	413	0	0	0	0	0	0	1659534121468
1827	413	0	0	0	0	0	0	1659534122488
1827	413	0	0	0	0	0	0	1659534123508
1827	413	0	0	0	0	0	0	1659534124528
1827	413	0	0	0	0	0	0	1659534125548
1827	413	0	0	0	0	0	0	1659534126568
1827	413	0	0	0	0	0	0	1659534127588
1827	413	0	0	0	0	0	0	1659534128608
1827	413	0	0	0	0	0	0	1659534129628
1827	413	0	0	0	0	0	0	1659534130648
1827	413	0	0	0	0	0	0	1659534131668
1827	413	0	0	0	0	0	0	1659534132688
1827	413	0	0	0	0	0	0	1659534133708
1827	413	0	0	0	0	0	0	1659534134728
1827	413	0	0	0	0	0	0	1659534135748
1827	413	0	0	0	0	0	0	1659534136768
1827	413	0	0	0	0	0	0	1659534137788
1827	413	0	0	0	0	0	0	1659534138808
1827	413	0	0	0	0	0	0	1659534139828
1827	413	0	0	0	0	0	0	1659534140848
1827	413	0	0	0	0	0	0	1659534141868
1827	413	0	0	0	0	0	0	1659534142888
1827	413	0	0	0	0	0	0	1659534143908
1827	413	0	0	0	0	0	0	1659534144928
1827	413	0	0	0	0	0	0	1659534145948
1827	413	0	0	0	0	0	0	1659534146968
1827	413	0	0	0	0	0	0	1659534147988
1827	413	0	0	0	0	0	0	1659534149008
1827	413	0	0	0	0	0	0	1659534150028
1827	413	0	0	0	0	0	0	1659534151048
1827	413	0	0	0	0	0	0	1659534152068
1827	413	0	0	0	0	0	0	1659534153088
1827	413	0	0	0	0	0	0	1659534154108
1827	413	0	0	0	0	0	0	1659534155128
1827	413	0	0	0	0	0	0	1659534156148
1827	413	0	0	0	0	0	0	1659534157168
1827	413	0	0	0	0	0	0	1659534158188
1827	413	0	0	0	0	0	0	1659534159208
1827	413	0	0	0	0	0	0	1659534160228
1827	413	0	0	0	0	0	0	1659534161248
1827	413	0	0	0	0	0	0	1659534162268
1827	413	0	0	0	0	0	0	1659534163288
1827	413	0	0	0	0	0	0	1659534164308
1827	413	0	0	0	0	0	0	1659534165328
1827	413	0	0	0	0	0	0	1659534166348
1827	413	0	0	0	0	0	0	1659534167368
1827	413	0	0	0	0	0	0	1659534168388
1827	413	0	0	0	0	0	0	1659534169408
1827	413	0	0	0	0	0	0	1659534170428
1827	413	0	0	0	0	0	0	1659534171448
1827	413	0	0	0	0	0	0	1659534172468
1827	413	0	0	0	0	0	0	1659534173488
1827	413	0	0	0	0	0	0	1659534174508
1827	413	0	0	0	0	0	0	1659534175528
1827	413	0	0	0	0	0	0	1659534176548
1827	413	0	0	0	0	0	0	1659534177568
1827	413	0	0	0	0	0	0	1659534178588
1827	413	0	0	0	0	0	0	1659534179608
1827	413	0	0	0	0	0	0	1659534180628
1827	413	0	0	0	0	0	0	1659534181648
1827	413	0	0	0	0	0	0	1659534182668
1827	413	0	0	0	0	0	0	1659534183688
1827	413	0	0	0	0	0	0	1659534184708
1827	413	0	0	0	0	0	0	1659534185728
1827	413	0	0	0	0	0	0	1659534186748
1827	413	0	0	0	0	0	0	1659534187768
1827	413	0	0	0	0	0	0	1659534188788
1827	413	0	0	0	0	0	0	1659534189808
1827	413	0	0	0	0	0	0	1659534190828
1827	413	0	0	0	0	0	0	1659534191848
1827	413	0	0	0	0	0	0	1659534192868
1827	413	0	0	0	0	0	0	1659534193888
1827	413	0	0	0	0	0	0	1659534194908
1827	413	0	0	0	0	0	0	1659534195928
1827	413	0	0	0	0	0	0	1659534196948
1827	413	0	0	0	0	0	0	1659534197968
1827	413	0	0	0	0	0	0	1659534198988
1827	413	0	0	0	0	0	0	1659534200008
1827	413	0	0	0	0	0	0	1659534201028
1827	413	0	0	0	0	0	0	1659534202048
1827	413	0	0	0	0	0	0	1659534203068
1827	413	0	0	0	0	0	0	1659534204088
1827	413	0	0	0	0	0	0	1659534205108
1827	413	0	0	0	0	0	0	1659534206128
1827	413	0	0	0	0	0	0	1659534207148
1827	413	0	0	0	0	0	0	1659534208168
1827	413	0	0	0	0	0	0	1659534209188
1827	413	0	0	0	0	0	0	1659534210208
1827	413	0	0	0	0	0	0	1659534211228
1827	413	0	0	0	0	0	0	1659534212248
1827	413	0	0	0	0	0	0	1659534213268
1827	413	0	0	0	0	0	0	1659534214288
1827	413	0	0	0	0	0	0	1659534215308
1827	413	0	0	0	0	0	0	1659534216328
1827	413	0	0	0	0	0	0	1659534217348
1827	413	0	0	0	0	0	0	1659534218368
1827	413	0	0	0	0	0	0	1659534219388
1827	413	0	0	0	0	0	0	1659534220408
1827	413	0	0	0	0	0	0	1659534221428
1827	413	0	0	0	0	0	0	1659534222448
1827	413	0	0	0	0	0	0	1659534223468
1827	413	0	0	0	0	0	0	1659534224488
1827	413	0	0	0	0	0	0	1659534225508
1827	413	0	0	0	0	0	0	1659534226528
1827	413	0	0	0	0	0	0	1659534227548
1827	413	0	0	0	0	0	0	1659534228568
1827	413	0	0	0	0	0	0	1659534229588
1827	413	0	0	0	0	0	0	1659534230608
1827	413	0	0	0	0	0	0	1659534231628
1827	413	0	0	0	0	0	0	1659534232648
1827	413	0	0	0	0	0	0	1659534233668
1827	413	0	0	0	0	0	0	1659534234688
1827	413	0	0	0	0	0	0	1659534235708
1827	413	0	0	0	0	0	0	1659534236728
1827	413	0	0	0	0	0	0	1659534237748
1827	413	0	0	0	0	0	0	1659534238768
1827	413	0	0	0	0	0	0	1659534239788
1827	413	0	0	0	0	0	0	1659534240808
1827	413	0	0	0	0	0	0	1659534241828
