1544	2026	0	0	0	0	0	0	1658939797288
1535	2014	0	0	0	0	0	0	1658939798308
1520	2007	0	0	0	0	0	0	1658939799328
1504	2003	0	0	0	0	0	0	1658939800348
1489	1999	0	0	0	0	0	0	1658939801368
1470	1989	0	0	0	0	0	0	1658939802388
1458	1980	0	0	0	0	0	0	1658939803408
1443	1975	0	0	0	0	0	0	1658939804428
1430	1972	0	0	0	0	0	0	1658939805448
1422	1970	0	0	0	0	0	0	1658939806468
1407	1969	0	0	0	0	0	0	1658939807488
1397	1968	0	0	0	0	0	0	1658939808508
1392	1968	0	0	0	0	0	0	1658939809528
1385	1967	0	0	0	0	0	0	1658939810548
1373	1960	0	0	0	0	0	0	1658939811568
1366	1952	0	0	0	0	0	0	1658939812588
1362	1947	0	0	0	0	0	0	1658939813608
1360	1944	0	0	0	0	0	0	1658939814628
1353	1942	0	0	0	0	0	0	1658939815648
1343	1941	0	0	0	0	0	0	1658939816668
1337	1940	0	0	0	0	0	0	1658939817688
1334	1940	0	0	0	0	0	0	1658939818708
1331	1940	0	0	0	0	0	0	1658939819728
1330	1940	0	0	0	0	0	0	1658939820748
1328	1940	0	0	0	0	0	0	1658939821768
1323	1940	0	0	0	0	0	0	1658939822788
1314	1940	0	0	0	0	0	0	1658939823808
1308	1940	0	0	0	0	0	0	1658939824828
1305	1940	0	0	0	0	0	0	1658939825848
1303	1938	0	0	0	0	0	0	1658939826868
1302	1936	0	0	0	0	0	0	1658939827888
1301	1932	0	0	0	0	0	0	1658939828908
1300	1926	0	0	0	0	0	0	1658939829928
1300	1921	0	0	0	0	0	0	1658939830948
1300	1918	0	0	0	0	0	0	1658939831968
1300	1915	0	0	0	0	0	0	1658939832988
1296	1914	0	0	0	0	0	0	1658939834008
1290	1913	0	0	0	0	0	0	1658939835028
1284	1912	0	0	0	0	0	0	1658939836048
1280	1912	0	0	0	0	0	0	1658939837068
1277	1912	0	0	0	0	0	0	1658939838088
1275	1912	0	0	0	0	0	0	1658939839108
1274	1912	0	0	0	0	0	0	1658939840128
1273	1912	0	0	0	0	0	0	1658939841148
1273	1912	0	0	0	0	0	0	1658939842168
1273	1912	0	0	0	0	0	0	1658939843188
1273	1912	0	0	0	0	0	0	1658939844208
1273	1912	0	0	0	0	0	0	1658939845228
1273	1912	0	0	0	0	0	0	1658939846248
1273	1912	0	0	0	0	0	0	1658939847268
1273	1912	0	0	0	0	0	0	1658939848288
1273	1912	0	0	0	0	0	0	1658939849308
1273	1912	0	0	0	0	0	0	1658939850328
1273	1912	0	0	0	0	0	0	1658939851348
1273	1912	0	0	0	0	0	0	1658939852368
1272	1912	0	0	0	0	0	0	1658939853388
1272	1912	0	0	0	0	0	0	1658939854408
1272	1912	0	0	0	0	0	0	1658939855428
1272	1912	0	0	0	0	0	0	1658939856448
1272	1912	0	0	0	0	0	0	1658939857468
1272	1912	0	0	0	0	0	0	1658939858488
1272	1912	0	0	0	0	0	0	1658939859508
1272	1912	0	0	0	0	0	0	1658939860528
1272	1912	0	0	0	0	0	0	1658939861548
1270	1912	0	0	0	0	0	0	1658939862568
1267	1909	0	0	0	0	0	0	1658939863588
1264	1909	0	0	0	0	0	0	1658939864608
1261	1907	0	0	0	0	0	0	1658939865628
1259	1905	0	0	0	0	0	0	1658939866648
1254	1903	0	0	0	0	0	0	1658939867668
1252	1901	0	0	0	0	0	0	1658939868688
1250	1898	0	0	0	0	0	0	1658939869708
1248	1894	0	0	0	0	0	0	1658939870728
1247	1890	0	0	0	0	0	0	1658939871748
1246	1888	0	0	0	0	0	0	1658939872768
1245	1886	0	0	0	0	0	0	1658939873788
1245	1885	0	0	0	0	0	0	1658939874808
1245	1884	0	0	0	0	0	0	1658939875828
1245	1884	0	0	0	0	0	0	1658939876848
1245	1884	0	0	0	0	0	0	1658939877868
1245	1882	0	0	0	0	0	0	1658939878888
1245	1877	0	0	0	0	0	0	1658939879908
1245	1874	0	0	0	0	0	0	1658939880928
1245	1872	0	0	0	0	0	0	1658939881948
1245	1869	0	0	0	0	0	0	1658939882968
1245	1864	0	0	0	0	0	0	1658939883988
1245	1864	0	0	0	0	0	0	1658939885008
1245	1861	0	0	0	0	0	0	1658939886028
1245	1859	0	0	0	0	0	0	1658939887048
1245	1857	0	0	0	0	0	0	1658939888068
1245	1856	0	0	0	0	0	0	1658939889088
1245	1856	0	0	0	0	0	0	1658939890108
1245	1856	0	0	0	0	0	0	1658939891128
1245	1856	0	0	0	0	0	0	1658939892148
1245	1856	0	0	0	0	0	0	1658939893168
1245	1856	0	0	0	0	0	0	1658939894188
1245	1856	0	0	0	0	0	0	1658939895208
1245	1857	0	0	0	0	0	0	1658939896228
1245	1857	0	0	0	0	0	0	1658939897248
1245	1857	0	0	0	0	0	0	1658939898268
1245	1857	0	0	0	0	0	0	1658939899288
1245	1857	0	0	0	0	0	0	1658939900308
1245	1857	0	0	0	0	0	0	1658939901328
1245	1857	0	0	0	0	0	0	1658939902348
1245	1857	0	0	0	0	0	0	1658939903368
1245	1857	0	0	0	0	0	0	1658939904388
1245	1858	0	0	0	0	0	0	1658939905408
1245	1857	0	0	0	0	0	0	1658939906428
1245	1857	0	0	0	0	0	0	1658939907448
1245	1857	0	0	0	0	0	0	1658939908468
1245	1857	0	0	0	0	0	0	1658939909488
1245	1857	0	0	0	0	0	0	1658939910508
1245	1857	0	0	0	0	0	0	1658939911528
1245	1857	0	0	0	0	0	0	1658939912548
1245	1857	0	0	0	0	0	0	1658939913568
1245	1857	0	0	0	0	0	0	1658939914588
1245	1857	0	0	0	0	0	0	1658939915608
1245	1857	0	0	0	0	0	0	1658939916628
1245	1857	0	0	0	0	0	0	1658939917648
1245	1856	0	0	0	0	0	0	1658939918668
1245	1856	0	0	0	0	0	0	1658939919688
1245	1856	0	0	0	0	0	0	1658939920708
1245	1856	0	0	0	0	0	0	1658939921728
1245	1856	0	0	0	0	0	0	1658939922748
1245	1856	0	0	0	0	0	0	1658939923768
1245	1856	0	0	0	0	0	0	1658939924788
1245	1856	0	0	0	0	0	0	1658939925808
1245	1856	0	0	0	0	0	0	1658939926828
1245	1856	0	0	0	0	0	0	1658939927848
1245	1856	0	0	0	0	0	0	1658939928868
1245	1856	0	0	0	0	0	0	1658939929888
1245	1856	0	0	0	0	0	0	1658939930908
1245	1856	0	0	0	0	0	0	1658939931928
1245	1856	0	0	0	0	0	0	1658939932948
1245	1856	0	0	0	0	0	0	1658939933968
1245	1856	0	0	0	0	0	0	1658939934988
1245	1856	0	0	0	0	0	0	1658939936008
1245	1856	0	0	0	0	0	0	1658939937028
1245	1856	0	0	0	0	0	0	1658939938048
1245	1847	0	0	0	0	0	0	1658939939068
1245	1840	0	0	0	0	0	0	1658939940088
1245	1835	0	0	0	0	0	0	1658939941108
1245	1833	0	0	0	0	0	0	1658939942128
1245	1832	0	0	0	0	0	0	1658939943148
1245	1832	0	0	0	0	0	0	1658939944168
1245	1832	0	0	0	0	0	0	1658939945188
1245	1836	0	0	0	0	0	0	1658939946208
1245	1838	0	0	0	0	0	0	1658939947228
1245	1841	0	0	0	0	0	0	1658939948248
1245	1842	0	0	0	0	0	0	1658939949268
1245	1843	0	0	0	0	0	0	1658939950288
1245	1847	0	0	0	0	0	0	1658939951308
1245	1849	0	0	0	0	0	0	1658939952328
1245	1849	0	0	0	0	0	0	1658939953348
1245	1849	0	0	0	0	0	0	1658939954368
1245	1851	0	0	0	0	0	0	1658939955388
1245	1851	0	0	0	0	0	0	1658939956408
1245	1843	0	0	0	0	0	0	1658939957428
1245	1837	0	0	0	0	0	0	1658939958448
1245	1833	0	0	0	0	0	0	1658939959468
1245	1831	0	0	0	0	0	0	1658939960488
1245	1830	0	0	0	0	0	0	1658939961508
1245	1829	0	0	0	0	0	0	1658939962528
1245	1829	0	0	0	0	0	0	1658939963548
1245	1829	0	0	0	0	0	0	1658939964568
1245	1828	0	0	0	0	0	0	1658939965588
1245	1828	0	0	0	0	0	0	1658939966608
1245	1828	0	0	0	0	0	0	1658939967628
1245	1828	0	0	0	0	0	0	1658939968648
1245	1828	0	0	0	0	0	0	1658939969668
1245	1828	0	0	0	0	0	0	1658939970688
1245	1828	0	0	0	0	0	0	1658939971708
1245	1828	0	0	0	0	0	0	1658939972728
1245	1828	0	0	0	0	0	0	1658939973748
1245	1828	0	0	0	0	0	0	1658939974768
1245	1828	0	0	0	0	0	0	1658939975788
1245	1828	0	0	0	0	0	0	1658939976808
1245	1828	0	0	0	0	0	0	1658939977828
1245	1828	0	0	0	0	0	0	1658939978848
1245	1828	0	0	0	0	0	0	1658939979868
1245	1828	0	0	0	0	0	0	1658939980888
1245	1828	0	0	0	0	0	0	1658939981908
1245	1828	0	0	0	0	0	0	1658939982928
1245	1828	0	0	0	0	0	0	1658939983948
1245	1828	0	0	0	0	0	0	1658939984968
1245	1828	0	0	0	0	0	0	1658939985988
1245	1828	0	0	0	0	0	0	1658939987008
1245	1828	0	0	0	0	0	0	1658939988028
1245	1828	0	0	0	0	0	0	1658939989048
1245	1828	0	0	0	0	0	0	1658939990068
1245	1828	0	0	0	0	0	0	1658939991088
1244	1828	0	0	0	0	0	0	1658939992108
1243	1828	0	0	0	0	0	0	1658939993128
1241	1828	0	0	0	0	0	0	1658939994148
1240	1828	0	0	0	0	0	0	1658939995168
1240	1827	0	0	0	0	0	0	1658939996188
1238	1821	0	0	0	0	0	0	1658939997208
1238	1816	0	0	0	0	0	0	1658939998228
1239	1817	0	0	0	0	0	0	1658939999248
1240	1817	0	0	0	0	0	0	1658940000268
1241	1815	0	0	0	0	0	0	1658940001288
1240	1810	0	0	0	0	0	0	1658940002308
1239	1807	0	0	0	0	0	0	1658940003328
1240	1805	0	0	0	0	0	0	1658940004348
1240	1807	0	0	0	0	0	0	1658940005368
1242	1807	0	0	0	0	0	0	1658940006388
1243	1808	0	0	0	0	0	0	1658940007408
1243	1811	0	0	0	0	0	0	1658940008428
1243	1814	0	0	0	0	0	0	1658940009448
1243	1817	0	0	0	0	0	0	1658940010468
1243	1818	0	0	0	0	0	0	1658940011488
1243	1819	0	0	0	0	0	0	1658940012508
1243	1820	0	0	0	0	0	0	1658940013528
1243	1821	0	0	0	0	0	0	1658940014548
1243	1822	0	0	0	0	0	0	1658940015568
1243	1822	0	0	0	0	0	0	1658940016588
1243	1823	0	0	0	0	0	0	1658940017608
1243	1824	0	0	0	0	0	0	1658940018628
1243	1825	0	0	0	0	0	0	1658940019648
1243	1826	0	0	0	0	0	0	1658940020668
1243	1826	0	0	0	0	0	0	1658940021688
1244	1822	0	0	0	0	0	0	1658940022708
1242	1813	0	0	0	0	0	0	1658940023728
1238	1808	0	0	0	0	0	0	1658940024748
1231	1804	0	0	0	0	0	0	1658940025768
1226	1796	0	0	0	0	0	0	1658940026788
1226	1797	0	0	0	0	0	0	1658940027808
1232	1798	0	0	0	0	0	0	1658940028828
1235	1799	0	0	0	0	0	0	1658940029848
1237	1799	0	0	0	0	0	0	1658940030868
1239	1800	0	0	0	0	0	0	1658940031888
1240	1800	0	0	0	0	0	0	1658940032908
1241	1800	0	0	0	0	0	0	1658940033928
1241	1800	0	0	0	0	0	0	1658940034948
1242	1800	0	0	0	0	0	0	1658940035968
1243	1800	0	0	0	0	0	0	1658940036988
1242	1800	0	0	0	0	0	0	1658940038008
1243	1800	0	0	0	0	0	0	1658940039028
1242	1800	0	0	0	0	0	0	1658940040048
1241	1800	0	0	0	0	0	0	1658940041068
1242	1800	0	0	0	0	0	0	1658940042088
1242	1800	0	0	0	0	0	0	1658940043108
1242	1800	0	0	0	0	0	0	1658940044128
1243	1800	0	0	0	0	0	0	1658940045148
1244	1800	0	0	0	0	0	0	1658940046168
1243	1800	0	0	0	0	0	0	1658940047188
1243	1800	0	0	0	0	0	0	1658940048208
1243	1800	0	0	0	0	0	0	1658940049228
1243	1800	0	0	0	0	0	0	1658940050248
1243	1800	0	0	0	0	0	0	1658940051268
1242	1800	0	0	0	0	0	0	1658940052288
1242	1800	0	0	0	0	0	0	1658940053308
1242	1800	0	0	0	0	0	0	1658940054328
1241	1800	0	0	0	0	0	0	1658940055348
1241	1800	0	0	0	0	0	0	1658940056368
1242	1800	0	0	0	0	0	0	1658940057388
1241	1800	0	0	0	0	0	0	1658940058408
1241	1800	0	0	0	0	0	0	1658940059428
1241	1800	0	0	0	0	0	0	1658940060448
1241	1800	0	0	0	0	0	0	1658940061468
1241	1800	0	0	0	0	0	0	1658940062488
1237	1799	0	0	0	0	0	0	1658940063508
1233	1792	0	0	0	0	0	0	1658940064528
1231	1785	0	0	0	0	0	0	1658940065548
1230	1780	0	0	0	0	0	0	1658940066568
1229	1778	0	0	0	0	0	0	1658940067588
1230	1779	0	0	0	0	0	0	1658940068608
1231	1782	0	0	0	0	0	0	1658940069628
1233	1789	0	0	0	0	0	0	1658940070648
1233	1793	0	0	0	0	0	0	1658940071668
1234	1796	0	0	0	0	0	0	1658940072688
1233	1793	0	0	0	0	0	0	1658940073708
1227	1785	0	0	0	0	0	0	1658940074728
1224	1780	0	0	0	0	0	0	1658940075748
1226	1777	0	0	0	0	0	0	1658940076768
1229	1777	0	0	0	0	0	0	1658940077788
1234	1780	0	0	0	0	0	0	1658940078808
1235	1781	0	0	0	0	0	0	1658940079828
1236	1785	0	0	0	0	0	0	1658940080848
1237	1788	0	0	0	0	0	0	1658940081868
1237	1790	0	0	0	0	0	0	1658940082888
1238	1793	0	0	0	0	0	0	1658940083908
1238	1795	0	0	0	0	0	0	1658940084928
1238	1797	0	0	0	0	0	0	1658940085948
1239	1797	0	0	0	0	0	0	1658940086968
1239	1798	0	0	0	0	0	0	1658940087988
1239	1799	0	0	0	0	0	0	1658940089008
1239	1799	0	0	0	0	0	0	1658940090028
1240	1800	0	0	0	0	0	0	1658940091048
1239	1800	0	0	0	0	0	0	1658940092068
1239	1800	0	0	0	0	0	0	1658940093088
1238	1800	0	0	0	0	0	0	1658940094108
1238	1798	0	0	0	0	0	0	1658940095128
1238	1799	0	0	0	0	0	0	1658940096148
1238	1799	0	0	0	0	0	0	1658940097168
1238	1800	0	0	0	0	0	0	1658940098188
1238	1800	0	0	0	0	0	0	1658940099208
1238	1800	0	0	0	0	0	0	1658940100228
1239	1800	0	0	0	0	0	0	1658940101248
1240	1800	0	0	0	0	0	0	1658940102268
1240	1800	0	0	0	0	0	0	1658940103288
1237	1795	0	0	0	0	0	0	1658940104308
1230	1786	0	0	0	0	0	0	1658940105328
1225	1781	0	0	0	0	0	0	1658940106348
1222	1777	0	0	0	0	0	0	1658940107368
1220	1775	0	0	0	0	0	0	1658940108388
1219	1774	0	0	0	0	0	0	1658940109408
1218	1773	0	0	0	0	0	0	1658940110428
1218	1773	0	0	0	0	0	0	1658940111448
1218	1772	0	0	0	0	0	0	1658940112468
1218	1772	0	0	0	0	0	0	1658940113488
1217	1771	0	0	0	0	0	0	1658940114508
1217	1767	0	0	0	0	0	0	1658940115528
1217	1768	0	0	0	0	0	0	1658940116548
1217	1770	0	0	0	0	0	0	1658940117568
1217	1771	0	0	0	0	0	0	1658940118588
1218	1771	0	0	0	0	0	0	1658940119608
1219	1772	0	0	0	0	0	0	1658940120628
1219	1772	0	0	0	0	0	0	1658940121648
1218	1765	0	0	0	0	0	0	1658940122668
1217	1756	0	0	0	0	0	0	1658940123688
1217	1753	0	0	0	0	0	0	1658940124708
1217	1758	0	0	0	0	0	0	1658940125728
1217	1763	0	0	0	0	0	0	1658940126748
1217	1766	0	0	0	0	0	0	1658940127768
1218	1767	0	0	0	0	0	0	1658940128788
1217	1759	0	0	0	0	0	0	1658940129808
1217	1753	0	0	0	0	0	0	1658940130828
1217	1750	0	0	0	0	0	0	1658940131848
1217	1748	0	0	0	0	0	0	1658940132868
1217	1747	0	0	0	0	0	0	1658940133888
1217	1746	0	0	0	0	0	0	1658940134908
1217	1745	0	0	0	0	0	0	1658940135928
1217	1745	0	0	0	0	0	0	1658940136948
1217	1746	0	0	0	0	0	0	1658940137968
1218	1746	0	0	0	0	0	0	1658940138988
1218	1746	0	0	0	0	0	0	1658940140008
1218	1747	0	0	0	0	0	0	1658940141028
1218	1747	0	0	0	0	0	0	1658940142048
1219	1747	0	0	0	0	0	0	1658940143068
1219	1746	0	0	0	0	0	0	1658940144088
1218	1746	0	0	0	0	0	0	1658940145108
1218	1745	0	0	0	0	0	0	1658940146128
1218	1744	0	0	0	0	0	0	1658940147148
1219	1744	0	0	0	0	0	0	1658940148168
1218	1744	0	0	0	0	0	0	1658940149188
1218	1744	0	0	0	0	0	0	1658940150208
1219	1745	0	0	0	0	0	0	1658940151228
1219	1745	0	0	0	0	0	0	1658940152248
1220	1746	0	0	0	0	0	0	1658940153268
1219	1747	0	0	0	0	0	0	1658940154288
1219	1747	0	0	0	0	0	0	1658940155308
1219	1747	0	0	0	0	0	0	1658940156328
1218	1746	0	0	0	0	0	0	1658940157348
1218	1746	0	0	0	0	0	0	1658940158368
1218	1746	0	0	0	0	0	0	1658940159388
1219	1746	0	0	0	0	0	0	1658940160408
1218	1745	0	0	0	0	0	0	1658940161428
1219	1745	0	0	0	0	0	0	1658940162448
1219	1746	0	0	0	0	0	0	1658940163468
1218	1747	0	0	0	0	0	0	1658940164488
1219	1748	0	0	0	0	0	0	1658940165508
1218	1749	0	0	0	0	0	0	1658940166528
1218	1748	0	0	0	0	0	0	1658940167548
1218	1750	0	0	0	0	0	0	1658940168568
1218	1751	0	0	0	0	0	0	1658940169588
1218	1752	0	0	0	0	0	0	1658940170608
1218	1754	0	0	0	0	0	0	1658940171628
1218	1756	0	0	0	0	0	0	1658940172648
1218	1759	0	0	0	0	0	0	1658940173668
1218	1762	0	0	0	0	0	0	1658940174688
1218	1765	0	0	0	0	0	0	1658940175708
1217	1766	0	0	0	0	0	0	1658940176728
1217	1765	0	0	0	0	0	0	1658940177748
1217	1758	0	0	0	0	0	0	1658940178768
1217	1753	0	0	0	0	0	0	1658940179788
1217	1749	0	0	0	0	0	0	1658940180808
1217	1747	0	0	0	0	0	0	1658940181828
1217	1746	0	0	0	0	0	0	1658940182848
1217	1745	0	0	0	0	0	0	1658940183868
1217	1745	0	0	0	0	0	0	1658940184888
1217	1745	0	0	0	0	0	0	1658940185908
1217	1745	0	0	0	0	0	0	1658940186928
1217	1745	0	0	0	0	0	0	1658940187948
1217	1745	0	0	0	0	0	0	1658940188968
1217	1745	0	0	0	0	0	0	1658940189988
1217	1745	0	0	0	0	0	0	1658940191008
1217	1745	0	0	0	0	0	0	1658940192028
1217	1745	0	0	0	0	0	0	1658940193048
1217	1745	0	0	0	0	0	0	1658940194068
1217	1745	0	0	0	0	0	0	1658940195088
1217	1745	0	0	0	0	0	0	1658940196108
1217	1745	0	0	0	0	0	0	1658940197128
1217	1745	0	0	0	0	0	0	1658940198148
1217	1744	0	0	0	0	0	0	1658940199168
1217	1744	0	0	0	0	0	0	1658940200188
1217	1744	0	0	0	0	0	0	1658940201208
1217	1744	0	0	0	0	0	0	1658940202228
1217	1744	0	0	0	0	0	0	1658940203248
1217	1744	0	0	0	0	0	0	1658940204268
1217	1744	0	0	0	0	0	0	1658940205288
1217	1744	0	0	0	0	0	0	1658940206308
1217	1744	0	0	0	0	0	0	1658940207328
1217	1744	0	0	0	0	0	0	1658940208348
1217	1744	0	0	0	0	0	0	1658940209368
1217	1744	0	0	0	0	0	0	1658940210388
1217	1744	0	0	0	0	0	0	1658940211408
1217	1744	0	0	0	0	0	0	1658940212428
1217	1744	0	0	0	0	0	0	1658940213448
1217	1744	0	0	0	0	0	0	1658940214468
1217	1744	0	0	0	0	0	0	1658940215488
1217	1744	0	0	0	0	0	0	1658940216508
1217	1744	0	0	0	0	0	0	1658940217528
1217	1744	0	0	0	0	0	0	1658940218548
1217	1745	0	0	0	0	0	0	1658940219568
1217	1745	0	0	0	0	0	0	1658940220588
1217	1745	0	0	0	0	0	0	1658940221608
1217	1745	0	0	0	0	0	0	1658940222628
1217	1745	0	0	0	0	0	0	1658940223648
1217	1745	0	0	0	0	0	0	1658940224668
1217	1745	0	0	0	0	0	0	1658940225688
1217	1745	0	0	0	0	0	0	1658940226708
1217	1745	0	0	0	0	0	0	1658940227728
1217	1745	0	0	0	0	0	0	1658940228748
1217	1745	0	0	0	0	0	0	1658940229768
1217	1745	0	0	0	0	0	0	1658940230788
1217	1745	0	0	0	0	0	0	1658940231808
1217	1745	0	0	0	0	0	0	1658940232828
1217	1745	0	0	0	0	0	0	1658940233848
1217	1744	0	0	0	0	0	0	1658940234868
1217	1744	0	0	0	0	0	0	1658940235888
1217	1744	0	0	0	0	0	0	1658940236908
1217	1744	0	0	0	0	0	0	1658940237928
1217	1744	0	0	0	0	0	0	1658940238948
1217	1744	0	0	0	0	0	0	1658940239968
1217	1744	0	0	0	0	0	0	1658940240988
1217	1744	0	0	0	0	0	0	1658940242008
1217	1744	0	0	0	0	0	0	1658940243028
1217	1744	0	0	0	0	0	0	1658940244048
1217	1744	0	0	0	0	0	0	1658940245068
1217	1744	0	0	0	0	0	0	1658940246088
1217	1744	0	0	0	0	0	0	1658940247108
1217	1744	0	0	0	0	0	0	1658940248128
1217	1744	0	0	0	0	0	0	1658940249148
1217	1744	0	0	0	0	0	0	1658940250168
1217	1739	0	0	0	0	0	0	1658940251188
1217	1730	0	0	0	0	0	0	1658940252208
1217	1725	0	0	0	0	0	0	1658940253228
1217	1722	0	0	0	0	0	0	1658940254248
1217	1720	0	0	0	0	0	0	1658940255268
1217	1719	0	0	0	0	0	0	1658940256288
1217	1718	0	0	0	0	0	0	1658940257308
1217	1718	0	0	0	0	0	0	1658940258328
1217	1717	0	0	0	0	0	0	1658940259348
1217	1717	0	0	0	0	0	0	1658940260368
1217	1717	0	0	0	0	0	0	1658940261388
1217	1717	0	0	0	0	0	0	1658940262408
1217	1717	0	0	0	0	0	0	1658940263428
1217	1717	0	0	0	0	0	0	1658940264448
1217	1717	0	0	0	0	0	0	1658940265468
1217	1717	0	0	0	0	0	0	1658940266488
1217	1717	0	0	0	0	0	0	1658940267508
1217	1717	0	0	0	0	0	0	1658940268528
1217	1717	0	0	0	0	0	0	1658940269548
1217	1717	0	0	0	0	0	0	1658940270568
1217	1717	0	0	0	0	0	0	1658940271588
1217	1717	0	0	0	0	0	0	1658940272608
1217	1717	0	0	0	0	0	0	1658940273628
1217	1717	0	0	0	0	0	0	1658940274648
1217	1717	0	0	0	0	0	0	1658940275668
1217	1717	0	0	0	0	0	0	1658940276688
1217	1717	0	0	0	0	0	0	1658940277708
1217	1717	0	0	0	0	0	0	1658940278728
1217	1717	0	0	0	0	0	0	1658940279748
1217	1717	0	0	0	0	0	0	1658940280768
1217	1717	0	0	0	0	0	0	1658940281788
1217	1717	0	0	0	0	0	0	1658940282808
1217	1717	0	0	0	0	0	0	1658940283828
1217	1717	0	0	0	0	0	0	1658940284848
1217	1717	0	0	0	0	0	0	1658940285868
1217	1717	0	0	0	0	0	0	1658940286888
1217	1717	0	0	0	0	0	0	1658940287908
1217	1717	0	0	0	0	0	0	1658940288928
1217	1717	0	0	0	0	0	0	1658940289948
1217	1717	0	0	0	0	0	0	1658940290968
1217	1717	0	0	0	0	0	0	1658940291988
1217	1717	0	0	0	0	0	0	1658940293008
1217	1717	0	0	0	0	0	0	1658940294028
1217	1717	0	0	0	0	0	0	1658940295048
1217	1717	0	0	0	0	0	0	1658940296068
1217	1717	0	0	0	0	0	0	1658940297088
1217	1717	0	0	0	0	0	0	1658940298108
1217	1717	0	0	0	0	0	0	1658940299128
1217	1717	0	0	0	0	0	0	1658940300148
1217	1717	0	0	0	0	0	0	1658940301168
1217	1717	0	0	0	0	0	0	1658940302188
1217	1718	0	0	0	0	0	0	1658940303208
1217	1718	0	0	0	0	0	0	1658940304228
1217	1718	0	0	0	0	0	0	1658940305248
1217	1719	0	0	0	0	0	0	1658940306268
1217	1720	0	0	0	0	0	0	1658940307288
1217	1719	0	0	0	0	0	0	1658940308308
1217	1721	0	0	0	0	0	0	1658940309328
1217	1719	0	0	0	0	0	0	1658940310348
1217	1718	0	0	0	0	0	0	1658940311368
1217	1717	0	0	0	0	0	0	1658940312388
1217	1717	0	0	0	0	0	0	1658940313408
1217	1717	0	0	0	0	0	0	1658940314428
1217	1717	0	0	0	0	0	0	1658940315448
1217	1717	0	0	0	0	0	0	1658940316468
1217	1717	0	0	0	0	0	0	1658940317488
1217	1717	0	0	0	0	0	0	1658940318508
1217	1717	0	0	0	0	0	0	1658940319528
1217	1717	0	0	0	0	0	0	1658940320548
1217	1717	0	0	0	0	0	0	1658940321568
1217	1717	0	0	0	0	0	0	1658940322588
1217	1717	0	0	0	0	0	0	1658940323608
1217	1717	0	0	0	0	0	0	1658940324628
1217	1717	0	0	0	0	0	0	1658940325648
1217	1717	0	0	0	0	0	0	1658940326668
1217	1717	0	0	0	0	0	0	1658940327688
1217	1717	0	0	0	0	0	0	1658940328708
1217	1717	0	0	0	0	0	0	1658940329728
1217	1717	0	0	0	0	0	0	1658940330748
1217	1717	0	0	0	0	0	0	1658940331768
1217	1717	0	0	0	0	0	0	1658940332788
1217	1717	0	0	0	0	0	0	1658940333808
10730	1717	0	0	0	0	0	0	1658940334828
6925	1716	0	0	0	0	0	0	1658940335848
4642	1716	0	0	0	0	0	0	1658940336868
3272	1716	0	0	0	0	0	0	1658940337888
2450	1716	0	0	0	0	0	0	1658940338908
1957	1716	0	0	0	0	0	0	1658940339928
1661	1716	0	0	0	0	0	0	1658940340948
1483	1716	0	0	0	0	0	0	1658940341968
1376	1716	0	0	0	0	0	0	1658940342988
1312	1716	0	0	0	0	0	0	1658940344008
1274	1716	0	0	0	0	0	0	1658940345028
1251	1716	0	0	0	0	0	0	1658940346048
1237	1716	0	0	0	0	0	0	1658940347068
1229	1716	0	0	0	0	0	0	1658940348088
1224	1716	0	0	0	0	0	0	1658940349108
1221	1716	0	0	0	0	0	0	1658940350128
1219	1716	0	0	0	0	0	0	1658940351148
1217	1716	0	0	0	0	0	0	1658940352168
1215	1715	0	0	0	0	0	0	1658940353188
1216	1714	0	0	0	0	0	0	1658940354208
1216	1707	0	0	0	0	0	0	1658940355228
1215	1704	0	0	0	0	0	0	1658940356248
1215	1705	0	0	0	0	0	0	1658940357268
1216	1707	0	0	0	0	0	0	1658940358288
1216	1703	0	0	0	0	0	0	1658940359308
1216	1701	0	0	0	0	0	0	1658940360328
1216	1697	0	0	0	0	0	0	1658940361348
1216	1701	0	0	0	0	0	0	1658940362368
1216	1706	0	0	0	0	0	0	1658940363388
1216	1710	0	0	0	0	0	0	1658940364408
1216	1712	0	0	0	0	0	0	1658940365428
1216	1714	0	0	0	0	0	0	1658940366448
1216	1714	0	0	0	0	0	0	1658940367468
1216	1715	0	0	0	0	0	0	1658940368488
1216	1710	0	0	0	0	0	0	1658940369508
1216	1702	0	0	0	0	0	0	1658940370528
1217	1698	0	0	0	0	0	0	1658940371548
1217	1701	0	0	0	0	0	0	1658940372568
1217	1704	0	0	0	0	0	0	1658940373588
1217	1705	0	0	0	0	0	0	1658940374608
1217	1708	0	0	0	0	0	0	1658940375628
1217	1710	0	0	0	0	0	0	1658940376648
1217	1713	0	0	0	0	0	0	1658940377668
1217	1714	0	0	0	0	0	0	1658940378688
1217	1715	0	0	0	0	0	0	1658940379708
1217	1715	0	0	0	0	0	0	1658940380728
1217	1716	0	0	0	0	0	0	1658940381748
1217	1716	0	0	0	0	0	0	1658940382768
1217	1716	0	0	0	0	0	0	1658940383788
1217	1716	0	0	0	0	0	0	1658940384808
1217	1716	0	0	0	0	0	0	1658940385828
1217	1715	0	0	0	0	0	0	1658940386848
1217	1705	0	0	0	0	0	0	1658940387868
1217	1698	0	0	0	0	0	0	1658940388888
1217	1696	0	0	0	0	0	0	1658940389908
1217	1699	0	0	0	0	0	0	1658940390928
1217	1703	0	0	0	0	0	0	1658940391948
1217	1707	0	0	0	0	0	0	1658940392968
1217	1709	0	0	0	0	0	0	1658940393988
1217	1712	0	0	0	0	0	0	1658940395008
1217	1713	0	0	0	0	0	0	1658940396028
1217	1715	0	0	0	0	0	0	1658940397048
1217	1715	0	0	0	0	0	0	1658940398068
1217	1715	0	0	0	0	0	0	1658940399088
1217	1715	0	0	0	0	0	0	1658940400108
1217	1715	0	0	0	0	0	0	1658940401128
1217	1716	0	0	0	0	0	0	1658940402148
1217	1716	0	0	0	0	0	0	1658940403168
1217	1716	0	0	0	0	0	0	1658940404188
1217	1716	0	0	0	0	0	0	1658940405208
1217	1716	0	0	0	0	0	0	1658940406228
1217	1716	0	0	0	0	0	0	1658940407248
1217	1716	0	0	0	0	0	0	1658940408268
1217	1716	0	0	0	0	0	0	1658940409288
1217	1716	0	0	0	0	0	0	1658940410308
1217	1716	0	0	0	0	0	0	1658940411328
1217	1713	0	0	0	0	0	0	1658940412348
1217	1715	0	0	0	0	0	0	1658940413368
1217	1716	0	0	0	0	0	0	1658940414388
1217	1716	0	0	0	0	0	0	1658940415408
1217	1716	0	0	0	0	0	0	1658940416428
1217	1716	0	0	0	0	0	0	1658940417448
1217	1716	0	0	0	0	0	0	1658940418468
1217	1716	0	0	0	0	0	0	1658940419488
1217	1716	0	0	0	0	0	0	1658940420508
1217	1716	0	0	0	0	0	0	1658940421528
1217	1716	0	0	0	0	0	0	1658940422548
1217	1716	0	0	0	0	0	0	1658940423568
1217	1716	0	0	0	0	0	0	1658940424588
1217	1716	0	0	0	0	0	0	1658940425608
1217	1716	0	0	0	0	0	0	1658940426628
1217	1716	0	0	0	0	0	0	1658940427648
1217	1712	0	0	0	0	0	0	1658940428668
1217	1704	0	0	0	0	0	0	1658940429688
1217	1698	0	0	0	0	0	0	1658940430708
1217	1694	0	0	0	0	0	0	1658940431728
1217	1692	0	0	0	0	0	0	1658940432748
1216	1691	0	0	0	0	0	0	1658940433768
1212	1690	0	0	0	0	0	0	1658940434788
1212	1689	0	0	0	0	0	0	1658940435808
1212	1689	0	0	0	0	0	0	1658940436828
1210	1689	0	0	0	0	0	0	1658940437848
1209	1689	0	0	0	0	0	0	1658940438868
1211	1689	0	0	0	0	0	0	1658940439888
1213	1689	0	0	0	0	0	0	1658940440908
1213	1689	0	0	0	0	0	0	1658940441928
1215	1689	0	0	0	0	0	0	1658940442948
1214	1689	0	0	0	0	0	0	1658940443968
1214	1689	0	0	0	0	0	0	1658940444988
1214	1689	0	0	0	0	0	0	1658940446008
1213	1689	0	0	0	0	0	0	1658940447028
1213	1689	0	0	0	0	0	0	1658940448048
1213	1689	0	0	0	0	0	0	1658940449068
1214	1689	0	0	0	0	0	0	1658940450088
1214	1689	0	0	0	0	0	0	1658940451108
1214	1689	0	0	0	0	0	0	1658940452128
1213	1689	0	0	0	0	0	0	1658940453148
1214	1689	0	0	0	0	0	0	1658940454168
1215	1689	0	0	0	0	0	0	1658940455188
1214	1689	0	0	0	0	0	0	1658940456208
1214	1689	0	0	0	0	0	0	1658940457228
1212	1691	0	0	0	0	0	0	1658940458248
1213	1691	0	0	0	0	0	0	1658940459268
1211	1691	0	0	0	0	0	0	1658940460288
1210	1694	0	0	0	0	0	0	1658940461308
1211	1695	0	0	0	0	0	0	1658940462328
1211	1694	0	0	0	0	0	0	1658940463348
1211	1697	0	0	0	0	0	0	1658940464368
1211	1696	0	0	0	0	0	0	1658940465388
1211	1695	0	0	0	0	0	0	1658940466408
1209	1692	0	0	0	0	0	0	1658940467428
1204	1690	0	0	0	0	0	0	1658940468448
1199	1689	0	0	0	0	0	0	1658940469468
1199	1689	0	0	0	0	0	0	1658940470488
1201	1689	0	0	0	0	0	0	1658940471508
1200	1689	0	0	0	0	0	0	1658940472528
1202	1689	0	0	0	0	0	0	1658940473548
1204	1689	0	0	0	0	0	0	1658940474568
1206	1689	0	0	0	0	0	0	1658940475588
1206	1689	0	0	0	0	0	0	1658940476608
1208	1689	0	0	0	0	0	0	1658940477628
1207	1689	0	0	0	0	0	0	1658940478648
1207	1689	0	0	0	0	0	0	1658940479668
1207	1689	0	0	0	0	0	0	1658940480688
1206	1689	0	0	0	0	0	0	1658940481708
1204	1689	0	0	0	0	0	0	1658940482728
1205	1689	0	0	0	0	0	0	1658940483748
1205	1689	0	0	0	0	0	0	1658940484768
1207	1689	0	0	0	0	0	0	1658940485788
1208	1689	0	0	0	0	0	0	1658940486808
1207	1689	0	0	0	0	0	0	1658940487828
1205	1689	0	0	0	0	0	0	1658940488848
1203	1689	0	0	0	0	0	0	1658940489868
1198	1689	0	0	0	0	0	0	1658940490888
1195	1689	0	0	0	0	0	0	1658940491908
1195	1689	0	0	0	0	0	0	1658940492928
1196	1689	0	0	0	0	0	0	1658940493948
1195	1689	0	0	0	0	0	0	1658940494968
1195	1689	0	0	0	0	0	0	1658940495988
1195	1689	0	0	0	0	0	0	1658940497008
1194	1689	0	0	0	0	0	0	1658940498028
1193	1689	0	0	0	0	0	0	1658940499048
1193	1689	0	0	0	0	0	0	1658940500068
1194	1689	0	0	0	0	0	0	1658940501088
1194	1689	0	0	0	0	0	0	1658940502108
1195	1689	0	0	0	0	0	0	1658940503128
1194	1689	0	0	0	0	0	0	1658940504148
1193	1689	0	0	0	0	0	0	1658940505168
1192	1689	0	0	0	0	0	0	1658940506188
1193	1689	0	0	0	0	0	0	1658940507208
1193	1689	0	0	0	0	0	0	1658940508228
1194	1689	0	0	0	0	0	0	1658940509248
1194	1689	0	0	0	0	0	0	1658940510268
1194	1689	0	0	0	0	0	0	1658940511288
1193	1689	0	0	0	0	0	0	1658940512308
1193	1689	0	0	0	0	0	0	1658940513328
1193	1689	0	0	0	0	0	0	1658940514348
1193	1689	0	0	0	0	0	0	1658940515368
1192	1689	0	0	0	0	0	0	1658940516388
1192	1689	0	0	0	0	0	0	1658940517408
1192	1689	0	0	0	0	0	0	1658940518428
1191	1689	0	0	0	0	0	0	1658940519448
1191	1689	0	0	0	0	0	0	1658940520468
1190	1689	0	0	0	0	0	0	1658940521488
1191	1689	0	0	0	0	0	0	1658940522508
1191	1689	0	0	0	0	0	0	1658940523528
1191	1689	0	0	0	0	0	0	1658940524548
1191	1689	0	0	0	0	0	0	1658940525568
1191	1689	0	0	0	0	0	0	1658940526588
1190	1689	0	0	0	0	0	0	1658940527608
1190	1689	0	0	0	0	0	0	1658940528628
1190	1689	0	0	0	0	0	0	1658940529648
1190	1689	0	0	0	0	0	0	1658940530668
1190	1689	0	0	0	0	0	0	1658940531688
1190	1689	0	0	0	0	0	0	1658940532708
1190	1689	0	0	0	0	0	0	1658940533728
1190	1689	0	0	0	0	0	0	1658940534748
1190	1689	0	0	0	0	0	0	1658940535768
1190	1689	0	0	0	0	0	0	1658940536788
1189	1689	0	0	0	0	0	0	1658940537808
1189	1689	0	0	0	0	0	0	1658940538828
1189	1689	0	0	0	0	0	0	1658940539848
1190	1690	0	0	0	0	0	0	1658940540868
1190	1689	0	0	0	0	0	0	1658940541888
1190	1689	0	0	0	0	0	0	1658940542908
1189	1689	0	0	0	0	0	0	1658940543928
1189	1689	0	0	0	0	0	0	1658940544948
1190	1689	0	0	0	0	0	0	1658940545968
1190	1690	0	0	0	0	0	0	1658940546988
1190	1690	0	0	0	0	0	0	1658940548008
1190	1690	0	0	0	0	0	0	1658940549028
1190	1690	0	0	0	0	0	0	1658940550048
1189	1689	0	0	0	0	0	0	1658940551068
1189	1689	0	0	0	0	0	0	1658940552088
1189	1689	0	0	0	0	0	0	1658940553108
1189	1689	0	0	0	0	0	0	1658940554128
1189	1689	0	0	0	0	0	0	1658940555148
1189	1689	0	0	0	0	0	0	1658940556168
1189	1689	0	0	0	0	0	0	1658940557188
1189	1689	0	0	0	0	0	0	1658940558208
1189	1689	0	0	0	0	0	0	1658940559228
1189	1689	0	0	0	0	0	0	1658940560248
1189	1689	0	0	0	0	0	0	1658940561268
1189	1689	0	0	0	0	0	0	1658940562288
1189	1689	0	0	0	0	0	0	1658940563308
1189	1689	0	0	0	0	0	0	1658940564328
1189	1689	0	0	0	0	0	0	1658940565348
1189	1689	0	0	0	0	0	0	1658940566368
1189	1689	0	0	0	0	0	0	1658940567388
1189	1689	0	0	0	0	0	0	1658940568408
1189	1689	0	0	0	0	0	0	1658940569428
1189	1689	0	0	0	0	0	0	1658940570448
1189	1689	0	0	0	0	0	0	1658940571468
1189	1689	0	0	0	0	0	0	1658940572488
1189	1689	0	0	0	0	0	0	1658940573508
1189	1689	0	0	0	0	0	0	1658940574528
1189	1689	0	0	0	0	0	0	1658940575548
1189	1689	0	0	0	0	0	0	1658940576568
1189	1689	0	0	0	0	0	0	1658940577588
1189	1689	0	0	0	0	0	0	1658940578608
1189	1689	0	0	0	0	0	0	1658940579628
1189	1689	0	0	0	0	0	0	1658940580648
1189	1689	0	0	0	0	0	0	1658940581668
1189	1689	0	0	0	0	0	0	1658940582688
1189	1689	0	0	0	0	0	0	1658940583708
1189	1689	0	0	0	0	0	0	1658940584728
1189	1689	0	0	0	0	0	0	1658940585748
1189	1689	0	0	0	0	0	0	1658940586768
1189	1689	0	0	0	0	0	0	1658940587788
1189	1689	0	0	0	0	0	0	1658940588808
1189	1689	0	0	0	0	0	0	1658940589828
1189	1689	0	0	0	0	0	0	1658940590848
1189	1689	0	0	0	0	0	0	1658940591868
1189	1689	0	0	0	0	0	0	1658940592888
1189	1689	0	0	0	0	0	0	1658940593908
1189	1689	0	0	0	0	0	0	1658940594928
1189	1689	0	0	0	0	0	0	1658940595948
1189	1689	0	0	0	0	0	0	1658940596968
1189	1689	0	0	0	0	0	0	1658940597988
1189	1688	0	0	0	0	0	0	1658940599008
1189	1678	0	0	0	0	0	0	1658940600028
1189	1674	0	0	0	0	0	0	1658940601048
1189	1674	0	0	0	0	0	0	1658940602068
1189	1678	0	0	0	0	0	0	1658940603088
1189	1682	0	0	0	0	0	0	1658940604108
1189	1684	0	0	0	0	0	0	1658940605128
1189	1686	0	0	0	0	0	0	1658940606148
1189	1687	0	0	0	0	0	0	1658940607168
1189	1688	0	0	0	0	0	0	1658940608188
1189	1688	0	0	0	0	0	0	1658940609208
1189	1688	0	0	0	0	0	0	1658940610228
1189	1688	0	0	0	0	0	0	1658940611248
1189	1688	0	0	0	0	0	0	1658940612268
1189	1688	0	0	0	0	0	0	1658940613288
1189	1688	0	0	0	0	0	0	1658940614308
1189	1688	0	0	0	0	0	0	1658940615328
1189	1689	0	0	0	0	0	0	1658940616348
1189	1689	0	0	0	0	0	0	1658940617368
1189	1689	0	0	0	0	0	0	1658940618388
1189	1689	0	0	0	0	0	0	1658940619408
1189	1689	0	0	0	0	0	0	1658940620428
1189	1689	0	0	0	0	0	0	1658940621448
1189	1670	0	0	0	0	0	0	1658940622468
1189	1678	0	0	0	0	0	0	1658940623488
1189	1682	0	0	0	0	0	0	1658940624508
1189	1685	0	0	0	0	0	0	1658940625528
1189	1687	0	0	0	0	0	0	1658940626548
1189	1688	0	0	0	0	0	0	1658940627568
1189	1688	0	0	0	0	0	0	1658940628588
1189	1688	0	0	0	0	0	0	1658940629608
1189	1688	0	0	0	0	0	0	1658940630628
1189	1682	0	0	0	0	0	0	1658940631648
1189	1674	0	0	0	0	0	0	1658940632668
1189	1669	0	0	0	0	0	0	1658940633688
1189	1666	0	0	0	0	0	0	1658940634708
1189	1664	0	0	0	0	0	0	1658940635728
1189	1663	0	0	0	0	0	0	1658940636748
1189	1662	0	0	0	0	0	0	1658940637768
1189	1662	0	0	0	0	0	0	1658940638788
1189	1662	0	0	0	0	0	0	1658940639808
1189	1662	0	0	0	0	0	0	1658940640828
1189	1661	0	0	0	0	0	0	1658940641848
1189	1661	0	0	0	0	0	0	1658940642868
1189	1661	0	0	0	0	0	0	1658940643888
1189	1661	0	0	0	0	0	0	1658940644908
1189	1661	0	0	0	0	0	0	1658940645928
1189	1661	0	0	0	0	0	0	1658940646948
1189	1661	0	0	0	0	0	0	1658940647968
1189	1661	0	0	0	0	0	0	1658940648988
1189	1661	0	0	0	0	0	0	1658940650008
1189	1661	0	0	0	0	0	0	1658940651028
1189	1661	0	0	0	0	0	0	1658940652048
1189	1661	0	0	0	0	0	0	1658940653068
1189	1661	0	0	0	0	0	0	1658940654088
1189	1661	0	0	0	0	0	0	1658940655108
1189	1661	0	0	0	0	0	0	1658940656128
1189	1661	0	0	0	0	0	0	1658940657148
1189	1661	0	0	0	0	0	0	1658940658168
1189	1661	0	0	0	0	0	0	1658940659188
1189	1661	0	0	0	0	0	0	1658940660208
1189	1661	0	0	0	0	0	0	1658940661228
1189	1661	0	0	0	0	0	0	1658940662248
1189	1661	0	0	0	0	0	0	1658940663268
1189	1661	0	0	0	0	0	0	1658940664288
1189	1661	0	0	0	0	0	0	1658940665308
1189	1661	0	0	0	0	0	0	1658940666328
1189	1661	0	0	0	0	0	0	1658940667348
1189	1661	0	0	0	0	0	0	1658940668368
1189	1661	0	0	0	0	0	0	1658940669388
1189	1661	0	0	0	0	0	0	1658940670408
1189	1661	0	0	0	0	0	0	1658940671428
1189	1661	0	0	0	0	0	0	1658940672448
1189	1661	0	0	0	0	0	0	1658940673468
1189	1661	0	0	0	0	0	0	1658940674488
1189	1661	0	0	0	0	0	0	1658940675508
1189	1661	0	0	0	0	0	0	1658940676528
1189	1661	0	0	0	0	0	0	1658940677548
1189	1661	0	0	0	0	0	0	1658940678568
1189	1661	0	0	0	0	0	0	1658940679588
1189	1661	0	0	0	0	0	0	1658940680608
1189	1661	0	0	0	0	0	0	1658940681628
1189	1661	0	0	0	0	0	0	1658940682648
1189	1661	0	0	0	0	0	0	1658940683668
1189	1661	0	0	0	0	0	0	1658940684688
1189	1661	0	0	0	0	0	0	1658940685708
1189	1661	0	0	0	0	0	0	1658940686728
1189	1661	0	0	0	0	0	0	1658940687748
1189	1661	0	0	0	0	0	0	1658940688768
1189	1661	0	0	0	0	0	0	1658940689788
1189	1661	0	0	0	0	0	0	1658940690808
1189	1661	0	0	0	0	0	0	1658940691828
1189	1661	0	0	0	0	0	0	1658940692848
1189	1661	0	0	0	0	0	0	1658940693868
1189	1661	0	0	0	0	0	0	1658940694888
1189	1661	0	0	0	0	0	0	1658940695908
1189	1661	0	0	0	0	0	0	1658940696928
1189	1661	0	0	0	0	0	0	1658940697948
1189	1661	0	0	0	0	0	0	1658940698968
1189	1661	0	0	0	0	0	0	1658940699988
1189	1662	0	0	0	0	0	0	1658940701008
1189	1662	0	0	0	0	0	0	1658940702028
1189	1662	0	0	0	0	0	0	1658940703048
1189	1663	0	0	0	0	0	0	1658940704068
1189	1663	0	0	0	0	0	0	1658940705088
1189	1664	0	0	0	0	0	0	1658940706108
1189	1665	0	0	0	0	0	0	1658940707128
1189	1665	0	0	0	0	0	0	1658940708148
1189	1665	0	0	0	0	0	0	1658940709168
1189	1665	0	0	0	0	0	0	1658940710188
1189	1665	0	0	0	0	0	0	1658940711208
1189	1666	0	0	0	0	0	0	1658940712228
1189	1667	0	0	0	0	0	0	1658940713248
1189	1668	0	0	0	0	0	0	1658940714268
1189	1668	0	0	0	0	0	0	1658940715288
1189	1665	0	0	0	0	0	0	1658940716308
1189	1663	0	0	0	0	0	0	1658940717328
1189	1662	0	0	0	0	0	0	1658940718348
1189	1662	0	0	0	0	0	0	1658940719368
1189	1662	0	0	0	0	0	0	1658940720388
1189	1662	0	0	0	0	0	0	1658940721408
1189	1662	0	0	0	0	0	0	1658940722428
1189	1662	0	0	0	0	0	0	1658940723448
1189	1662	0	0	0	0	0	0	1658940724468
1189	1662	0	0	0	0	0	0	1658940725488
1189	1662	0	0	0	0	0	0	1658940726508
1189	1662	0	0	0	0	0	0	1658940727528
1189	1662	0	0	0	0	0	0	1658940728548
1189	1662	0	0	0	0	0	0	1658940729568
1189	1662	0	0	0	0	0	0	1658940730588
1189	1661	0	0	0	0	0	0	1658940731608
1189	1661	0	0	0	0	0	0	1658940732628
1189	1661	0	0	0	0	0	0	1658940733648
1189	1661	0	0	0	0	0	0	1658940734668
1189	1661	0	0	0	0	0	0	1658940735688
1189	1661	0	0	0	0	0	0	1658940736708
1189	1661	0	0	0	0	0	0	1658940737728
1189	1661	0	0	0	0	0	0	1658940738748
1189	1661	0	0	0	0	0	0	1658940739768
1189	1661	0	0	0	0	0	0	1658940740788
1189	1661	0	0	0	0	0	0	1658940741808
1189	1661	0	0	0	0	0	0	1658940742828
1189	1661	0	0	0	0	0	0	1658940743848
1189	1661	0	0	0	0	0	0	1658940744868
1189	1661	0	0	0	0	0	0	1658940745888
1189	1661	0	0	0	0	0	0	1658940746908
1189	1661	0	0	0	0	0	0	1658940747928
1189	1661	0	0	0	0	0	0	1658940748948
1189	1661	0	0	0	0	0	0	1658940749968
1189	1661	0	0	0	0	0	0	1658940750988
1189	1661	0	0	0	0	0	0	1658940752008
1189	1661	0	0	0	0	0	0	1658940753028
1189	1660	0	0	0	0	0	0	1658940754048
1189	1653	0	0	0	0	0	0	1658940755068
1189	1654	0	0	0	0	0	0	1658940756088
1189	1657	0	0	0	0	0	0	1658940757108
1189	1658	0	0	0	0	0	0	1658940758128
1189	1659	0	0	0	0	0	0	1658940759148
1189	1651	0	0	0	0	0	0	1658940760168
1189	1651	0	0	0	0	0	0	1658940761188
1189	1653	0	0	0	0	0	0	1658940762208
1189	1654	0	0	0	0	0	0	1658940763228
1189	1656	0	0	0	0	0	0	1658940764248
1189	1656	0	0	0	0	0	0	1658940765268
1189	1658	0	0	0	0	0	0	1658940766288
1189	1659	0	0	0	0	0	0	1658940767308
1189	1660	0	0	0	0	0	0	1658940768328
1189	1660	0	0	0	0	0	0	1658940769348
1189	1660	0	0	0	0	0	0	1658940770368
1189	1660	0	0	0	0	0	0	1658940771388
1189	1660	0	0	0	0	0	0	1658940772408
1189	1660	0	0	0	0	0	0	1658940773428
1189	1660	0	0	0	0	0	0	1658940774448
1189	1661	0	0	0	0	0	0	1658940775468
1189	1661	0	0	0	0	0	0	1658940776488
1189	1661	0	0	0	0	0	0	1658940777508
1189	1661	0	0	0	0	0	0	1658940778528
1189	1661	0	0	0	0	0	0	1658940779548
1189	1661	0	0	0	0	0	0	1658940780568
1189	1661	0	0	0	0	0	0	1658940781588
1189	1661	0	0	0	0	0	0	1658940782608
1189	1661	0	0	0	0	0	0	1658940783628
1189	1661	0	0	0	0	0	0	1658940784648
1189	1661	0	0	0	0	0	0	1658940785668
1189	1661	0	0	0	0	0	0	1658940786688
1189	1661	0	0	0	0	0	0	1658940787708
1189	1661	0	0	0	0	0	0	1658940788728
1189	1661	0	0	0	0	0	0	1658940789748
1189	1661	0	0	0	0	0	0	1658940790768
1189	1661	0	0	0	0	0	0	1658940791788
1189	1661	0	0	0	0	0	0	1658940792808
1189	1661	0	0	0	0	0	0	1658940793828
1189	1661	0	0	0	0	0	0	1658940794848
1189	1661	0	0	0	0	0	0	1658940795868
1189	1661	0	0	0	0	0	0	1658940796888
1189	1661	0	0	0	0	0	0	1658940797908
1189	1660	0	0	0	0	0	0	1658940798928
1189	1651	0	0	0	0	0	0	1658940799948
1189	1644	0	0	0	0	0	0	1658940800968
1189	1640	0	0	0	0	0	0	1658940801988
1189	1640	0	0	0	0	0	0	1658940803008
1189	1638	0	0	0	0	0	0	1658940804028
1188	1639	0	0	0	0	0	0	1658940805048
1189	1642	0	0	0	0	0	0	1658940806068
1189	1642	0	0	0	0	0	0	1658940807088
1189	1642	0	0	0	0	0	0	1658940808108
1189	1643	0	0	0	0	0	0	1658940809128
1189	1647	0	0	0	0	0	0	1658940810148
1189	1651	0	0	0	0	0	0	1658940811168
1189	1654	0	0	0	0	0	0	1658940812188
1189	1657	0	0	0	0	0	0	1658940813208
1189	1658	0	0	0	0	0	0	1658940814228
1189	1659	0	0	0	0	0	0	1658940815248
1189	1659	0	0	0	0	0	0	1658940816268
1189	1659	0	0	0	0	0	0	1658940817288
1189	1660	0	0	0	0	0	0	1658940818308
1189	1660	0	0	0	0	0	0	1658940819328
1189	1660	0	0	0	0	0	0	1658940820348
1189	1660	0	0	0	0	0	0	1658940821368
1189	1655	0	0	0	0	0	0	1658940822388
1188	1646	0	0	0	0	0	0	1658940823408
1188	1641	0	0	0	0	0	0	1658940824428
1188	1638	0	0	0	0	0	0	1658940825448
1188	1636	0	0	0	0	0	0	1658940826468
1186	1635	0	0	0	0	0	0	1658940827488
1194	1638	0	0	0	0	0	0	1658940828508
1212	1641	0	0	0	0	0	0	1658940829528
1214	1638	0	0	0	0	0	0	1658940830548
1215	1636	0	0	0	0	0	0	1658940831568
1216	1635	0	0	0	0	0	0	1658940832588
1216	1634	0	0	0	0	0	0	1658940833608
1216	1634	0	0	0	0	0	0	1658940834628
1216	1634	0	0	0	0	0	0	1658940835648
1216	1634	0	0	0	0	0	0	1658940836668
1216	1634	0	0	0	0	0	0	1658940837688
1216	1634	0	0	0	0	0	0	1658940838708
1216	1634	0	0	0	0	0	0	1658940839728
1216	1634	0	0	0	0	0	0	1658940840748
1216	1634	0	0	0	0	0	0	1658940841768
1216	1634	0	0	0	0	0	0	1658940842788
1216	1634	0	0	0	0	0	0	1658940843808
1216	1634	0	0	0	0	0	0	1658940844828
1216	1634	0	0	0	0	0	0	1658940845848
1216	1634	0	0	0	0	0	0	1658940846868
1216	1634	0	0	0	0	0	0	1658940847888
1216	1633	0	0	0	0	0	0	1658940848908
1216	1633	0	0	0	0	0	0	1658940849928
1216	1633	0	0	0	0	0	0	1658940850948
1216	1633	0	0	0	0	0	0	1658940851968
1216	1633	0	0	0	0	0	0	1658940852988
1216	1633	0	0	0	0	0	0	1658940854008
1216	1633	0	0	0	0	0	0	1658940855028
1217	1633	0	0	0	0	0	0	1658940856048
1217	1633	0	0	0	0	0	0	1658940857068
1217	1633	0	0	0	0	0	0	1658940858088
1217	1633	0	0	0	0	0	0	1658940859108
1217	1633	0	0	0	0	0	0	1658940860128
1217	1633	0	0	0	0	0	0	1658940861148
1217	1633	0	0	0	0	0	0	1658940862168
1217	1633	0	0	0	0	0	0	1658940863188
1217	1633	0	0	0	0	0	0	1658940864208
1217	1633	0	0	0	0	0	0	1658940865228
1217	1633	0	0	0	0	0	0	1658940866248
1217	1633	0	0	0	0	0	0	1658940867268
1217	1633	0	0	0	0	0	0	1658940868288
1217	1634	0	0	0	0	0	0	1658940869308
1217	1635	0	0	0	0	0	0	1658940870328
1217	1636	0	0	0	0	0	0	1658940871348
1217	1637	0	0	0	0	0	0	1658940872368
1217	1638	0	0	0	0	0	0	1658940873388
1217	1641	0	0	0	0	0	0	1658940874408
1217	1641	0	0	0	0	0	0	1658940875428
1217	1642	0	0	0	0	0	0	1658940876448
1217	1642	0	0	0	0	0	0	1658940877468
1217	1638	0	0	0	0	0	0	1658940878488
1217	1636	0	0	0	0	0	0	1658940879508
1217	1635	0	0	0	0	0	0	1658940880528
1217	1634	0	0	0	0	0	0	1658940881548
1217	1634	0	0	0	0	0	0	1658940882568
1217	1634	0	0	0	0	0	0	1658940883588
1217	1634	0	0	0	0	0	0	1658940884608
1217	1634	0	0	0	0	0	0	1658940885628
1217	1634	0	0	0	0	0	0	1658940886648
1217	1634	0	0	0	0	0	0	1658940887668
1217	1634	0	0	0	0	0	0	1658940888688
1217	1634	0	0	0	0	0	0	1658940889708
1217	1634	0	0	0	0	0	0	1658940890728
1217	1634	0	0	0	0	0	0	1658940891748
1217	1634	0	0	0	0	0	0	1658940892768
1217	1633	0	0	0	0	0	0	1658940893788
1217	1633	0	0	0	0	0	0	1658940894808
1217	1633	0	0	0	0	0	0	1658940895828
1217	1633	0	0	0	0	0	0	1658940896848
1217	1633	0	0	0	0	0	0	1658940897868
1217	1633	0	0	0	0	0	0	1658940898888
1217	1633	0	0	0	0	0	0	1658940899908
1217	1633	0	0	0	0	0	0	1658940900928
1217	1633	0	0	0	0	0	0	1658940901948
1217	1633	0	0	0	0	0	0	1658940902968
1217	1633	0	0	0	0	0	0	1658940903988
1217	1633	0	0	0	0	0	0	1658940905008
1217	1634	0	0	0	0	0	0	1658940906028
1217	1634	0	0	0	0	0	0	1658940907048
1217	1634	0	0	0	0	0	0	1658940908068
1217	1635	0	0	0	0	0	0	1658940909088
1217	1636	0	0	0	0	0	0	1658940910108
1217	1638	0	0	0	0	0	0	1658940911128
1217	1639	0	0	0	0	0	0	1658940912148
1217	1641	0	0	0	0	0	0	1658940913168
1217	1642	0	0	0	0	0	0	1658940914188
1217	1639	0	0	0	0	0	0	1658940915208
1217	1637	0	0	0	0	0	0	1658940916228
1217	1637	0	0	0	0	0	0	1658940917248
1217	1637	0	0	0	0	0	0	1658940918268
1217	1638	0	0	0	0	0	0	1658940919288
1217	1638	0	0	0	0	0	0	1658940920308
1217	1639	0	0	0	0	0	0	1658940921328
1217	1640	0	0	0	0	0	0	1658940922348
1217	1643	0	0	0	0	0	0	1658940923368
1217	1645	0	0	0	0	0	0	1658940924388
1217	1647	0	0	0	0	0	0	1658940925408
1217	1650	0	0	0	0	0	0	1658940926428
1217	1651	0	0	0	0	0	0	1658940927448
1217	1652	0	0	0	0	0	0	1658940928468
1217	1654	0	0	0	0	0	0	1658940929488
1217	1654	0	0	0	0	0	0	1658940930508
1217	10992	0	0	0	0	0	0	1658940931528
1217	7259	0	0	0	0	0	0	1658940932548
1217	5018	0	0	0	0	0	0	1658940933568
1217	3674	0	0	0	0	0	0	1658940934588
1217	2865	0	0	0	0	0	0	1658940935608
1217	2372	0	0	0	0	0	0	1658940936628
1217	2077	0	0	0	0	0	0	1658940937648
1217	1899	0	0	0	0	0	0	1658940938668
1217	1794	0	0	0	0	0	0	1658940939688
1217	1732	0	0	0	0	0	0	1658940940708
1217	1697	0	0	0	0	0	0	1658940941728
1217	1677	0	0	0	0	0	0	1658940942748
1217	1666	0	0	0	0	0	0	1658940943768
1217	1659	0	0	0	0	0	0	1658940944788
1217	1658	0	0	0	0	0	0	1658940945808
1217	1657	0	0	0	0	0	0	1658940946828
1217	1657	0	0	0	0	0	0	1658940947848
1217	1657	0	0	0	0	0	0	1658940948868
1217	1658	0	0	0	0	0	0	1658940949888
1217	1659	0	0	0	0	0	0	1658940950908
1217	1659	0	0	0	0	0	0	1658940951928
1217	1660	0	0	0	0	0	0	1658940952948
1217	1660	0	0	0	0	0	0	1658940953968
1217	1660	0	0	0	0	0	0	1658940954988
1217	1661	0	0	0	0	0	0	1658940956008
1217	1661	0	0	0	0	0	0	1658940957028
1217	1661	0	0	0	0	0	0	1658940958048
1217	1660	0	0	0	0	0	0	1658940959068
1217	1660	0	0	0	0	0	0	1658940960088
1217	1660	0	0	0	0	0	0	1658940961108
1217	1661	0	0	0	0	0	0	1658940962128
1217	1661	0	0	0	0	0	0	1658940963148
1217	1661	0	0	0	0	0	0	1658940964168
1217	1661	0	0	0	0	0	0	1658940965188
1217	1661	0	0	0	0	0	0	1658940966208
1217	1661	0	0	0	0	0	0	1658940967228
1217	1661	0	0	0	0	0	0	1658940968248
1217	1661	0	0	0	0	0	0	1658940969268
1217	1661	0	0	0	0	0	0	1658940970288
1217	1661	0	0	0	0	0	0	1658940971308
1217	1661	0	0	0	0	0	0	1658940972328
1217	1661	0	0	0	0	0	0	1658940973348
1217	1661	0	0	0	0	0	0	1658940974368
1217	1661	0	0	0	0	0	0	1658940975388
1217	1661	0	0	0	0	0	0	1658940976408
1217	1661	0	0	0	0	0	0	1658940977428
1217	1661	0	0	0	0	0	0	1658940978448
1217	1661	0	0	0	0	0	0	1658940979468
1217	1661	0	0	0	0	0	0	1658940980488
1217	1661	0	0	0	0	0	0	1658940981508
1217	1661	0	0	0	0	0	0	1658940982528
1217	1661	0	0	0	0	0	0	1658940983548
1217	1661	0	0	0	0	0	0	1658940984568
1217	1661	0	0	0	0	0	0	1658940985588
1217	1661	0	0	0	0	0	0	1658940986608
1217	1661	0	0	0	0	0	0	1658940987628
1217	1661	0	0	0	0	0	0	1658940988648
1217	1661	0	0	0	0	0	0	1658940989668
1217	1661	0	0	0	0	0	0	1658940990688
1217	1661	0	0	0	0	0	0	1658940991708
1217	1661	0	0	0	0	0	0	1658940992728
1217	1661	0	0	0	0	0	0	1658940993748
1217	1660	0	0	0	0	0	0	1658940994768
1217	1659	0	0	0	0	0	0	1658940995788
