1093	1787	0	0	0	0	0	0	1660846531259
1087	1780	0	0	0	0	0	0	1660846532279
1079	1766	0	0	0	0	0	0	1660846533299
1067	1757	0	0	0	0	0	0	1660846534319
1060	1752	0	0	0	0	0	0	1660846535339
1047	1749	0	0	0	0	0	0	1660846536359
1037	1747	0	0	0	0	0	0	1660846537379
1031	1745	0	0	0	0	0	0	1660846538399
1028	1742	0	0	0	0	0	0	1660846539419
1019	1733	0	0	0	0	0	0	1660846540439
1009	1726	0	0	0	0	0	0	1660846541459
1003	1722	0	0	0	0	0	0	1660846542479
999	1719	0	0	0	0	0	0	1660846543499
997	1718	0	0	0	0	0	0	1660846544519
996	1717	0	0	0	0	0	0	1660846545539
990	1716	0	0	0	0	0	0	1660846546559
981	1716	0	0	0	0	0	0	1660846547579
976	1716	0	0	0	0	0	0	1660846548599
972	1716	0	0	0	0	0	0	1660846549619
970	1716	0	0	0	0	0	0	1660846550639
969	1716	0	0	0	0	0	0	1660846551659
968	1716	0	0	0	0	0	0	1660846552679
967	1713	0	0	0	0	0	0	1660846553699
967	1708	0	0	0	0	0	0	1660846554719
967	1702	0	0	0	0	0	0	1660846555739
967	1697	0	0	0	0	0	0	1660846556759
967	1693	0	0	0	0	0	0	1660846557779
966	1691	0	0	0	0	0	0	1660846558799
963	1690	0	0	0	0	0	0	1660846559819
959	1689	0	0	0	0	0	0	1660846560839
953	1688	0	0	0	0	0	0	1660846561859
947	1688	0	0	0	0	0	0	1660846562879
944	1688	0	0	0	0	0	0	1660846563899
942	1688	0	0	0	0	0	0	1660846564919
941	1688	0	0	0	0	0	0	1660846565939
940	1688	0	0	0	0	0	0	1660846566959
940	1688	0	0	0	0	0	0	1660846567979
940	1688	0	0	0	0	0	0	1660846568999
940	1688	0	0	0	0	0	0	1660846570019
939	1688	0	0	0	0	0	0	1660846571039
939	1688	0	0	0	0	0	0	1660846572059
939	1688	0	0	0	0	0	0	1660846573079
939	1688	0	0	0	0	0	0	1660846574099
939	1688	0	0	0	0	0	0	1660846575119
939	1687	0	0	0	0	0	0	1660846576139
939	1685	0	0	0	0	0	0	1660846577159
939	1681	0	0	0	0	0	0	1660846578179
939	1675	0	0	0	0	0	0	1660846579199
939	1670	0	0	0	0	0	0	1660846580219
939	1666	0	0	0	0	0	0	1660846581239
939	1663	0	0	0	0	0	0	1660846582259
939	1662	0	0	0	0	0	0	1660846583279
939	1661	0	0	0	0	0	0	1660846584299
939	1661	0	0	0	0	0	0	1660846585319
939	1661	0	0	0	0	0	0	1660846586339
939	1661	0	0	0	0	0	0	1660846587359
939	1660	0	0	0	0	0	0	1660846588379
939	1660	0	0	0	0	0	0	1660846589399
939	1660	0	0	0	0	0	0	1660846590419
939	1660	0	0	0	0	0	0	1660846591439
939	1660	0	0	0	0	0	0	1660846592459
939	1660	0	0	0	0	0	0	1660846593479
939	1660	0	0	0	0	0	0	1660846594499
939	1660	0	0	0	0	0	0	1660846595519
939	1660	0	0	0	0	0	0	1660846596539
939	1660	0	0	0	0	0	0	1660846597559
939	1660	0	0	0	0	0	0	1660846598579
939	1660	0	0	0	0	0	0	1660846599599
939	1660	0	0	0	0	0	0	1660846600619
938	1660	0	0	0	0	0	0	1660846601639
938	1660	0	0	0	0	0	0	1660846602659
938	1660	0	0	0	0	0	0	1660846603679
938	1660	0	0	0	0	0	0	1660846604699
937	1660	0	0	0	0	0	0	1660846605719
937	1660	0	0	0	0	0	0	1660846606739
937	1659	0	0	0	0	0	0	1660846607759
936	1658	0	0	0	0	0	0	1660846608779
935	1658	0	0	0	0	0	0	1660846609799
933	1656	0	0	0	0	0	0	1660846610819
934	1652	0	0	0	0	0	0	1660846611839
935	1649	0	0	0	0	0	0	1660846612859
934	1645	0	0	0	0	0	0	1660846613879
934	1641	0	0	0	0	0	0	1660846614899
933	1637	0	0	0	0	0	0	1660846615919
933	1635	0	0	0	0	0	0	1660846616939
933	1634	0	0	0	0	0	0	1660846617959
933	1633	0	0	0	0	0	0	1660846618979
931	1633	0	0	0	0	0	0	1660846619999
931	1633	0	0	0	0	0	0	1660846621019
929	1633	0	0	0	0	0	0	1660846622039
927	1633	0	0	0	0	0	0	1660846623059
925	1633	0	0	0	0	0	0	1660846624079
923	1633	0	0	0	0	0	0	1660846625099
922	1632	0	0	0	0	0	0	1660846626119
922	1632	0	0	0	0	0	0	1660846627139
920	1632	0	0	0	0	0	0	1660846628159
919	1632	0	0	0	0	0	0	1660846629179
917	1632	0	0	0	0	0	0	1660846630199
916	1632	0	0	0	0	0	0	1660846631219
914	1632	0	0	0	0	0	0	1660846632239
915	1632	0	0	0	0	0	0	1660846633259
915	1632	0	0	0	0	0	0	1660846634279
915	1632	0	0	0	0	0	0	1660846635299
914	1632	0	0	0	0	0	0	1660846636319
913	1632	0	0	0	0	0	0	1660846637339
913	1632	0	0	0	0	0	0	1660846638359
914	1632	0	0	0	0	0	0	1660846639379
913	1632	0	0	0	0	0	0	1660846640399
912	1632	0	0	0	0	0	0	1660846641419
912	1632	0	0	0	0	0	0	1660846642439
912	1632	0	0	0	0	0	0	1660846643459
912	1632	0	0	0	0	0	0	1660846644479
912	1632	0	0	0	0	0	0	1660846645529
912	1632	0	0	0	0	0	0	1660846646549
912	1632	0	0	0	0	0	0	1660846647569
912	1632	0	0	0	0	0	0	1660846648589
912	1632	0	0	0	0	0	0	1660846649609
912	1632	0	0	0	0	0	0	1660846650629
912	1632	0	0	0	0	0	0	1660846651649
912	1631	0	0	0	0	0	0	1660846652669
911	1631	0	0	0	0	0	0	1660846653689
911	1631	0	0	0	0	0	0	1660846654709
911	1630	0	0	0	0	0	0	1660846655729
911	1629	0	0	0	0	0	0	1660846656749
911	1627	0	0	0	0	0	0	1660846657769
911	1625	0	0	0	0	0	0	1660846658789
911	1624	0	0	0	0	0	0	1660846659809
911	1620	0	0	0	0	0	0	1660846660829
911	1616	0	0	0	0	0	0	1660846661849
911	1612	0	0	0	0	0	0	1660846662869
911	1609	0	0	0	0	0	0	1660846663889
911	1608	0	0	0	0	0	0	1660846664909
911	1606	0	0	0	0	0	0	1660846665929
911	1605	0	0	0	0	0	0	1660846666949
911	1605	0	0	0	0	0	0	1660846667969
911	1605	0	0	0	0	0	0	1660846668989
911	1605	0	0	0	0	0	0	1660846670009
911	1605	0	0	0	0	0	0	1660846671029
911	1604	0	0	0	0	0	0	1660846672049
911	1604	0	0	0	0	0	0	1660846673069
911	1604	0	0	0	0	0	0	1660846674089
911	1604	0	0	0	0	0	0	1660846675109
911	1604	0	0	0	0	0	0	1660846676129
911	1604	0	0	0	0	0	0	1660846677149
911	1604	0	0	0	0	0	0	1660846678169
911	1604	0	0	0	0	0	0	1660846679189
911	1604	0	0	0	0	0	0	1660846680209
911	1604	0	0	0	0	0	0	1660846681229
911	1604	0	0	0	0	0	0	1660846682249
911	1604	0	0	0	0	0	0	1660846683269
911	1604	0	0	0	0	0	0	1660846684289
911	1604	0	0	0	0	0	0	1660846685309
911	1604	0	0	0	0	0	0	1660846686329
911	1604	0	0	0	0	0	0	1660846687349
911	1604	0	0	0	0	0	0	1660846688369
911	1604	0	0	0	0	0	0	1660846689389
911	1604	0	0	0	0	0	0	1660846690409
911	1604	0	0	0	0	0	0	1660846691429
911	1604	0	0	0	0	0	0	1660846692449
911	1604	0	0	0	0	0	0	1660846693469
911	1604	0	0	0	0	0	0	1660846694489
911	1604	0	0	0	0	0	0	1660846695509
911	1604	0	0	0	0	0	0	1660846696529
911	1604	0	0	0	0	0	0	1660846697549
911	1604	0	0	0	0	0	0	1660846698569
911	1604	0	0	0	0	0	0	1660846699589
911	1604	0	0	0	0	0	0	1660846700609
911	1604	0	0	0	0	0	0	1660846701629
911	1604	0	0	0	0	0	0	1660846702649
911	1604	0	0	0	0	0	0	1660846703669
911	1604	0	0	0	0	0	0	1660846704689
911	1604	0	0	0	0	0	0	1660846705709
911	1604	0	0	0	0	0	0	1660846706729
911	1604	0	0	0	0	0	0	1660846707749
911	1604	0	0	0	0	0	0	1660846708769
911	1604	0	0	0	0	0	0	1660846709789
911	1604	0	0	0	0	0	0	1660846710809
911	1604	0	0	0	0	0	0	1660846711829
911	1604	0	0	0	0	0	0	1660846712849
911	1604	0	0	0	0	0	0	1660846713869
911	1604	0	0	0	0	0	0	1660846714889
911	1604	0	0	0	0	0	0	1660846715909
911	1604	0	0	0	0	0	0	1660846716929
911	1603	0	0	0	0	0	0	1660846717949
911	1603	0	0	0	0	0	0	1660846718969
911	1603	0	0	0	0	0	0	1660846719989
911	1601	0	0	0	0	0	0	1660846721009
911	1602	0	0	0	0	0	0	1660846722029
911	1600	0	0	0	0	0	0	1660846723049
911	1597	0	0	0	0	0	0	1660846724069
911	1594	0	0	0	0	0	0	1660846725089
911	1592	0	0	0	0	0	0	1660846726109
911	1589	0	0	0	0	0	0	1660846727129
911	1588	0	0	0	0	0	0	1660846728149
911	1586	0	0	0	0	0	0	1660846729169
911	1580	0	0	0	0	0	0	1660846730189
911	1579	0	0	0	0	0	0	1660846731209
911	1578	0	0	0	0	0	0	1660846732229
10546	1577	0	0	0	0	0	0	1660846733249
6692	1577	0	0	0	0	0	0	1660846734269
4380	1577	0	0	0	0	0	0	1660846735289
2992	1577	0	0	0	0	0	0	1660846736309
2160	1577	0	0	0	0	0	0	1660846737329
1660	1577	0	0	0	0	0	0	1660846738349
1360	1577	0	0	0	0	0	0	1660846739369
1181	1577	0	0	0	0	0	0	1660846740389
1073	1577	0	0	0	0	0	0	1660846741409
1008	1577	0	0	0	0	0	0	1660846742429
969	1577	0	0	0	0	0	0	1660846743449
946	1577	0	0	0	0	0	0	1660846744469
932	1577	0	0	0	0	0	0	1660846745489
924	1577	0	0	0	0	0	0	1660846746509
919	1577	0	0	0	0	0	0	1660846747529
916	1577	0	0	0	0	0	0	1660846748549
914	1577	0	0	0	0	0	0	1660846749569
913	1577	0	0	0	0	0	0	1660846750589
912	1577	0	0	0	0	0	0	1660846751609
912	1577	0	0	0	0	0	0	1660846752629
911	1577	0	0	0	0	0	0	1660846753649
911	1577	0	0	0	0	0	0	1660846754669
911	1577	0	0	0	0	0	0	1660846755689
911	1577	0	0	0	0	0	0	1660846756709
911	1577	0	0	0	0	0	0	1660846757729
911	1577	0	0	0	0	0	0	1660846758749
911	1577	0	0	0	0	0	0	1660846759769
911	1577	0	0	0	0	0	0	1660846760789
911	1577	0	0	0	0	0	0	1660846761809
911	1577	0	0	0	0	0	0	1660846762829
911	1577	0	0	0	0	0	0	1660846763849
911	1577	0	0	0	0	0	0	1660846764869
911	1577	0	0	0	0	0	0	1660846765889
911	1577	0	0	0	0	0	0	1660846766909
