2254	643	0	0	0	0	0	0	1659981700984
2246	640	0	0	0	0	0	0	1659981702004
2234	638	0	0	0	0	0	0	1659981703024
2228	635	0	0	0	0	0	0	1659981704044
2223	625	0	0	0	0	0	0	1659981705064
2211	618	0	0	0	0	0	0	1659981706084
2202	614	0	0	0	0	0	0	1659981707104
2199	611	0	0	0	0	0	0	1659981708124
2195	610	0	0	0	0	0	0	1659981709144
2193	609	0	0	0	0	0	0	1659981710164
2192	608	0	0	0	0	0	0	1659981711184
2191	608	0	0	0	0	0	0	1659981712204
2190	608	0	0	0	0	0	0	1659981713224
2188	608	0	0	0	0	0	0	1659981714244
2179	608	0	0	0	0	0	0	1659981715264
2172	608	0	0	0	0	0	0	1659981716284
2168	608	0	0	0	0	0	0	1659981717304
2165	608	0	0	0	0	0	0	1659981718324
2163	608	0	0	0	0	0	0	1659981719344
2163	608	0	0	0	0	0	0	1659981720364
2163	608	0	0	0	0	0	0	1659981721384
2163	608	0	0	0	0	0	0	1659981722404
2162	608	0	0	0	0	0	0	1659981723424
2162	608	0	0	0	0	0	0	1659981724444
2162	608	0	0	0	0	0	0	1659981725464
2162	608	0	0	0	0	0	0	1659981726484
2162	608	0	0	0	0	0	0	1659981727504
2161	608	0	0	0	0	0	0	1659981728524
2160	608	0	0	0	0	0	0	1659981729544
2157	608	0	0	0	0	0	0	1659981730564
2153	608	0	0	0	0	0	0	1659981731584
2146	608	0	0	0	0	0	0	1659981732604
2141	608	0	0	0	0	0	0	1659981733624
2138	608	0	0	0	0	0	0	1659981734644
2136	608	0	0	0	0	0	0	1659981735664
2135	608	0	0	0	0	0	0	1659981736684
2134	608	0	0	0	0	0	0	1659981737704
2136	608	0	0	0	0	0	0	1659981738724
2143	608	0	0	0	0	0	0	1659981739744
2139	608	0	0	0	0	0	0	1659981740764
2137	608	0	0	0	0	0	0	1659981741784
2136	608	0	0	0	0	0	0	1659981742804
2135	608	0	0	0	0	0	0	1659981743854
2135	608	0	0	0	0	0	0	1659981744874
2135	608	0	0	0	0	0	0	1659981745894
2135	608	0	0	0	0	0	0	1659981746914
2135	608	0	0	0	0	0	0	1659981747934
2134	608	0	0	0	0	0	0	1659981748954
2134	608	0	0	0	0	0	0	1659981749974
2134	608	0	0	0	0	0	0	1659981750994
2134	608	0	0	0	0	0	0	1659981752014
2134	608	0	0	0	0	0	0	1659981753034
2134	608	0	0	0	0	0	0	1659981754054
2134	608	0	0	0	0	0	0	1659981755074
2134	608	0	0	0	0	0	0	1659981756094
2134	608	0	0	0	0	0	0	1659981757114
2134	608	0	0	0	0	0	0	1659981758134
2134	608	0	0	0	0	0	0	1659981759154
2134	608	0	0	0	0	0	0	1659981760174
2134	608	0	0	0	0	0	0	1659981761194
2134	608	0	0	0	0	0	0	1659981762214
2134	608	0	0	0	0	0	0	1659981763234
2134	608	0	0	0	0	0	0	1659981764254
2134	608	0	0	0	0	0	0	1659981765274
2133	608	0	0	0	0	0	0	1659981766294
2133	608	0	0	0	0	0	0	1659981767314
2131	608	0	0	0	0	0	0	1659981768334
2130	608	0	0	0	0	0	0	1659981769354
2126	608	0	0	0	0	0	0	1659981770374
2126	608	0	0	0	0	0	0	1659981771394
2123	608	0	0	0	0	0	0	1659981772414
2119	608	0	0	0	0	0	0	1659981773434
2115	608	0	0	0	0	0	0	1659981774454
2112	608	0	0	0	0	0	0	1659981775474
2110	608	0	0	0	0	0	0	1659981776494
2110	608	0	0	0	0	0	0	1659981777514
2108	608	0	0	0	0	0	0	1659981778534
2107	608	0	0	0	0	0	0	1659981779554
2106	608	0	0	0	0	0	0	1659981780574
2106	608	0	0	0	0	0	0	1659981781594
2106	608	0	0	0	0	0	0	1659981782614
2106	608	0	0	0	0	0	0	1659981783634
2106	608	0	0	0	0	0	0	1659981784654
2106	608	0	0	0	0	0	0	1659981785674
2106	608	0	0	0	0	0	0	1659981786694
2106	608	0	0	0	0	0	0	1659981787714
2106	608	0	0	0	0	0	0	1659981788734
2106	608	0	0	0	0	0	0	1659981789754
2106	608	0	0	0	0	0	0	1659981790774
2106	608	0	0	0	0	0	0	1659981791794
2106	608	0	0	0	0	0	0	1659981792814
2106	608	0	0	0	0	0	0	1659981793834
2106	608	0	0	0	0	0	0	1659981794854
2106	608	0	0	0	0	0	0	1659981795874
2106	608	0	0	0	0	0	0	1659981796894
2106	608	0	0	0	0	0	0	1659981797914
2106	608	0	0	0	0	0	0	1659981798934
2106	608	0	0	0	0	0	0	1659981799954
2106	608	0	0	0	0	0	0	1659981800974
2106	608	0	0	0	0	0	0	1659981801994
2106	608	0	0	0	0	0	0	1659981803014
2106	608	0	0	0	0	0	0	1659981804034
2106	608	0	0	0	0	0	0	1659981805054
2106	608	0	0	0	0	0	0	1659981806074
2106	608	0	0	0	0	0	0	1659981807094
2106	608	0	0	0	0	0	0	1659981808114
2106	608	0	0	0	0	0	0	1659981809134
2106	608	0	0	0	0	0	0	1659981810154
2106	608	0	0	0	0	0	0	1659981811174
2106	608	0	0	0	0	0	0	1659981812194
2106	608	0	0	0	0	0	0	1659981813214
2105	608	0	0	0	0	0	0	1659981814234
2105	608	0	0	0	0	0	0	1659981815254
2105	608	0	0	0	0	0	0	1659981816274
2103	608	0	0	0	0	0	0	1659981817294
2102	608	0	0	0	0	0	0	1659981818314
2099	608	0	0	0	0	0	0	1659981819334
2097	608	0	0	0	0	0	0	1659981820354
2093	608	0	0	0	0	0	0	1659981821374
2092	608	0	0	0	0	0	0	1659981822394
2089	608	0	0	0	0	0	0	1659981823414
2085	608	0	0	0	0	0	0	1659981824434
2084	608	0	0	0	0	0	0	1659981825454
2082	608	0	0	0	0	0	0	1659981826474
2081	608	0	0	0	0	0	0	1659981827494
2080	608	0	0	0	0	0	0	1659981828514
2079	608	0	0	0	0	0	0	1659981829534
2079	608	0	0	0	0	0	0	1659981830554
2078	608	0	0	0	0	0	0	1659981831574
2078	608	0	0	0	0	0	0	1659981832594
2078	608	0	0	0	0	0	0	1659981833614
2078	608	0	0	0	0	0	0	1659981834634
2078	608	0	0	0	0	0	0	1659981835654
2078	608	0	0	0	0	0	0	1659981836674
2078	608	0	0	0	0	0	0	1659981837694
2078	608	0	0	0	0	0	0	1659981838714
2078	608	0	0	0	0	0	0	1659981839734
2078	608	0	0	0	0	0	0	1659981840754
2078	608	0	0	0	0	0	0	1659981841774
2078	608	0	0	0	0	0	0	1659981842794
2078	608	0	0	0	0	0	0	1659981843814
2078	608	0	0	0	0	0	0	1659981844834
2078	608	0	0	0	0	0	0	1659981845854
2078	608	0	0	0	0	0	0	1659981846874
2078	608	0	0	0	0	0	0	1659981847894
2078	608	0	0	0	0	0	0	1659981848914
2078	608	0	0	0	0	0	0	1659981849934
2078	608	0	0	0	0	0	0	1659981850954
2078	608	0	0	0	0	0	0	1659981851974
2078	608	0	0	0	0	0	0	1659981852994
2078	608	0	0	0	0	0	0	1659981854014
2078	608	0	0	0	0	0	0	1659981855034
2078	608	0	0	0	0	0	0	1659981856054
2078	608	0	0	0	0	0	0	1659981857074
2078	608	0	0	0	0	0	0	1659981858094
2078	608	0	0	0	0	0	0	1659981859114
2078	608	0	0	0	0	0	0	1659981860134
2078	608	0	0	0	0	0	0	1659981861154
2078	608	0	0	0	0	0	0	1659981862174
2078	608	0	0	0	0	0	0	1659981863194
2078	608	0	0	0	0	0	0	1659981864214
2078	608	0	0	0	0	0	0	1659981865234
2078	608	0	0	0	0	0	0	1659981866254
2077	608	0	0	0	0	0	0	1659981867274
2077	608	0	0	0	0	0	0	1659981868294
2076	608	0	0	0	0	0	0	1659981869314
2076	608	0	0	0	0	0	0	1659981870334
2074	608	0	0	0	0	0	0	1659981871354
2074	608	0	0	0	0	0	0	1659981872374
2073	608	0	0	0	0	0	0	1659981873394
2069	607	0	0	0	0	0	0	1659981874414
2066	607	0	0	0	0	0	0	1659981875434
2064	607	0	0	0	0	0	0	1659981876454
2061	607	0	0	0	0	0	0	1659981877474
2059	607	0	0	0	0	0	0	1659981878494
2057	607	0	0	0	0	0	0	1659981879514
2056	607	0	0	0	0	0	0	1659981880534
2053	607	0	0	0	0	0	0	1659981881554
2052	607	0	0	0	0	0	0	1659981882574
2051	607	0	0	0	0	0	0	1659981883594
2051	607	0	0	0	0	0	0	1659981884614
2051	607	0	0	0	0	0	0	1659981885634
2051	607	0	0	0	0	0	0	1659981886654
2051	607	0	0	0	0	0	0	1659981887674
2051	607	0	0	0	0	0	0	1659981888694
2051	607	0	0	0	0	0	0	1659981889714
2051	607	0	0	0	0	0	0	1659981890734
2051	607	0	0	0	0	0	0	1659981891754
2050	607	0	0	0	0	0	0	1659981892774
2050	607	0	0	0	0	0	0	1659981893794
2050	607	0	0	0	0	0	0	1659981894814
2050	607	0	0	0	0	0	0	1659981895834
2050	607	0	0	0	0	0	0	1659981896854
2050	607	0	0	0	0	0	0	1659981897874
2050	607	0	0	0	0	0	0	1659981898894
2050	607	0	0	0	0	0	0	1659981899914
2050	607	0	0	0	0	0	0	1659981900934
2050	607	0	0	0	0	0	0	1659981901954
2050	607	0	0	0	0	0	0	1659981902974
2050	607	0	0	0	0	0	0	1659981903994
2050	607	0	0	0	0	0	0	1659981905014
2050	607	0	0	0	0	0	0	1659981906034
2050	607	0	0	0	0	0	0	1659981907054
2050	607	0	0	0	0	0	0	1659981908074
2050	607	0	0	0	0	0	0	1659981909094
2050	607	0	0	0	0	0	0	1659981910114
2050	607	0	0	0	0	0	0	1659981911134
2050	607	0	0	0	0	0	0	1659981912154
2050	607	0	0	0	0	0	0	1659981913174
2050	607	0	0	0	0	0	0	1659981914194
2050	607	0	0	0	0	0	0	1659981915214
2050	607	0	0	0	0	0	0	1659981916234
2050	607	0	0	0	0	0	0	1659981917254
2050	607	0	0	0	0	0	0	1659981918274
2050	607	0	0	0	0	0	0	1659981919294
2050	607	0	0	0	0	0	0	1659981920314
2050	607	0	0	0	0	0	0	1659981921334
2050	607	0	0	0	0	0	0	1659981922354
2050	607	0	0	0	0	0	0	1659981923374
2050	607	0	0	0	0	0	0	1659981924394
2050	607	0	0	0	0	0	0	1659981925414
2050	607	0	0	0	0	0	0	1659981926434
2050	607	0	0	0	0	0	0	1659981927454
2050	607	0	0	0	0	0	0	1659981928474
2050	607	0	0	0	0	0	0	1659981929494
2049	607	0	0	0	0	0	0	1659981930514
2049	607	0	0	0	0	0	0	1659981931534
2049	607	0	0	0	0	0	0	1659981932554
2046	607	0	0	0	0	0	0	1659981933574
2045	607	0	0	0	0	0	0	1659981934594
2043	607	0	0	0	0	0	0	1659981935614
2043	607	0	0	0	0	0	0	1659981936634
2042	607	0	0	0	0	0	0	1659981937654
2039	607	0	0	0	0	0	0	1659981938674
2037	607	0	0	0	0	0	0	1659981939694
2034	607	0	0	0	0	0	0	1659981940714
2030	607	0	0	0	0	0	0	1659981941734
2028	607	0	0	0	0	0	0	1659981942754
2026	607	0	0	0	0	0	0	1659981943774
2025	607	0	0	0	0	0	0	1659981944794
2024	607	0	0	0	0	0	0	1659981945814
2023	607	0	0	0	0	0	0	1659981946834
2023	607	0	0	0	0	0	0	1659981947854
2023	607	0	0	0	0	0	0	1659981948874
2023	607	0	0	0	0	0	0	1659981949894
2023	607	0	0	0	0	0	0	1659981950914
2023	607	0	0	0	0	0	0	1659981951934
2023	607	0	0	0	0	0	0	1659981952954
2022	607	0	0	0	0	0	0	1659981953974
2022	607	0	0	0	0	0	0	1659981954994
2022	607	0	0	0	0	0	0	1659981956014
2022	607	0	0	0	0	0	0	1659981957034
2022	607	0	0	0	0	0	0	1659981958054
2022	607	0	0	0	0	0	0	1659981959074
2022	607	0	0	0	0	0	0	1659981960094
2022	607	0	0	0	0	0	0	1659981961114
2022	607	0	0	0	0	0	0	1659981962134
2022	607	0	0	0	0	0	0	1659981963154
2022	607	0	0	0	0	0	0	1659981964174
2022	607	0	0	0	0	0	0	1659981965194
2022	607	0	0	0	0	0	0	1659981966214
2022	607	0	0	0	0	0	0	1659981967234
2022	607	0	0	0	0	0	0	1659981968254
2022	607	0	0	0	0	0	0	1659981969274
2022	607	0	0	0	0	0	0	1659981970294
2022	607	0	0	0	0	0	0	1659981971314
2022	607	0	0	0	0	0	0	1659981972334
2022	607	0	0	0	0	0	0	1659981973354
2022	607	0	0	0	0	0	0	1659981974374
2022	607	0	0	0	0	0	0	1659981975394
2022	607	0	0	0	0	0	0	1659981976414
2022	607	0	0	0	0	0	0	1659981977434
2022	607	0	0	0	0	0	0	1659981978454
2022	607	0	0	0	0	0	0	1659981979474
2022	607	0	0	0	0	0	0	1659981980494
2022	607	0	0	0	0	0	0	1659981981514
2022	607	0	0	0	0	0	0	1659981982534
2022	607	0	0	0	0	0	0	1659981983554
2022	607	0	0	0	0	0	0	1659981984574
2022	607	0	0	0	0	0	0	1659981985594
2022	607	0	0	0	0	0	0	1659981986614
2022	607	0	0	0	0	0	0	1659981987634
2022	607	0	0	0	0	0	0	1659981988654
2022	607	0	0	0	0	0	0	1659981989674
2022	607	0	0	0	0	0	0	1659981990694
2022	607	0	0	0	0	0	0	1659981991714
2022	607	0	0	0	0	0	0	1659981992734
2022	607	0	0	0	0	0	0	1659981993754
2022	607	0	0	0	0	0	0	1659981994774
2022	607	0	0	0	0	0	0	1659981995794
2022	607	0	0	0	0	0	0	1659981996814
2022	607	0	0	0	0	0	0	1659981997834
2022	607	0	0	0	0	0	0	1659981998854
2022	607	0	0	0	0	0	0	1659981999874
2022	607	0	0	0	0	0	0	1659982000894
2022	607	0	0	0	0	0	0	1659982001914
2022	607	0	0	0	0	0	0	1659982002934
2022	607	0	0	0	0	0	0	1659982003954
2022	606	0	0	0	0	0	0	1659982004974
2021	606	0	0	0	0	0	0	1659982005994
2020	606	0	0	0	0	0	0	1659982007014
2020	606	0	0	0	0	0	0	1659982008034
2019	606	0	0	0	0	0	0	1659982009054
2019	606	0	0	0	0	0	0	1659982010074
2018	606	0	0	0	0	0	0	1659982011094
2017	606	0	0	0	0	0	0	1659982012114
2017	606	0	0	0	0	0	0	1659982013134
2014	605	0	0	0	0	0	0	1659982014154
2015	605	0	0	0	0	0	0	1659982015174
2011	604	0	0	0	0	0	0	1659982016194
2009	603	0	0	0	0	0	0	1659982017214
2007	603	0	0	0	0	0	0	1659982018234
2006	603	0	0	0	0	0	0	1659982019254
2004	602	0	0	0	0	0	0	1659982020274
2002	601	0	0	0	0	0	0	1659982021294
2000	601	0	0	0	0	0	0	1659982022314
2000	600	0	0	0	0	0	0	1659982023334
1999	599	0	0	0	0	0	0	1659982024354
1998	598	0	0	0	0	0	0	1659982025374
1996	599	0	0	0	0	0	0	1659982026394
1995	599	0	0	0	0	0	0	1659982027414
1995	598	0	0	0	0	0	0	1659982028434
1995	597	0	0	0	0	0	0	1659982029454
1995	595	0	0	0	0	0	0	1659982030474
1995	594	0	0	0	0	0	0	1659982031494
1995	594	0	0	0	0	0	0	1659982032514
1995	595	0	0	0	0	0	0	1659982033534
1995	593	0	0	0	0	0	0	1659982034554
1995	591	0	0	0	0	0	0	1659982035574
1995	592	0	0	0	0	0	0	1659982036594
1995	590	0	0	0	0	0	0	1659982037614
1994	591	0	0	0	0	0	0	1659982038634
1994	590	0	0	0	0	0	0	1659982039654
1994	589	0	0	0	0	0	0	1659982040674
1994	587	0	0	0	0	0	0	1659982041694
1994	586	0	0	0	0	0	0	1659982042714
1994	587	0	0	0	0	0	0	1659982043734
1994	586	0	0	0	0	0	0	1659982044754
1994	584	0	0	0	0	0	0	1659982045774
1994	584	0	0	0	0	0	0	1659982046794
1994	585	0	0	0	0	0	0	1659982047814
1994	583	0	0	0	0	0	0	1659982048834
1994	582	0	0	0	0	0	0	1659982049854
1994	582	0	0	0	0	0	0	1659982050874
1994	582	0	0	0	0	0	0	1659982051894
1994	582	0	0	0	0	0	0	1659982052914
1994	582	0	0	0	0	0	0	1659982053934
1994	582	0	0	0	0	0	0	1659982054954
1994	581	0	0	0	0	0	0	1659982055974
1994	580	0	0	0	0	0	0	1659982056994
1994	581	0	0	0	0	0	0	1659982058014
1994	581	0	0	0	0	0	0	1659982059034
1994	580	0	0	0	0	0	0	1659982060054
1994	580	0	0	0	0	0	0	1659982061074
1994	580	0	0	0	0	0	0	1659982062094
1994	580	0	0	0	0	0	0	1659982063114
1994	580	0	0	0	0	0	0	1659982064134
1994	580	0	0	0	0	0	0	1659982065154
1994	580	0	0	0	0	0	0	1659982066174
1994	580	0	0	0	0	0	0	1659982067194
1994	580	0	0	0	0	0	0	1659982068214
1994	580	0	0	0	0	0	0	1659982069234
1994	580	0	0	0	0	0	0	1659982070254
1994	580	0	0	0	0	0	0	1659982071274
1994	580	0	0	0	0	0	0	1659982072294
1994	580	0	0	0	0	0	0	1659982073314
1994	580	0	0	0	0	0	0	1659982074334
1994	580	0	0	0	0	0	0	1659982075354
1994	580	0	0	0	0	0	0	1659982076374
1994	580	0	0	0	0	0	0	1659982077394
1994	580	0	0	0	0	0	0	1659982078414
1994	580	0	0	0	0	0	0	1659982079434
1994	580	0	0	0	0	0	0	1659982080454
1994	580	0	0	0	0	0	0	1659982081474
1994	580	0	0	0	0	0	0	1659982082494
1994	580	0	0	0	0	0	0	1659982083514
1994	580	0	0	0	0	0	0	1659982084534
1994	580	0	0	0	0	0	0	1659982085554
1994	580	0	0	0	0	0	0	1659982086574
1994	580	0	0	0	0	0	0	1659982087594
1994	580	0	0	0	0	0	0	1659982088614
1994	580	0	0	0	0	0	0	1659982089634
1994	580	0	0	0	0	0	0	1659982090654
1994	580	0	0	0	0	0	0	1659982091674
1994	580	0	0	0	0	0	0	1659982092694
1994	580	0	0	0	0	0	0	1659982093714
1994	580	0	0	0	0	0	0	1659982094734
1994	580	0	0	0	0	0	0	1659982095754
1994	580	0	0	0	0	0	0	1659982096774
1994	580	0	0	0	0	0	0	1659982097794
1994	580	0	0	0	0	0	0	1659982098814
1994	580	0	0	0	0	0	0	1659982099834
1994	580	0	0	0	0	0	0	1659982100854
1994	580	0	0	0	0	0	0	1659982101874
1994	580	0	0	0	0	0	0	1659982102894
1994	580	0	0	0	0	0	0	1659982103914
1994	580	0	0	0	0	0	0	1659982104934
1994	580	0	0	0	0	0	0	1659982105954
1994	580	0	0	0	0	0	0	1659982106974
1994	580	0	0	0	0	0	0	1659982107994
1994	580	0	0	0	0	0	0	1659982109014
1994	580	0	0	0	0	0	0	1659982110034
1994	580	0	0	0	0	0	0	1659982111054
1994	580	0	0	0	0	0	0	1659982112074
1994	580	0	0	0	0	0	0	1659982113094
1994	580	0	0	0	0	0	0	1659982114114
1994	580	0	0	0	0	0	0	1659982115134
1994	580	0	0	0	0	0	0	1659982116154
1994	580	0	0	0	0	0	0	1659982117174
1994	580	0	0	0	0	0	0	1659982118194
1994	580	0	0	0	0	0	0	1659982119214
1994	580	0	0	0	0	0	0	1659982120234
1994	580	0	0	0	0	0	0	1659982121254
1994	580	0	0	0	0	0	0	1659982122274
1994	580	0	0	0	0	0	0	1659982123294
1994	580	0	0	0	0	0	0	1659982124314
1994	580	0	0	0	0	0	0	1659982125334
1994	580	0	0	0	0	0	0	1659982126354
1994	580	0	0	0	0	0	0	1659982127374
1994	580	0	0	0	0	0	0	1659982128394
1994	580	0	0	0	0	0	0	1659982129414
1994	580	0	0	0	0	0	0	1659982130434
1994	580	0	0	0	0	0	0	1659982131454
1994	580	0	0	0	0	0	0	1659982132474
1994	580	0	0	0	0	0	0	1659982133494
1994	580	0	0	0	0	0	0	1659982134514
1994	580	0	0	0	0	0	0	1659982135534
1994	580	0	0	0	0	0	0	1659982136554
1994	580	0	0	0	0	0	0	1659982137574
1994	580	0	0	0	0	0	0	1659982138594
1994	580	0	0	0	0	0	0	1659982139614
1994	580	0	0	0	0	0	0	1659982140634
1994	580	0	0	0	0	0	0	1659982141654
1994	580	0	0	0	0	0	0	1659982142674
1994	580	0	0	0	0	0	0	1659982143694
1994	580	0	0	0	0	0	0	1659982144714
1994	580	0	0	0	0	0	0	1659982145734
1994	580	0	0	0	0	0	0	1659982146754
1994	580	0	0	0	0	0	0	1659982147774
1994	580	0	0	0	0	0	0	1659982148794
1994	580	0	0	0	0	0	0	1659982149814
1994	580	0	0	0	0	0	0	1659982150834
1994	580	0	0	0	0	0	0	1659982151854
1994	580	0	0	0	0	0	0	1659982152874
1994	580	0	0	0	0	0	0	1659982153894
1994	580	0	0	0	0	0	0	1659982154914
1994	580	0	0	0	0	0	0	1659982155934
1994	580	0	0	0	0	0	0	1659982156954
1994	580	0	0	0	0	0	0	1659982157974
1994	580	0	0	0	0	0	0	1659982158994
1994	580	0	0	0	0	0	0	1659982160014
1993	580	0	0	0	0	0	0	1659982161034
1993	580	0	0	0	0	0	0	1659982162054
1992	580	0	0	0	0	0	0	1659982163074
1992	580	0	0	0	0	0	0	1659982164094
1992	580	0	0	0	0	0	0	1659982165114
1991	580	0	0	0	0	0	0	1659982166134
1990	580	0	0	0	0	0	0	1659982167154
1989	580	0	0	0	0	0	0	1659982168174
1988	580	0	0	0	0	0	0	1659982169194
1986	580	0	0	0	0	0	0	1659982170214
1984	580	0	0	0	0	0	0	1659982171234
1983	580	0	0	0	0	0	0	1659982172254
1982	580	0	0	0	0	0	0	1659982173274
1979	580	0	0	0	0	0	0	1659982174294
1979	580	0	0	0	0	0	0	1659982175314
1977	580	0	0	0	0	0	0	1659982176334
1976	580	0	0	0	0	0	0	1659982177354
1975	580	0	0	0	0	0	0	1659982178374
1973	580	0	0	0	0	0	0	1659982179394
1972	580	0	0	0	0	0	0	1659982180414
1970	580	0	0	0	0	0	0	1659982181434
1969	580	0	0	0	0	0	0	1659982182454
1968	580	0	0	0	0	0	0	1659982183474
1967	580	0	0	0	0	0	0	1659982184494
1967	580	0	0	0	0	0	0	1659982185514
1967	580	0	0	0	0	0	0	1659982186534
1967	580	0	0	0	0	0	0	1659982187554
1966	580	0	0	0	0	0	0	1659982188574
1967	580	0	0	0	0	0	0	1659982189594
1967	580	0	0	0	0	0	0	1659982190614
1967	580	0	0	0	0	0	0	1659982191634
1967	580	0	0	0	0	0	0	1659982192654
1967	580	0	0	0	0	0	0	1659982193674
1967	580	0	0	0	0	0	0	1659982194694
1967	580	0	0	0	0	0	0	1659982195714
1967	580	0	0	0	0	0	0	1659982196734
1967	580	0	0	0	0	0	0	1659982197754
1967	580	0	0	0	0	0	0	1659982198774
1967	580	0	0	0	0	0	0	1659982199794
1967	580	0	0	0	0	0	0	1659982200814
1967	580	0	0	0	0	0	0	1659982201834
1967	580	0	0	0	0	0	0	1659982202854
1967	580	0	0	0	0	0	0	1659982203874
1967	580	0	0	0	0	0	0	1659982204894
1967	580	0	0	0	0	0	0	1659982205914
1967	580	0	0	0	0	0	0	1659982206934
1967	580	0	0	0	0	0	0	1659982207954
1967	580	0	0	0	0	0	0	1659982208974
1967	580	0	0	0	0	0	0	1659982209994
1967	580	0	0	0	0	0	0	1659982211014
1967	580	0	0	0	0	0	0	1659982212034
1967	580	0	0	0	0	0	0	1659982213054
1967	580	0	0	0	0	0	0	1659982214074
1967	580	0	0	0	0	0	0	1659982215094
1967	580	0	0	0	0	0	0	1659982216114
1967	580	0	0	0	0	0	0	1659982217134
1967	580	0	0	0	0	0	0	1659982218154
1967	580	0	0	0	0	0	0	1659982219174
1967	580	0	0	0	0	0	0	1659982220194
1967	580	0	0	0	0	0	0	1659982221214
1967	580	0	0	0	0	0	0	1659982222234
1967	580	0	0	0	0	0	0	1659982223254
1967	580	0	0	0	0	0	0	1659982224274
1967	580	0	0	0	0	0	0	1659982225294
1967	580	0	0	0	0	0	0	1659982226314
1967	579	0	0	0	0	0	0	1659982227334
1967	579	0	0	0	0	0	0	1659982228354
1967	579	0	0	0	0	0	0	1659982229374
1967	579	0	0	0	0	0	0	1659982230394
1967	579	0	0	0	0	0	0	1659982231414
1967	579	0	0	0	0	0	0	1659982232434
1967	579	0	0	0	0	0	0	1659982233454
1967	579	0	0	0	0	0	0	1659982234474
1967	579	0	0	0	0	0	0	1659982235494
1967	579	0	0	0	0	0	0	1659982236514
1967	578	0	0	0	0	0	0	1659982237534
1967	578	0	0	0	0	0	0	1659982238554
1967	579	0	0	0	0	0	0	1659982239574
1966	578	0	0	0	0	0	0	1659982240594
1966	578	0	0	0	0	0	0	1659982241614
1966	578	0	0	0	0	0	0	1659982242634
1966	578	0	0	0	0	0	0	1659982243654
1966	577	0	0	0	0	0	0	1659982244674
1966	577	0	0	0	0	0	0	1659982245694
1966	577	0	0	0	0	0	0	1659982246714
1966	577	0	0	0	0	0	0	1659982247734
1966	576	0	0	0	0	0	0	1659982248754
1966	576	0	0	0	0	0	0	1659982249774
1966	574	0	0	0	0	0	0	1659982250794
1966	574	0	0	0	0	0	0	1659982251814
1966	574	0	0	0	0	0	0	1659982252834
1966	574	0	0	0	0	0	0	1659982253854
1966	573	0	0	0	0	0	0	1659982254874
1966	573	0	0	0	0	0	0	1659982255894
1966	573	0	0	0	0	0	0	1659982256914
1966	571	0	0	0	0	0	0	1659982257934
1966	571	0	0	0	0	0	0	1659982258954
1966	571	0	0	0	0	0	0	1659982259974
1966	570	0	0	0	0	0	0	1659982260994
1966	568	0	0	0	0	0	0	1659982262014
1966	567	0	0	0	0	0	0	1659982263034
1966	564	0	0	0	0	0	0	1659982264054
1966	563	0	0	0	0	0	0	1659982265074
1966	564	0	0	0	0	0	0	1659982266094
1966	563	0	0	0	0	0	0	1659982267114
1966	561	0	0	0	0	0	0	1659982268134
1966	560	0	0	0	0	0	0	1659982269154
1966	560	0	0	0	0	0	0	1659982270174
1966	560	0	0	0	0	0	0	1659982271194
1966	558	0	0	0	0	0	0	1659982272214
1966	557	0	0	0	0	0	0	1659982273234
1966	557	0	0	0	0	0	0	1659982274254
1966	556	0	0	0	0	0	0	1659982275274
1965	555	0	0	0	0	0	0	1659982276294
1965	555	0	0	0	0	0	0	1659982277314
1966	554	0	0	0	0	0	0	1659982278334
1966	554	0	0	0	0	0	0	1659982279354
1966	553	0	0	0	0	0	0	1659982280374
1966	554	0	0	0	0	0	0	1659982281394
1966	554	0	0	0	0	0	0	1659982282414
1966	554	0	0	0	0	0	0	1659982283434
1966	553	0	0	0	0	0	0	1659982284454
1966	553	0	0	0	0	0	0	1659982285474
1966	552	0	0	0	0	0	0	1659982286494
1963	553	0	0	0	0	0	0	1659982287514
1961	553	0	0	0	0	0	0	1659982288534
1960	552	0	0	0	0	0	0	1659982289554
1961	552	0	0	0	0	0	0	1659982290574
1961	552	0	0	0	0	0	0	1659982291594
1960	552	0	0	0	0	0	0	1659982292614
1959	552	0	0	0	0	0	0	1659982293634
1960	552	0	0	0	0	0	0	1659982294654
1959	552	0	0	0	0	0	0	1659982295674
1957	552	0	0	0	0	0	0	1659982296694
1956	552	0	0	0	0	0	0	1659982297714
1957	552	0	0	0	0	0	0	1659982298734
1957	552	0	0	0	0	0	0	1659982299754
1958	552	0	0	0	0	0	0	1659982300774
1957	552	0	0	0	0	0	0	1659982301794
1956	552	0	0	0	0	0	0	1659982302814
1953	552	0	0	0	0	0	0	1659982303834
1952	552	0	0	0	0	0	0	1659982304854
1953	552	0	0	0	0	0	0	1659982305874
1950	552	0	0	0	0	0	0	1659982306894
1949	552	0	0	0	0	0	0	1659982307914
1946	552	0	0	0	0	0	0	1659982308934
1946	552	0	0	0	0	0	0	1659982309954
1948	552	0	0	0	0	0	0	1659982310974
1946	552	0	0	0	0	0	0	1659982311994
1946	552	0	0	0	0	0	0	1659982313014
1946	552	0	0	0	0	0	0	1659982314034
1945	552	0	0	0	0	0	0	1659982315054
1946	552	0	0	0	0	0	0	1659982316074
1944	552	0	0	0	0	0	0	1659982317094
1943	552	0	0	0	0	0	0	1659982318114
1942	552	0	0	0	0	0	0	1659982319134
1941	552	0	0	0	0	0	0	1659982320154
1941	552	0	0	0	0	0	0	1659982321174
1940	552	0	0	0	0	0	0	1659982322194
1939	552	0	0	0	0	0	0	1659982323214
1939	552	0	0	0	0	0	0	1659982324234
1939	552	0	0	0	0	0	0	1659982325254
1939	552	0	0	0	0	0	0	1659982326274
1939	552	0	0	0	0	0	0	1659982327294
1939	552	0	0	0	0	0	0	1659982328314
1939	552	0	0	0	0	0	0	1659982329334
1938	552	0	0	0	0	0	0	1659982330354
1938	552	0	0	0	0	0	0	1659982331374
1938	552	0	0	0	0	0	0	1659982332394
1938	552	0	0	0	0	0	0	1659982333414
1938	552	0	0	0	0	0	0	1659982334434
1938	552	0	0	0	0	0	0	1659982335454
1939	552	0	0	0	0	0	0	1659982336474
1939	552	0	0	0	0	0	0	1659982337494
1939	552	0	0	0	0	0	0	1659982338514
1939	552	0	0	0	0	0	0	1659982339534
1939	552	0	0	0	0	0	0	1659982340554
1939	552	0	0	0	0	0	0	1659982341574
1939	552	0	0	0	0	0	0	1659982342594
1939	552	0	0	0	0	0	0	1659982343614
1939	552	0	0	0	0	0	0	1659982344634
1939	552	0	0	0	0	0	0	1659982345654
1939	552	0	0	0	0	0	0	1659982346674
1939	552	0	0	0	0	0	0	1659982347694
1939	552	0	0	0	0	0	0	1659982348714
1939	552	0	0	0	0	0	0	1659982349734
1939	552	0	0	0	0	0	0	1659982350754
1939	552	0	0	0	0	0	0	1659982351774
1939	552	0	0	0	0	0	0	1659982352794
1939	552	0	0	0	0	0	0	1659982353814
1939	552	0	0	0	0	0	0	1659982354834
1939	552	0	0	0	0	0	0	1659982355854
1939	552	0	0	0	0	0	0	1659982356874
1939	552	0	0	0	0	0	0	1659982357894
1939	552	0	0	0	0	0	0	1659982358914
1939	552	0	0	0	0	0	0	1659982359934
1939	552	0	0	0	0	0	0	1659982360954
1939	552	0	0	0	0	0	0	1659982361974
1939	552	0	0	0	0	0	0	1659982362994
1939	552	0	0	0	0	0	0	1659982364014
1939	552	0	0	0	0	0	0	1659982365034
1943	552	0	0	0	0	0	0	1659982366054
1942	552	0	0	0	0	0	0	1659982367074
1941	552	0	0	0	0	0	0	1659982368094
1940	552	0	0	0	0	0	0	1659982369114
1939	552	0	0	0	0	0	0	1659982370134
1939	552	0	0	0	0	0	0	1659982371154
1939	552	0	0	0	0	0	0	1659982372174
1939	552	0	0	0	0	0	0	1659982373194
1939	552	0	0	0	0	0	0	1659982374214
1939	552	0	0	0	0	0	0	1659982375234
1939	552	0	0	0	0	0	0	1659982376254
1938	552	0	0	0	0	0	0	1659982377274
1938	552	0	0	0	0	0	0	1659982378294
1938	552	0	0	0	0	0	0	1659982379314
1938	552	0	0	0	0	0	0	1659982380334
1938	552	0	0	0	0	0	0	1659982381354
1938	552	0	0	0	0	0	0	1659982382374
1938	552	0	0	0	0	0	0	1659982383394
1938	552	0	0	0	0	0	0	1659982384414
1938	552	0	0	0	0	0	0	1659982385434
1938	552	0	0	0	0	0	0	1659982386454
1938	552	0	0	0	0	0	0	1659982387474
1938	552	0	0	0	0	0	0	1659982388494
1938	552	0	0	0	0	0	0	1659982389514
1938	552	0	0	0	0	0	0	1659982390534
1938	552	0	0	0	0	0	0	1659982391554
1938	552	0	0	0	0	0	0	1659982392574
1938	552	0	0	0	0	0	0	1659982393594
1938	552	0	0	0	0	0	0	1659982394614
1938	552	0	0	0	0	0	0	1659982395634
1938	552	0	0	0	0	0	0	1659982396654
1938	552	0	0	0	0	0	0	1659982397674
1939	552	0	0	0	0	0	0	1659982398694
1939	552	0	0	0	0	0	0	1659982399714
1939	552	0	0	0	0	0	0	1659982400734
1939	552	0	0	0	0	0	0	1659982401754
1939	552	0	0	0	0	0	0	1659982402774
1939	552	0	0	0	0	0	0	1659982403794
1939	552	0	0	0	0	0	0	1659982404814
1939	552	0	0	0	0	0	0	1659982405834
1939	552	0	0	0	0	0	0	1659982406854
1939	552	0	0	0	0	0	0	1659982407874
1939	552	0	0	0	0	0	0	1659982408894
1939	552	0	0	0	0	0	0	1659982409914
1939	552	0	0	0	0	0	0	1659982410934
1939	552	0	0	0	0	0	0	1659982411954
1939	552	0	0	0	0	0	0	1659982412974
1939	552	0	0	0	0	0	0	1659982413994
1939	552	0	0	0	0	0	0	1659982415014
1939	552	0	0	0	0	0	0	1659982416034
1939	552	0	0	0	0	0	0	1659982417054
1939	552	0	0	0	0	0	0	1659982418074
1939	552	0	0	0	0	0	0	1659982419094
1939	552	0	0	0	0	0	0	1659982420114
1939	552	0	0	0	0	0	0	1659982421134
1939	552	0	0	0	0	0	0	1659982422154
1939	552	0	0	0	0	0	0	1659982423174
1939	552	0	0	0	0	0	0	1659982424194
1939	552	0	0	0	0	0	0	1659982425214
1939	552	0	0	0	0	0	0	1659982426234
1939	552	0	0	0	0	0	0	1659982427254
1939	552	0	0	0	0	0	0	1659982428274
1939	552	0	0	0	0	0	0	1659982429294
1939	552	0	0	0	0	0	0	1659982430314
1939	552	0	0	0	0	0	0	1659982431334
1939	552	0	0	0	0	0	0	1659982432354
1939	552	0	0	0	0	0	0	1659982433374
1939	552	0	0	0	0	0	0	1659982434394
1939	552	0	0	0	0	0	0	1659982435414
1939	552	0	0	0	0	0	0	1659982436434
1939	552	0	0	0	0	0	0	1659982437454
1939	552	0	0	0	0	0	0	1659982438474
1939	552	0	0	0	0	0	0	1659982439494
1939	552	0	0	0	0	0	0	1659982440514
1939	552	0	0	0	0	0	0	1659982441534
1939	552	0	0	0	0	0	0	1659982442554
1939	552	0	0	0	0	0	0	1659982443574
1939	552	0	0	0	0	0	0	1659982444594
1939	552	0	0	0	0	0	0	1659982445614
1939	552	0	0	0	0	0	0	1659982446634
1939	552	0	0	0	0	0	0	1659982447654
1939	552	0	0	0	0	0	0	1659982448674
1939	552	0	0	0	0	0	0	1659982449694
1939	552	0	0	0	0	0	0	1659982450714
1939	552	0	0	0	0	0	0	1659982451734
1939	552	0	0	0	0	0	0	1659982452754
1939	552	0	0	0	0	0	0	1659982453774
1939	552	0	0	0	0	0	0	1659982454794
1939	552	0	0	0	0	0	0	1659982455814
1939	552	0	0	0	0	0	0	1659982456834
1939	552	0	0	0	0	0	0	1659982457854
1939	552	0	0	0	0	0	0	1659982458874
1939	552	0	0	0	0	0	0	1659982459894
1939	552	0	0	0	0	0	0	1659982460914
1939	552	0	0	0	0	0	0	1659982461934
1939	552	0	0	0	0	0	0	1659982462954
1939	552	0	0	0	0	0	0	1659982463974
1939	552	0	0	0	0	0	0	1659982464994
1939	552	0	0	0	0	0	0	1659982466014
1939	552	0	0	0	0	0	0	1659982467034
1939	552	0	0	0	0	0	0	1659982468054
1939	552	0	0	0	0	0	0	1659982469074
1939	552	0	0	0	0	0	0	1659982470094
1939	552	0	0	0	0	0	0	1659982471114
1939	552	0	0	0	0	0	0	1659982472134
1939	552	0	0	0	0	0	0	1659982473154
1939	552	0	0	0	0	0	0	1659982474174
1939	552	0	0	0	0	0	0	1659982475194
1939	552	0	0	0	0	0	0	1659982476214
1939	552	0	0	0	0	0	0	1659982477234
1939	552	0	0	0	0	0	0	1659982478254
1939	552	0	0	0	0	0	0	1659982479274
1939	552	0	0	0	0	0	0	1659982480294
1939	552	0	0	0	0	0	0	1659982481314
1939	552	0	0	0	0	0	0	1659982482334
1939	552	0	0	0	0	0	0	1659982483354
1939	552	0	0	0	0	0	0	1659982484374
1939	552	0	0	0	0	0	0	1659982485394
1939	552	0	0	0	0	0	0	1659982486414
1939	552	0	0	0	0	0	0	1659982487434
1939	552	0	0	0	0	0	0	1659982488454
1939	552	0	0	0	0	0	0	1659982489474
1939	552	0	0	0	0	0	0	1659982490494
1938	552	0	0	0	0	0	0	1659982491514
1939	552	0	0	0	0	0	0	1659982492534
1939	552	0	0	0	0	0	0	1659982493554
1939	552	0	0	0	0	0	0	1659982494574
1939	552	0	0	0	0	0	0	1659982495594
1939	552	0	0	0	0	0	0	1659982496614
1939	552	0	0	0	0	0	0	1659982497634
1939	552	0	0	0	0	0	0	1659982498654
1939	552	0	0	0	0	0	0	1659982499674
1939	552	0	0	0	0	0	0	1659982500694
1939	551	0	0	0	0	0	0	1659982501714
1939	551	0	0	0	0	0	0	1659982502734
1939	551	0	0	0	0	0	0	1659982503754
1939	551	0	0	0	0	0	0	1659982504774
1939	551	0	0	0	0	0	0	1659982505794
1939	551	0	0	0	0	0	0	1659982506814
1939	551	0	0	0	0	0	0	1659982507834
1939	551	0	0	0	0	0	0	1659982508854
1939	550	0	0	0	0	0	0	1659982509874
1939	551	0	0	0	0	0	0	1659982510894
1939	551	0	0	0	0	0	0	1659982511914
1939	550	0	0	0	0	0	0	1659982512934
1939	550	0	0	0	0	0	0	1659982513954
1939	549	0	0	0	0	0	0	1659982514974
1939	549	0	0	0	0	0	0	1659982515994
1939	550	0	0	0	0	0	0	1659982517014
1939	549	0	0	0	0	0	0	1659982518034
1939	550	0	0	0	0	0	0	1659982519054
1939	549	0	0	0	0	0	0	1659982520074
1939	548	0	0	0	0	0	0	1659982521094
1938	549	0	0	0	0	0	0	1659982522114
1938	549	0	0	0	0	0	0	1659982523134
1938	549	0	0	0	0	0	0	1659982524154
1938	550	0	0	0	0	0	0	1659982525174
1938	549	0	0	0	0	0	0	1659982526194
1938	549	0	0	0	0	0	0	1659982527214
1938	548	0	0	0	0	0	0	1659982528234
1938	547	0	0	0	0	0	0	1659982529254
1938	546	0	0	0	0	0	0	1659982530274
1938	546	0	0	0	0	0	0	1659982531294
1938	545	0	0	0	0	0	0	1659982532314
1938	543	0	0	0	0	0	0	1659982533334
1938	542	0	0	0	0	0	0	1659982534354
1938	543	0	0	0	0	0	0	1659982535374
1938	543	0	0	0	0	0	0	1659982536394
1939	543	0	0	0	0	0	0	1659982537414
1939	543	0	0	0	0	0	0	1659982538434
1939	543	0	0	0	0	0	0	1659982539454
1939	541	0	0	0	0	0	0	1659982540474
1939	539	0	0	0	0	0	0	1659982541494
1939	539	0	0	0	0	0	0	1659982542514
1939	539	0	0	0	0	0	0	1659982543534
1939	538	0	0	0	0	0	0	1659982544554
1939	535	0	0	0	0	0	0	1659982545574
1939	537	0	0	0	0	0	0	1659982546594
1939	537	0	0	0	0	0	0	1659982547614
1939	538	0	0	0	0	0	0	1659982548634
1939	537	0	0	0	0	0	0	1659982549654
1939	536	0	0	0	0	0	0	1659982550674
1939	535	0	0	0	0	0	0	1659982551694
1939	536	0	0	0	0	0	0	1659982552714
1939	533	0	0	0	0	0	0	1659982553734
1939	533	0	0	0	0	0	0	1659982554754
1939	532	0	0	0	0	0	0	1659982555774
1939	531	0	0	0	0	0	0	1659982556794
1939	530	0	0	0	0	0	0	1659982557814
1939	528	0	0	0	0	0	0	1659982558834
1939	527	0	0	0	0	0	0	1659982559854
1939	526	0	0	0	0	0	0	1659982560874
1939	526	0	0	0	0	0	0	1659982561894
1939	526	0	0	0	0	0	0	1659982562914
1939	526	0	0	0	0	0	0	1659982563934
1939	527	0	0	0	0	0	0	1659982564954
1939	526	0	0	0	0	0	0	1659982565974
1939	526	0	0	0	0	0	0	1659982566994
1939	526	0	0	0	0	0	0	1659982568014
1939	525	0	0	0	0	0	0	1659982569034
1939	525	0	0	0	0	0	0	1659982570054
1939	525	0	0	0	0	0	0	1659982571074
1939	526	0	0	0	0	0	0	1659982572094
1939	526	0	0	0	0	0	0	1659982573114
1939	526	0	0	0	0	0	0	1659982574134
1939	526	0	0	0	0	0	0	1659982575154
1939	525	0	0	0	0	0	0	1659982576174
1939	525	0	0	0	0	0	0	1659982577194
1939	525	0	0	0	0	0	0	1659982578214
1939	525	0	0	0	0	0	0	1659982579234
1939	525	0	0	0	0	0	0	1659982580254
1939	525	0	0	0	0	0	0	1659982581274
1939	525	0	0	0	0	0	0	1659982582294
1939	525	0	0	0	0	0	0	1659982583314
1939	525	0	0	0	0	0	0	1659982584334
1939	525	0	0	0	0	0	0	1659982585354
1939	525	0	0	0	0	0	0	1659982586374
1939	525	0	0	0	0	0	0	1659982587394
1938	525	0	0	0	0	0	0	1659982588414
1938	525	0	0	0	0	0	0	1659982589434
1938	525	0	0	0	0	0	0	1659982590454
1938	525	0	0	0	0	0	0	1659982591474
1938	525	0	0	0	0	0	0	1659982592494
1938	525	0	0	0	0	0	0	1659982593514
1938	525	0	0	0	0	0	0	1659982594534
1938	525	0	0	0	0	0	0	1659982595554
1938	524	0	0	0	0	0	0	1659982596574
1938	524	0	0	0	0	0	0	1659982597594
1938	524	0	0	0	0	0	0	1659982598614
1938	524	0	0	0	0	0	0	1659982599634
1938	524	0	0	0	0	0	0	1659982600654
1938	524	0	0	0	0	0	0	1659982601674
1938	524	0	0	0	0	0	0	1659982602694
1938	524	0	0	0	0	0	0	1659982603714
1938	524	0	0	0	0	0	0	1659982604734
1938	524	0	0	0	0	0	0	1659982605754
1938	524	0	0	0	0	0	0	1659982606774
1938	524	0	0	0	0	0	0	1659982607794
1938	524	0	0	0	0	0	0	1659982608814
1938	524	0	0	0	0	0	0	1659982609834
1938	524	0	0	0	0	0	0	1659982610854
1938	524	0	0	0	0	0	0	1659982611874
1938	524	0	0	0	0	0	0	1659982612894
1938	524	0	0	0	0	0	0	1659982613914
1938	524	0	0	0	0	0	0	1659982614934
1938	524	0	0	0	0	0	0	1659982615954
1938	524	0	0	0	0	0	0	1659982616974
1938	524	0	0	0	0	0	0	1659982617994
1938	524	0	0	0	0	0	0	1659982619014
1938	524	0	0	0	0	0	0	1659982620034
1938	524	0	0	0	0	0	0	1659982621054
1938	524	0	0	0	0	0	0	1659982622074
1938	524	0	0	0	0	0	0	1659982623094
1938	524	0	0	0	0	0	0	1659982624114
1938	524	0	0	0	0	0	0	1659982625134
1939	524	0	0	0	0	0	0	1659982626154
1939	524	0	0	0	0	0	0	1659982627174
1939	524	0	0	0	0	0	0	1659982628194
1939	524	0	0	0	0	0	0	1659982629214
1939	524	0	0	0	0	0	0	1659982630234
1939	524	0	0	0	0	0	0	1659982631254
1939	524	0	0	0	0	0	0	1659982632274
1939	524	0	0	0	0	0	0	1659982633294
1939	524	0	0	0	0	0	0	1659982634314
1939	524	0	0	0	0	0	0	1659982635334
1939	524	0	0	0	0	0	0	1659982636354
1939	524	0	0	0	0	0	0	1659982637374
1939	524	0	0	0	0	0	0	1659982638394
1939	524	0	0	0	0	0	0	1659982639414
1939	524	0	0	0	0	0	0	1659982640434
1939	524	0	0	0	0	0	0	1659982641454
1939	524	0	0	0	0	0	0	1659982642474
1939	524	0	0	0	0	0	0	1659982643494
1939	524	0	0	0	0	0	0	1659982644514
1939	524	0	0	0	0	0	0	1659982645534
1939	524	0	0	0	0	0	0	1659982646554
1939	524	0	0	0	0	0	0	1659982647574
1939	524	0	0	0	0	0	0	1659982648594
1939	524	0	0	0	0	0	0	1659982649614
1939	524	0	0	0	0	0	0	1659982650634
1939	524	0	0	0	0	0	0	1659982651654
1939	524	0	0	0	0	0	0	1659982652674
1939	524	0	0	0	0	0	0	1659982653694
1939	524	0	0	0	0	0	0	1659982654714
1939	524	0	0	0	0	0	0	1659982655734
1939	524	0	0	0	0	0	0	1659982656754
1939	524	0	0	0	0	0	0	1659982657774
1939	524	0	0	0	0	0	0	1659982658794
1939	524	0	0	0	0	0	0	1659982659814
1939	524	0	0	0	0	0	0	1659982660834
1939	524	0	0	0	0	0	0	1659982661854
1939	524	0	0	0	0	0	0	1659982662874
1939	524	0	0	0	0	0	0	1659982663894
1939	524	0	0	0	0	0	0	1659982664914
1939	524	0	0	0	0	0	0	1659982665934
1939	524	0	0	0	0	0	0	1659982666954
1939	524	0	0	0	0	0	0	1659982667974
1939	524	0	0	0	0	0	0	1659982668994
1939	524	0	0	0	0	0	0	1659982670014
1939	524	0	0	0	0	0	0	1659982671034
1939	524	0	0	0	0	0	0	1659982672054
1939	524	0	0	0	0	0	0	1659982673074
1939	524	0	0	0	0	0	0	1659982674094
1939	524	0	0	0	0	0	0	1659982675114
1939	524	0	0	0	0	0	0	1659982676134
1939	524	0	0	0	0	0	0	1659982677154
1939	524	0	0	0	0	0	0	1659982678174
1939	524	0	0	0	0	0	0	1659982679194
1939	524	0	0	0	0	0	0	1659982680214
1939	524	0	0	0	0	0	0	1659982681234
1939	524	0	0	0	0	0	0	1659982682254
1939	524	0	0	0	0	0	0	1659982683274
1939	524	0	0	0	0	0	0	1659982684294
1939	524	0	0	0	0	0	0	1659982685314
1939	524	0	0	0	0	0	0	1659982686334
1939	524	0	0	0	0	0	0	1659982687354
1939	524	0	0	0	0	0	0	1659982688374
1939	524	0	0	0	0	0	0	1659982689394
1939	524	0	0	0	0	0	0	1659982690414
1939	524	0	0	0	0	0	0	1659982691434
1939	524	0	0	0	0	0	0	1659982692454
1939	524	0	0	0	0	0	0	1659982693474
1939	524	0	0	0	0	0	0	1659982694494
1939	524	0	0	0	0	0	0	1659982695514
1939	524	0	0	0	0	0	0	1659982696534
1939	524	0	0	0	0	0	0	1659982697554
1939	524	0	0	0	0	0	0	1659982698574
1939	524	0	0	0	0	0	0	1659982699594
1939	524	0	0	0	0	0	0	1659982700614
1939	524	0	0	0	0	0	0	1659982701634
1939	524	0	0	0	0	0	0	1659982702654
1939	524	0	0	0	0	0	0	1659982703674
1938	524	0	0	0	0	0	0	1659982704694
1938	524	0	0	0	0	0	0	1659982705714
1938	524	0	0	0	0	0	0	1659982706734
1938	524	0	0	0	0	0	0	1659982707754
1938	524	0	0	0	0	0	0	1659982708774
1938	524	0	0	0	0	0	0	1659982709794
1938	524	0	0	0	0	0	0	1659982710814
1939	524	0	0	0	0	0	0	1659982711834
1939	524	0	0	0	0	0	0	1659982712854
1939	524	0	0	0	0	0	0	1659982713874
1939	524	0	0	0	0	0	0	1659982714894
1939	524	0	0	0	0	0	0	1659982715914
1939	524	0	0	0	0	0	0	1659982716934
1939	524	0	0	0	0	0	0	1659982717954
1939	524	0	0	0	0	0	0	1659982718974
1939	524	0	0	0	0	0	0	1659982719994
1939	524	0	0	0	0	0	0	1659982721014
1939	524	0	0	0	0	0	0	1659982722034
1939	524	0	0	0	0	0	0	1659982723054
1939	524	0	0	0	0	0	0	1659982724074
1939	524	0	0	0	0	0	0	1659982725094
1939	524	0	0	0	0	0	0	1659982726114
1939	524	0	0	0	0	0	0	1659982727134
1939	524	0	0	0	0	0	0	1659982728154
1939	524	0	0	0	0	0	0	1659982729174
1939	524	0	0	0	0	0	0	1659982730194
1939	524	0	0	0	0	0	0	1659982731214
1939	524	0	0	0	0	0	0	1659982732234
1939	524	0	0	0	0	0	0	1659982733254
1939	524	0	0	0	0	0	0	1659982734274
1939	524	0	0	0	0	0	0	1659982735294
1939	524	0	0	0	0	0	0	1659982736314
1939	524	0	0	0	0	0	0	1659982737334
1939	524	0	0	0	0	0	0	1659982738354
1939	524	0	0	0	0	0	0	1659982739374
1939	524	0	0	0	0	0	0	1659982740394
1939	524	0	0	0	0	0	0	1659982741414
1939	524	0	0	0	0	0	0	1659982742434
1939	524	0	0	0	0	0	0	1659982743454
1939	524	0	0	0	0	0	0	1659982744474
1939	524	0	0	0	0	0	0	1659982745494
1939	524	0	0	0	0	0	0	1659982746514
1939	524	0	0	0	0	0	0	1659982747534
1939	524	0	0	0	0	0	0	1659982748554
1939	524	0	0	0	0	0	0	1659982749574
1939	524	0	0	0	0	0	0	1659982750594
1939	524	0	0	0	0	0	0	1659982751614
1939	524	0	0	0	0	0	0	1659982752634
1939	524	0	0	0	0	0	0	1659982753654
1939	524	0	0	0	0	0	0	1659982754674
1939	524	0	0	0	0	0	0	1659982755694
1939	524	0	0	0	0	0	0	1659982756714
1939	524	0	0	0	0	0	0	1659982757734
1939	524	0	0	0	0	0	0	1659982758754
1939	524	0	0	0	0	0	0	1659982759774
1939	524	0	0	0	0	0	0	1659982760794
1939	524	0	0	0	0	0	0	1659982761814
1939	524	0	0	0	0	0	0	1659982762834
1939	524	0	0	0	0	0	0	1659982763854
1939	524	0	0	0	0	0	0	1659982764874
1939	524	0	0	0	0	0	0	1659982765894
1939	524	0	0	0	0	0	0	1659982766914
1939	524	0	0	0	0	0	0	1659982767934
1939	524	0	0	0	0	0	0	1659982768954
1939	524	0	0	0	0	0	0	1659982769974
1939	524	0	0	0	0	0	0	1659982770994
1939	524	0	0	0	0	0	0	1659982772014
1939	524	0	0	0	0	0	0	1659982773034
1939	524	0	0	0	0	0	0	1659982774054
1939	524	0	0	0	0	0	0	1659982775074
1939	524	0	0	0	0	0	0	1659982776094
1939	524	0	0	0	0	0	0	1659982777114
1939	524	0	0	0	0	0	0	1659982778134
1939	524	0	0	0	0	0	0	1659982779154
1939	524	0	0	0	0	0	0	1659982780174
1939	524	0	0	0	0	0	0	1659982781194
1939	524	0	0	0	0	0	0	1659982782214
1939	524	0	0	0	0	0	0	1659982783234
1939	524	0	0	0	0	0	0	1659982784254
1939	524	0	0	0	0	0	0	1659982785274
1939	524	0	0	0	0	0	0	1659982786294
1939	524	0	0	0	0	0	0	1659982787314
1939	524	0	0	0	0	0	0	1659982788334
1939	524	0	0	0	0	0	0	1659982789354
1939	524	0	0	0	0	0	0	1659982790374
1939	524	0	0	0	0	0	0	1659982791394
1939	524	0	0	0	0	0	0	1659982792414
1939	524	0	0	0	0	0	0	1659982793434
1939	524	0	0	0	0	0	0	1659982794454
1939	524	0	0	0	0	0	0	1659982795474
1939	524	0	0	0	0	0	0	1659982796494
1939	524	0	0	0	0	0	0	1659982797514
1939	524	0	0	0	0	0	0	1659982798534
1939	524	0	0	0	0	0	0	1659982799554
1939	524	0	0	0	0	0	0	1659982800574
1939	524	0	0	0	0	0	0	1659982801594
1939	524	0	0	0	0	0	0	1659982802614
1939	524	0	0	0	0	0	0	1659982803634
1939	524	0	0	0	0	0	0	1659982804654
1939	524	0	0	0	0	0	0	1659982805674
1939	524	0	0	0	0	0	0	1659982806694
1939	524	0	0	0	0	0	0	1659982807714
1939	524	0	0	0	0	0	0	1659982808734
1939	524	0	0	0	0	0	0	1659982809754
1939	524	0	0	0	0	0	0	1659982810774
1939	524	0	0	0	0	0	0	1659982811794
1939	524	0	0	0	0	0	0	1659982812814
1939	524	0	0	0	0	0	0	1659982813834
1939	524	0	0	0	0	0	0	1659982814854
1939	524	0	0	0	0	0	0	1659982815874
1939	524	0	0	0	0	0	0	1659982816894
1939	524	0	0	0	0	0	0	1659982817914
1939	524	0	0	0	0	0	0	1659982818934
1939	524	0	0	0	0	0	0	1659982819954
1939	524	0	0	0	0	0	0	1659982820974
1939	524	0	0	0	0	0	0	1659982821994
1939	524	0	0	0	0	0	0	1659982823014
1939	524	0	0	0	0	0	0	1659982824034
1939	524	0	0	0	0	0	0	1659982825054
1939	524	0	0	0	0	0	0	1659982826074
1939	524	0	0	0	0	0	0	1659982827094
1939	524	0	0	0	0	0	0	1659982828114
1939	524	0	0	0	0	0	0	1659982829134
1939	524	0	0	0	0	0	0	1659982830154
1939	524	0	0	0	0	0	0	1659982831174
1939	524	0	0	0	0	0	0	1659982832194
1939	524	0	0	0	0	0	0	1659982833214
1939	524	0	0	0	0	0	0	1659982834234
1939	524	0	0	0	0	0	0	1659982835254
1939	524	0	0	0	0	0	0	1659982836274
1939	524	0	0	0	0	0	0	1659982837294
1939	524	0	0	0	0	0	0	1659982838314
1939	524	0	0	0	0	0	0	1659982839334
1939	524	0	0	0	0	0	0	1659982840354
1939	524	0	0	0	0	0	0	1659982841374
1939	523	0	0	0	0	0	0	1659982842394
1939	523	0	0	0	0	0	0	1659982843414
1939	524	0	0	0	0	0	0	1659982844434
1939	522	0	0	0	0	0	0	1659982845454
1939	522	0	0	0	0	0	0	1659982846474
1939	522	0	0	0	0	0	0	1659982847494
1939	522	0	0	0	0	0	0	1659982848514
1939	523	0	0	0	0	0	0	1659982849534
1939	523	0	0	0	0	0	0	1659982850554
1939	522	0	0	0	0	0	0	1659982851574
1939	522	0	0	0	0	0	0	1659982852594
1939	522	0	0	0	0	0	0	1659982853614
1939	522	0	0	0	0	0	0	1659982854634
1939	522	0	0	0	0	0	0	1659982855654
1939	521	0	0	0	0	0	0	1659982856674
1939	521	0	0	0	0	0	0	1659982857694
1939	521	0	0	0	0	0	0	1659982858714
1939	521	0	0	0	0	0	0	1659982859734
1939	519	0	0	0	0	0	0	1659982860754
1939	520	0	0	0	0	0	0	1659982861774
1939	520	0	0	0	0	0	0	1659982862794
1939	521	0	0	0	0	0	0	1659982863814
1939	521	0	0	0	0	0	0	1659982864834
1939	520	0	0	0	0	0	0	1659982865854
1939	519	0	0	0	0	0	0	1659982866874
1939	520	0	0	0	0	0	0	1659982867894
1939	519	0	0	0	0	0	0	1659982868914
1939	519	0	0	0	0	0	0	1659982869934
1939	520	0	0	0	0	0	0	1659982870954
1939	520	0	0	0	0	0	0	1659982871974
1939	521	0	0	0	0	0	0	1659982872994
1939	519	0	0	0	0	0	0	1659982874014
1939	518	0	0	0	0	0	0	1659982875034
1939	517	0	0	0	0	0	0	1659982876054
1939	516	0	0	0	0	0	0	1659982877074
1939	516	0	0	0	0	0	0	1659982878094
1939	515	0	0	0	0	0	0	1659982879114
1939	513	0	0	0	0	0	0	1659982880134
1939	512	0	0	0	0	0	0	1659982881154
1939	513	0	0	0	0	0	0	1659982882174
1939	513	0	0	0	0	0	0	1659982883194
1939	512	0	0	0	0	0	0	1659982884214
1939	511	0	0	0	0	0	0	1659982885234
1939	511	0	0	0	0	0	0	1659982886254
1939	510	0	0	0	0	0	0	1659982887274
1939	511	0	0	0	0	0	0	1659982888294
1939	510	0	0	0	0	0	0	1659982889314
1939	509	0	0	0	0	0	0	1659982890334
1939	509	0	0	0	0	0	0	1659982891354
1939	507	0	0	0	0	0	0	1659982892374
1939	507	0	0	0	0	0	0	1659982893394
1939	506	0	0	0	0	0	0	1659982894414
1939	505	0	0	0	0	0	0	1659982895434
1939	506	0	0	0	0	0	0	1659982896454
1939	506	0	0	0	0	0	0	1659982897474
1939	504	0	0	0	0	0	0	1659982898494
1939	503	0	0	0	0	0	0	1659982899514
