2162	671	0	0	0	0	0	0	1659637208514
2151	668	0	0	0	0	0	0	1659637209534
2144	663	0	0	0	0	0	0	1659637210554
2140	652	0	0	0	0	0	0	1659637211574
2138	645	0	0	0	0	0	0	1659637212594
2136	641	0	0	0	0	0	0	1659637213614
2135	639	0	0	0	0	0	0	1659637214634
2135	637	0	0	0	0	0	0	1659637215654
2135	635	0	0	0	0	0	0	1659637216674
2134	628	0	0	0	0	0	0	1659637217694
2133	620	0	0	0	0	0	0	1659637218714
2128	615	0	0	0	0	0	0	1659637219734
2120	612	0	0	0	0	0	0	1659637220754
2115	610	0	0	0	0	0	0	1659637221774
2112	609	0	0	0	0	0	0	1659637222794
2110	608	0	0	0	0	0	0	1659637223814
2109	608	0	0	0	0	0	0	1659637224834
2108	607	0	0	0	0	0	0	1659637225854
2107	607	0	0	0	0	0	0	1659637226874
2107	607	0	0	0	0	0	0	1659637227894
2107	607	0	0	0	0	0	0	1659637228914
2107	607	0	0	0	0	0	0	1659637229934
2107	607	0	0	0	0	0	0	1659637230954
2106	607	0	0	0	0	0	0	1659637231974
2106	607	0	0	0	0	0	0	1659637232994
2106	607	0	0	0	0	0	0	1659637234014
2106	607	0	0	0	0	0	0	1659637235034
2106	607	0	0	0	0	0	0	1659637236054
2106	606	0	0	0	0	0	0	1659637237074
2106	606	0	0	0	0	0	0	1659637238094
2106	605	0	0	0	0	0	0	1659637239114
2106	603	0	0	0	0	0	0	1659637240134
2106	601	0	0	0	0	0	0	1659637241154
2106	599	0	0	0	0	0	0	1659637242174
2106	600	0	0	0	0	0	0	1659637243194
2106	597	0	0	0	0	0	0	1659637244214
2106	595	0	0	0	0	0	0	1659637245234
2106	592	0	0	0	0	0	0	1659637246254
2106	589	0	0	0	0	0	0	1659637247274
2106	588	0	0	0	0	0	0	1659637248294
2106	586	0	0	0	0	0	0	1659637249314
2106	585	0	0	0	0	0	0	1659637250334
2106	584	0	0	0	0	0	0	1659637251354
2106	583	0	0	0	0	0	0	1659637252374
2106	583	0	0	0	0	0	0	1659637253394
2106	583	0	0	0	0	0	0	1659637254414
2106	583	0	0	0	0	0	0	1659637255434
2106	583	0	0	0	0	0	0	1659637256454
2106	582	0	0	0	0	0	0	1659637257474
2106	581	0	0	0	0	0	0	1659637258494
2106	581	0	0	0	0	0	0	1659637259514
2106	581	0	0	0	0	0	0	1659637260534
2106	580	0	0	0	0	0	0	1659637261554
2106	580	0	0	0	0	0	0	1659637262574
2106	580	0	0	0	0	0	0	1659637263594
2106	580	0	0	0	0	0	0	1659637264614
2106	580	0	0	0	0	0	0	1659637265634
2106	580	0	0	0	0	0	0	1659637266654
2106	580	0	0	0	0	0	0	1659637267674
2106	580	0	0	0	0	0	0	1659637268694
2106	580	0	0	0	0	0	0	1659637269714
2106	580	0	0	0	0	0	0	1659637270734
2106	581	0	0	0	0	0	0	1659637271754
2106	580	0	0	0	0	0	0	1659637272774
2106	580	0	0	0	0	0	0	1659637273794
2106	580	0	0	0	0	0	0	1659637274814
2106	580	0	0	0	0	0	0	1659637275834
2106	580	0	0	0	0	0	0	1659637276854
2106	580	0	0	0	0	0	0	1659637277874
2106	580	0	0	0	0	0	0	1659637278894
2106	580	0	0	0	0	0	0	1659637279914
2106	580	0	0	0	0	0	0	1659637280934
2106	580	0	0	0	0	0	0	1659637281954
2106	580	0	0	0	0	0	0	1659637282974
2106	580	0	0	0	0	0	0	1659637283994
2106	580	0	0	0	0	0	0	1659637285014
2106	580	0	0	0	0	0	0	1659637286034
2106	580	0	0	0	0	0	0	1659637287054
2106	587	0	0	0	0	0	0	1659637288074
2106	595	0	0	0	0	0	0	1659637289094
2106	599	0	0	0	0	0	0	1659637290114
2106	601	0	0	0	0	0	0	1659637291134
2106	603	0	0	0	0	0	0	1659637292154
2106	603	0	0	0	0	0	0	1659637293174
2106	603	0	0	0	0	0	0	1659637294194
2106	604	0	0	0	0	0	0	1659637295214
2106	604	0	0	0	0	0	0	1659637296234
2106	599	0	0	0	0	0	0	1659637297254
2106	596	0	0	0	0	0	0	1659637298274
2106	591	0	0	0	0	0	0	1659637299294
2106	589	0	0	0	0	0	0	1659637300314
2106	588	0	0	0	0	0	0	1659637301334
2106	588	0	0	0	0	0	0	1659637302354
2106	586	0	0	0	0	0	0	1659637303374
2106	585	0	0	0	0	0	0	1659637304394
2106	585	0	0	0	0	0	0	1659637305414
2106	584	0	0	0	0	0	0	1659637306434
2106	583	0	0	0	0	0	0	1659637307454
2106	582	0	0	0	0	0	0	1659637308474
2106	582	0	0	0	0	0	0	1659637309494
2106	581	0	0	0	0	0	0	1659637310514
2106	581	0	0	0	0	0	0	1659637311534
2106	581	0	0	0	0	0	0	1659637312554
2106	581	0	0	0	0	0	0	1659637313574
2106	580	0	0	0	0	0	0	1659637314594
2106	580	0	0	0	0	0	0	1659637315614
2106	580	0	0	0	0	0	0	1659637316634
2106	581	0	0	0	0	0	0	1659637317654
2106	580	0	0	0	0	0	0	1659637318674
2106	580	0	0	0	0	0	0	1659637319694
2106	580	0	0	0	0	0	0	1659637320714
2106	580	0	0	0	0	0	0	1659637321734
2106	580	0	0	0	0	0	0	1659637322754
2106	580	0	0	0	0	0	0	1659637323774
2106	580	0	0	0	0	0	0	1659637324794
2106	580	0	0	0	0	0	0	1659637325814
2106	580	0	0	0	0	0	0	1659637326834
2106	580	0	0	0	0	0	0	1659637327854
2106	580	0	0	0	0	0	0	1659637328874
2106	580	0	0	0	0	0	0	1659637329894
2106	581	0	0	0	0	0	0	1659637330914
2106	581	0	0	0	0	0	0	1659637331934
2106	581	0	0	0	0	0	0	1659637332954
2106	581	0	0	0	0	0	0	1659637333974
2106	581	0	0	0	0	0	0	1659637334994
2106	581	0	0	0	0	0	0	1659637336014
2106	582	0	0	0	0	0	0	1659637337034
2106	589	0	0	0	0	0	0	1659637338054
2106	596	0	0	0	0	0	0	1659637339074
2106	600	0	0	0	0	0	0	1659637340094
2106	603	0	0	0	0	0	0	1659637341114
2106	605	0	0	0	0	0	0	1659637342134
2106	606	0	0	0	0	0	0	1659637343154
2106	607	0	0	0	0	0	0	1659637344174
2106	607	0	0	0	0	0	0	1659637345194
2106	607	0	0	0	0	0	0	1659637346214
2106	607	0	0	0	0	0	0	1659637347234
2106	607	0	0	0	0	0	0	1659637348254
2106	607	0	0	0	0	0	0	1659637349274
2106	607	0	0	0	0	0	0	1659637350294
2106	607	0	0	0	0	0	0	1659637351314
2106	607	0	0	0	0	0	0	1659637352334
2106	607	0	0	0	0	0	0	1659637353354
2106	607	0	0	0	0	0	0	1659637354374
2106	607	0	0	0	0	0	0	1659637355394
2106	607	0	0	0	0	0	0	1659637356414
2106	607	0	0	0	0	0	0	1659637357434
2106	607	0	0	0	0	0	0	1659637358454
2106	606	0	0	0	0	0	0	1659637359474
2106	606	0	0	0	0	0	0	1659637360494
2106	606	0	0	0	0	0	0	1659637361514
2106	606	0	0	0	0	0	0	1659637362534
2106	606	0	0	0	0	0	0	1659637363554
2106	607	0	0	0	0	0	0	1659637364574
2106	607	0	0	0	0	0	0	1659637365594
2106	607	0	0	0	0	0	0	1659637366614
2106	607	0	0	0	0	0	0	1659637367634
2106	607	0	0	0	0	0	0	1659637368654
2106	607	0	0	0	0	0	0	1659637369674
2106	607	0	0	0	0	0	0	1659637370694
2106	607	0	0	0	0	0	0	1659637371714
2106	607	0	0	0	0	0	0	1659637372734
2106	607	0	0	0	0	0	0	1659637373754
2106	607	0	0	0	0	0	0	1659637374774
2106	607	0	0	0	0	0	0	1659637375794
2106	606	0	0	0	0	0	0	1659637376814
2106	606	0	0	0	0	0	0	1659637377834
2106	606	0	0	0	0	0	0	1659637378854
2106	606	0	0	0	0	0	0	1659637379874
2106	605	0	0	0	0	0	0	1659637380894
2106	606	0	0	0	0	0	0	1659637381914
2106	604	0	0	0	0	0	0	1659637382934
2106	604	0	0	0	0	0	0	1659637383954
2106	604	0	0	0	0	0	0	1659637384974
2106	605	0	0	0	0	0	0	1659637385994
2106	604	0	0	0	0	0	0	1659637387014
2106	605	0	0	0	0	0	0	1659637388034
2106	605	0	0	0	0	0	0	1659637389054
2106	605	0	0	0	0	0	0	1659637390074
2106	605	0	0	0	0	0	0	1659637391094
2106	606	0	0	0	0	0	0	1659637392114
2106	606	0	0	0	0	0	0	1659637393134
2106	606	0	0	0	0	0	0	1659637394154
2106	607	0	0	0	0	0	0	1659637395174
2106	605	0	0	0	0	0	0	1659637396194
2106	605	0	0	0	0	0	0	1659637397214
2106	605	0	0	0	0	0	0	1659637398234
2106	606	0	0	0	0	0	0	1659637399254
2106	607	0	0	0	0	0	0	1659637400274
2106	605	0	0	0	0	0	0	1659637401294
2106	605	0	0	0	0	0	0	1659637402314
2106	605	0	0	0	0	0	0	1659637403334
2106	604	0	0	0	0	0	0	1659637404354
2106	605	0	0	0	0	0	0	1659637405374
2106	606	0	0	0	0	0	0	1659637406394
2106	606	0	0	0	0	0	0	1659637407414
2106	606	0	0	0	0	0	0	1659637408434
2106	606	0	0	0	0	0	0	1659637409454
2106	606	0	0	0	0	0	0	1659637410474
2106	606	0	0	0	0	0	0	1659637411494
2106	606	0	0	0	0	0	0	1659637412514
2106	606	0	0	0	0	0	0	1659637413534
2106	605	0	0	0	0	0	0	1659637414554
2106	606	0	0	0	0	0	0	1659637415574
2106	606	0	0	0	0	0	0	1659637416594
2106	606	0	0	0	0	0	0	1659637417614
2106	606	0	0	0	0	0	0	1659637418634
2106	606	0	0	0	0	0	0	1659637419654
2106	606	0	0	0	0	0	0	1659637420674
2106	606	0	0	0	0	0	0	1659637421694
2106	607	0	0	0	0	0	0	1659637422714
2106	607	0	0	0	0	0	0	1659637423734
2106	607	0	0	0	0	0	0	1659637424754
2106	606	0	0	0	0	0	0	1659637425774
2106	606	0	0	0	0	0	0	1659637426794
2106	606	0	0	0	0	0	0	1659637427814
2106	606	0	0	0	0	0	0	1659637428834
2106	605	0	0	0	0	0	0	1659637429854
2106	606	0	0	0	0	0	0	1659637430874
2106	605	0	0	0	0	0	0	1659637431894
2106	603	0	0	0	0	0	0	1659637432914
2106	604	0	0	0	0	0	0	1659637433934
2106	605	0	0	0	0	0	0	1659637434954
2106	606	0	0	0	0	0	0	1659637435974
2106	606	0	0	0	0	0	0	1659637436994
2106	606	0	0	0	0	0	0	1659637438014
2106	606	0	0	0	0	0	0	1659637439034
2106	606	0	0	0	0	0	0	1659637440054
2106	606	0	0	0	0	0	0	1659637441074
2106	606	0	0	0	0	0	0	1659637442094
2106	606	0	0	0	0	0	0	1659637443114
2106	606	0	0	0	0	0	0	1659637444134
2106	607	0	0	0	0	0	0	1659637445154
2106	607	0	0	0	0	0	0	1659637446174
2106	607	0	0	0	0	0	0	1659637447194
2106	607	0	0	0	0	0	0	1659637448214
2106	607	0	0	0	0	0	0	1659637449234
2106	607	0	0	0	0	0	0	1659637450254
2106	607	0	0	0	0	0	0	1659637451274
2106	607	0	0	0	0	0	0	1659637452294
2106	607	0	0	0	0	0	0	1659637453314
2106	607	0	0	0	0	0	0	1659637454334
2106	607	0	0	0	0	0	0	1659637455354
2106	607	0	0	0	0	0	0	1659637456374
2106	607	0	0	0	0	0	0	1659637457394
2106	607	0	0	0	0	0	0	1659637458414
2106	607	0	0	0	0	0	0	1659637459434
2106	607	0	0	0	0	0	0	1659637460454
2106	607	0	0	0	0	0	0	1659637461474
2106	607	0	0	0	0	0	0	1659637462494
2110	607	0	0	0	0	0	0	1659637463514
2117	607	0	0	0	0	0	0	1659637464534
2118	607	0	0	0	0	0	0	1659637465554
2121	607	0	0	0	0	0	0	1659637466574
2119	607	0	0	0	0	0	0	1659637467594
2116	607	0	0	0	0	0	0	1659637468614
2116	607	0	0	0	0	0	0	1659637469634
2116	607	0	0	0	0	0	0	1659637470654
2116	607	0	0	0	0	0	0	1659637471674
2115	607	0	0	0	0	0	0	1659637472694
2116	607	0	0	0	0	0	0	1659637473714
2120	607	0	0	0	0	0	0	1659637474734
2121	607	0	0	0	0	0	0	1659637475754
2118	607	0	0	0	0	0	0	1659637476774
2116	607	0	0	0	0	0	0	1659637477794
2113	607	0	0	0	0	0	0	1659637478814
2111	607	0	0	0	0	0	0	1659637479834
2110	607	0	0	0	0	0	0	1659637480854
2109	607	0	0	0	0	0	0	1659637481874
2110	607	0	0	0	0	0	0	1659637482894
2109	607	0	0	0	0	0	0	1659637483914
2109	607	0	0	0	0	0	0	1659637484934
2111	607	0	0	0	0	0	0	1659637485954
2113	607	0	0	0	0	0	0	1659637486974
2113	607	0	0	0	0	0	0	1659637487994
2111	607	0	0	0	0	0	0	1659637489014
2110	607	0	0	0	0	0	0	1659637490034
2110	607	0	0	0	0	0	0	1659637491054
2109	607	0	0	0	0	0	0	1659637492074
2109	607	0	0	0	0	0	0	1659637493094
2109	607	0	0	0	0	0	0	1659637494114
2109	607	0	0	0	0	0	0	1659637495134
2108	607	0	0	0	0	0	0	1659637496154
2108	607	0	0	0	0	0	0	1659637497174
2108	607	0	0	0	0	0	0	1659637498194
2107	607	0	0	0	0	0	0	1659637499214
2107	607	0	0	0	0	0	0	1659637500234
2107	607	0	0	0	0	0	0	1659637501254
2107	607	0	0	0	0	0	0	1659637502274
2107	607	0	0	0	0	0	0	1659637503294
2107	607	0	0	0	0	0	0	1659637504314
2107	607	0	0	0	0	0	0	1659637505334
2108	607	0	0	0	0	0	0	1659637506354
2107	607	0	0	0	0	0	0	1659637507374
2107	607	0	0	0	0	0	0	1659637508394
2107	607	0	0	0	0	0	0	1659637509414
2107	607	0	0	0	0	0	0	1659637510434
2107	607	0	0	0	0	0	0	1659637511454
2107	607	0	0	0	0	0	0	1659637512474
2107	607	0	0	0	0	0	0	1659637513494
2107	607	0	0	0	0	0	0	1659637514514
2107	607	0	0	0	0	0	0	1659637515534
2107	607	0	0	0	0	0	0	1659637516554
2107	607	0	0	0	0	0	0	1659637517574
2108	607	0	0	0	0	0	0	1659637518594
2108	607	0	0	0	0	0	0	1659637519614
2109	607	0	0	0	0	0	0	1659637520634
2109	607	0	0	0	0	0	0	1659637521654
2109	607	0	0	0	0	0	0	1659637522674
2109	607	0	0	0	0	0	0	1659637523694
2108	607	0	0	0	0	0	0	1659637524714
2107	607	0	0	0	0	0	0	1659637525734
2107	607	0	0	0	0	0	0	1659637526754
2107	607	0	0	0	0	0	0	1659637527774
2107	607	0	0	0	0	0	0	1659637528794
2107	607	0	0	0	0	0	0	1659637529814
2107	607	0	0	0	0	0	0	1659637530834
2107	607	0	0	0	0	0	0	1659637531854
2107	607	0	0	0	0	0	0	1659637532874
2107	607	0	0	0	0	0	0	1659637533894
2107	607	0	0	0	0	0	0	1659637534914
2107	607	0	0	0	0	0	0	1659637535934
2107	607	0	0	0	0	0	0	1659637536954
2107	607	0	0	0	0	0	0	1659637537974
2107	607	0	0	0	0	0	0	1659637538994
2107	607	0	0	0	0	0	0	1659637540014
2107	607	0	0	0	0	0	0	1659637541034
2108	607	0	0	0	0	0	0	1659637542054
2107	607	0	0	0	0	0	0	1659637543074
2107	607	0	0	0	0	0	0	1659637544094
2108	607	0	0	0	0	0	0	1659637545114
2107	607	0	0	0	0	0	0	1659637546134
2108	607	0	0	0	0	0	0	1659637547154
2109	607	0	0	0	0	0	0	1659637548174
2109	607	0	0	0	0	0	0	1659637549194
2108	607	0	0	0	0	0	0	1659637550214
2108	607	0	0	0	0	0	0	1659637551234
2107	607	0	0	0	0	0	0	1659637552254
2107	607	0	0	0	0	0	0	1659637553274
2107	607	0	0	0	0	0	0	1659637554294
2107	607	0	0	0	0	0	0	1659637555314
2108	607	0	0	0	0	0	0	1659637556334
2108	607	0	0	0	0	0	0	1659637557354
2107	607	0	0	0	0	0	0	1659637558374
2108	607	0	0	0	0	0	0	1659637559394
2109	607	0	0	0	0	0	0	1659637560414
2108	607	0	0	0	0	0	0	1659637561434
2108	607	0	0	0	0	0	0	1659637562454
2109	607	0	0	0	0	0	0	1659637563474
2111	607	0	0	0	0	0	0	1659637564494
2111	607	0	0	0	0	0	0	1659637565514
2111	607	0	0	0	0	0	0	1659637566534
2111	607	0	0	0	0	0	0	1659637567554
2111	607	0	0	0	0	0	0	1659637568574
2111	607	0	0	0	0	0	0	1659637569594
2110	607	0	0	0	0	0	0	1659637570614
2110	607	0	0	0	0	0	0	1659637571634
2110	607	0	0	0	0	0	0	1659637572654
2110	607	0	0	0	0	0	0	1659637573674
2112	607	0	0	0	0	0	0	1659637574694
2112	607	0	0	0	0	0	0	1659637575714
2114	607	0	0	0	0	0	0	1659637576734
2114	607	0	0	0	0	0	0	1659637577754
2113	607	0	0	0	0	0	0	1659637578774
2115	607	0	0	0	0	0	0	1659637579794
2114	607	0	0	0	0	0	0	1659637580814
2112	607	0	0	0	0	0	0	1659637581834
2113	607	0	0	0	0	0	0	1659637582854
2113	607	0	0	0	0	0	0	1659637583874
2111	607	0	0	0	0	0	0	1659637584894
2110	607	0	0	0	0	0	0	1659637585914
2111	607	0	0	0	0	0	0	1659637586934
2111	607	0	0	0	0	0	0	1659637587954
2111	607	0	0	0	0	0	0	1659637588974
2111	607	0	0	0	0	0	0	1659637589994
2110	607	0	0	0	0	0	0	1659637591014
2109	607	0	0	0	0	0	0	1659637592034
2109	607	0	0	0	0	0	0	1659637593054
2110	607	0	0	0	0	0	0	1659637594074
2111	607	0	0	0	0	0	0	1659637595094
2110	607	0	0	0	0	0	0	1659637596114
2112	607	0	0	0	0	0	0	1659637597134
2112	607	0	0	0	0	0	0	1659637598154
2113	607	0	0	0	0	0	0	1659637599174
2114	607	0	0	0	0	0	0	1659637600194
2114	607	0	0	0	0	0	0	1659637601214
2112	607	0	0	0	0	0	0	1659637602234
2112	607	0	0	0	0	0	0	1659637603254
2111	607	0	0	0	0	0	0	1659637604274
2111	607	0	0	0	0	0	0	1659637605294
2111	607	0	0	0	0	0	0	1659637606314
2111	607	0	0	0	0	0	0	1659637607334
2111	607	0	0	0	0	0	0	1659637608354
2111	607	0	0	0	0	0	0	1659637609374
2112	607	0	0	0	0	0	0	1659637610394
2113	607	0	0	0	0	0	0	1659637611414
2113	607	0	0	0	0	0	0	1659637612434
2114	607	0	0	0	0	0	0	1659637613454
2114	607	0	0	0	0	0	0	1659637614474
2114	607	0	0	0	0	0	0	1659637615494
2116	607	0	0	0	0	0	0	1659637616514
2116	607	0	0	0	0	0	0	1659637617534
2115	607	0	0	0	0	0	0	1659637618554
2114	607	0	0	0	0	0	0	1659637619574
2116	607	0	0	0	0	0	0	1659637620594
2114	607	0	0	0	0	0	0	1659637621614
2112	607	0	0	0	0	0	0	1659637622634
2113	607	0	0	0	0	0	0	1659637623654
2113	607	0	0	0	0	0	0	1659637624674
2113	607	0	0	0	0	0	0	1659637625694
2112	607	0	0	0	0	0	0	1659637626714
2111	607	0	0	0	0	0	0	1659637627734
2112	607	0	0	0	0	0	0	1659637628754
2113	607	0	0	0	0	0	0	1659637629774
2112	607	0	0	0	0	0	0	1659637630794
2114	607	0	0	0	0	0	0	1659637631814
2115	607	0	0	0	0	0	0	1659637632834
2116	607	0	0	0	0	0	0	1659637633854
2117	607	0	0	0	0	0	0	1659637634874
2116	607	0	0	0	0	0	0	1659637635894
2115	607	0	0	0	0	0	0	1659637636914
2115	607	0	0	0	0	0	0	1659637637934
2115	607	0	0	0	0	0	0	1659637638954
2117	607	0	0	0	0	0	0	1659637639974
2116	607	0	0	0	0	0	0	1659637640994
2117	607	0	0	0	0	0	0	1659637642014
2117	607	0	0	0	0	0	0	1659637643034
2116	607	0	0	0	0	0	0	1659637644054
2118	607	0	0	0	0	0	0	1659637645074
2119	607	0	0	0	0	0	0	1659637646094
2119	607	0	0	0	0	0	0	1659637647114
2118	607	0	0	0	0	0	0	1659637648134
2118	607	0	0	0	0	0	0	1659637649154
2121	607	0	0	0	0	0	0	1659637650174
2122	607	0	0	0	0	0	0	1659637651194
2122	607	0	0	0	0	0	0	1659637652214
2122	607	0	0	0	0	0	0	1659637653234
2123	607	0	0	0	0	0	0	1659637654254
2123	607	0	0	0	0	0	0	1659637655274
2123	607	0	0	0	0	0	0	1659637656294
2123	607	0	0	0	0	0	0	1659637657314
2122	607	0	0	0	0	0	0	1659637658334
2120	607	0	0	0	0	0	0	1659637659354
2119	607	0	0	0	0	0	0	1659637660374
2121	607	0	0	0	0	0	0	1659637661394
2122	607	0	0	0	0	0	0	1659637662414
2123	607	0	0	0	0	0	0	1659637663434
2124	607	0	0	0	0	0	0	1659637664454
2122	607	0	0	0	0	0	0	1659637665474
2122	607	0	0	0	0	0	0	1659637666494
2125	607	0	0	0	0	0	0	1659637667514
2124	607	0	0	0	0	0	0	1659637668534
2126	607	0	0	0	0	0	0	1659637669554
2127	607	0	0	0	0	0	0	1659637670574
2128	607	0	0	0	0	0	0	1659637671594
2126	607	0	0	0	0	0	0	1659637672614
2126	607	0	0	0	0	0	0	1659637673634
2126	607	0	0	0	0	0	0	1659637674654
2128	607	0	0	0	0	0	0	1659637675674
2128	607	0	0	0	0	0	0	1659637676694
2128	607	0	0	0	0	0	0	1659637677714
2130	607	0	0	0	0	0	0	1659637678734
2130	607	0	0	0	0	0	0	1659637679754
2131	607	0	0	0	0	0	0	1659637680774
2131	607	0	0	0	0	0	0	1659637681794
2129	607	0	0	0	0	0	0	1659637682814
2129	607	0	0	0	0	0	0	1659637683834
2128	607	0	0	0	0	0	0	1659637684854
2130	607	0	0	0	0	0	0	1659637685874
2131	607	0	0	0	0	0	0	1659637686894
2132	607	0	0	0	0	0	0	1659637687914
2133	607	0	0	0	0	0	0	1659637688934
2133	607	0	0	0	0	0	0	1659637689954
2134	607	0	0	0	0	0	0	1659637690974
2134	607	0	0	0	0	0	0	1659637691994
2134	607	0	0	0	0	0	0	1659637693014
2134	606	0	0	0	0	0	0	1659637694034
2134	607	0	0	0	0	0	0	1659637695054
2134	607	0	0	0	0	0	0	1659637696074
2134	607	0	0	0	0	0	0	1659637697094
2134	607	0	0	0	0	0	0	1659637698114
2134	607	0	0	0	0	0	0	1659637699134
2134	607	0	0	0	0	0	0	1659637700154
2134	607	0	0	0	0	0	0	1659637701174
2134	606	0	0	0	0	0	0	1659637702194
2134	606	0	0	0	0	0	0	1659637703214
2134	606	0	0	0	0	0	0	1659637704234
2134	606	0	0	0	0	0	0	1659637705254
2134	606	0	0	0	0	0	0	1659637706274
2134	606	0	0	0	0	0	0	1659637707294
2134	606	0	0	0	0	0	0	1659637708314
2134	606	0	0	0	0	0	0	1659637709334
2134	606	0	0	0	0	0	0	1659637710354
2134	606	0	0	0	0	0	0	1659637711374
2134	606	0	0	0	0	0	0	1659637712394
2134	606	0	0	0	0	0	0	1659637713414
2134	606	0	0	0	0	0	0	1659637714434
2134	606	0	0	0	0	0	0	1659637715454
2134	606	0	0	0	0	0	0	1659637716474
2134	606	0	0	0	0	0	0	1659637717494
2134	606	0	0	0	0	0	0	1659637718514
2134	606	0	0	0	0	0	0	1659637719534
2134	607	0	0	0	0	0	0	1659637720554
2134	607	0	0	0	0	0	0	1659637721574
2134	607	0	0	0	0	0	0	1659637722594
2134	607	0	0	0	0	0	0	1659637723614
2134	607	0	0	0	0	0	0	1659637724634
2134	607	0	0	0	0	0	0	1659637725654
2134	607	0	0	0	0	0	0	1659637726674
2134	607	0	0	0	0	0	0	1659637727694
2134	607	0	0	0	0	0	0	1659637728714
2134	607	0	0	0	0	0	0	1659637729734
2134	607	0	0	0	0	0	0	1659637730754
2134	606	0	0	0	0	0	0	1659637731774
2134	606	0	0	0	0	0	0	1659637732794
2134	605	0	0	0	0	0	0	1659637733814
2134	604	0	0	0	0	0	0	1659637734834
2134	604	0	0	0	0	0	0	1659637735854
2134	604	0	0	0	0	0	0	1659637736874
2134	604	0	0	0	0	0	0	1659637737894
2134	603	0	0	0	0	0	0	1659637738914
2134	603	0	0	0	0	0	0	1659637739934
2134	604	0	0	0	0	0	0	1659637740954
2134	603	0	0	0	0	0	0	1659637741974
2134	603	0	0	0	0	0	0	1659637742994
2134	604	0	0	0	0	0	0	1659637744014
2134	605	0	0	0	0	0	0	1659637745034
2134	605	0	0	0	0	0	0	1659637746054
2134	605	0	0	0	0	0	0	1659637747074
2134	606	0	0	0	0	0	0	1659637748094
2134	607	0	0	0	0	0	0	1659637749114
2134	607	0	0	0	0	0	0	1659637750134
2134	607	0	0	0	0	0	0	1659637751154
2134	607	0	0	0	0	0	0	1659637752174
2134	607	0	0	0	0	0	0	1659637753194
2134	607	0	0	0	0	0	0	1659637754214
2134	607	0	0	0	0	0	0	1659637755234
2134	607	0	0	0	0	0	0	1659637756254
2134	607	0	0	0	0	0	0	1659637757274
2134	607	0	0	0	0	0	0	1659637758294
2134	607	0	0	0	0	0	0	1659637759314
2134	607	0	0	0	0	0	0	1659637760334
2134	607	0	0	0	0	0	0	1659637761354
2134	607	0	0	0	0	0	0	1659637762374
2134	607	0	0	0	0	0	0	1659637763394
2134	607	0	0	0	0	0	0	1659637764414
2134	607	0	0	0	0	0	0	1659637765434
2134	607	0	0	0	0	0	0	1659637766454
2134	607	0	0	0	0	0	0	1659637767474
2134	607	0	0	0	0	0	0	1659637768494
2134	607	0	0	0	0	0	0	1659637769514
2134	607	0	0	0	0	0	0	1659637770534
2134	607	0	0	0	0	0	0	1659637771554
2134	607	0	0	0	0	0	0	1659637772574
2134	607	0	0	0	0	0	0	1659637773594
2134	607	0	0	0	0	0	0	1659637774614
2134	607	0	0	0	0	0	0	1659637775634
2134	607	0	0	0	0	0	0	1659637776654
2134	607	0	0	0	0	0	0	1659637777674
2134	607	0	0	0	0	0	0	1659637778694
2134	607	0	0	0	0	0	0	1659637779714
2134	607	0	0	0	0	0	0	1659637780734
2135	607	0	0	0	0	0	0	1659637781754
2135	607	0	0	0	0	0	0	1659637782774
2135	607	0	0	0	0	0	0	1659637783794
2135	607	0	0	0	0	0	0	1659637784814
2135	607	0	0	0	0	0	0	1659637785834
2135	607	0	0	0	0	0	0	1659637786854
2135	607	0	0	0	0	0	0	1659637787874
2135	607	0	0	0	0	0	0	1659637788894
2135	607	0	0	0	0	0	0	1659637789914
2135	607	0	0	0	0	0	0	1659637790934
2135	607	0	0	0	0	0	0	1659637791954
2135	607	0	0	0	0	0	0	1659637792974
2135	607	0	0	0	0	0	0	1659637793994
2135	607	0	0	0	0	0	0	1659637795014
2135	607	0	0	0	0	0	0	1659637796034
2135	607	0	0	0	0	0	0	1659637797054
2135	607	0	0	0	0	0	0	1659637798074
2135	607	0	0	0	0	0	0	1659637799094
2135	607	0	0	0	0	0	0	1659637800114
2135	607	0	0	0	0	0	0	1659637801134
2135	607	0	0	0	0	0	0	1659637802154
2135	607	0	0	0	0	0	0	1659637803174
2135	607	0	0	0	0	0	0	1659637804194
2135	607	0	0	0	0	0	0	1659637805214
2135	607	0	0	0	0	0	0	1659637806234
2135	607	0	0	0	0	0	0	1659637807254
2135	607	0	0	0	0	0	0	1659637808274
2135	607	0	0	0	0	0	0	1659637809294
2135	607	0	0	0	0	0	0	1659637810314
2135	607	0	0	0	0	0	0	1659637811334
2135	607	0	0	0	0	0	0	1659637812354
2135	607	0	0	0	0	0	0	1659637813374
2135	607	0	0	0	0	0	0	1659637814394
2135	607	0	0	0	0	0	0	1659637815414
2135	607	0	0	0	0	0	0	1659637816434
2135	607	0	0	0	0	0	0	1659637817454
2135	607	0	0	0	0	0	0	1659637818474
2136	607	0	0	0	0	0	0	1659637819494
2138	607	0	0	0	0	0	0	1659637820514
2138	607	0	0	0	0	0	0	1659637821534
2139	607	0	0	0	0	0	0	1659637822554
2139	607	0	0	0	0	0	0	1659637823574
2138	607	0	0	0	0	0	0	1659637824594
2138	607	0	0	0	0	0	0	1659637825614
2138	607	0	0	0	0	0	0	1659637826634
2137	607	0	0	0	0	0	0	1659637827654
2136	607	0	0	0	0	0	0	1659637828674
2136	607	0	0	0	0	0	0	1659637829694
2136	607	0	0	0	0	0	0	1659637830714
2136	607	0	0	0	0	0	0	1659637831734
2136	607	0	0	0	0	0	0	1659637832754
2136	607	0	0	0	0	0	0	1659637833774
2137	607	0	0	0	0	0	0	1659637834794
2137	607	0	0	0	0	0	0	1659637835814
2137	607	0	0	0	0	0	0	1659637836834
2137	607	0	0	0	0	0	0	1659637837854
2136	607	0	0	0	0	0	0	1659637838874
2137	607	0	0	0	0	0	0	1659637839894
2138	607	0	0	0	0	0	0	1659637840914
2137	607	0	0	0	0	0	0	1659637841934
2136	607	0	0	0	0	0	0	1659637842954
2136	606	0	0	0	0	0	0	1659637843974
2137	606	0	0	0	0	0	0	1659637844994
2137	605	0	0	0	0	0	0	1659637846014
2137	605	0	0	0	0	0	0	1659637847034
2141	605	0	0	0	0	0	0	1659637848054
2143	605	0	0	0	0	0	0	1659637849074
2144	604	0	0	0	0	0	0	1659637850094
2147	604	0	0	0	0	0	0	1659637851114
2146	604	0	0	0	0	0	0	1659637852134
2146	605	0	0	0	0	0	0	1659637853154
2147	605	0	0	0	0	0	0	1659637854174
2150	604	0	0	0	0	0	0	1659637855194
2148	602	0	0	0	0	0	0	1659637856214
2147	602	0	0	0	0	0	0	1659637857234
2146	602	0	0	0	0	0	0	1659637858254
2146	601	0	0	0	0	0	0	1659637859274
2146	600	0	0	0	0	0	0	1659637860294
2146	600	0	0	0	0	0	0	1659637861314
2147	600	0	0	0	0	0	0	1659637862334
2147	600	0	0	0	0	0	0	1659637863354
2148	598	0	0	0	0	0	0	1659637864374
2148	600	0	0	0	0	0	0	1659637865394
2150	600	0	0	0	0	0	0	1659637866414
2147	600	0	0	0	0	0	0	1659637867434
2146	599	0	0	0	0	0	0	1659637868454
2148	599	0	0	0	0	0	0	1659637869474
2149	597	0	0	0	0	0	0	1659637870494
2148	594	0	0	0	0	0	0	1659637871514
2146	596	0	0	0	0	0	0	1659637872534
2146	594	0	0	0	0	0	0	1659637873554
2145	594	0	0	0	0	0	0	1659637874574
2145	596	0	0	0	0	0	0	1659637875594
2145	594	0	0	0	0	0	0	1659637876614
2147	592	0	0	0	0	0	0	1659637877634
2148	591	0	0	0	0	0	0	1659637878654
2147	589	0	0	0	0	0	0	1659637879674
2147	588	0	0	0	0	0	0	1659637880694
2147	589	0	0	0	0	0	0	1659637881714
2149	589	0	0	0	0	0	0	1659637882734
2150	589	0	0	0	0	0	0	1659637883754
2149	590	0	0	0	0	0	0	1659637884774
2148	586	0	0	0	0	0	0	1659637885794
2147	585	0	0	0	0	0	0	1659637886814
2147	585	0	0	0	0	0	0	1659637887834
2149	586	0	0	0	0	0	0	1659637888854
2150	587	0	0	0	0	0	0	1659637889874
2152	586	0	0	0	0	0	0	1659637890894
2151	585	0	0	0	0	0	0	1659637891914
2151	584	0	0	0	0	0	0	1659637892934
2150	584	0	0	0	0	0	0	1659637893954
2148	583	0	0	0	0	0	0	1659637894974
2148	583	0	0	0	0	0	0	1659637895994
2149	583	0	0	0	0	0	0	1659637897014
2151	583	0	0	0	0	0	0	1659637898034
2152	583	0	0	0	0	0	0	1659637899054
2150	583	0	0	0	0	0	0	1659637900074
2151	583	0	0	0	0	0	0	1659637901094
2151	583	0	0	0	0	0	0	1659637902114
2151	583	0	0	0	0	0	0	1659637903134
2150	583	0	0	0	0	0	0	1659637904154
2152	582	0	0	0	0	0	0	1659637905174
2152	581	0	0	0	0	0	0	1659637906194
2151	581	0	0	0	0	0	0	1659637907214
2150	581	0	0	0	0	0	0	1659637908234
2152	582	0	0	0	0	0	0	1659637909254
2153	581	0	0	0	0	0	0	1659637910274
2151	580	0	0	0	0	0	0	1659637911294
2152	580	0	0	0	0	0	0	1659637912314
2152	581	0	0	0	0	0	0	1659637913334
2151	581	0	0	0	0	0	0	1659637914354
2151	580	0	0	0	0	0	0	1659637915374
2150	580	0	0	0	0	0	0	1659637916394
2149	580	0	0	0	0	0	0	1659637917414
2148	580	0	0	0	0	0	0	1659637918434
2149	580	0	0	0	0	0	0	1659637919454
2152	580	0	0	0	0	0	0	1659637920474
2152	580	0	0	0	0	0	0	1659637921494
2153	580	0	0	0	0	0	0	1659637922514
2154	580	0	0	0	0	0	0	1659637923534
2153	580	0	0	0	0	0	0	1659637924554
2153	580	0	0	0	0	0	0	1659637925574
2154	580	0	0	0	0	0	0	1659637926594
2155	580	0	0	0	0	0	0	1659637927614
2153	580	0	0	0	0	0	0	1659637928634
2154	580	0	0	0	0	0	0	1659637929654
2152	580	0	0	0	0	0	0	1659637930674
2151	580	0	0	0	0	0	0	1659637931694
2152	580	0	0	0	0	0	0	1659637932714
2151	580	0	0	0	0	0	0	1659637933734
2151	580	0	0	0	0	0	0	1659637934754
2150	580	0	0	0	0	0	0	1659637935774
2150	580	0	0	0	0	0	0	1659637936794
2149	580	0	0	0	0	0	0	1659637937814
2149	580	0	0	0	0	0	0	1659637938834
2148	580	0	0	0	0	0	0	1659637939854
2148	580	0	0	0	0	0	0	1659637940874
2148	580	0	0	0	0	0	0	1659637941894
2147	580	0	0	0	0	0	0	1659637942914
2148	580	0	0	0	0	0	0	1659637943934
2146	580	0	0	0	0	0	0	1659637944954
2145	580	0	0	0	0	0	0	1659637945974
2146	580	0	0	0	0	0	0	1659637946994
2146	580	0	0	0	0	0	0	1659637948014
2145	580	0	0	0	0	0	0	1659637949034
2145	580	0	0	0	0	0	0	1659637950054
2146	580	0	0	0	0	0	0	1659637951074
2144	580	0	0	0	0	0	0	1659637952094
2142	580	0	0	0	0	0	0	1659637953114
2141	580	0	0	0	0	0	0	1659637954134
2140	580	0	0	0	0	0	0	1659637955154
2138	580	0	0	0	0	0	0	1659637956174
2137	580	0	0	0	0	0	0	1659637957194
2136	580	0	0	0	0	0	0	1659637958214
2135	580	0	0	0	0	0	0	1659637959234
2135	580	0	0	0	0	0	0	1659637960254
2135	580	0	0	0	0	0	0	1659637961274
2135	580	0	0	0	0	0	0	1659637962294
2135	580	0	0	0	0	0	0	1659637963314
2135	580	0	0	0	0	0	0	1659637964334
2135	580	0	0	0	0	0	0	1659637965354
2135	580	0	0	0	0	0	0	1659637966374
2135	580	0	0	0	0	0	0	1659637967394
2135	580	0	0	0	0	0	0	1659637968414
2135	580	0	0	0	0	0	0	1659637969434
2135	580	0	0	0	0	0	0	1659637970454
2135	580	0	0	0	0	0	0	1659637971474
2135	580	0	0	0	0	0	0	1659637972494
2135	580	0	0	0	0	0	0	1659637973514
2135	580	0	0	0	0	0	0	1659637974534
2135	580	0	0	0	0	0	0	1659637975554
2135	580	0	0	0	0	0	0	1659637976574
2135	580	0	0	0	0	0	0	1659637977594
2135	580	0	0	0	0	0	0	1659637978614
2135	580	0	0	0	0	0	0	1659637979634
2135	580	0	0	0	0	0	0	1659637980654
2135	580	0	0	0	0	0	0	1659637981674
2135	580	0	0	0	0	0	0	1659637982694
2135	580	0	0	0	0	0	0	1659637983714
2135	580	0	0	0	0	0	0	1659637984734
2135	580	0	0	0	0	0	0	1659637985754
2135	580	0	0	0	0	0	0	1659637986774
2135	580	0	0	0	0	0	0	1659637987794
2135	580	0	0	0	0	0	0	1659637988814
2135	580	0	0	0	0	0	0	1659637989834
2135	580	0	0	0	0	0	0	1659637990854
2135	580	0	0	0	0	0	0	1659637991874
2135	580	0	0	0	0	0	0	1659637992894
2135	580	0	0	0	0	0	0	1659637993914
2135	580	0	0	0	0	0	0	1659637994934
2135	580	0	0	0	0	0	0	1659637995954
2135	580	0	0	0	0	0	0	1659637996974
2134	580	0	0	0	0	0	0	1659637997994
2134	580	0	0	0	0	0	0	1659637999014
2134	580	0	0	0	0	0	0	1659638000034
2134	580	0	0	0	0	0	0	1659638001054
2134	580	0	0	0	0	0	0	1659638002074
2134	580	0	0	0	0	0	0	1659638003094
2134	580	0	0	0	0	0	0	1659638004114
2134	580	0	0	0	0	0	0	1659638005134
2134	580	0	0	0	0	0	0	1659638006154
2134	580	0	0	0	0	0	0	1659638007174
2134	580	0	0	0	0	0	0	1659638008194
2134	580	0	0	0	0	0	0	1659638009214
2134	580	0	0	0	0	0	0	1659638010234
2134	580	0	0	0	0	0	0	1659638011254
2134	580	0	0	0	0	0	0	1659638012274
2134	580	0	0	0	0	0	0	1659638013294
2134	580	0	0	0	0	0	0	1659638014314
2134	580	0	0	0	0	0	0	1659638015334
2134	580	0	0	0	0	0	0	1659638016354
2134	580	0	0	0	0	0	0	1659638017374
2134	580	0	0	0	0	0	0	1659638018394
2134	580	0	0	0	0	0	0	1659638019414
2134	580	0	0	0	0	0	0	1659638020434
2134	580	0	0	0	0	0	0	1659638021454
2134	580	0	0	0	0	0	0	1659638022474
2134	580	0	0	0	0	0	0	1659638023494
2134	580	0	0	0	0	0	0	1659638024514
2134	580	0	0	0	0	0	0	1659638025534
2134	580	0	0	0	0	0	0	1659638026554
2134	580	0	0	0	0	0	0	1659638027574
2134	580	0	0	0	0	0	0	1659638028594
2134	580	0	0	0	0	0	0	1659638029614
2134	580	0	0	0	0	0	0	1659638030634
2134	580	0	0	0	0	0	0	1659638031654
2134	580	0	0	0	0	0	0	1659638032674
2134	580	0	0	0	0	0	0	1659638033694
2134	580	0	0	0	0	0	0	1659638034714
2134	580	0	0	0	0	0	0	1659638035734
2134	580	0	0	0	0	0	0	1659638036754
2134	580	0	0	0	0	0	0	1659638037774
2134	580	0	0	0	0	0	0	1659638038794
2134	580	0	0	0	0	0	0	1659638039814
2134	580	0	0	0	0	0	0	1659638040834
2134	580	0	0	0	0	0	0	1659638041854
2134	580	0	0	0	0	0	0	1659638042874
2134	580	0	0	0	0	0	0	1659638043894
2134	580	0	0	0	0	0	0	1659638044914
2134	580	0	0	0	0	0	0	1659638045934
2134	580	0	0	0	0	0	0	1659638046954
2134	580	0	0	0	0	0	0	1659638047974
2134	580	0	0	0	0	0	0	1659638048994
2134	580	0	0	0	0	0	0	1659638050014
2134	580	0	0	0	0	0	0	1659638051034
2134	580	0	0	0	0	0	0	1659638052054
2134	580	0	0	0	0	0	0	1659638053074
2134	580	0	0	0	0	0	0	1659638054094
2134	580	0	0	0	0	0	0	1659638055114
2134	580	0	0	0	0	0	0	1659638056134
2134	580	0	0	0	0	0	0	1659638057154
2134	580	0	0	0	0	0	0	1659638058174
2134	580	0	0	0	0	0	0	1659638059194
2134	580	0	0	0	0	0	0	1659638060214
2134	580	0	0	0	0	0	0	1659638061234
2134	580	0	0	0	0	0	0	1659638062254
2134	580	0	0	0	0	0	0	1659638063274
2134	580	0	0	0	0	0	0	1659638064294
2134	580	0	0	0	0	0	0	1659638065314
2134	580	0	0	0	0	0	0	1659638066334
2134	580	0	0	0	0	0	0	1659638067354
2134	580	0	0	0	0	0	0	1659638068374
2134	580	0	0	0	0	0	0	1659638069394
2134	580	0	0	0	0	0	0	1659638070414
2134	580	0	0	0	0	0	0	1659638071434
2134	580	0	0	0	0	0	0	1659638072454
2134	580	0	0	0	0	0	0	1659638073474
2134	580	0	0	0	0	0	0	1659638074494
2134	580	0	0	0	0	0	0	1659638075514
2134	580	0	0	0	0	0	0	1659638076534
2134	580	0	0	0	0	0	0	1659638077554
2134	580	0	0	0	0	0	0	1659638078574
2134	580	0	0	0	0	0	0	1659638079594
2134	580	0	0	0	0	0	0	1659638080614
2134	580	0	0	0	0	0	0	1659638081634
2134	580	0	0	0	0	0	0	1659638082654
2134	580	0	0	0	0	0	0	1659638083674
2134	580	0	0	0	0	0	0	1659638084694
2134	580	0	0	0	0	0	0	1659638085714
2134	580	0	0	0	0	0	0	1659638086734
2134	580	0	0	0	0	0	0	1659638087754
2134	580	0	0	0	0	0	0	1659638088774
2134	580	0	0	0	0	0	0	1659638089794
2134	580	0	0	0	0	0	0	1659638090814
2134	580	0	0	0	0	0	0	1659638091834
2134	580	0	0	0	0	0	0	1659638092854
2134	580	0	0	0	0	0	0	1659638093874
2134	580	0	0	0	0	0	0	1659638094894
2134	580	0	0	0	0	0	0	1659638095914
2134	580	0	0	0	0	0	0	1659638096934
2134	580	0	0	0	0	0	0	1659638097954
2134	580	0	0	0	0	0	0	1659638098974
2134	580	0	0	0	0	0	0	1659638099994
2134	580	0	0	0	0	0	0	1659638101014
2134	580	0	0	0	0	0	0	1659638102034
2134	580	0	0	0	0	0	0	1659638103054
2134	580	0	0	0	0	0	0	1659638104074
2134	580	0	0	0	0	0	0	1659638105094
2134	580	0	0	0	0	0	0	1659638106114
2134	580	0	0	0	0	0	0	1659638107134
2134	580	0	0	0	0	0	0	1659638108154
2134	580	0	0	0	0	0	0	1659638109174
2134	580	0	0	0	0	0	0	1659638110194
2134	580	0	0	0	0	0	0	1659638111214
2134	580	0	0	0	0	0	0	1659638112234
2134	580	0	0	0	0	0	0	1659638113254
2134	580	0	0	0	0	0	0	1659638114274
2134	580	0	0	0	0	0	0	1659638115294
2134	580	0	0	0	0	0	0	1659638116314
2134	580	0	0	0	0	0	0	1659638117334
2134	580	0	0	0	0	0	0	1659638118354
2134	580	0	0	0	0	0	0	1659638119374
2134	580	0	0	0	0	0	0	1659638120394
2134	580	0	0	0	0	0	0	1659638121414
2134	580	0	0	0	0	0	0	1659638122434
2134	580	0	0	0	0	0	0	1659638123454
2134	580	0	0	0	0	0	0	1659638124474
2134	580	0	0	0	0	0	0	1659638125494
2134	580	0	0	0	0	0	0	1659638126514
2134	580	0	0	0	0	0	0	1659638127534
2134	580	0	0	0	0	0	0	1659638128554
2134	580	0	0	0	0	0	0	1659638129574
2134	580	0	0	0	0	0	0	1659638130594
2134	580	0	0	0	0	0	0	1659638131614
2134	580	0	0	0	0	0	0	1659638132634
2134	580	0	0	0	0	0	0	1659638133654
2134	580	0	0	0	0	0	0	1659638134674
2134	580	0	0	0	0	0	0	1659638135694
2134	580	0	0	0	0	0	0	1659638136714
2134	580	0	0	0	0	0	0	1659638137734
2134	580	0	0	0	0	0	0	1659638138754
2134	580	0	0	0	0	0	0	1659638139774
2134	580	0	0	0	0	0	0	1659638140794
2134	580	0	0	0	0	0	0	1659638141814
2134	580	0	0	0	0	0	0	1659638142834
2134	580	0	0	0	0	0	0	1659638143854
2134	580	0	0	0	0	0	0	1659638144874
2134	580	0	0	0	0	0	0	1659638145894
2134	580	0	0	0	0	0	0	1659638146914
2134	580	0	0	0	0	0	0	1659638147934
2134	580	0	0	0	0	0	0	1659638148954
2134	580	0	0	0	0	0	0	1659638149974
2134	580	0	0	0	0	0	0	1659638150994
2134	580	0	0	0	0	0	0	1659638152014
2134	580	0	0	0	0	0	0	1659638153034
2134	580	0	0	0	0	0	0	1659638154054
2134	580	0	0	0	0	0	0	1659638155074
2134	580	0	0	0	0	0	0	1659638156094
2134	580	0	0	0	0	0	0	1659638157114
2134	580	0	0	0	0	0	0	1659638158134
2134	580	0	0	0	0	0	0	1659638159154
2134	580	0	0	0	0	0	0	1659638160174
2139	580	0	0	0	0	0	0	1659638161194
2145	580	0	0	0	0	0	0	1659638162214
2150	580	0	0	0	0	0	0	1659638163234
2152	580	0	0	0	0	0	0	1659638164254
2152	580	0	0	0	0	0	0	1659638165274
2153	580	0	0	0	0	0	0	1659638166294
2155	580	0	0	0	0	0	0	1659638167314
2155	580	0	0	0	0	0	0	1659638168334
2156	580	0	0	0	0	0	0	1659638169354
2158	580	0	0	0	0	0	0	1659638170374
2159	580	0	0	0	0	0	0	1659638171394
2160	580	0	0	0	0	0	0	1659638172414
2161	580	0	0	0	0	0	0	1659638173434
2161	580	0	0	0	0	0	0	1659638174454
2161	580	0	0	0	0	0	0	1659638175474
2161	580	0	0	0	0	0	0	1659638176494
2161	580	0	0	0	0	0	0	1659638177514
2161	580	0	0	0	0	0	0	1659638178534
2160	580	0	0	0	0	0	0	1659638179554
2159	580	0	0	0	0	0	0	1659638180574
2159	580	0	0	0	0	0	0	1659638181594
2159	580	0	0	0	0	0	0	1659638182614
2158	580	0	0	0	0	0	0	1659638183634
2157	580	0	0	0	0	0	0	1659638184654
2158	580	0	0	0	0	0	0	1659638185674
2156	580	0	0	0	0	0	0	1659638186694
2157	580	0	0	0	0	0	0	1659638187714
2158	580	0	0	0	0	0	0	1659638188734
2159	580	0	0	0	0	0	0	1659638189754
2159	580	0	0	0	0	0	0	1659638190774
2160	580	0	0	0	0	0	0	1659638191794
2160	580	0	0	0	0	0	0	1659638192814
2158	580	0	0	0	0	0	0	1659638193834
2157	580	0	0	0	0	0	0	1659638194854
2158	580	0	0	0	0	0	0	1659638195874
2157	580	0	0	0	0	0	0	1659638196894
2158	580	0	0	0	0	0	0	1659638197914
2158	580	0	0	0	0	0	0	1659638198934
2158	580	0	0	0	0	0	0	1659638199954
2158	580	0	0	0	0	0	0	1659638200974
2157	580	0	0	0	0	0	0	1659638201994
2158	580	0	0	0	0	0	0	1659638203014
2159	580	0	0	0	0	0	0	1659638204034
2159	580	0	0	0	0	0	0	1659638205054
2160	580	0	0	0	0	0	0	1659638206074
2159	580	0	0	0	0	0	0	1659638207094
2160	580	0	0	0	0	0	0	1659638208114
2159	580	0	0	0	0	0	0	1659638209134
2159	580	0	0	0	0	0	0	1659638210154
2160	579	0	0	0	0	0	0	1659638211174
2159	579	0	0	0	0	0	0	1659638212194
2160	579	0	0	0	0	0	0	1659638213214
2160	579	0	0	0	0	0	0	1659638214234
2161	576	0	0	0	0	0	0	1659638215254
2162	577	0	0	0	0	0	0	1659638216274
2162	578	0	0	0	0	0	0	1659638217294
2162	579	0	0	0	0	0	0	1659638218314
2162	579	0	0	0	0	0	0	1659638219334
2162	579	0	0	0	0	0	0	1659638220354
2162	579	0	0	0	0	0	0	1659638221374
2162	579	0	0	0	0	0	0	1659638222394
2162	579	0	0	0	0	0	0	1659638223414
2162	579	0	0	0	0	0	0	1659638224434
2162	579	0	0	0	0	0	0	1659638225454
2162	579	0	0	0	0	0	0	1659638226474
2162	579	0	0	0	0	0	0	1659638227494
2162	579	0	0	0	0	0	0	1659638228514
2162	579	0	0	0	0	0	0	1659638229534
2162	579	0	0	0	0	0	0	1659638230554
2162	579	0	0	0	0	0	0	1659638231574
2162	579	0	0	0	0	0	0	1659638232594
2162	579	0	0	0	0	0	0	1659638233614
2162	579	0	0	0	0	0	0	1659638234634
2162	579	0	0	0	0	0	0	1659638235654
2162	579	0	0	0	0	0	0	1659638236674
2162	579	0	0	0	0	0	0	1659638237694
2162	579	0	0	0	0	0	0	1659638238714
2162	579	0	0	0	0	0	0	1659638239734
2162	579	0	0	0	0	0	0	1659638240754
2162	579	0	0	0	0	0	0	1659638241774
2162	579	0	0	0	0	0	0	1659638242794
2162	579	0	0	0	0	0	0	1659638243814
2162	579	0	0	0	0	0	0	1659638244834
2162	579	0	0	0	0	0	0	1659638245854
2162	579	0	0	0	0	0	0	1659638246874
2162	579	0	0	0	0	0	0	1659638247894
2162	579	0	0	0	0	0	0	1659638248914
2161	579	0	0	0	0	0	0	1659638249934
2161	579	0	0	0	0	0	0	1659638250954
2161	579	0	0	0	0	0	0	1659638251974
2161	579	0	0	0	0	0	0	1659638252994
2162	579	0	0	0	0	0	0	1659638254014
2162	579	0	0	0	0	0	0	1659638255034
2162	579	0	0	0	0	0	0	1659638256054
2162	579	0	0	0	0	0	0	1659638257074
2162	579	0	0	0	0	0	0	1659638258094
2162	579	0	0	0	0	0	0	1659638259114
2162	579	0	0	0	0	0	0	1659638260134
2162	579	0	0	0	0	0	0	1659638261154
2162	579	0	0	0	0	0	0	1659638262174
2162	579	0	0	0	0	0	0	1659638263194
2162	579	0	0	0	0	0	0	1659638264214
2162	579	0	0	0	0	0	0	1659638265234
2162	579	0	0	0	0	0	0	1659638266254
2162	579	0	0	0	0	0	0	1659638267274
2162	579	0	0	0	0	0	0	1659638268294
2162	579	0	0	0	0	0	0	1659638269314
2162	579	0	0	0	0	0	0	1659638270334
2162	579	0	0	0	0	0	0	1659638271354
2162	579	0	0	0	0	0	0	1659638272374
2162	579	0	0	0	0	0	0	1659638273394
2162	579	0	0	0	0	0	0	1659638274414
2162	579	0	0	0	0	0	0	1659638275434
2162	579	0	0	0	0	0	0	1659638276454
2162	579	0	0	0	0	0	0	1659638277474
2162	579	0	0	0	0	0	0	1659638278494
2162	579	0	0	0	0	0	0	1659638279514
2162	579	0	0	0	0	0	0	1659638280534
2162	579	0	0	0	0	0	0	1659638281554
2162	579	0	0	0	0	0	0	1659638282574
2162	579	0	0	0	0	0	0	1659638283594
2162	579	0	0	0	0	0	0	1659638284614
2162	579	0	0	0	0	0	0	1659638285634
2162	579	0	0	0	0	0	0	1659638286654
2162	579	0	0	0	0	0	0	1659638287674
2162	579	0	0	0	0	0	0	1659638288694
2162	579	0	0	0	0	0	0	1659638289714
2162	579	0	0	0	0	0	0	1659638290734
2162	579	0	0	0	0	0	0	1659638291754
2162	579	0	0	0	0	0	0	1659638292774
2162	579	0	0	0	0	0	0	1659638293794
2162	579	0	0	0	0	0	0	1659638294814
2162	579	0	0	0	0	0	0	1659638295834
2162	579	0	0	0	0	0	0	1659638296854
2162	579	0	0	0	0	0	0	1659638297874
2162	579	0	0	0	0	0	0	1659638298894
2162	579	0	0	0	0	0	0	1659638299914
2162	579	0	0	0	0	0	0	1659638300934
2162	579	0	0	0	0	0	0	1659638301954
2162	579	0	0	0	0	0	0	1659638302974
2162	579	0	0	0	0	0	0	1659638303994
2162	579	0	0	0	0	0	0	1659638305014
2162	579	0	0	0	0	0	0	1659638306034
2162	579	0	0	0	0	0	0	1659638307054
2162	579	0	0	0	0	0	0	1659638308074
2162	579	0	0	0	0	0	0	1659638309094
2162	579	0	0	0	0	0	0	1659638310114
2162	579	0	0	0	0	0	0	1659638311134
2162	579	0	0	0	0	0	0	1659638312154
2162	579	0	0	0	0	0	0	1659638313174
2162	579	0	0	0	0	0	0	1659638314194
2162	579	0	0	0	0	0	0	1659638315214
2162	579	0	0	0	0	0	0	1659638316234
2162	579	0	0	0	0	0	0	1659638317254
2162	579	0	0	0	0	0	0	1659638318274
2162	579	0	0	0	0	0	0	1659638319294
2162	579	0	0	0	0	0	0	1659638320314
2162	579	0	0	0	0	0	0	1659638321334
2162	579	0	0	0	0	0	0	1659638322354
2162	579	0	0	0	0	0	0	1659638323374
2162	579	0	0	0	0	0	0	1659638324394
2162	579	0	0	0	0	0	0	1659638325414
2162	579	0	0	0	0	0	0	1659638326434
2162	579	0	0	0	0	0	0	1659638327454
2162	579	0	0	0	0	0	0	1659638328474
2162	579	0	0	0	0	0	0	1659638329494
2162	579	0	0	0	0	0	0	1659638330514
2162	579	0	0	0	0	0	0	1659638331534
2162	579	0	0	0	0	0	0	1659638332554
2162	579	0	0	0	0	0	0	1659638333574
2162	579	0	0	0	0	0	0	1659638334594
2162	579	0	0	0	0	0	0	1659638335614
2162	579	0	0	0	0	0	0	1659638336634
2162	579	0	0	0	0	0	0	1659638337654
2162	579	0	0	0	0	0	0	1659638338674
2162	579	0	0	0	0	0	0	1659638339694
2162	579	0	0	0	0	0	0	1659638340714
2162	579	0	0	0	0	0	0	1659638341734
2162	579	0	0	0	0	0	0	1659638342754
2162	579	0	0	0	0	0	0	1659638343774
2162	579	0	0	0	0	0	0	1659638344794
2162	579	0	0	0	0	0	0	1659638345814
2162	579	0	0	0	0	0	0	1659638346834
2162	579	0	0	0	0	0	0	1659638347854
2162	579	0	0	0	0	0	0	1659638348874
2162	579	0	0	0	0	0	0	1659638349894
2162	579	0	0	0	0	0	0	1659638350914
2162	579	0	0	0	0	0	0	1659638351934
2162	579	0	0	0	0	0	0	1659638352954
2162	579	0	0	0	0	0	0	1659638353974
2162	579	0	0	0	0	0	0	1659638354994
2162	579	0	0	0	0	0	0	1659638356014
2162	579	0	0	0	0	0	0	1659638357034
2162	579	0	0	0	0	0	0	1659638358054
2162	579	0	0	0	0	0	0	1659638359074
2162	579	0	0	0	0	0	0	1659638360094
2162	579	0	0	0	0	0	0	1659638361114
2162	579	0	0	0	0	0	0	1659638362134
2162	579	0	0	0	0	0	0	1659638363154
2162	579	0	0	0	0	0	0	1659638364174
2162	579	0	0	0	0	0	0	1659638365194
2162	579	0	0	0	0	0	0	1659638366214
2162	579	0	0	0	0	0	0	1659638367234
2162	579	0	0	0	0	0	0	1659638368254
2162	579	0	0	0	0	0	0	1659638369274
2162	579	0	0	0	0	0	0	1659638370294
2162	579	0	0	0	0	0	0	1659638371314
2162	579	0	0	0	0	0	0	1659638372334
2162	579	0	0	0	0	0	0	1659638373354
2162	579	0	0	0	0	0	0	1659638374374
2162	579	0	0	0	0	0	0	1659638375394
2162	579	0	0	0	0	0	0	1659638376414
2162	579	0	0	0	0	0	0	1659638377434
2162	579	0	0	0	0	0	0	1659638378454
2162	579	0	0	0	0	0	0	1659638379474
2162	579	0	0	0	0	0	0	1659638380494
2162	579	0	0	0	0	0	0	1659638381514
2162	579	0	0	0	0	0	0	1659638382534
2162	579	0	0	0	0	0	0	1659638383554
2162	579	0	0	0	0	0	0	1659638384574
2162	579	0	0	0	0	0	0	1659638385594
2162	579	0	0	0	0	0	0	1659638386614
2162	579	0	0	0	0	0	0	1659638387634
2162	579	0	0	0	0	0	0	1659638388654
2162	579	0	0	0	0	0	0	1659638389674
2162	579	0	0	0	0	0	0	1659638390694
2162	579	0	0	0	0	0	0	1659638391714
2162	579	0	0	0	0	0	0	1659638392734
2162	579	0	0	0	0	0	0	1659638393754
2162	579	0	0	0	0	0	0	1659638394774
2162	579	0	0	0	0	0	0	1659638395794
2162	579	0	0	0	0	0	0	1659638396814
2162	579	0	0	0	0	0	0	1659638397834
2162	579	0	0	0	0	0	0	1659638398854
2162	579	0	0	0	0	0	0	1659638399874
2162	579	0	0	0	0	0	0	1659638400894
2162	579	0	0	0	0	0	0	1659638401914
2162	579	0	0	0	0	0	0	1659638402934
2162	579	0	0	0	0	0	0	1659638403954
2162	579	0	0	0	0	0	0	1659638404974
2162	579	0	0	0	0	0	0	1659638405994
2162	579	0	0	0	0	0	0	1659638407014
2162	579	0	0	0	0	0	0	1659638408034
