1104	2022	0	0	0	0	0	0	1657718344511
1095	2011	0	0	0	0	0	0	1657718345531
1088	2005	0	0	0	0	0	0	1657718346551
1076	2001	0	0	0	0	0	0	1657718347571
1066	1998	0	0	0	0	0	0	1657718348591
1060	1987	0	0	0	0	0	0	1657718349611
1050	1979	0	0	0	0	0	0	1657718350631
1039	1975	0	0	0	0	0	0	1657718351651
1032	1972	0	0	0	0	0	0	1657718352671
1028	1970	0	0	0	0	0	0	1657718353691
1025	1969	0	0	0	0	0	0	1657718354711
1016	1968	0	0	0	0	0	0	1657718355731
1007	1968	0	0	0	0	0	0	1657718356751
1002	1967	0	0	0	0	0	0	1657718357771
999	1965	0	0	0	0	0	0	1657718358791
997	1964	0	0	0	0	0	0	1657718359811
996	1960	0	0	0	0	0	0	1657718360831
994	1955	0	0	0	0	0	0	1657718361851
987	1951	0	0	0	0	0	0	1657718362871
979	1948	0	0	0	0	0	0	1657718363891
974	1945	0	0	0	0	0	0	1657718364911
971	1943	0	0	0	0	0	0	1657718365931
969	1942	0	0	0	0	0	0	1657718366951
968	1949	0	0	0	0	0	0	1657718367971
968	1953	0	0	0	0	0	0	1657718368991
967	1943	0	0	0	0	0	0	1657718370011
967	1939	0	0	0	0	0	0	1657718371031
967	1930	0	0	0	0	0	0	1657718372051
967	1930	0	0	0	0	0	0	1657718373071
967	1933	0	0	0	0	0	0	1657718374091
965	1935	0	0	0	0	0	0	1657718375111
960	1937	0	0	0	0	0	0	1657718376131
953	1938	0	0	0	0	0	0	1657718377151
947	1938	0	0	0	0	0	0	1657718378171
944	1939	0	0	0	0	0	0	1657718379191
942	1939	0	0	0	0	0	0	1657718380211
941	1939	0	0	0	0	0	0	1657718381231
940	1939	0	0	0	0	0	0	1657718382251
939	1940	0	0	0	0	0	0	1657718383271
939	1931	0	0	0	0	0	0	1657718384291
939	1931	0	0	0	0	0	0	1657718385311
939	1934	0	0	0	0	0	0	1657718386331
939	1936	0	0	0	0	0	0	1657718387351
939	1937	0	0	0	0	0	0	1657718388371
939	1936	0	0	0	0	0	0	1657718389391
939	1936	0	0	0	0	0	0	1657718390411
939	1933	0	0	0	0	0	0	1657718391431
939	1934	0	0	0	0	0	0	1657718392451
939	1936	0	0	0	0	0	0	1657718393471
939	1935	0	0	0	0	0	0	1657718394491
939	1934	0	0	0	0	0	0	1657718395511
939	1930	0	0	0	0	0	0	1657718396531
939	1924	0	0	0	0	0	0	1657718397551
938	1921	0	0	0	0	0	0	1657718398571
937	1918	0	0	0	0	0	0	1657718399591
936	1917	0	0	0	0	0	0	1657718400611
932	1916	0	0	0	0	0	0	1657718401631
928	1914	0	0	0	0	0	0	1657718402651
923	1914	0	0	0	0	0	0	1657718403671
919	1914	0	0	0	0	0	0	1657718404691
916	1914	0	0	0	0	0	0	1657718405711
914	1913	0	0	0	0	0	0	1657718406731
913	1913	0	0	0	0	0	0	1657718407751
912	1913	0	0	0	0	0	0	1657718408771
912	1913	0	0	0	0	0	0	1657718409791
912	1913	0	0	0	0	0	0	1657718410811
911	1913	0	0	0	0	0	0	1657718411831
911	1913	0	0	0	0	0	0	1657718412851
911	1913	0	0	0	0	0	0	1657718413871
911	1913	0	0	0	0	0	0	1657718414891
911	1913	0	0	0	0	0	0	1657718415911
911	1913	0	0	0	0	0	0	1657718416931
911	1913	0	0	0	0	0	0	1657718417951
911	1913	0	0	0	0	0	0	1657718418971
911	1912	0	0	0	0	0	0	1657718419991
911	1912	0	0	0	0	0	0	1657718421011
911	1912	0	0	0	0	0	0	1657718422031
911	1912	0	0	0	0	0	0	1657718423051
911	1912	0	0	0	0	0	0	1657718424071
911	1912	0	0	0	0	0	0	1657718425091
911	1912	0	0	0	0	0	0	1657718426111
911	1912	0	0	0	0	0	0	1657718427131
911	1912	0	0	0	0	0	0	1657718428151
911	1912	0	0	0	0	0	0	1657718429171
911	1912	0	0	0	0	0	0	1657718430191
911	1912	0	0	0	0	0	0	1657718431211
911	1912	0	0	0	0	0	0	1657718432231
911	1912	0	0	0	0	0	0	1657718433251
911	1912	0	0	0	0	0	0	1657718434271
911	1912	0	0	0	0	0	0	1657718435291
911	1912	0	0	0	0	0	0	1657718436311
911	1912	0	0	0	0	0	0	1657718437331
911	1912	0	0	0	0	0	0	1657718438351
911	1912	0	0	0	0	0	0	1657718439371
911	1912	0	0	0	0	0	0	1657718440391
911	1912	0	0	0	0	0	0	1657718441411
911	1912	0	0	0	0	0	0	1657718442431
911	1912	0	0	0	0	0	0	1657718443451
911	1912	0	0	0	0	0	0	1657718444471
910	1912	0	0	0	0	0	0	1657718445491
908	1912	0	0	0	0	0	0	1657718446511
908	1912	0	0	0	0	0	0	1657718447531
907	1912	0	0	0	0	0	0	1657718448551
905	1912	0	0	0	0	0	0	1657718449571
903	1912	0	0	0	0	0	0	1657718450591
900	1912	0	0	0	0	0	0	1657718451611
898	1912	0	0	0	0	0	0	1657718452631
896	1912	0	0	0	0	0	0	1657718453651
892	1912	0	0	0	0	0	0	1657718454671
891	1912	0	0	0	0	0	0	1657718455691
889	1912	0	0	0	0	0	0	1657718456711
887	1912	0	0	0	0	0	0	1657718457731
885	1912	0	0	0	0	0	0	1657718458751
884	1912	0	0	0	0	0	0	1657718459771
884	1912	0	0	0	0	0	0	1657718460791
884	1912	0	0	0	0	0	0	1657718461811
884	1912	0	0	0	0	0	0	1657718462831
884	1912	0	0	0	0	0	0	1657718463851
884	1912	0	0	0	0	0	0	1657718464871
884	1912	0	0	0	0	0	0	1657718465891
884	1912	0	0	0	0	0	0	1657718466911
884	1912	0	0	0	0	0	0	1657718467931
884	1912	0	0	0	0	0	0	1657718468951
884	1912	0	0	0	0	0	0	1657718469971
884	1912	0	0	0	0	0	0	1657718470991
883	1912	0	0	0	0	0	0	1657718472011
883	1912	0	0	0	0	0	0	1657718473031
883	1910	0	0	0	0	0	0	1657718474051
883	1909	0	0	0	0	0	0	1657718475071
883	1909	0	0	0	0	0	0	1657718476091
883	1908	0	0	0	0	0	0	1657718477111
883	1907	0	0	0	0	0	0	1657718478131
883	1902	0	0	0	0	0	0	1657718479151
883	1899	0	0	0	0	0	0	1657718480171
883	1896	0	0	0	0	0	0	1657718481191
883	1894	0	0	0	0	0	0	1657718482211
883	1893	0	0	0	0	0	0	1657718483231
883	1892	0	0	0	0	0	0	1657718484251
883	1889	0	0	0	0	0	0	1657718485271
883	1887	0	0	0	0	0	0	1657718486291
883	1886	0	0	0	0	0	0	1657718487311
883	1885	0	0	0	0	0	0	1657718488331
883	1885	0	0	0	0	0	0	1657718489351
883	1885	0	0	0	0	0	0	1657718490371
883	1885	0	0	0	0	0	0	1657718491391
883	1885	0	0	0	0	0	0	1657718492411
883	1884	0	0	0	0	0	0	1657718493431
883	1884	0	0	0	0	0	0	1657718494451
883	1884	0	0	0	0	0	0	1657718495471
883	1884	0	0	0	0	0	0	1657718496491
883	1884	0	0	0	0	0	0	1657718497511
883	1884	0	0	0	0	0	0	1657718498531
883	1884	0	0	0	0	0	0	1657718499551
883	1884	0	0	0	0	0	0	1657718500571
883	1884	0	0	0	0	0	0	1657718501591
883	1884	0	0	0	0	0	0	1657718502611
883	1884	0	0	0	0	0	0	1657718503631
883	1884	0	0	0	0	0	0	1657718504651
883	1884	0	0	0	0	0	0	1657718505671
883	1884	0	0	0	0	0	0	1657718506691
883	1884	0	0	0	0	0	0	1657718507711
883	1884	0	0	0	0	0	0	1657718508731
883	1884	0	0	0	0	0	0	1657718509751
883	1884	0	0	0	0	0	0	1657718510771
883	1884	0	0	0	0	0	0	1657718511791
883	1884	0	0	0	0	0	0	1657718512811
883	1884	0	0	0	0	0	0	1657718513831
883	1884	0	0	0	0	0	0	1657718514851
883	1884	0	0	0	0	0	0	1657718515871
883	1884	0	0	0	0	0	0	1657718516891
883	1884	0	0	0	0	0	0	1657718517911
883	1884	0	0	0	0	0	0	1657718518931
883	1884	0	0	0	0	0	0	1657718519951
883	1884	0	0	0	0	0	0	1657718520971
883	1884	0	0	0	0	0	0	1657718521991
883	1884	0	0	0	0	0	0	1657718523011
882	1884	0	0	0	0	0	0	1657718524031
882	1884	0	0	0	0	0	0	1657718525051
881	1884	0	0	0	0	0	0	1657718526071
881	1884	0	0	0	0	0	0	1657718527091
881	1884	0	0	0	0	0	0	1657718528111
880	1884	0	0	0	0	0	0	1657718529131
879	1884	0	0	0	0	0	0	1657718530151
880	1884	0	0	0	0	0	0	1657718531171
880	1884	0	0	0	0	0	0	1657718532191
878	1884	0	0	0	0	0	0	1657718533211
877	1884	0	0	0	0	0	0	1657718534231
875	1884	0	0	0	0	0	0	1657718535251
871	1884	0	0	0	0	0	0	1657718536271
870	1884	0	0	0	0	0	0	1657718537291
871	1884	0	0	0	0	0	0	1657718538311
869	1884	0	0	0	0	0	0	1657718539331
866	1884	0	0	0	0	0	0	1657718540351
863	1884	0	0	0	0	0	0	1657718541371
862	1884	0	0	0	0	0	0	1657718542391
861	1884	0	0	0	0	0	0	1657718543411
860	1884	0	0	0	0	0	0	1657718544431
860	1883	0	0	0	0	0	0	1657718545451
858	1881	0	0	0	0	0	0	1657718546471
858	1877	0	0	0	0	0	0	1657718547491
857	1877	0	0	0	0	0	0	1657718548511
857	1875	0	0	0	0	0	0	1657718549531
856	1874	0	0	0	0	0	0	1657718550551
856	1871	0	0	0	0	0	0	1657718551571
856	1868	0	0	0	0	0	0	1657718552591
856	1866	0	0	0	0	0	0	1657718553611
856	1863	0	0	0	0	0	0	1657718554631
856	1861	0	0	0	0	0	0	1657718555651
856	1860	0	0	0	0	0	0	1657718556671
856	1859	0	0	0	0	0	0	1657718557691
856	1858	0	0	0	0	0	0	1657718558711
856	1857	0	0	0	0	0	0	1657718559731
856	1857	0	0	0	0	0	0	1657718560751
856	1857	0	0	0	0	0	0	1657718561771
856	1857	0	0	0	0	0	0	1657718562791
856	1857	0	0	0	0	0	0	1657718563811
856	1857	0	0	0	0	0	0	1657718564831
856	1857	0	0	0	0	0	0	1657718565851
856	1857	0	0	0	0	0	0	1657718566871
856	1857	0	0	0	0	0	0	1657718567891
856	1857	0	0	0	0	0	0	1657718568911
856	1857	0	0	0	0	0	0	1657718569931
856	1857	0	0	0	0	0	0	1657718570951
856	1857	0	0	0	0	0	0	1657718571971
856	1857	0	0	0	0	0	0	1657718572991
856	1857	0	0	0	0	0	0	1657718574011
856	1857	0	0	0	0	0	0	1657718575031
856	1857	0	0	0	0	0	0	1657718576051
856	1857	0	0	0	0	0	0	1657718577071
856	1857	0	0	0	0	0	0	1657718578091
856	1857	0	0	0	0	0	0	1657718579111
856	1857	0	0	0	0	0	0	1657718580131
856	1857	0	0	0	0	0	0	1657718581151
856	1857	0	0	0	0	0	0	1657718582171
856	1857	0	0	0	0	0	0	1657718583191
856	1857	0	0	0	0	0	0	1657718584211
856	1857	0	0	0	0	0	0	1657718585231
856	1857	0	0	0	0	0	0	1657718586251
856	1857	0	0	0	0	0	0	1657718587271
856	1857	0	0	0	0	0	0	1657718588291
856	1857	0	0	0	0	0	0	1657718589311
856	1857	0	0	0	0	0	0	1657718590331
856	1857	0	0	0	0	0	0	1657718591351
856	1857	0	0	0	0	0	0	1657718592371
856	1857	0	0	0	0	0	0	1657718593391
856	1857	0	0	0	0	0	0	1657718594411
856	1857	0	0	0	0	0	0	1657718595431
856	1856	0	0	0	0	0	0	1657718596451
856	1856	0	0	0	0	0	0	1657718597471
856	1856	0	0	0	0	0	0	1657718598491
856	1856	0	0	0	0	0	0	1657718599511
856	1856	0	0	0	0	0	0	1657718600531
856	1856	0	0	0	0	0	0	1657718601551
856	1856	0	0	0	0	0	0	1657718602571
856	1856	0	0	0	0	0	0	1657718603591
856	1856	0	0	0	0	0	0	1657718604611
856	1856	0	0	0	0	0	0	1657718605631
856	1856	0	0	0	0	0	0	1657718606651
856	1856	0	0	0	0	0	0	1657718607671
856	1856	0	0	0	0	0	0	1657718608691
856	1856	0	0	0	0	0	0	1657718609711
856	1856	0	0	0	0	0	0	1657718610731
856	1856	0	0	0	0	0	0	1657718611751
856	1856	0	0	0	0	0	0	1657718612771
856	1855	0	0	0	0	0	0	1657718613791
856	1852	0	0	0	0	0	0	1657718614811
856	1848	0	0	0	0	0	0	1657718615831
856	1844	0	0	0	0	0	0	1657718616851
856	1841	0	0	0	0	0	0	1657718617871
856	1840	0	0	0	0	0	0	1657718618891
856	1838	0	0	0	0	0	0	1657718619911
856	1835	0	0	0	0	0	0	1657718620931
856	1832	0	0	0	0	0	0	1657718621951
856	1831	0	0	0	0	0	0	1657718622971
856	1834	0	0	0	0	0	0	1657718623991
856	1832	0	0	0	0	0	0	1657718625011
856	1831	0	0	0	0	0	0	1657718626031
856	1830	0	0	0	0	0	0	1657718627051
856	1830	0	0	0	0	0	0	1657718628071
856	1829	0	0	0	0	0	0	1657718629091
856	1829	0	0	0	0	0	0	1657718630111
856	1829	0	0	0	0	0	0	1657718631131
856	1833	0	0	0	0	0	0	1657718632151
856	1831	0	0	0	0	0	0	1657718633171
856	1830	0	0	0	0	0	0	1657718634191
856	1829	0	0	0	0	0	0	1657718635211
856	1829	0	0	0	0	0	0	1657718636231
856	1829	0	0	0	0	0	0	1657718637251
856	1829	0	0	0	0	0	0	1657718638271
856	1829	0	0	0	0	0	0	1657718639291
856	1829	0	0	0	0	0	0	1657718640311
856	1829	0	0	0	0	0	0	1657718641331
856	1829	0	0	0	0	0	0	1657718642351
856	1829	0	0	0	0	0	0	1657718643371
855	1829	0	0	0	0	0	0	1657718644391
855	1829	0	0	0	0	0	0	1657718645411
855	1829	0	0	0	0	0	0	1657718646431
855	1829	0	0	0	0	0	0	1657718647451
855	1829	0	0	0	0	0	0	1657718648471
854	1829	0	0	0	0	0	0	1657718649491
854	1829	0	0	0	0	0	0	1657718650511
855	1829	0	0	0	0	0	0	1657718651531
855	1829	0	0	0	0	0	0	1657718652551
854	1829	0	0	0	0	0	0	1657718653571
853	1829	0	0	0	0	0	0	1657718654591
853	1829	0	0	0	0	0	0	1657718655611
853	1829	0	0	0	0	0	0	1657718656631
853	1829	0	0	0	0	0	0	1657718657651
851	1829	0	0	0	0	0	0	1657718658671
850	1829	0	0	0	0	0	0	1657718659691
849	1829	0	0	0	0	0	0	1657718660711
849	1829	0	0	0	0	0	0	1657718661731
848	1829	0	0	0	0	0	0	1657718662751
847	1829	0	0	0	0	0	0	1657718663771
846	1829	0	0	0	0	0	0	1657718664791
845	1829	0	0	0	0	0	0	1657718665811
843	1828	0	0	0	0	0	0	1657718666831
842	1828	0	0	0	0	0	0	1657718667851
842	1828	0	0	0	0	0	0	1657718668871
842	1828	0	0	0	0	0	0	1657718669891
841	1827	0	0	0	0	0	0	1657718670911
839	1828	0	0	0	0	0	0	1657718671931
839	1826	0	0	0	0	0	0	1657718672951
839	1825	0	0	0	0	0	0	1657718673971
837	1824	0	0	0	0	0	0	1657718674991
836	1820	0	0	0	0	0	0	1657718676011
834	1817	0	0	0	0	0	0	1657718677031
834	1814	0	0	0	0	0	0	1657718678051
834	1813	0	0	0	0	0	0	1657718679071
834	1809	0	0	0	0	0	0	1657718680091
834	1808	0	0	0	0	0	0	1657718681111
833	1807	0	0	0	0	0	0	1657718682131
833	1806	0	0	0	0	0	0	1657718683151
831	1804	0	0	0	0	0	0	1657718684171
830	1803	0	0	0	0	0	0	1657718685191
829	1802	0	0	0	0	0	0	1657718686211
829	1801	0	0	0	0	0	0	1657718687231
829	1801	0	0	0	0	0	0	1657718688251
829	1801	0	0	0	0	0	0	1657718689271
830	1801	0	0	0	0	0	0	1657718690291
829	1801	0	0	0	0	0	0	1657718691311
829	1801	0	0	0	0	0	0	1657718692331
829	1801	0	0	0	0	0	0	1657718693351
828	1801	0	0	0	0	0	0	1657718694371
828	1801	0	0	0	0	0	0	1657718695391
828	1801	0	0	0	0	0	0	1657718696411
828	1801	0	0	0	0	0	0	1657718697431
828	1801	0	0	0	0	0	0	1657718698451
828	1801	0	0	0	0	0	0	1657718699471
828	1801	0	0	0	0	0	0	1657718700491
828	1801	0	0	0	0	0	0	1657718701511
828	1801	0	0	0	0	0	0	1657718702531
828	1801	0	0	0	0	0	0	1657718703551
828	1801	0	0	0	0	0	0	1657718704571
828	1801	0	0	0	0	0	0	1657718705591
828	1801	0	0	0	0	0	0	1657718706611
828	1801	0	0	0	0	0	0	1657718707631
828	1801	0	0	0	0	0	0	1657718708651
828	1801	0	0	0	0	0	0	1657718709671
828	1801	0	0	0	0	0	0	1657718710691
828	1801	0	0	0	0	0	0	1657718711711
828	1801	0	0	0	0	0	0	1657718712731
828	1801	0	0	0	0	0	0	1657718713751
828	1801	0	0	0	0	0	0	1657718714771
828	1801	0	0	0	0	0	0	1657718715791
828	1801	0	0	0	0	0	0	1657718716811
828	1801	0	0	0	0	0	0	1657718717831
828	1801	0	0	0	0	0	0	1657718718851
828	1801	0	0	0	0	0	0	1657718719871
828	1801	0	0	0	0	0	0	1657718720891
828	1800	0	0	0	0	0	0	1657718721911
828	1800	0	0	0	0	0	0	1657718722931
828	1800	0	0	0	0	0	0	1657718723951
828	1800	0	0	0	0	0	0	1657718724971
828	1800	0	0	0	0	0	0	1657718725991
828	1800	0	0	0	0	0	0	1657718727011
828	1800	0	0	0	0	0	0	1657718728031
828	1800	0	0	0	0	0	0	1657718729051
828	1800	0	0	0	0	0	0	1657718730071
828	1800	0	0	0	0	0	0	1657718731091
828	1800	0	0	0	0	0	0	1657718732111
828	1800	0	0	0	0	0	0	1657718733131
828	1800	0	0	0	0	0	0	1657718734151
828	1800	0	0	0	0	0	0	1657718735171
828	1800	0	0	0	0	0	0	1657718736191
828	1800	0	0	0	0	0	0	1657718737211
828	1800	0	0	0	0	0	0	1657718738231
828	1800	0	0	0	0	0	0	1657718739251
828	1800	0	0	0	0	0	0	1657718740271
828	1800	0	0	0	0	0	0	1657718741291
828	1800	0	0	0	0	0	0	1657718742311
828	1800	0	0	0	0	0	0	1657718743331
828	1800	0	0	0	0	0	0	1657718744351
828	1800	0	0	0	0	0	0	1657718745371
828	1805	0	0	0	0	0	0	1657718746391
828	1805	0	0	0	0	0	0	1657718747411
828	1792	0	0	0	0	0	0	1657718748431
828	1784	0	0	0	0	0	0	1657718749451
828	1779	0	0	0	0	0	0	1657718750471
828	1776	0	0	0	0	0	0	1657718751491
828	1775	0	0	0	0	0	0	1657718752511
828	1774	0	0	0	0	0	0	1657718753531
828	1775	0	0	0	0	0	0	1657718754551
828	1776	0	0	0	0	0	0	1657718755571
828	1776	0	0	0	0	0	0	1657718756591
828	1777	0	0	0	0	0	0	1657718757611
828	1777	0	0	0	0	0	0	1657718758631
828	1776	0	0	0	0	0	0	1657718759651
828	1775	0	0	0	0	0	0	1657718760671
828	1775	0	0	0	0	0	0	1657718761691
828	1774	0	0	0	0	0	0	1657718762711
828	1774	0	0	0	0	0	0	1657718763731
828	1774	0	0	0	0	0	0	1657718764751
828	1774	0	0	0	0	0	0	1657718765771
828	1774	0	0	0	0	0	0	1657718766791
828	1774	0	0	0	0	0	0	1657718767811
828	1774	0	0	0	0	0	0	1657718768831
828	1774	0	0	0	0	0	0	1657718769851
828	1774	0	0	0	0	0	0	1657718770871
828	1773	0	0	0	0	0	0	1657718771891
828	1773	0	0	0	0	0	0	1657718772911
828	1773	0	0	0	0	0	0	1657718773931
828	1773	0	0	0	0	0	0	1657718774951
828	1773	0	0	0	0	0	0	1657718775971
828	1773	0	0	0	0	0	0	1657718776991
828	1773	0	0	0	0	0	0	1657718778011
828	1773	0	0	0	0	0	0	1657718779031
828	1773	0	0	0	0	0	0	1657718780051
828	1773	0	0	0	0	0	0	1657718781071
828	1773	0	0	0	0	0	0	1657718782091
828	1773	0	0	0	0	0	0	1657718783111
828	1773	0	0	0	0	0	0	1657718784131
828	1773	0	0	0	0	0	0	1657718785151
828	1773	0	0	0	0	0	0	1657718786171
828	1773	0	0	0	0	0	0	1657718787191
828	1773	0	0	0	0	0	0	1657718788211
828	1773	0	0	0	0	0	0	1657718789231
828	1773	0	0	0	0	0	0	1657718790251
828	1773	0	0	0	0	0	0	1657718791271
828	1773	0	0	0	0	0	0	1657718792291
828	1773	0	0	0	0	0	0	1657718793311
828	1773	0	0	0	0	0	0	1657718794331
828	1773	0	0	0	0	0	0	1657718795351
828	1773	0	0	0	0	0	0	1657718796371
828	1773	0	0	0	0	0	0	1657718797391
828	1773	0	0	0	0	0	0	1657718798411
828	1773	0	0	0	0	0	0	1657718799431
828	1773	0	0	0	0	0	0	1657718800451
828	1773	0	0	0	0	0	0	1657718801471
828	1773	0	0	0	0	0	0	1657718802491
828	1773	0	0	0	0	0	0	1657718803511
828	1773	0	0	0	0	0	0	1657718804531
828	1773	0	0	0	0	0	0	1657718805551
828	1773	0	0	0	0	0	0	1657718806571
828	1773	0	0	0	0	0	0	1657718807591
828	1773	0	0	0	0	0	0	1657718808611
828	1773	0	0	0	0	0	0	1657718809631
828	1773	0	0	0	0	0	0	1657718810651
828	1773	0	0	0	0	0	0	1657718811671
828	1773	0	0	0	0	0	0	1657718812691
828	1773	0	0	0	0	0	0	1657718813711
828	1773	0	0	0	0	0	0	1657718814731
828	1773	0	0	0	0	0	0	1657718815751
828	1773	0	0	0	0	0	0	1657718816771
828	1773	0	0	0	0	0	0	1657718817791
828	1773	0	0	0	0	0	0	1657718818811
828	1773	0	0	0	0	0	0	1657718819831
828	1773	0	0	0	0	0	0	1657718820851
828	1773	0	0	0	0	0	0	1657718821871
828	1773	0	0	0	0	0	0	1657718822891
828	1773	0	0	0	0	0	0	1657718823911
828	1773	0	0	0	0	0	0	1657718824931
828	1773	0	0	0	0	0	0	1657718825951
828	1773	0	0	0	0	0	0	1657718826971
828	1773	0	0	0	0	0	0	1657718827991
828	1773	0	0	0	0	0	0	1657718829011
828	1773	0	0	0	0	0	0	1657718830031
828	1773	0	0	0	0	0	0	1657718831051
828	1773	0	0	0	0	0	0	1657718832071
828	1773	0	0	0	0	0	0	1657718833091
828	1773	0	0	0	0	0	0	1657718834111
828	1773	0	0	0	0	0	0	1657718835131
828	1773	0	0	0	0	0	0	1657718836151
828	1773	0	0	0	0	0	0	1657718837171
828	1773	0	0	0	0	0	0	1657718838191
828	1773	0	0	0	0	0	0	1657718839211
828	1773	0	0	0	0	0	0	1657718840231
828	1773	0	0	0	0	0	0	1657718841251
828	1773	0	0	0	0	0	0	1657718842271
828	1773	0	0	0	0	0	0	1657718843291
828	1773	0	0	0	0	0	0	1657718844311
828	1773	0	0	0	0	0	0	1657718845331
828	1773	0	0	0	0	0	0	1657718846351
828	1773	0	0	0	0	0	0	1657718847371
828	1773	0	0	0	0	0	0	1657718848391
828	1773	0	0	0	0	0	0	1657718849411
828	1773	0	0	0	0	0	0	1657718850431
828	1773	0	0	0	0	0	0	1657718851451
828	1773	0	0	0	0	0	0	1657718852471
828	1773	0	0	0	0	0	0	1657718853491
828	1773	0	0	0	0	0	0	1657718854511
828	1773	0	0	0	0	0	0	1657718855531
828	1773	0	0	0	0	0	0	1657718856551
828	1773	0	0	0	0	0	0	1657718857571
828	1773	0	0	0	0	0	0	1657718858591
828	1773	0	0	0	0	0	0	1657718859611
828	1773	0	0	0	0	0	0	1657718860631
828	1773	0	0	0	0	0	0	1657718861651
828	1773	0	0	0	0	0	0	1657718862671
828	1773	0	0	0	0	0	0	1657718863691
828	1773	0	0	0	0	0	0	1657718864711
828	1773	0	0	0	0	0	0	1657718865731
828	1773	0	0	0	0	0	0	1657718866751
828	1773	0	0	0	0	0	0	1657718867771
828	1773	0	0	0	0	0	0	1657718868791
828	1773	0	0	0	0	0	0	1657718869811
828	1773	0	0	0	0	0	0	1657718870831
828	1773	0	0	0	0	0	0	1657718871851
828	1772	0	0	0	0	0	0	1657718872871
828	1771	0	0	0	0	0	0	1657718873891
828	1772	0	0	0	0	0	0	1657718874911
828	1771	0	0	0	0	0	0	1657718875931
828	1768	0	0	0	0	0	0	1657718876951
828	1767	0	0	0	0	0	0	1657718877971
828	1768	0	0	0	0	0	0	1657718878991
828	1770	0	0	0	0	0	0	1657718880011
828	1769	0	0	0	0	0	0	1657718881031
828	1771	0	0	0	0	0	0	1657718882051
828	1769	0	0	0	0	0	0	1657718883071
828	1764	0	0	0	0	0	0	1657718884091
828	1760	0	0	0	0	0	0	1657718885111
828	1757	0	0	0	0	0	0	1657718886131
828	1754	0	0	0	0	0	0	1657718887151
828	1752	0	0	0	0	0	0	1657718888171
828	1749	0	0	0	0	0	0	1657718889191
828	1748	0	0	0	0	0	0	1657718890211
828	1747	0	0	0	0	0	0	1657718891231
827	1746	0	0	0	0	0	0	1657718892251
827	1746	0	0	0	0	0	0	1657718893271
827	1746	0	0	0	0	0	0	1657718894291
827	1746	0	0	0	0	0	0	1657718895311
827	1746	0	0	0	0	0	0	1657718896331
827	1746	0	0	0	0	0	0	1657718897351
827	1745	0	0	0	0	0	0	1657718898371
827	1745	0	0	0	0	0	0	1657718899391
827	1745	0	0	0	0	0	0	1657718900411
827	1745	0	0	0	0	0	0	1657718901431
827	1745	0	0	0	0	0	0	1657718902451
827	1745	0	0	0	0	0	0	1657718903471
827	1745	0	0	0	0	0	0	1657718904491
827	1745	0	0	0	0	0	0	1657718905511
827	1744	0	0	0	0	0	0	1657718906531
826	1744	0	0	0	0	0	0	1657718907551
827	1744	0	0	0	0	0	0	1657718908571
827	1744	0	0	0	0	0	0	1657718909591
827	1744	0	0	0	0	0	0	1657718910611
827	1744	0	0	0	0	0	0	1657718911631
826	1744	0	0	0	0	0	0	1657718912651
826	1744	0	0	0	0	0	0	1657718913671
825	1744	0	0	0	0	0	0	1657718914691
824	1744	0	0	0	0	0	0	1657718915711
825	1744	0	0	0	0	0	0	1657718916731
824	1744	0	0	0	0	0	0	1657718917751
824	1744	0	0	0	0	0	0	1657718918771
823	1744	0	0	0	0	0	0	1657718919791
821	1744	0	0	0	0	0	0	1657718920811
820	1744	0	0	0	0	0	0	1657718921831
822	1744	0	0	0	0	0	0	1657718922851
820	1745	0	0	0	0	0	0	1657718923871
821	1745	0	0	0	0	0	0	1657718924891
820	1745	0	0	0	0	0	0	1657718925911
821	1745	0	0	0	0	0	0	1657718926931
822	1745	0	0	0	0	0	0	1657718927951
819	1745	0	0	0	0	0	0	1657718928971
819	1745	0	0	0	0	0	0	1657718929991
819	1745	0	0	0	0	0	0	1657718931011
819	1745	0	0	0	0	0	0	1657718932031
819	1745	0	0	0	0	0	0	1657718933051
817	1745	0	0	0	0	0	0	1657718934071
816	1745	0	0	0	0	0	0	1657718935091
813	1745	0	0	0	0	0	0	1657718936111
813	1745	0	0	0	0	0	0	1657718937131
814	1745	0	0	0	0	0	0	1657718938151
814	1745	0	0	0	0	0	0	1657718939171
812	1745	0	0	0	0	0	0	1657718940191
811	1745	0	0	0	0	0	0	1657718941211
812	1745	0	0	0	0	0	0	1657718942231
810	1745	0	0	0	0	0	0	1657718943251
810	1745	0	0	0	0	0	0	1657718944271
810	1745	0	0	0	0	0	0	1657718945291
810	1745	0	0	0	0	0	0	1657718946311
810	1745	0	0	0	0	0	0	1657718947331
810	1745	0	0	0	0	0	0	1657718948351
809	1745	0	0	0	0	0	0	1657718949371
808	1745	0	0	0	0	0	0	1657718950391
807	1745	0	0	0	0	0	0	1657718951411
806	1745	0	0	0	0	0	0	1657718952431
805	1745	0	0	0	0	0	0	1657718953451
804	1745	0	0	0	0	0	0	1657718954471
804	1745	0	0	0	0	0	0	1657718955491
804	1745	0	0	0	0	0	0	1657718956511
804	1745	0	0	0	0	0	0	1657718957531
804	1745	0	0	0	0	0	0	1657718958551
804	1745	0	0	0	0	0	0	1657718959571
804	1745	0	0	0	0	0	0	1657718960591
804	1745	0	0	0	0	0	0	1657718961611
804	1745	0	0	0	0	0	0	1657718962631
804	1745	0	0	0	0	0	0	1657718963651
804	1745	0	0	0	0	0	0	1657718964671
803	1745	0	0	0	0	0	0	1657718965691
803	1745	0	0	0	0	0	0	1657718966711
802	1745	0	0	0	0	0	0	1657718967731
802	1745	0	0	0	0	0	0	1657718968751
802	1745	0	0	0	0	0	0	1657718969771
802	1745	0	0	0	0	0	0	1657718970791
802	1745	0	0	0	0	0	0	1657718971811
802	1745	0	0	0	0	0	0	1657718972831
803	1745	0	0	0	0	0	0	1657718973851
803	1745	0	0	0	0	0	0	1657718974871
802	1745	0	0	0	0	0	0	1657718975891
802	1745	0	0	0	0	0	0	1657718976911
802	1745	0	0	0	0	0	0	1657718977931
801	1745	0	0	0	0	0	0	1657718978951
801	1745	0	0	0	0	0	0	1657718979971
801	1745	0	0	0	0	0	0	1657718980991
802	1745	0	0	0	0	0	0	1657718982011
802	1745	0	0	0	0	0	0	1657718983031
803	1745	0	0	0	0	0	0	1657718984051
802	1745	0	0	0	0	0	0	1657718985071
801	1745	0	0	0	0	0	0	1657718986091
801	1745	0	0	0	0	0	0	1657718987111
801	1745	0	0	0	0	0	0	1657718988131
801	1745	0	0	0	0	0	0	1657718989151
801	1745	0	0	0	0	0	0	1657718990171
801	1745	0	0	0	0	0	0	1657718991191
801	1745	0	0	0	0	0	0	1657718992211
801	1745	0	0	0	0	0	0	1657718993231
801	1745	0	0	0	0	0	0	1657718994251
801	1745	0	0	0	0	0	0	1657718995271
801	1745	0	0	0	0	0	0	1657718996291
801	1745	0	0	0	0	0	0	1657718997311
801	1745	0	0	0	0	0	0	1657718998331
800	1745	0	0	0	0	0	0	1657718999351
800	1745	0	0	0	0	0	0	1657719000371
800	1745	0	0	0	0	0	0	1657719001391
800	1745	0	0	0	0	0	0	1657719002411
800	1745	0	0	0	0	0	0	1657719003431
800	1745	0	0	0	0	0	0	1657719004451
800	1745	0	0	0	0	0	0	1657719005471
800	1745	0	0	0	0	0	0	1657719006491
800	1744	0	0	0	0	0	0	1657719007511
800	1744	0	0	0	0	0	0	1657719008531
800	1744	0	0	0	0	0	0	1657719009551
800	1744	0	0	0	0	0	0	1657719010571
800	1744	0	0	0	0	0	0	1657719011591
800	1743	0	0	0	0	0	0	1657719012611
800	1743	0	0	0	0	0	0	1657719013631
800	1743	0	0	0	0	0	0	1657719014651
800	1742	0	0	0	0	0	0	1657719015671
800	1741	0	0	0	0	0	0	1657719016691
800	1739	0	0	0	0	0	0	1657719017711
800	1739	0	0	0	0	0	0	1657719018731
800	1739	0	0	0	0	0	0	1657719019751
800	1740	0	0	0	0	0	0	1657719020771
800	1739	0	0	0	0	0	0	1657719021791
800	1738	0	0	0	0	0	0	1657719022811
800	1736	0	0	0	0	0	0	1657719023831
800	1734	0	0	0	0	0	0	1657719024851
800	1732	0	0	0	0	0	0	1657719025871
800	1731	0	0	0	0	0	0	1657719026891
800	1729	0	0	0	0	0	0	1657719027911
800	1729	0	0	0	0	0	0	1657719028931
800	1729	0	0	0	0	0	0	1657719029951
800	1727	0	0	0	0	0	0	1657719030971
800	1726	0	0	0	0	0	0	1657719031991
800	1725	0	0	0	0	0	0	1657719033011
800	1724	0	0	0	0	0	0	1657719034031
800	1723	0	0	0	0	0	0	1657719035051
800	1723	0	0	0	0	0	0	1657719036071
800	1721	0	0	0	0	0	0	1657719037091
800	1721	0	0	0	0	0	0	1657719038111
800	1720	0	0	0	0	0	0	1657719039131
800	1719	0	0	0	0	0	0	1657719040151
800	1719	0	0	0	0	0	0	1657719041171
800	1718	0	0	0	0	0	0	1657719042191
800	1718	0	0	0	0	0	0	1657719043211
800	1718	0	0	0	0	0	0	1657719044231
800	1718	0	0	0	0	0	0	1657719045251
800	1717	0	0	0	0	0	0	1657719046271
800	1717	0	0	0	0	0	0	1657719047291
800	1717	0	0	0	0	0	0	1657719048311
800	1717	0	0	0	0	0	0	1657719049331
800	1717	0	0	0	0	0	0	1657719050351
800	1717	0	0	0	0	0	0	1657719051371
800	1717	0	0	0	0	0	0	1657719052391
800	1717	0	0	0	0	0	0	1657719053411
800	1717	0	0	0	0	0	0	1657719054431
800	1717	0	0	0	0	0	0	1657719055451
800	1717	0	0	0	0	0	0	1657719056471
800	1717	0	0	0	0	0	0	1657719057491
800	1717	0	0	0	0	0	0	1657719058511
800	1717	0	0	0	0	0	0	1657719059531
800	1717	0	0	0	0	0	0	1657719060551
800	1717	0	0	0	0	0	0	1657719061571
800	1717	0	0	0	0	0	0	1657719062591
800	1717	0	0	0	0	0	0	1657719063611
800	1717	0	0	0	0	0	0	1657719064631
800	1717	0	0	0	0	0	0	1657719065651
800	1717	0	0	0	0	0	0	1657719066671
800	1717	0	0	0	0	0	0	1657719067691
800	1717	0	0	0	0	0	0	1657719068711
800	1717	0	0	0	0	0	0	1657719069731
800	1717	0	0	0	0	0	0	1657719070751
800	1717	0	0	0	0	0	0	1657719071771
800	1717	0	0	0	0	0	0	1657719072791
800	1717	0	0	0	0	0	0	1657719073811
800	1717	0	0	0	0	0	0	1657719074831
800	1717	0	0	0	0	0	0	1657719075851
800	1717	0	0	0	0	0	0	1657719076871
800	1717	0	0	0	0	0	0	1657719077891
800	1717	0	0	0	0	0	0	1657719078911
800	1717	0	0	0	0	0	0	1657719079931
800	1717	0	0	0	0	0	0	1657719080951
800	1717	0	0	0	0	0	0	1657719081971
800	1717	0	0	0	0	0	0	1657719082991
800	1717	0	0	0	0	0	0	1657719084011
800	1717	0	0	0	0	0	0	1657719085031
800	1717	0	0	0	0	0	0	1657719086051
800	1717	0	0	0	0	0	0	1657719087071
800	1717	0	0	0	0	0	0	1657719088091
800	1717	0	0	0	0	0	0	1657719089111
800	1717	0	0	0	0	0	0	1657719090131
800	1717	0	0	0	0	0	0	1657719091151
800	1717	0	0	0	0	0	0	1657719092171
800	1717	0	0	0	0	0	0	1657719093191
800	1717	0	0	0	0	0	0	1657719094211
800	1717	0	0	0	0	0	0	1657719095231
800	1717	0	0	0	0	0	0	1657719096251
800	1717	0	0	0	0	0	0	1657719097271
800	1717	0	0	0	0	0	0	1657719098291
800	1717	0	0	0	0	0	0	1657719099311
800	1717	0	0	0	0	0	0	1657719100331
800	1717	0	0	0	0	0	0	1657719101351
800	1717	0	0	0	0	0	0	1657719102371
800	1717	0	0	0	0	0	0	1657719103391
800	1717	0	0	0	0	0	0	1657719104411
800	1717	0	0	0	0	0	0	1657719105431
800	1722	0	0	0	0	0	0	1657719106451
800	1719	0	0	0	0	0	0	1657719107471
800	1718	0	0	0	0	0	0	1657719108491
800	1718	0	0	0	0	0	0	1657719109511
800	1717	0	0	0	0	0	0	1657719110531
800	1717	0	0	0	0	0	0	1657719111551
800	1717	0	0	0	0	0	0	1657719112571
800	1717	0	0	0	0	0	0	1657719113591
800	1717	0	0	0	0	0	0	1657719114611
800	1717	0	0	0	0	0	0	1657719115631
800	1717	0	0	0	0	0	0	1657719116651
800	1717	0	0	0	0	0	0	1657719117671
800	1717	0	0	0	0	0	0	1657719118691
800	1717	0	0	0	0	0	0	1657719119711
800	1717	0	0	0	0	0	0	1657719120731
800	1717	0	0	0	0	0	0	1657719121751
800	1717	0	0	0	0	0	0	1657719122771
800	1717	0	0	0	0	0	0	1657719123791
800	1717	0	0	0	0	0	0	1657719124811
800	1717	0	0	0	0	0	0	1657719125831
800	1717	0	0	0	0	0	0	1657719126851
800	1717	0	0	0	0	0	0	1657719127871
800	1717	0	0	0	0	0	0	1657719128891
800	1717	0	0	0	0	0	0	1657719129911
800	1717	0	0	0	0	0	0	1657719130931
800	1717	0	0	0	0	0	0	1657719131951
800	1717	0	0	0	0	0	0	1657719132971
800	1717	0	0	0	0	0	0	1657719133991
800	1717	0	0	0	0	0	0	1657719135011
800	1717	0	0	0	0	0	0	1657719136031
800	1717	0	0	0	0	0	0	1657719137051
800	1717	0	0	0	0	0	0	1657719138071
800	1717	0	0	0	0	0	0	1657719139091
800	1717	0	0	0	0	0	0	1657719140111
800	1717	0	0	0	0	0	0	1657719141131
800	1717	0	0	0	0	0	0	1657719142151
800	1717	0	0	0	0	0	0	1657719143171
800	1717	0	0	0	0	0	0	1657719144191
800	1717	0	0	0	0	0	0	1657719145211
800	1717	0	0	0	0	0	0	1657719146231
800	1717	0	0	0	0	0	0	1657719147251
800	1717	0	0	0	0	0	0	1657719148271
800	1717	0	0	0	0	0	0	1657719149291
800	1717	0	0	0	0	0	0	1657719150311
800	1717	0	0	0	0	0	0	1657719151331
800	1717	0	0	0	0	0	0	1657719152351
800	1717	0	0	0	0	0	0	1657719153371
800	1717	0	0	0	0	0	0	1657719154391
800	1717	0	0	0	0	0	0	1657719155411
800	1717	0	0	0	0	0	0	1657719156431
800	1717	0	0	0	0	0	0	1657719157451
800	1717	0	0	0	0	0	0	1657719158471
800	1717	0	0	0	0	0	0	1657719159491
800	1716	0	0	0	0	0	0	1657719160511
800	1716	0	0	0	0	0	0	1657719161531
800	1716	0	0	0	0	0	0	1657719162551
800	1715	0	0	0	0	0	0	1657719163571
800	1715	0	0	0	0	0	0	1657719164591
800	1715	0	0	0	0	0	0	1657719165611
800	1715	0	0	0	0	0	0	1657719166631
800	1715	0	0	0	0	0	0	1657719167651
800	1714	0	0	0	0	0	0	1657719168671
800	1715	0	0	0	0	0	0	1657719169691
800	1714	0	0	0	0	0	0	1657719170711
800	1715	0	0	0	0	0	0	1657719171731
800	1713	0	0	0	0	0	0	1657719172751
800	1712	0	0	0	0	0	0	1657719173771
800	1712	0	0	0	0	0	0	1657719174791
800	1711	0	0	0	0	0	0	1657719175811
800	1711	0	0	0	0	0	0	1657719176831
800	1709	0	0	0	0	0	0	1657719177851
800	1708	0	0	0	0	0	0	1657719178871
800	1710	0	0	0	0	0	0	1657719179891
800	1708	0	0	0	0	0	0	1657719180911
800	1708	0	0	0	0	0	0	1657719181931
800	1707	0	0	0	0	0	0	1657719182951
800	1704	0	0	0	0	0	0	1657719183971
800	1705	0	0	0	0	0	0	1657719184991
800	1703	0	0	0	0	0	0	1657719186011
800	1703	0	0	0	0	0	0	1657719187031
800	1703	0	0	0	0	0	0	1657719188051
800	1702	0	0	0	0	0	0	1657719189071
800	1699	0	0	0	0	0	0	1657719190091
800	1699	0	0	0	0	0	0	1657719191111
800	1698	0	0	0	0	0	0	1657719192131
800	1697	0	0	0	0	0	0	1657719193151
800	1697	0	0	0	0	0	0	1657719194171
800	1695	0	0	0	0	0	0	1657719195191
800	1695	0	0	0	0	0	0	1657719196211
800	1694	0	0	0	0	0	0	1657719197231
800	1693	0	0	0	0	0	0	1657719198251
800	1692	0	0	0	0	0	0	1657719199271
800	1692	0	0	0	0	0	0	1657719200291
800	1691	0	0	0	0	0	0	1657719201311
800	1690	0	0	0	0	0	0	1657719202331
800	1690	0	0	0	0	0	0	1657719203351
800	1690	0	0	0	0	0	0	1657719204371
800	1690	0	0	0	0	0	0	1657719205391
800	1690	0	0	0	0	0	0	1657719206411
800	1690	0	0	0	0	0	0	1657719207431
800	1690	0	0	0	0	0	0	1657719208451
800	1690	0	0	0	0	0	0	1657719209471
800	1690	0	0	0	0	0	0	1657719210491
800	1690	0	0	0	0	0	0	1657719211511
800	1690	0	0	0	0	0	0	1657719212531
800	1690	0	0	0	0	0	0	1657719213551
800	1690	0	0	0	0	0	0	1657719214571
800	1689	0	0	0	0	0	0	1657719215591
800	1689	0	0	0	0	0	0	1657719216611
800	1689	0	0	0	0	0	0	1657719217631
800	1689	0	0	0	0	0	0	1657719218651
800	1689	0	0	0	0	0	0	1657719219671
800	1689	0	0	0	0	0	0	1657719220691
800	1689	0	0	0	0	0	0	1657719221711
800	1689	0	0	0	0	0	0	1657719222731
800	1689	0	0	0	0	0	0	1657719223751
800	1689	0	0	0	0	0	0	1657719224771
800	1689	0	0	0	0	0	0	1657719225791
800	1689	0	0	0	0	0	0	1657719226811
800	1689	0	0	0	0	0	0	1657719227831
800	1689	0	0	0	0	0	0	1657719228851
800	1689	0	0	0	0	0	0	1657719229871
800	1689	0	0	0	0	0	0	1657719230891
800	1689	0	0	0	0	0	0	1657719231911
800	1689	0	0	0	0	0	0	1657719232931
800	1689	0	0	0	0	0	0	1657719233951
800	1689	0	0	0	0	0	0	1657719234971
800	1689	0	0	0	0	0	0	1657719235991
800	1689	0	0	0	0	0	0	1657719237011
800	1689	0	0	0	0	0	0	1657719238031
800	1689	0	0	0	0	0	0	1657719239051
800	1689	0	0	0	0	0	0	1657719240071
800	1689	0	0	0	0	0	0	1657719241091
800	1689	0	0	0	0	0	0	1657719242111
800	1689	0	0	0	0	0	0	1657719243131
800	1689	0	0	0	0	0	0	1657719244151
800	1689	0	0	0	0	0	0	1657719245171
800	1689	0	0	0	0	0	0	1657719246191
800	1689	0	0	0	0	0	0	1657719247211
800	1689	0	0	0	0	0	0	1657719248231
800	1689	0	0	0	0	0	0	1657719249251
800	1689	0	0	0	0	0	0	1657719250271
800	1689	0	0	0	0	0	0	1657719251291
800	1689	0	0	0	0	0	0	1657719252311
800	1689	0	0	0	0	0	0	1657719253331
800	1689	0	0	0	0	0	0	1657719254351
800	1689	0	0	0	0	0	0	1657719255371
800	1689	0	0	0	0	0	0	1657719256391
800	1689	0	0	0	0	0	0	1657719257411
800	1689	0	0	0	0	0	0	1657719258431
800	1689	0	0	0	0	0	0	1657719259451
800	1689	0	0	0	0	0	0	1657719260471
800	1689	0	0	0	0	0	0	1657719261491
800	1689	0	0	0	0	0	0	1657719262511
800	1689	0	0	0	0	0	0	1657719263531
800	1689	0	0	0	0	0	0	1657719264551
800	1689	0	0	0	0	0	0	1657719265571
800	1689	0	0	0	0	0	0	1657719266591
800	1689	0	0	0	0	0	0	1657719267611
800	1689	0	0	0	0	0	0	1657719268631
800	1689	0	0	0	0	0	0	1657719269651
800	1689	0	0	0	0	0	0	1657719270671
800	1689	0	0	0	0	0	0	1657719271691
800	1689	0	0	0	0	0	0	1657719272711
800	1689	0	0	0	0	0	0	1657719273731
800	1689	0	0	0	0	0	0	1657719274751
800	1689	0	0	0	0	0	0	1657719275771
800	1689	0	0	0	0	0	0	1657719276791
800	1689	0	0	0	0	0	0	1657719277811
800	1689	0	0	0	0	0	0	1657719278831
800	1689	0	0	0	0	0	0	1657719279851
800	1689	0	0	0	0	0	0	1657719280871
800	1689	0	0	0	0	0	0	1657719281891
800	1689	0	0	0	0	0	0	1657719282911
800	1689	0	0	0	0	0	0	1657719283931
800	1689	0	0	0	0	0	0	1657719284951
800	1689	0	0	0	0	0	0	1657719285971
800	1689	0	0	0	0	0	0	1657719286991
800	1689	0	0	0	0	0	0	1657719288011
800	1689	0	0	0	0	0	0	1657719289031
800	1689	0	0	0	0	0	0	1657719290051
800	1689	0	0	0	0	0	0	1657719291071
800	1689	0	0	0	0	0	0	1657719292091
800	1689	0	0	0	0	0	0	1657719293111
800	1689	0	0	0	0	0	0	1657719294131
800	1689	0	0	0	0	0	0	1657719295151
800	1689	0	0	0	0	0	0	1657719296171
800	1689	0	0	0	0	0	0	1657719297191
800	1689	0	0	0	0	0	0	1657719298211
800	1689	0	0	0	0	0	0	1657719299231
800	1689	0	0	0	0	0	0	1657719300251
800	1689	0	0	0	0	0	0	1657719301271
800	1689	0	0	0	0	0	0	1657719302291
800	1689	0	0	0	0	0	0	1657719303311
800	1689	0	0	0	0	0	0	1657719304331
800	1689	0	0	0	0	0	0	1657719305351
800	1689	0	0	0	0	0	0	1657719306371
800	1689	0	0	0	0	0	0	1657719307391
800	1689	0	0	0	0	0	0	1657719308411
800	1689	0	0	0	0	0	0	1657719309431
800	1689	0	0	0	0	0	0	1657719310451
800	1689	0	0	0	0	0	0	1657719311471
800	1689	0	0	0	0	0	0	1657719312491
800	1689	0	0	0	0	0	0	1657719313511
800	1689	0	0	0	0	0	0	1657719314531
800	1689	0	0	0	0	0	0	1657719315551
800	1689	0	0	0	0	0	0	1657719316571
800	1689	0	0	0	0	0	0	1657719317591
800	1689	0	0	0	0	0	0	1657719318611
800	1689	0	0	0	0	0	0	1657719319631
800	1689	0	0	0	0	0	0	1657719320651
800	1689	0	0	0	0	0	0	1657719321671
800	1689	0	0	0	0	0	0	1657719322691
800	1689	0	0	0	0	0	0	1657719323711
800	1689	0	0	0	0	0	0	1657719324731
800	1689	0	0	0	0	0	0	1657719325751
800	1689	0	0	0	0	0	0	1657719326771
800	1689	0	0	0	0	0	0	1657719327791
800	1689	0	0	0	0	0	0	1657719328811
800	1689	0	0	0	0	0	0	1657719329831
800	1689	0	0	0	0	0	0	1657719330851
800	1689	0	0	0	0	0	0	1657719331871
800	1689	0	0	0	0	0	0	1657719332891
800	1689	0	0	0	0	0	0	1657719333911
800	1689	0	0	0	0	0	0	1657719334931
800	1689	0	0	0	0	0	0	1657719335951
800	1689	0	0	0	0	0	0	1657719336971
800	1689	0	0	0	0	0	0	1657719337991
800	1689	0	0	0	0	0	0	1657719339011
800	1689	0	0	0	0	0	0	1657719340031
800	1689	0	0	0	0	0	0	1657719341051
800	1689	0	0	0	0	0	0	1657719342071
800	1689	0	0	0	0	0	0	1657719343091
800	1689	0	0	0	0	0	0	1657719344111
800	1689	0	0	0	0	0	0	1657719345131
800	1689	0	0	0	0	0	0	1657719346151
800	1689	0	0	0	0	0	0	1657719347171
800	1689	0	0	0	0	0	0	1657719348191
800	1689	0	0	0	0	0	0	1657719349211
800	1689	0	0	0	0	0	0	1657719350231
800	1689	0	0	0	0	0	0	1657719351251
800	1689	0	0	0	0	0	0	1657719352271
800	1689	0	0	0	0	0	0	1657719353291
800	1689	0	0	0	0	0	0	1657719354311
800	1689	0	0	0	0	0	0	1657719355331
800	1689	0	0	0	0	0	0	1657719356351
800	1689	0	0	0	0	0	0	1657719357371
800	1689	0	0	0	0	0	0	1657719358391
800	1689	0	0	0	0	0	0	1657719359411
800	1689	0	0	0	0	0	0	1657719360431
800	1689	0	0	0	0	0	0	1657719361451
800	1689	0	0	0	0	0	0	1657719362471
800	1689	0	0	0	0	0	0	1657719363491
800	1689	0	0	0	0	0	0	1657719364511
800	1689	0	0	0	0	0	0	1657719365531
800	1689	0	0	0	0	0	0	1657719366551
800	1689	0	0	0	0	0	0	1657719367571
800	1689	0	0	0	0	0	0	1657719368591
800	1689	0	0	0	0	0	0	1657719369611
800	1689	0	0	0	0	0	0	1657719370631
800	1689	0	0	0	0	0	0	1657719371651
800	1689	0	0	0	0	0	0	1657719372671
800	1689	0	0	0	0	0	0	1657719373691
800	1689	0	0	0	0	0	0	1657719374711
800	1689	0	0	0	0	0	0	1657719375731
800	1689	0	0	0	0	0	0	1657719376751
800	1689	0	0	0	0	0	0	1657719377771
800	1689	0	0	0	0	0	0	1657719378791
800	1689	0	0	0	0	0	0	1657719379811
800	1689	0	0	0	0	0	0	1657719380831
800	1689	0	0	0	0	0	0	1657719381851
800	1689	0	0	0	0	0	0	1657719382871
800	1689	0	0	0	0	0	0	1657719383891
800	1689	0	0	0	0	0	0	1657719384911
800	1689	0	0	0	0	0	0	1657719385931
800	1689	0	0	0	0	0	0	1657719386951
800	1689	0	0	0	0	0	0	1657719387971
800	1689	0	0	0	0	0	0	1657719388991
800	1689	0	0	0	0	0	0	1657719390011
800	1689	0	0	0	0	0	0	1657719391031
800	1689	0	0	0	0	0	0	1657719392051
800	1689	0	0	0	0	0	0	1657719393071
800	1689	0	0	0	0	0	0	1657719394091
800	1689	0	0	0	0	0	0	1657719395111
800	1689	0	0	0	0	0	0	1657719396131
800	1689	0	0	0	0	0	0	1657719397151
800	1688	0	0	0	0	0	0	1657719398171
800	1687	0	0	0	0	0	0	1657719399191
800	1687	0	0	0	0	0	0	1657719400211
800	1688	0	0	0	0	0	0	1657719401231
800	1688	0	0	0	0	0	0	1657719402251
800	1688	0	0	0	0	0	0	1657719403271
800	1688	0	0	0	0	0	0	1657719404291
800	1687	0	0	0	0	0	0	1657719405311
800	1690	0	0	0	0	0	0	1657719406331
800	1690	0	0	0	0	0	0	1657719407351
800	1679	0	0	0	0	0	0	1657719408371
800	1672	0	0	0	0	0	0	1657719409391
800	1669	0	0	0	0	0	0	1657719410411
800	1667	0	0	0	0	0	0	1657719411431
800	1666	0	0	0	0	0	0	1657719412451
800	1668	0	0	0	0	0	0	1657719413471
800	1671	0	0	0	0	0	0	1657719414491
800	1673	0	0	0	0	0	0	1657719415511
800	1671	0	0	0	0	0	0	1657719416531
800	1668	0	0	0	0	0	0	1657719417551
800	1665	0	0	0	0	0	0	1657719418571
800	1664	0	0	0	0	0	0	1657719419591
800	1663	0	0	0	0	0	0	1657719420611
800	1662	0	0	0	0	0	0	1657719421631
800	1662	0	0	0	0	0	0	1657719422651
800	1662	0	0	0	0	0	0	1657719423671
800	1662	0	0	0	0	0	0	1657719424691
800	1662	0	0	0	0	0	0	1657719425711
800	1662	0	0	0	0	0	0	1657719426731
800	1662	0	0	0	0	0	0	1657719427751
800	1662	0	0	0	0	0	0	1657719428771
800	1662	0	0	0	0	0	0	1657719429791
800	1662	0	0	0	0	0	0	1657719430811
800	1662	0	0	0	0	0	0	1657719431831
800	1662	0	0	0	0	0	0	1657719432851
800	1662	0	0	0	0	0	0	1657719433871
800	1662	0	0	0	0	0	0	1657719434891
800	1662	0	0	0	0	0	0	1657719435911
800	1662	0	0	0	0	0	0	1657719436931
800	1661	0	0	0	0	0	0	1657719437951
800	1661	0	0	0	0	0	0	1657719438971
800	1661	0	0	0	0	0	0	1657719439991
800	1661	0	0	0	0	0	0	1657719441011
800	1661	0	0	0	0	0	0	1657719442031
800	1661	0	0	0	0	0	0	1657719443051
800	1661	0	0	0	0	0	0	1657719444071
800	1661	0	0	0	0	0	0	1657719445091
800	1661	0	0	0	0	0	0	1657719446111
800	1661	0	0	0	0	0	0	1657719447131
800	1661	0	0	0	0	0	0	1657719448151
800	1661	0	0	0	0	0	0	1657719449171
800	1661	0	0	0	0	0	0	1657719450191
800	1661	0	0	0	0	0	0	1657719451211
800	1661	0	0	0	0	0	0	1657719452231
800	1661	0	0	0	0	0	0	1657719453251
800	1661	0	0	0	0	0	0	1657719454271
800	1661	0	0	0	0	0	0	1657719455291
800	1661	0	0	0	0	0	0	1657719456311
800	1661	0	0	0	0	0	0	1657719457331
800	1661	0	0	0	0	0	0	1657719458351
800	1661	0	0	0	0	0	0	1657719459371
800	1661	0	0	0	0	0	0	1657719460391
800	1661	0	0	0	0	0	0	1657719461411
800	1661	0	0	0	0	0	0	1657719462431
800	1661	0	0	0	0	0	0	1657719463451
800	1661	0	0	0	0	0	0	1657719464471
800	1661	0	0	0	0	0	0	1657719465491
800	1661	0	0	0	0	0	0	1657719466511
800	1679	0	0	0	0	0	0	1657719467531
800	1688	0	0	0	0	0	0	1657719468551
800	1684	0	0	0	0	0	0	1657719469571
800	1676	0	0	0	0	0	0	1657719470591
800	1672	0	0	0	0	0	0	1657719471611
800	1670	0	0	0	0	0	0	1657719472631
800	1669	0	0	0	0	0	0	1657719473651
800	1667	0	0	0	0	0	0	1657719474671
800	1667	0	0	0	0	0	0	1657719475691
800	1667	0	0	0	0	0	0	1657719476711
800	1667	0	0	0	0	0	0	1657719477731
800	1668	0	0	0	0	0	0	1657719478751
800	1668	0	0	0	0	0	0	1657719479771
800	1668	0	0	0	0	0	0	1657719480791
800	1667	0	0	0	0	0	0	1657719481811
800	1666	0	0	0	0	0	0	1657719482831
800	1667	0	0	0	0	0	0	1657719483851
800	1666	0	0	0	0	0	0	1657719484871
800	1666	0	0	0	0	0	0	1657719485891
800	1665	0	0	0	0	0	0	1657719486911
800	1665	0	0	0	0	0	0	1657719487931
800	1665	0	0	0	0	0	0	1657719488951
800	1667	0	0	0	0	0	0	1657719489971
800	1666	0	0	0	0	0	0	1657719490991
800	1666	0	0	0	0	0	0	1657719492011
800	1667	0	0	0	0	0	0	1657719493031
800	1666	0	0	0	0	0	0	1657719494051
800	1665	0	0	0	0	0	0	1657719495071
800	1664	0	0	0	0	0	0	1657719496091
800	1665	0	0	0	0	0	0	1657719497111
800	1666	0	0	0	0	0	0	1657719498131
800	1666	0	0	0	0	0	0	1657719499151
800	1666	0	0	0	0	0	0	1657719500171
800	1667	0	0	0	0	0	0	1657719501191
800	1667	0	0	0	0	0	0	1657719502211
800	1667	0	0	0	0	0	0	1657719503231
800	1667	0	0	0	0	0	0	1657719504251
800	1673	0	0	0	0	0	0	1657719505271
800	1676	0	0	0	0	0	0	1657719506291
800	1680	0	0	0	0	0	0	1657719507311
800	1682	0	0	0	0	0	0	1657719508331
800	1682	0	0	0	0	0	0	1657719509351
800	1681	0	0	0	0	0	0	1657719510371
800	1679	0	0	0	0	0	0	1657719511391
800	1673	0	0	0	0	0	0	1657719512411
800	1669	0	0	0	0	0	0	1657719513431
800	1666	0	0	0	0	0	0	1657719514451
800	1664	0	0	0	0	0	0	1657719515471
800	1663	0	0	0	0	0	0	1657719516491
800	1662	0	0	0	0	0	0	1657719517511
800	1662	0	0	0	0	0	0	1657719518531
800	1662	0	0	0	0	0	0	1657719519551
800	1662	0	0	0	0	0	0	1657719520571
800	1662	0	0	0	0	0	0	1657719521591
800	1662	0	0	0	0	0	0	1657719522611
800	1662	0	0	0	0	0	0	1657719523631
800	1662	0	0	0	0	0	0	1657719524651
800	1662	0	0	0	0	0	0	1657719525671
800	1667	0	0	0	0	0	0	1657719526691
800	1681	0	0	0	0	0	0	1657719527711
800	1685	0	0	0	0	0	0	1657719528731
800	1687	0	0	0	0	0	0	1657719529751
800	1688	0	0	0	0	0	0	1657719530771
800	1689	0	0	0	0	0	0	1657719531791
800	1689	0	0	0	0	0	0	1657719532811
800	1689	0	0	0	0	0	0	1657719533831
800	1689	0	0	0	0	0	0	1657719534851
800	1689	0	0	0	0	0	0	1657719535871
800	1689	0	0	0	0	0	0	1657719536891
800	1689	0	0	0	0	0	0	1657719537911
800	1689	0	0	0	0	0	0	1657719538931
800	1682	0	0	0	0	0	0	1657719539951
800	1679	0	0	0	0	0	0	1657719540971
800	1672	0	0	0	0	0	0	1657719541991
800	1668	0	0	0	0	0	0	1657719543011
