1006	2216	0	0	0	0	0	0	1659618839656
1001	2203	0	0	0	0	0	0	1659618840676
996	2187	0	0	0	0	0	0	1659618841696
984	2170	0	0	0	0	0	0	1659618842716
977	2156	0	0	0	0	0	0	1659618843736
972	2142	0	0	0	0	0	0	1659618844756
963	2128	0	0	0	0	0	0	1659618845776
953	2120	0	0	0	0	0	0	1659618846796
947	2113	0	0	0	0	0	0	1659618847816
944	2100	0	0	0	0	0	0	1659618848836
942	2092	0	0	0	0	0	0	1659618849856
935	2086	0	0	0	0	0	0	1659618850876
925	2080	0	0	0	0	0	0	1659618851896
920	2076	0	0	0	0	0	0	1659618852916
916	2067	0	0	0	0	0	0	1659618853936
914	2070	0	0	0	0	0	0	1659618854956
913	2074	0	0	0	0	0	0	1659618855976
912	2068	0	0	0	0	0	0	1659618856996
912	2061	0	0	0	0	0	0	1659618858016
912	2057	0	0	0	0	0	0	1659618859036
912	2054	0	0	0	0	0	0	1659618860056
912	2052	0	0	0	0	0	0	1659618861076
911	2044	0	0	0	0	0	0	1659618862096
905	2036	0	0	0	0	0	0	1659618863116
898	2031	0	0	0	0	0	0	1659618864136
892	2028	0	0	0	0	0	0	1659618865156
888	2026	0	0	0	0	0	0	1659618866176
886	2025	0	0	0	0	0	0	1659618867196
885	2024	0	0	0	0	0	0	1659618868216
884	2020	0	0	0	0	0	0	1659618869236
884	2011	0	0	0	0	0	0	1659618870256
884	2005	0	0	0	0	0	0	1659618871276
884	2001	0	0	0	0	0	0	1659618872296
884	1999	0	0	0	0	0	0	1659618873316
884	1998	0	0	0	0	0	0	1659618874336
884	1997	0	0	0	0	0	0	1659618875356
884	1996	0	0	0	0	0	0	1659618876376
884	1992	0	0	0	0	0	0	1659618877396
884	1983	0	0	0	0	0	0	1659618878416
884	1977	0	0	0	0	0	0	1659618879436
884	1973	0	0	0	0	0	0	1659618880456
884	1971	0	0	0	0	0	0	1659618881476
884	1969	0	0	0	0	0	0	1659618882496
884	1968	0	0	0	0	0	0	1659618883516
884	1968	0	0	0	0	0	0	1659618884536
884	1968	0	0	0	0	0	0	1659618885556
884	1977	0	0	0	0	0	0	1659618886576
884	1961	0	0	0	0	0	0	1659618887596
884	1953	0	0	0	0	0	0	1659618888616
884	1948	0	0	0	0	0	0	1659618889636
884	1945	0	0	0	0	0	0	1659618890656
883	1943	0	0	0	0	0	0	1659618891676
883	1942	0	0	0	0	0	0	1659618892696
882	1941	0	0	0	0	0	0	1659618893716
881	1941	0	0	0	0	0	0	1659618894736
876	1940	0	0	0	0	0	0	1659618895756
872	1945	0	0	0	0	0	0	1659618896776
873	1948	0	0	0	0	0	0	1659618897796
871	1956	0	0	0	0	0	0	1659618898816
869	1961	0	0	0	0	0	0	1659618899836
867	1963	0	0	0	0	0	0	1659618900856
866	1964	0	0	0	0	0	0	1659618901876
864	1956	0	0	0	0	0	0	1659618902896
862	1950	0	0	0	0	0	0	1659618903916
860	1946	0	0	0	0	0	0	1659618904936
859	1943	0	0	0	0	0	0	1659618905956
859	1941	0	0	0	0	0	0	1659618906976
858	1940	0	0	0	0	0	0	1659618907996
857	1940	0	0	0	0	0	0	1659618909016
857	1940	0	0	0	0	0	0	1659618910036
856	1940	0	0	0	0	0	0	1659618911056
856	1938	0	0	0	0	0	0	1659618912076
856	1933	0	0	0	0	0	0	1659618913096
856	1925	0	0	0	0	0	0	1659618914116
856	1920	0	0	0	0	0	0	1659618915136
856	1917	0	0	0	0	0	0	1659618916156
856	1915	0	0	0	0	0	0	1659618917176
856	1913	0	0	0	0	0	0	1659618918196
856	1912	0	0	0	0	0	0	1659618919216
856	1912	0	0	0	0	0	0	1659618920236
856	1912	0	0	0	0	0	0	1659618921256
856	1912	0	0	0	0	0	0	1659618922276
856	1912	0	0	0	0	0	0	1659618923296
856	1911	0	0	0	0	0	0	1659618924316
856	1906	0	0	0	0	0	0	1659618925336
856	1898	0	0	0	0	0	0	1659618926356
856	1892	0	0	0	0	0	0	1659618927376
856	1889	0	0	0	0	0	0	1659618928396
856	1887	0	0	0	0	0	0	1659618929416
856	1886	0	0	0	0	0	0	1659618930436
856	1885	0	0	0	0	0	0	1659618931456
856	1885	0	0	0	0	0	0	1659618932476
856	1884	0	0	0	0	0	0	1659618933496
856	1884	0	0	0	0	0	0	1659618934516
856	1884	0	0	0	0	0	0	1659618935536
856	1884	0	0	0	0	0	0	1659618936556
856	1884	0	0	0	0	0	0	1659618937576
856	1884	0	0	0	0	0	0	1659618938596
856	1884	0	0	0	0	0	0	1659618939616
856	1883	0	0	0	0	0	0	1659618940636
856	1878	0	0	0	0	0	0	1659618941656
856	1871	0	0	0	0	0	0	1659618942676
856	1865	0	0	0	0	0	0	1659618943696
856	1861	0	0	0	0	0	0	1659618944716
856	1859	0	0	0	0	0	0	1659618945736
856	1858	0	0	0	0	0	0	1659618946756
856	1857	0	0	0	0	0	0	1659618947776
856	1857	0	0	0	0	0	0	1659618948796
856	1856	0	0	0	0	0	0	1659618949816
856	1856	0	0	0	0	0	0	1659618950836
856	1856	0	0	0	0	0	0	1659618951856
856	1856	0	0	0	0	0	0	1659618952876
856	1856	0	0	0	0	0	0	1659618953896
856	1856	0	0	0	0	0	0	1659618954916
856	1856	0	0	0	0	0	0	1659618955936
856	1856	0	0	0	0	0	0	1659618956956
856	1856	0	0	0	0	0	0	1659618957976
856	1855	0	0	0	0	0	0	1659618958996
856	1854	0	0	0	0	0	0	1659618960016
856	1847	0	0	0	0	0	0	1659618961036
856	1840	0	0	0	0	0	0	1659618962056
856	1835	0	0	0	0	0	0	1659618963076
856	1832	0	0	0	0	0	0	1659618964096
856	1830	0	0	0	0	0	0	1659618965116
856	1829	0	0	0	0	0	0	1659618966136
856	1829	0	0	0	0	0	0	1659618967156
856	1828	0	0	0	0	0	0	1659618968176
856	1828	0	0	0	0	0	0	1659618969196
856	1828	0	0	0	0	0	0	1659618970216
856	1828	0	0	0	0	0	0	1659618971236
856	1828	0	0	0	0	0	0	1659618972256
856	1828	0	0	0	0	0	0	1659618973276
856	1828	0	0	0	0	0	0	1659618974296
856	1828	0	0	0	0	0	0	1659618975316
856	1828	0	0	0	0	0	0	1659618976336
856	1828	0	0	0	0	0	0	1659618977356
856	1828	0	0	0	0	0	0	1659618978376
856	1827	0	0	0	0	0	0	1659618979396
856	1824	0	0	0	0	0	0	1659618980416
856	1819	0	0	0	0	0	0	1659618981436
856	1814	0	0	0	0	0	0	1659618982456
856	1808	0	0	0	0	0	0	1659618983476
856	1805	0	0	0	0	0	0	1659618984496
856	1803	0	0	0	0	0	0	1659618985516
856	1802	0	0	0	0	0	0	1659618986536
856	1800	0	0	0	0	0	0	1659618987556
856	1800	0	0	0	0	0	0	1659618988576
856	1800	0	0	0	0	0	0	1659618989596
856	1800	0	0	0	0	0	0	1659618990616
856	1800	0	0	0	0	0	0	1659618991636
856	1800	0	0	0	0	0	0	1659618992656
856	1800	0	0	0	0	0	0	1659618993676
856	1800	0	0	0	0	0	0	1659618994696
856	1800	0	0	0	0	0	0	1659618995716
856	1800	0	0	0	0	0	0	1659618996736
856	1800	0	0	0	0	0	0	1659618997756
856	1799	0	0	0	0	0	0	1659618998776
856	1797	0	0	0	0	0	0	1659618999796
856	1796	0	0	0	0	0	0	1659619000816
856	1791	0	0	0	0	0	0	1659619001836
856	1787	0	0	0	0	0	0	1659619002856
856	1783	0	0	0	0	0	0	1659619003876
856	1779	0	0	0	0	0	0	1659619004896
856	1776	0	0	0	0	0	0	1659619005916
856	1775	0	0	0	0	0	0	1659619006936
856	1773	0	0	0	0	0	0	1659619007956
856	1772	0	0	0	0	0	0	1659619008976
856	1772	0	0	0	0	0	0	1659619009996
856	1771	0	0	0	0	0	0	1659619011016
856	1771	0	0	0	0	0	0	1659619012036
856	1772	0	0	0	0	0	0	1659619013056
856	1772	0	0	0	0	0	0	1659619014076
856	1772	0	0	0	0	0	0	1659619015096
856	1772	0	0	0	0	0	0	1659619016116
856	1772	0	0	0	0	0	0	1659619017136
856	1772	0	0	0	0	0	0	1659619018156
856	1772	0	0	0	0	0	0	1659619019176
856	1772	0	0	0	0	0	0	1659619020196
856	1772	0	0	0	0	0	0	1659619021216
856	1772	0	0	0	0	0	0	1659619022236
856	1772	0	0	0	0	0	0	1659619023256
856	1772	0	0	0	0	0	0	1659619024276
856	1772	0	0	0	0	0	0	1659619025296
856	1772	0	0	0	0	0	0	1659619026316
856	1772	0	0	0	0	0	0	1659619027336
856	1771	0	0	0	0	0	0	1659619028356
856	1768	0	0	0	0	0	0	1659619029376
856	1764	0	0	0	0	0	0	1659619030396
856	1758	0	0	0	0	0	0	1659619031416
856	1753	0	0	0	0	0	0	1659619032436
856	1750	0	0	0	0	0	0	1659619033456
856	1748	0	0	0	0	0	0	1659619034476
856	1746	0	0	0	0	0	0	1659619035496
856	1746	0	0	0	0	0	0	1659619036516
856	1745	0	0	0	0	0	0	1659619037536
856	1745	0	0	0	0	0	0	1659619038556
856	1745	0	0	0	0	0	0	1659619039576
856	1745	0	0	0	0	0	0	1659619040596
856	1745	0	0	0	0	0	0	1659619041616
856	1744	0	0	0	0	0	0	1659619042636
856	1744	0	0	0	0	0	0	1659619043656
856	1744	0	0	0	0	0	0	1659619044676
856	1744	0	0	0	0	0	0	1659619045696
856	1744	0	0	0	0	0	0	1659619046716
856	1744	0	0	0	0	0	0	1659619047736
856	1744	0	0	0	0	0	0	1659619048756
856	1744	0	0	0	0	0	0	1659619049776
856	1744	0	0	0	0	0	0	1659619050796
855	1744	0	0	0	0	0	0	1659619051816
855	1744	0	0	0	0	0	0	1659619052836
855	1744	0	0	0	0	0	0	1659619053856
855	1744	0	0	0	0	0	0	1659619054876
855	1744	0	0	0	0	0	0	1659619055896
855	1743	0	0	0	0	0	0	1659619056916
855	1743	0	0	0	0	0	0	1659619057936
855	1742	0	0	0	0	0	0	1659619058956
854	1741	0	0	0	0	0	0	1659619059976
854	1739	0	0	0	0	0	0	1659619060996
853	1736	0	0	0	0	0	0	1659619062016
853	1732	0	0	0	0	0	0	1659619063036
852	1727	0	0	0	0	0	0	1659619064056
850	1723	0	0	0	0	0	0	1659619065076
851	1720	0	0	0	0	0	0	1659619066096
851	1718	0	0	0	0	0	0	1659619067116
851	1717	0	0	0	0	0	0	1659619068136
850	1717	0	0	0	0	0	0	1659619069156
850	1717	0	0	0	0	0	0	1659619070176
851	1716	0	0	0	0	0	0	1659619071196
850	1716	0	0	0	0	0	0	1659619072216
850	1716	0	0	0	0	0	0	1659619073236
849	1716	0	0	0	0	0	0	1659619074256
847	1716	0	0	0	0	0	0	1659619075276
848	1716	0	0	0	0	0	0	1659619076296
849	1716	0	0	0	0	0	0	1659619077316
849	1716	0	0	0	0	0	0	1659619078336
849	1716	0	0	0	0	0	0	1659619079356
849	1716	0	0	0	0	0	0	1659619080376
848	1716	0	0	0	0	0	0	1659619081396
847	1716	0	0	0	0	0	0	1659619082416
848	1716	0	0	0	0	0	0	1659619083436
847	1716	0	0	0	0	0	0	1659619084456
847	1716	0	0	0	0	0	0	1659619085476
848	1716	0	0	0	0	0	0	1659619086496
845	1716	0	0	0	0	0	0	1659619087516
846	1716	0	0	0	0	0	0	1659619088536
845	1716	0	0	0	0	0	0	1659619089556
844	1716	0	0	0	0	0	0	1659619090576
842	1716	0	0	0	0	0	0	1659619091596
840	1716	0	0	0	0	0	0	1659619092616
840	1716	0	0	0	0	0	0	1659619093636
840	1715	0	0	0	0	0	0	1659619094656
838	1714	0	0	0	0	0	0	1659619095676
837	1712	0	0	0	0	0	0	1659619096696
836	1711	0	0	0	0	0	0	1659619097716
836	1708	0	0	0	0	0	0	1659619098736
836	1705	0	0	0	0	0	0	1659619099756
836	1700	0	0	0	0	0	0	1659619100776
836	1696	0	0	0	0	0	0	1659619101796
835	1693	0	0	0	0	0	0	1659619102816
834	1691	0	0	0	0	0	0	1659619103836
834	1690	0	0	0	0	0	0	1659619104856
833	1689	0	0	0	0	0	0	1659619105876
832	1689	0	0	0	0	0	0	1659619106896
832	1689	0	0	0	0	0	0	1659619107916
831	1689	0	0	0	0	0	0	1659619108936
832	1689	0	0	0	0	0	0	1659619109956
831	1689	0	0	0	0	0	0	1659619110976
830	1689	0	0	0	0	0	0	1659619111996
829	1689	0	0	0	0	0	0	1659619113016
829	1689	0	0	0	0	0	0	1659619114036
829	1689	0	0	0	0	0	0	1659619115056
830	1689	0	0	0	0	0	0	1659619116076
829	1688	0	0	0	0	0	0	1659619117096
829	1688	0	0	0	0	0	0	1659619118116
829	1688	0	0	0	0	0	0	1659619119136
830	1688	0	0	0	0	0	0	1659619120156
830	1688	0	0	0	0	0	0	1659619121176
829	1688	0	0	0	0	0	0	1659619122196
829	1688	0	0	0	0	0	0	1659619123216
829	1688	0	0	0	0	0	0	1659619124236
829	1688	0	0	0	0	0	0	1659619125256
829	1688	0	0	0	0	0	0	1659619126276
829	1688	0	0	0	0	0	0	1659619127296
829	1688	0	0	0	0	0	0	1659619128316
828	1688	0	0	0	0	0	0	1659619129336
828	1688	0	0	0	0	0	0	1659619130356
829	1688	0	0	0	0	0	0	1659619131376
829	1688	0	0	0	0	0	0	1659619132396
829	1687	0	0	0	0	0	0	1659619133416
829	1686	0	0	0	0	0	0	1659619134436
829	1685	0	0	0	0	0	0	1659619135456
829	1683	0	0	0	0	0	0	1659619136476
829	1681	0	0	0	0	0	0	1659619137496
829	1676	0	0	0	0	0	0	1659619138516
829	1672	0	0	0	0	0	0	1659619139536
828	1669	0	0	0	0	0	0	1659619140556
828	1666	0	0	0	0	0	0	1659619141576
828	1664	0	0	0	0	0	0	1659619142596
828	1662	0	0	0	0	0	0	1659619143616
828	1661	0	0	0	0	0	0	1659619144636
828	1661	0	0	0	0	0	0	1659619145656
828	1661	0	0	0	0	0	0	1659619146676
828	1661	0	0	0	0	0	0	1659619147696
828	1661	0	0	0	0	0	0	1659619148716
828	1661	0	0	0	0	0	0	1659619149736
828	1661	0	0	0	0	0	0	1659619150756
828	1660	0	0	0	0	0	0	1659619151776
828	1660	0	0	0	0	0	0	1659619152796
828	1660	0	0	0	0	0	0	1659619153816
828	1660	0	0	0	0	0	0	1659619154836
828	1660	0	0	0	0	0	0	1659619155856
828	1660	0	0	0	0	0	0	1659619156876
828	1660	0	0	0	0	0	0	1659619157896
828	1660	0	0	0	0	0	0	1659619158916
828	1660	0	0	0	0	0	0	1659619159936
828	1660	0	0	0	0	0	0	1659619160956
828	1660	0	0	0	0	0	0	1659619161976
828	1660	0	0	0	0	0	0	1659619162996
828	1660	0	0	0	0	0	0	1659619164016
828	1660	0	0	0	0	0	0	1659619165036
828	1660	0	0	0	0	0	0	1659619166056
828	1660	0	0	0	0	0	0	1659619167076
828	1660	0	0	0	0	0	0	1659619168096
828	1660	0	0	0	0	0	0	1659619169116
828	1660	0	0	0	0	0	0	1659619170136
828	1660	0	0	0	0	0	0	1659619171156
828	1660	0	0	0	0	0	0	1659619172176
828	1660	0	0	0	0	0	0	1659619173196
828	1660	0	0	0	0	0	0	1659619174216
828	1660	0	0	0	0	0	0	1659619175236
828	1660	0	0	0	0	0	0	1659619176256
828	1660	0	0	0	0	0	0	1659619177276
828	1660	0	0	0	0	0	0	1659619178296
828	1660	0	0	0	0	0	0	1659619179316
828	1660	0	0	0	0	0	0	1659619180336
828	1659	0	0	0	0	0	0	1659619181356
828	1658	0	0	0	0	0	0	1659619182376
828	1655	0	0	0	0	0	0	1659619183396
828	1653	0	0	0	0	0	0	1659619184416
828	1650	0	0	0	0	0	0	1659619185436
828	1646	0	0	0	0	0	0	1659619186456
828	1642	0	0	0	0	0	0	1659619187476
828	1639	0	0	0	0	0	0	1659619188496
828	1637	0	0	0	0	0	0	1659619189516
828	1636	0	0	0	0	0	0	1659619190536
828	1635	0	0	0	0	0	0	1659619191556
828	1634	0	0	0	0	0	0	1659619192576
828	1633	0	0	0	0	0	0	1659619193596
828	1633	0	0	0	0	0	0	1659619194616
828	1633	0	0	0	0	0	0	1659619195636
828	1633	0	0	0	0	0	0	1659619196656
828	1633	0	0	0	0	0	0	1659619197676
828	1632	0	0	0	0	0	0	1659619198696
828	1632	0	0	0	0	0	0	1659619199716
828	1632	0	0	0	0	0	0	1659619200736
828	1632	0	0	0	0	0	0	1659619201756
828	1632	0	0	0	0	0	0	1659619202776
828	1632	0	0	0	0	0	0	1659619203796
828	1632	0	0	0	0	0	0	1659619204816
828	1632	0	0	0	0	0	0	1659619205836
828	1632	0	0	0	0	0	0	1659619206856
828	1632	0	0	0	0	0	0	1659619207876
828	1632	0	0	0	0	0	0	1659619208896
828	1632	0	0	0	0	0	0	1659619209916
828	1632	0	0	0	0	0	0	1659619210936
828	1632	0	0	0	0	0	0	1659619211956
828	1632	0	0	0	0	0	0	1659619212976
828	1632	0	0	0	0	0	0	1659619213996
828	1632	0	0	0	0	0	0	1659619215016
828	1632	0	0	0	0	0	0	1659619216036
828	1632	0	0	0	0	0	0	1659619217056
828	1632	0	0	0	0	0	0	1659619218076
828	1632	0	0	0	0	0	0	1659619219096
828	1632	0	0	0	0	0	0	1659619220116
828	1632	0	0	0	0	0	0	1659619221136
828	1632	0	0	0	0	0	0	1659619222156
828	1632	0	0	0	0	0	0	1659619223176
828	1632	0	0	0	0	0	0	1659619224196
828	1632	0	0	0	0	0	0	1659619225216
828	1632	0	0	0	0	0	0	1659619226236
828	1632	0	0	0	0	0	0	1659619227256
828	1632	0	0	0	0	0	0	1659619228276
828	1632	0	0	0	0	0	0	1659619229296
828	1632	0	0	0	0	0	0	1659619230316
828	1632	0	0	0	0	0	0	1659619231336
828	1632	0	0	0	0	0	0	1659619232356
828	1632	0	0	0	0	0	0	1659619233376
828	1631	0	0	0	0	0	0	1659619234396
828	1631	0	0	0	0	0	0	1659619235416
828	1629	0	0	0	0	0	0	1659619236436
828	1628	0	0	0	0	0	0	1659619237456
828	1626	0	0	0	0	0	0	1659619238476
828	1623	0	0	0	0	0	0	1659619239496
828	1620	0	0	0	0	0	0	1659619240516
828	1618	0	0	0	0	0	0	1659619241536
828	1614	0	0	0	0	0	0	1659619242556
828	1611	0	0	0	0	0	0	1659619243576
828	1609	0	0	0	0	0	0	1659619244596
828	1608	0	0	0	0	0	0	1659619245616
828	1607	0	0	0	0	0	0	1659619246636
828	1606	0	0	0	0	0	0	1659619247656
828	1605	0	0	0	0	0	0	1659619248676
828	1605	0	0	0	0	0	0	1659619249696
828	1605	0	0	0	0	0	0	1659619250716
828	1605	0	0	0	0	0	0	1659619251736
828	1605	0	0	0	0	0	0	1659619252756
828	1605	0	0	0	0	0	0	1659619253776
828	1605	0	0	0	0	0	0	1659619254796
828	1605	0	0	0	0	0	0	1659619255816
828	1605	0	0	0	0	0	0	1659619256836
828	1605	0	0	0	0	0	0	1659619257856
828	1605	0	0	0	0	0	0	1659619258876
828	1605	0	0	0	0	0	0	1659619259896
828	1605	0	0	0	0	0	0	1659619260916
828	1605	0	0	0	0	0	0	1659619261936
828	1605	0	0	0	0	0	0	1659619262956
828	1605	0	0	0	0	0	0	1659619263976
828	1605	0	0	0	0	0	0	1659619264996
828	1605	0	0	0	0	0	0	1659619266016
828	1605	0	0	0	0	0	0	1659619267036
828	1605	0	0	0	0	0	0	1659619268056
828	1605	0	0	0	0	0	0	1659619269076
828	1605	0	0	0	0	0	0	1659619270096
828	1605	0	0	0	0	0	0	1659619271116
828	1605	0	0	0	0	0	0	1659619272136
828	1605	0	0	0	0	0	0	1659619273156
828	1605	0	0	0	0	0	0	1659619274176
828	1605	0	0	0	0	0	0	1659619275196
828	1605	0	0	0	0	0	0	1659619276216
828	1605	0	0	0	0	0	0	1659619277236
828	1605	0	0	0	0	0	0	1659619278256
828	1605	0	0	0	0	0	0	1659619279276
828	1605	0	0	0	0	0	0	1659619280296
828	1605	0	0	0	0	0	0	1659619281316
828	1605	0	0	0	0	0	0	1659619282336
828	1605	0	0	0	0	0	0	1659619283356
828	1605	0	0	0	0	0	0	1659619284376
828	1605	0	0	0	0	0	0	1659619285396
828	1605	0	0	0	0	0	0	1659619286416
828	1605	0	0	0	0	0	0	1659619287436
828	1605	0	0	0	0	0	0	1659619288456
828	1605	0	0	0	0	0	0	1659619289476
828	1605	0	0	0	0	0	0	1659619290496
828	1605	0	0	0	0	0	0	1659619291516
828	1604	0	0	0	0	0	0	1659619292536
828	1604	0	0	0	0	0	0	1659619293556
828	1604	0	0	0	0	0	0	1659619294576
828	1604	0	0	0	0	0	0	1659619295596
828	1604	0	0	0	0	0	0	1659619296616
828	1603	0	0	0	0	0	0	1659619297636
828	1602	0	0	0	0	0	0	1659619298656
828	1601	0	0	0	0	0	0	1659619299676
828	1600	0	0	0	0	0	0	1659619300696
828	1600	0	0	0	0	0	0	1659619301716
828	1598	0	0	0	0	0	0	1659619302736
828	1594	0	0	0	0	0	0	1659619303756
828	1592	0	0	0	0	0	0	1659619304776
828	1587	0	0	0	0	0	0	1659619305796
828	1585	0	0	0	0	0	0	1659619306816
828	1584	0	0	0	0	0	0	1659619307836
828	1583	0	0	0	0	0	0	1659619308856
828	1581	0	0	0	0	0	0	1659619309876
828	1580	0	0	0	0	0	0	1659619310896
828	1579	0	0	0	0	0	0	1659619311916
828	1578	0	0	0	0	0	0	1659619312936
828	1577	0	0	0	0	0	0	1659619313956
828	1577	0	0	0	0	0	0	1659619314976
828	1577	0	0	0	0	0	0	1659619315996
828	1577	0	0	0	0	0	0	1659619317016
828	1577	0	0	0	0	0	0	1659619318036
828	1577	0	0	0	0	0	0	1659619319056
828	1577	0	0	0	0	0	0	1659619320076
828	1577	0	0	0	0	0	0	1659619321096
828	1577	0	0	0	0	0	0	1659619322116
828	1577	0	0	0	0	0	0	1659619323136
828	1577	0	0	0	0	0	0	1659619324156
828	1577	0	0	0	0	0	0	1659619325176
828	1577	0	0	0	0	0	0	1659619326196
828	1577	0	0	0	0	0	0	1659619327216
828	1577	0	0	0	0	0	0	1659619328236
828	1577	0	0	0	0	0	0	1659619329256
828	1577	0	0	0	0	0	0	1659619330276
828	1577	0	0	0	0	0	0	1659619331296
828	1577	0	0	0	0	0	0	1659619332316
828	1577	0	0	0	0	0	0	1659619333336
828	1577	0	0	0	0	0	0	1659619334356
828	1577	0	0	0	0	0	0	1659619335376
828	1577	0	0	0	0	0	0	1659619336396
828	1577	0	0	0	0	0	0	1659619337416
828	1577	0	0	0	0	0	0	1659619338436
828	1577	0	0	0	0	0	0	1659619339456
828	1577	0	0	0	0	0	0	1659619340476
828	1577	0	0	0	0	0	0	1659619341496
828	1577	0	0	0	0	0	0	1659619342516
828	1577	0	0	0	0	0	0	1659619343536
828	1577	0	0	0	0	0	0	1659619344556
828	1577	0	0	0	0	0	0	1659619345576
828	1577	0	0	0	0	0	0	1659619346596
828	1577	0	0	0	0	0	0	1659619347616
828	1577	0	0	0	0	0	0	1659619348636
828	1577	0	0	0	0	0	0	1659619349656
828	1577	0	0	0	0	0	0	1659619350676
828	1577	0	0	0	0	0	0	1659619351696
828	1577	0	0	0	0	0	0	1659619352716
828	1577	0	0	0	0	0	0	1659619353736
828	1577	0	0	0	0	0	0	1659619354756
828	1577	0	0	0	0	0	0	1659619355776
828	1577	0	0	0	0	0	0	1659619356796
828	1577	0	0	0	0	0	0	1659619357816
828	1577	0	0	0	0	0	0	1659619358836
828	1577	0	0	0	0	0	0	1659619359856
828	1577	0	0	0	0	0	0	1659619360876
828	1577	0	0	0	0	0	0	1659619361896
828	1577	0	0	0	0	0	0	1659619362916
828	1577	0	0	0	0	0	0	1659619363936
828	1577	0	0	0	0	0	0	1659619364956
828	1577	0	0	0	0	0	0	1659619365976
828	1577	0	0	0	0	0	0	1659619366996
828	1577	0	0	0	0	0	0	1659619368016
828	1577	0	0	0	0	0	0	1659619369036
828	1577	0	0	0	0	0	0	1659619370056
828	1576	0	0	0	0	0	0	1659619371076
828	1576	0	0	0	0	0	0	1659619372096
828	1575	0	0	0	0	0	0	1659619373116
828	1575	0	0	0	0	0	0	1659619374136
828	1575	0	0	0	0	0	0	1659619375156
828	1575	0	0	0	0	0	0	1659619376176
828	1574	0	0	0	0	0	0	1659619377196
828	1573	0	0	0	0	0	0	1659619378216
828	1571	0	0	0	0	0	0	1659619379236
828	1570	0	0	0	0	0	0	1659619380256
828	1569	0	0	0	0	0	0	1659619381276
828	1568	0	0	0	0	0	0	1659619382296
828	1566	0	0	0	0	0	0	1659619383316
828	1564	0	0	0	0	0	0	1659619384336
828	1562	0	0	0	0	0	0	1659619385356
828	1561	0	0	0	0	0	0	1659619386376
828	1558	0	0	0	0	0	0	1659619387396
828	1558	0	0	0	0	0	0	1659619388416
828	1556	0	0	0	0	0	0	1659619389436
828	1554	0	0	0	0	0	0	1659619390456
828	1552	0	0	0	0	0	0	1659619391476
828	1552	0	0	0	0	0	0	1659619392496
828	1551	0	0	0	0	0	0	1659619393516
828	1550	0	0	0	0	0	0	1659619394536
828	1550	0	0	0	0	0	0	1659619395556
828	1550	0	0	0	0	0	0	1659619396576
828	1549	0	0	0	0	0	0	1659619397596
828	1549	0	0	0	0	0	0	1659619398616
828	1549	0	0	0	0	0	0	1659619399636
828	1549	0	0	0	0	0	0	1659619400656
828	1549	0	0	0	0	0	0	1659619401676
828	1549	0	0	0	0	0	0	1659619402696
828	1549	0	0	0	0	0	0	1659619403716
828	1549	0	0	0	0	0	0	1659619404736
828	1549	0	0	0	0	0	0	1659619405756
828	1549	0	0	0	0	0	0	1659619406776
828	1549	0	0	0	0	0	0	1659619407796
828	1549	0	0	0	0	0	0	1659619408816
828	1549	0	0	0	0	0	0	1659619409836
828	1549	0	0	0	0	0	0	1659619410856
828	1549	0	0	0	0	0	0	1659619411876
828	1549	0	0	0	0	0	0	1659619412896
828	1549	0	0	0	0	0	0	1659619413916
828	1549	0	0	0	0	0	0	1659619414936
828	1549	0	0	0	0	0	0	1659619415956
828	1549	0	0	0	0	0	0	1659619416976
828	1549	0	0	0	0	0	0	1659619417996
828	1549	0	0	0	0	0	0	1659619419016
828	1549	0	0	0	0	0	0	1659619420036
828	1549	0	0	0	0	0	0	1659619421056
828	1549	0	0	0	0	0	0	1659619422076
828	1549	0	0	0	0	0	0	1659619423096
828	1549	0	0	0	0	0	0	1659619424116
828	1549	0	0	0	0	0	0	1659619425136
828	1549	0	0	0	0	0	0	1659619426156
828	1549	0	0	0	0	0	0	1659619427176
828	1549	0	0	0	0	0	0	1659619428196
828	1549	0	0	0	0	0	0	1659619429216
828	1549	0	0	0	0	0	0	1659619430236
828	1549	0	0	0	0	0	0	1659619431256
828	1549	0	0	0	0	0	0	1659619432276
828	1549	0	0	0	0	0	0	1659619433296
828	1549	0	0	0	0	0	0	1659619434316
828	1549	0	0	0	0	0	0	1659619435336
828	1549	0	0	0	0	0	0	1659619436356
828	1549	0	0	0	0	0	0	1659619437376
828	1549	0	0	0	0	0	0	1659619438396
828	1549	0	0	0	0	0	0	1659619439416
828	1549	0	0	0	0	0	0	1659619440436
828	1549	0	0	0	0	0	0	1659619441456
828	1549	0	0	0	0	0	0	1659619442476
828	1549	0	0	0	0	0	0	1659619443496
828	1549	0	0	0	0	0	0	1659619444516
828	1549	0	0	0	0	0	0	1659619445536
828	1549	0	0	0	0	0	0	1659619446556
828	1549	0	0	0	0	0	0	1659619447576
828	1559	0	0	0	0	0	0	1659619448596
828	1563	0	0	0	0	0	0	1659619449616
828	1568	0	0	0	0	0	0	1659619450636
828	1572	0	0	0	0	0	0	1659619451656
828	1574	0	0	0	0	0	0	1659619452676
828	1575	0	0	0	0	0	0	1659619453696
828	1576	0	0	0	0	0	0	1659619454716
828	1576	0	0	0	0	0	0	1659619455736
828	1576	0	0	0	0	0	0	1659619456756
828	1576	0	0	0	0	0	0	1659619457776
828	1576	0	0	0	0	0	0	1659619458796
828	1575	0	0	0	0	0	0	1659619459816
828	1573	0	0	0	0	0	0	1659619460836
828	1571	0	0	0	0	0	0	1659619461856
828	1570	0	0	0	0	0	0	1659619462876
828	1571	0	0	0	0	0	0	1659619463896
828	1569	0	0	0	0	0	0	1659619464916
828	1568	0	0	0	0	0	0	1659619465936
828	1568	0	0	0	0	0	0	1659619466956
828	1566	0	0	0	0	0	0	1659619467976
828	1564	0	0	0	0	0	0	1659619468996
828	1563	0	0	0	0	0	0	1659619470016
828	1561	0	0	0	0	0	0	1659619471036
828	1559	0	0	0	0	0	0	1659619472056
828	1557	0	0	0	0	0	0	1659619473076
828	1554	0	0	0	0	0	0	1659619474096
828	1552	0	0	0	0	0	0	1659619475116
828	1551	0	0	0	0	0	0	1659619476136
828	1551	0	0	0	0	0	0	1659619477156
828	1551	0	0	0	0	0	0	1659619478176
828	1550	0	0	0	0	0	0	1659619479196
828	1550	0	0	0	0	0	0	1659619480216
828	1550	0	0	0	0	0	0	1659619481236
828	1550	0	0	0	0	0	0	1659619482256
828	1550	0	0	0	0	0	0	1659619483276
828	1550	0	0	0	0	0	0	1659619484296
828	1550	0	0	0	0	0	0	1659619485316
828	1550	0	0	0	0	0	0	1659619486336
828	1550	0	0	0	0	0	0	1659619487356
828	1550	0	0	0	0	0	0	1659619488376
828	1550	0	0	0	0	0	0	1659619489396
828	1550	0	0	0	0	0	0	1659619490416
828	1550	0	0	0	0	0	0	1659619491436
828	1550	0	0	0	0	0	0	1659619492456
828	1550	0	0	0	0	0	0	1659619493476
828	1550	0	0	0	0	0	0	1659619494496
828	1549	0	0	0	0	0	0	1659619495516
828	1549	0	0	0	0	0	0	1659619496536
828	1549	0	0	0	0	0	0	1659619497556
828	1549	0	0	0	0	0	0	1659619498576
828	1549	0	0	0	0	0	0	1659619499596
828	1549	0	0	0	0	0	0	1659619500616
828	1549	0	0	0	0	0	0	1659619501636
828	1549	0	0	0	0	0	0	1659619502656
828	1549	0	0	0	0	0	0	1659619503676
828	1549	0	0	0	0	0	0	1659619504696
828	1549	0	0	0	0	0	0	1659619505716
828	1549	0	0	0	0	0	0	1659619506736
828	1549	0	0	0	0	0	0	1659619507756
828	1549	0	0	0	0	0	0	1659619508776
828	1549	0	0	0	0	0	0	1659619509796
828	1549	0	0	0	0	0	0	1659619510816
828	1549	0	0	0	0	0	0	1659619511836
828	1549	0	0	0	0	0	0	1659619512856
828	1549	0	0	0	0	0	0	1659619513876
828	1549	0	0	0	0	0	0	1659619514896
828	1549	0	0	0	0	0	0	1659619515916
828	1549	0	0	0	0	0	0	1659619516936
828	1549	0	0	0	0	0	0	1659619517956
828	1549	0	0	0	0	0	0	1659619518976
828	1549	0	0	0	0	0	0	1659619519996
828	1549	0	0	0	0	0	0	1659619521016
828	1549	0	0	0	0	0	0	1659619522036
828	1549	0	0	0	0	0	0	1659619523056
828	1549	0	0	0	0	0	0	1659619524076
828	1549	0	0	0	0	0	0	1659619525096
828	1549	0	0	0	0	0	0	1659619526116
828	1549	0	0	0	0	0	0	1659619527136
828	1549	0	0	0	0	0	0	1659619528156
828	1549	0	0	0	0	0	0	1659619529176
828	1549	0	0	0	0	0	0	1659619530196
828	1549	0	0	0	0	0	0	1659619531216
828	1549	0	0	0	0	0	0	1659619532236
828	1549	0	0	0	0	0	0	1659619533256
828	1549	0	0	0	0	0	0	1659619534276
828	1549	0	0	0	0	0	0	1659619535296
828	1549	0	0	0	0	0	0	1659619536316
828	1549	0	0	0	0	0	0	1659619537336
828	1551	0	0	0	0	0	0	1659619538356
828	1550	0	0	0	0	0	0	1659619539376
828	1550	0	0	0	0	0	0	1659619540396
828	1549	0	0	0	0	0	0	1659619541416
828	1549	0	0	0	0	0	0	1659619542436
828	1549	0	0	0	0	0	0	1659619543456
828	1549	0	0	0	0	0	0	1659619544476
828	1549	0	0	0	0	0	0	1659619545496
828	1549	0	0	0	0	0	0	1659619546516
828	1549	0	0	0	0	0	0	1659619547536
828	1549	0	0	0	0	0	0	1659619548556
828	1549	0	0	0	0	0	0	1659619549576
828	1549	0	0	0	0	0	0	1659619550596
828	1549	0	0	0	0	0	0	1659619551616
828	1549	0	0	0	0	0	0	1659619552636
828	1549	0	0	0	0	0	0	1659619553656
828	1549	0	0	0	0	0	0	1659619554676
828	1549	0	0	0	0	0	0	1659619555696
828	1549	0	0	0	0	0	0	1659619556716
828	1549	0	0	0	0	0	0	1659619557736
828	1549	0	0	0	0	0	0	1659619558756
828	1549	0	0	0	0	0	0	1659619559776
828	1549	0	0	0	0	0	0	1659619560796
828	1549	0	0	0	0	0	0	1659619561816
828	1549	0	0	0	0	0	0	1659619562836
828	1549	0	0	0	0	0	0	1659619563856
828	1549	0	0	0	0	0	0	1659619564876
828	1549	0	0	0	0	0	0	1659619565896
828	1549	0	0	0	0	0	0	1659619566916
828	1549	0	0	0	0	0	0	1659619567936
828	1549	0	0	0	0	0	0	1659619568956
828	1549	0	0	0	0	0	0	1659619569976
828	1549	0	0	0	0	0	0	1659619570996
828	1549	0	0	0	0	0	0	1659619572016
828	1549	0	0	0	0	0	0	1659619573036
828	1549	0	0	0	0	0	0	1659619574056
828	1546	0	0	0	0	0	0	1659619575076
828	1547	0	0	0	0	0	0	1659619576096
828	1548	0	0	0	0	0	0	1659619577116
828	1548	0	0	0	0	0	0	1659619578136
828	1548	0	0	0	0	0	0	1659619579156
828	1549	0	0	0	0	0	0	1659619580176
828	1549	0	0	0	0	0	0	1659619581196
828	1549	0	0	0	0	0	0	1659619582216
828	1549	0	0	0	0	0	0	1659619583236
828	1549	0	0	0	0	0	0	1659619584256
828	1549	0	0	0	0	0	0	1659619585276
828	1549	0	0	0	0	0	0	1659619586296
828	1549	0	0	0	0	0	0	1659619587316
828	1549	0	0	0	0	0	0	1659619588336
828	1549	0	0	0	0	0	0	1659619589356
828	1549	0	0	0	0	0	0	1659619590376
828	1549	0	0	0	0	0	0	1659619591396
828	1549	0	0	0	0	0	0	1659619592416
828	1549	0	0	0	0	0	0	1659619593436
828	1549	0	0	0	0	0	0	1659619594456
828	1549	0	0	0	0	0	0	1659619595476
828	1549	0	0	0	0	0	0	1659619596496
828	1549	0	0	0	0	0	0	1659619597516
828	1549	0	0	0	0	0	0	1659619598536
828	1549	0	0	0	0	0	0	1659619599556
828	1549	0	0	0	0	0	0	1659619600576
828	1549	0	0	0	0	0	0	1659619601596
828	1549	0	0	0	0	0	0	1659619602616
828	1549	0	0	0	0	0	0	1659619603636
828	1549	0	0	0	0	0	0	1659619604656
828	1549	0	0	0	0	0	0	1659619605676
828	1549	0	0	0	0	0	0	1659619606696
828	1549	0	0	0	0	0	0	1659619607716
828	1549	0	0	0	0	0	0	1659619608736
828	1549	0	0	0	0	0	0	1659619609756
828	1549	0	0	0	0	0	0	1659619610776
828	1549	0	0	0	0	0	0	1659619611796
828	1549	0	0	0	0	0	0	1659619612816
828	1549	0	0	0	0	0	0	1659619613836
828	1549	0	0	0	0	0	0	1659619614856
828	1549	0	0	0	0	0	0	1659619615876
828	1549	0	0	0	0	0	0	1659619616896
828	1549	0	0	0	0	0	0	1659619617916
828	1549	0	0	0	0	0	0	1659619618936
828	1549	0	0	0	0	0	0	1659619619956
828	1549	0	0	0	0	0	0	1659619620976
828	1549	0	0	0	0	0	0	1659619621996
828	1549	0	0	0	0	0	0	1659619623016
828	1549	0	0	0	0	0	0	1659619624036
828	1549	0	0	0	0	0	0	1659619625056
828	1549	0	0	0	0	0	0	1659619626076
828	1549	0	0	0	0	0	0	1659619627096
828	1549	0	0	0	0	0	0	1659619628116
828	10929	0	0	0	0	0	0	1659619629136
828	7177	0	0	0	0	0	0	1659619630156
828	4926	0	0	0	0	0	0	1659619631176
828	3575	0	0	0	0	0	0	1659619632196
828	2765	0	0	0	0	0	0	1659619633216
828	2278	0	0	0	0	0	0	1659619634236
828	1986	0	0	0	0	0	0	1659619635256
828	1811	0	0	0	0	0	0	1659619636276
828	1706	0	0	0	0	0	0	1659619637296
828	1643	0	0	0	0	0	0	1659619638316
828	1605	0	0	0	0	0	0	1659619639336
828	1583	0	0	0	0	0	0	1659619640356
828	1569	0	0	0	0	0	0	1659619641376
828	1560	0	0	0	0	0	0	1659619642396
828	1555	0	0	0	0	0	0	1659619643416
828	1552	0	0	0	0	0	0	1659619644436
828	1550	0	0	0	0	0	0	1659619645456
828	1548	0	0	0	0	0	0	1659619646476
828	1547	0	0	0	0	0	0	1659619647496
828	1547	0	0	0	0	0	0	1659619648516
828	1546	0	0	0	0	0	0	1659619649536
828	1545	0	0	0	0	0	0	1659619650556
828	1544	0	0	0	0	0	0	1659619651576
828	1543	0	0	0	0	0	0	1659619652596
828	1543	0	0	0	0	0	0	1659619653616
828	1541	0	0	0	0	0	0	1659619654636
828	1540	0	0	0	0	0	0	1659619655656
828	1540	0	0	0	0	0	0	1659619656676
828	1537	0	0	0	0	0	0	1659619657696
828	1537	0	0	0	0	0	0	1659619658716
828	1538	0	0	0	0	0	0	1659619659736
828	1538	0	0	0	0	0	0	1659619660756
828	1540	0	0	0	0	0	0	1659619661776
828	1539	0	0	0	0	0	0	1659619662796
828	1540	0	0	0	0	0	0	1659619663816
828	1539	0	0	0	0	0	0	1659619664836
828	1537	0	0	0	0	0	0	1659619665856
828	1533	0	0	0	0	0	0	1659619666876
828	1530	0	0	0	0	0	0	1659619667896
828	1528	0	0	0	0	0	0	1659619668916
828	1527	0	0	0	0	0	0	1659619669936
828	1527	0	0	0	0	0	0	1659619670956
828	1528	0	0	0	0	0	0	1659619671976
828	1528	0	0	0	0	0	0	1659619672996
828	1526	0	0	0	0	0	0	1659619674016
828	1525	0	0	0	0	0	0	1659619675036
828	1523	0	0	0	0	0	0	1659619676056
828	1523	0	0	0	0	0	0	1659619677076
828	1523	0	0	0	0	0	0	1659619678096
828	1523	0	0	0	0	0	0	1659619679116
828	1522	0	0	0	0	0	0	1659619680136
828	1522	0	0	0	0	0	0	1659619681156
828	1522	0	0	0	0	0	0	1659619682176
828	1522	0	0	0	0	0	0	1659619683196
828	1522	0	0	0	0	0	0	1659619684216
828	1522	0	0	0	0	0	0	1659619685236
828	1522	0	0	0	0	0	0	1659619686256
828	1522	0	0	0	0	0	0	1659619687276
828	1522	0	0	0	0	0	0	1659619688296
828	1522	0	0	0	0	0	0	1659619689316
828	1522	0	0	0	0	0	0	1659619690336
828	1522	0	0	0	0	0	0	1659619691356
828	1522	0	0	0	0	0	0	1659619692376
828	1522	0	0	0	0	0	0	1659619693396
828	1522	0	0	0	0	0	0	1659619694416
828	1522	0	0	0	0	0	0	1659619695436
828	1522	0	0	0	0	0	0	1659619696456
828	1522	0	0	0	0	0	0	1659619697476
828	1522	0	0	0	0	0	0	1659619698496
828	1522	0	0	0	0	0	0	1659619699516
828	1522	0	0	0	0	0	0	1659619700536
828	1521	0	0	0	0	0	0	1659619701556
828	1521	0	0	0	0	0	0	1659619702576
828	1521	0	0	0	0	0	0	1659619703596
828	1521	0	0	0	0	0	0	1659619704616
828	1521	0	0	0	0	0	0	1659619705636
828	1521	0	0	0	0	0	0	1659619706656
828	1521	0	0	0	0	0	0	1659619707676
828	1521	0	0	0	0	0	0	1659619708696
828	1521	0	0	0	0	0	0	1659619709716
828	1521	0	0	0	0	0	0	1659619710736
828	1521	0	0	0	0	0	0	1659619711756
828	1521	0	0	0	0	0	0	1659619712776
828	1521	0	0	0	0	0	0	1659619713796
828	1521	0	0	0	0	0	0	1659619714816
828	1521	0	0	0	0	0	0	1659619715836
828	1521	0	0	0	0	0	0	1659619716856
828	1521	0	0	0	0	0	0	1659619717876
828	1521	0	0	0	0	0	0	1659619718896
828	1521	0	0	0	0	0	0	1659619719916
828	1521	0	0	0	0	0	0	1659619720936
828	1521	0	0	0	0	0	0	1659619721956
828	1521	0	0	0	0	0	0	1659619722976
828	1521	0	0	0	0	0	0	1659619723996
828	1521	0	0	0	0	0	0	1659619725016
828	1521	0	0	0	0	0	0	1659619726036
828	1521	0	0	0	0	0	0	1659619727056
828	1521	0	0	0	0	0	0	1659619728076
828	1521	0	0	0	0	0	0	1659619729096
828	1521	0	0	0	0	0	0	1659619730116
828	1521	0	0	0	0	0	0	1659619731136
828	1521	0	0	0	0	0	0	1659619732156
828	1521	0	0	0	0	0	0	1659619733176
828	1521	0	0	0	0	0	0	1659619734196
828	1521	0	0	0	0	0	0	1659619735216
828	1521	0	0	0	0	0	0	1659619736236
828	1521	0	0	0	0	0	0	1659619737256
828	1521	0	0	0	0	0	0	1659619738276
828	1521	0	0	0	0	0	0	1659619739296
828	1521	0	0	0	0	0	0	1659619740316
828	1521	0	0	0	0	0	0	1659619741336
828	1521	0	0	0	0	0	0	1659619742356
828	1521	0	0	0	0	0	0	1659619743376
828	1521	0	0	0	0	0	0	1659619744396
828	1521	0	0	0	0	0	0	1659619745416
828	1521	0	0	0	0	0	0	1659619746436
828	1521	0	0	0	0	0	0	1659619747456
828	1521	0	0	0	0	0	0	1659619748476
828	1521	0	0	0	0	0	0	1659619749496
828	1521	0	0	0	0	0	0	1659619750516
828	1521	0	0	0	0	0	0	1659619751536
828	1521	0	0	0	0	0	0	1659619752556
828	1521	0	0	0	0	0	0	1659619753576
828	1521	0	0	0	0	0	0	1659619754596
828	1521	0	0	0	0	0	0	1659619755616
828	1521	0	0	0	0	0	0	1659619756636
828	1521	0	0	0	0	0	0	1659619757656
828	1521	0	0	0	0	0	0	1659619758676
828	1521	0	0	0	0	0	0	1659619759696
828	1521	0	0	0	0	0	0	1659619760716
828	1521	0	0	0	0	0	0	1659619761736
828	1521	0	0	0	0	0	0	1659619762756
828	1521	0	0	0	0	0	0	1659619763776
828	1521	0	0	0	0	0	0	1659619764796
828	1521	0	0	0	0	0	0	1659619765816
828	1521	0	0	0	0	0	0	1659619766836
828	1521	0	0	0	0	0	0	1659619767856
828	1521	0	0	0	0	0	0	1659619768876
828	1521	0	0	0	0	0	0	1659619769896
828	1521	0	0	0	0	0	0	1659619770916
828	1521	0	0	0	0	0	0	1659619771936
828	1521	0	0	0	0	0	0	1659619772956
828	1521	0	0	0	0	0	0	1659619773976
828	1521	0	0	0	0	0	0	1659619774996
828	1521	0	0	0	0	0	0	1659619776016
828	1521	0	0	0	0	0	0	1659619777036
828	1521	0	0	0	0	0	0	1659619778056
828	1521	0	0	0	0	0	0	1659619779076
828	1521	0	0	0	0	0	0	1659619780096
828	1521	0	0	0	0	0	0	1659619781116
828	1521	0	0	0	0	0	0	1659619782136
828	1521	0	0	0	0	0	0	1659619783156
828	1521	0	0	0	0	0	0	1659619784176
828	1521	0	0	0	0	0	0	1659619785196
828	1521	0	0	0	0	0	0	1659619786216
828	1521	0	0	0	0	0	0	1659619787236
828	1521	0	0	0	0	0	0	1659619788256
828	1521	0	0	0	0	0	0	1659619789276
828	1521	0	0	0	0	0	0	1659619790296
828	1521	0	0	0	0	0	0	1659619791316
828	1521	0	0	0	0	0	0	1659619792336
828	1521	0	0	0	0	0	0	1659619793356
828	1521	0	0	0	0	0	0	1659619794376
828	1521	0	0	0	0	0	0	1659619795396
828	1521	0	0	0	0	0	0	1659619796416
828	1521	0	0	0	0	0	0	1659619797436
828	1521	0	0	0	0	0	0	1659619798456
828	1521	0	0	0	0	0	0	1659619799476
828	1521	0	0	0	0	0	0	1659619800496
828	1521	0	0	0	0	0	0	1659619801516
828	1521	0	0	0	0	0	0	1659619802536
828	1521	0	0	0	0	0	0	1659619803556
828	1521	0	0	0	0	0	0	1659619804576
828	1521	0	0	0	0	0	0	1659619805596
828	1521	0	0	0	0	0	0	1659619806616
828	1519	0	0	0	0	0	0	1659619807636
828	1524	0	0	0	0	0	0	1659619808656
828	1524	0	0	0	0	0	0	1659619809676
828	1523	0	0	0	0	0	0	1659619810696
828	1522	0	0	0	0	0	0	1659619811716
828	1522	0	0	0	0	0	0	1659619812736
828	1522	0	0	0	0	0	0	1659619813756
828	1522	0	0	0	0	0	0	1659619814776
828	1522	0	0	0	0	0	0	1659619815796
828	1522	0	0	0	0	0	0	1659619816816
828	1522	0	0	0	0	0	0	1659619817836
828	1522	0	0	0	0	0	0	1659619818856
828	1522	0	0	0	0	0	0	1659619819876
828	1522	0	0	0	0	0	0	1659619820896
828	1522	0	0	0	0	0	0	1659619821916
828	1522	0	0	0	0	0	0	1659619822936
828	1522	0	0	0	0	0	0	1659619823956
828	1522	0	0	0	0	0	0	1659619824976
828	1522	0	0	0	0	0	0	1659619825996
828	1521	0	0	0	0	0	0	1659619827016
828	1521	0	0	0	0	0	0	1659619828036
828	1521	0	0	0	0	0	0	1659619829056
828	1521	0	0	0	0	0	0	1659619830076
828	1521	0	0	0	0	0	0	1659619831096
828	1521	0	0	0	0	0	0	1659619832116
828	1521	0	0	0	0	0	0	1659619833136
828	1521	0	0	0	0	0	0	1659619834156
828	1521	0	0	0	0	0	0	1659619835176
828	1521	0	0	0	0	0	0	1659619836196
828	1521	0	0	0	0	0	0	1659619837216
828	1521	0	0	0	0	0	0	1659619838236
828	1521	0	0	0	0	0	0	1659619839256
828	1521	0	0	0	0	0	0	1659619840276
828	1521	0	0	0	0	0	0	1659619841296
828	1521	0	0	0	0	0	0	1659619842316
828	1521	0	0	0	0	0	0	1659619843336
828	1521	0	0	0	0	0	0	1659619844356
828	1521	0	0	0	0	0	0	1659619845376
828	1521	0	0	0	0	0	0	1659619846396
828	1521	0	0	0	0	0	0	1659619847416
828	1521	0	0	0	0	0	0	1659619848436
828	1521	0	0	0	0	0	0	1659619849456
828	1521	0	0	0	0	0	0	1659619850476
828	1521	0	0	0	0	0	0	1659619851496
828	1521	0	0	0	0	0	0	1659619852516
828	1521	0	0	0	0	0	0	1659619853536
828	1521	0	0	0	0	0	0	1659619854556
828	1521	0	0	0	0	0	0	1659619855576
828	1521	0	0	0	0	0	0	1659619856596
828	1521	0	0	0	0	0	0	1659619857616
828	1521	0	0	0	0	0	0	1659619858636
828	1521	0	0	0	0	0	0	1659619859656
828	1521	0	0	0	0	0	0	1659619860676
828	1521	0	0	0	0	0	0	1659619861696
828	1521	0	0	0	0	0	0	1659619862716
828	1521	0	0	0	0	0	0	1659619863736
828	1521	0	0	0	0	0	0	1659619864756
828	1521	0	0	0	0	0	0	1659619865776
828	1521	0	0	0	0	0	0	1659619866796
828	1521	0	0	0	0	0	0	1659619867816
828	1521	0	0	0	0	0	0	1659619868836
828	1521	0	0	0	0	0	0	1659619869856
828	1521	0	0	0	0	0	0	1659619870876
828	1521	0	0	0	0	0	0	1659619871896
828	1521	0	0	0	0	0	0	1659619872916
828	1521	0	0	0	0	0	0	1659619873936
828	1521	0	0	0	0	0	0	1659619874956
828	1521	0	0	0	0	0	0	1659619875976
828	1521	0	0	0	0	0	0	1659619876996
828	1521	0	0	0	0	0	0	1659619878016
828	1521	0	0	0	0	0	0	1659619879036
828	1521	0	0	0	0	0	0	1659619880056
828	1521	0	0	0	0	0	0	1659619881076
828	1521	0	0	0	0	0	0	1659619882096
828	1521	0	0	0	0	0	0	1659619883116
828	1521	0	0	0	0	0	0	1659619884136
828	1521	0	0	0	0	0	0	1659619885156
828	1521	0	0	0	0	0	0	1659619886176
828	1521	0	0	0	0	0	0	1659619887196
828	1521	0	0	0	0	0	0	1659619888216
828	1521	0	0	0	0	0	0	1659619889236
828	1521	0	0	0	0	0	0	1659619890256
828	1521	0	0	0	0	0	0	1659619891276
828	1521	0	0	0	0	0	0	1659619892296
828	1521	0	0	0	0	0	0	1659619893316
828	1521	0	0	0	0	0	0	1659619894336
828	1521	0	0	0	0	0	0	1659619895356
828	1521	0	0	0	0	0	0	1659619896376
828	1521	0	0	0	0	0	0	1659619897396
828	1521	0	0	0	0	0	0	1659619898416
828	1521	0	0	0	0	0	0	1659619899436
828	1521	0	0	0	0	0	0	1659619900456
828	1521	0	0	0	0	0	0	1659619901476
828	1521	0	0	0	0	0	0	1659619902496
828	1521	0	0	0	0	0	0	1659619903516
828	1521	0	0	0	0	0	0	1659619904536
828	1521	0	0	0	0	0	0	1659619905556
828	1521	0	0	0	0	0	0	1659619906576
828	1521	0	0	0	0	0	0	1659619907596
828	1521	0	0	0	0	0	0	1659619908616
828	1521	0	0	0	0	0	0	1659619909636
828	1521	0	0	0	0	0	0	1659619910656
828	1521	0	0	0	0	0	0	1659619911676
828	1521	0	0	0	0	0	0	1659619912696
828	1521	0	0	0	0	0	0	1659619913716
828	1521	0	0	0	0	0	0	1659619914736
828	1521	0	0	0	0	0	0	1659619915756
828	1521	0	0	0	0	0	0	1659619916776
828	1521	0	0	0	0	0	0	1659619917796
828	1521	0	0	0	0	0	0	1659619918816
828	1521	0	0	0	0	0	0	1659619919836
828	1521	0	0	0	0	0	0	1659619920856
828	1521	0	0	0	0	0	0	1659619921876
828	1521	0	0	0	0	0	0	1659619922896
828	1521	0	0	0	0	0	0	1659619923916
828	1521	0	0	0	0	0	0	1659619924936
828	1521	0	0	0	0	0	0	1659619925956
828	1521	0	0	0	0	0	0	1659619926976
828	1521	0	0	0	0	0	0	1659619927996
828	1521	0	0	0	0	0	0	1659619929016
828	1521	0	0	0	0	0	0	1659619930036
828	1521	0	0	0	0	0	0	1659619931056
828	1521	0	0	0	0	0	0	1659619932076
828	1521	0	0	0	0	0	0	1659619933096
828	1521	0	0	0	0	0	0	1659619934116
828	1521	0	0	0	0	0	0	1659619935136
828	1521	0	0	0	0	0	0	1659619936156
828	1521	0	0	0	0	0	0	1659619937176
828	1521	0	0	0	0	0	0	1659619938196
828	1521	0	0	0	0	0	0	1659619939216
828	1521	0	0	0	0	0	0	1659619940236
828	1521	0	0	0	0	0	0	1659619941256
828	1521	0	0	0	0	0	0	1659619942276
828	1521	0	0	0	0	0	0	1659619943296
828	1521	0	0	0	0	0	0	1659619944316
828	1521	0	0	0	0	0	0	1659619945336
828	1521	0	0	0	0	0	0	1659619946356
828	1521	0	0	0	0	0	0	1659619947376
828	1521	0	0	0	0	0	0	1659619948396
828	1521	0	0	0	0	0	0	1659619949416
828	1521	0	0	0	0	0	0	1659619950436
828	1521	0	0	0	0	0	0	1659619951456
828	1521	0	0	0	0	0	0	1659619952476
828	1521	0	0	0	0	0	0	1659619953496
828	1521	0	0	0	0	0	0	1659619954516
828	1521	0	0	0	0	0	0	1659619955536
828	1521	0	0	0	0	0	0	1659619956556
828	1521	0	0	0	0	0	0	1659619957576
828	1521	0	0	0	0	0	0	1659619958596
828	1521	0	0	0	0	0	0	1659619959616
828	1521	0	0	0	0	0	0	1659619960636
828	1521	0	0	0	0	0	0	1659619961656
828	1521	0	0	0	0	0	0	1659619962676
828	1521	0	0	0	0	0	0	1659619963696
828	1521	0	0	0	0	0	0	1659619964716
828	1521	0	0	0	0	0	0	1659619965736
828	1521	0	0	0	0	0	0	1659619966756
828	1521	0	0	0	0	0	0	1659619967776
828	1521	0	0	0	0	0	0	1659619968796
828	1521	0	0	0	0	0	0	1659619969816
828	1521	0	0	0	0	0	0	1659619970836
828	1521	0	0	0	0	0	0	1659619971856
828	1521	0	0	0	0	0	0	1659619972876
828	1521	0	0	0	0	0	0	1659619973896
828	1521	0	0	0	0	0	0	1659619974916
828	1521	0	0	0	0	0	0	1659619975936
828	1521	0	0	0	0	0	0	1659619976956
828	1521	0	0	0	0	0	0	1659619977976
828	1521	0	0	0	0	0	0	1659619978996
828	1521	0	0	0	0	0	0	1659619980016
828	1521	0	0	0	0	0	0	1659619981036
828	1521	0	0	0	0	0	0	1659619982056
828	1521	0	0	0	0	0	0	1659619983076
828	1521	0	0	0	0	0	0	1659619984096
828	1521	0	0	0	0	0	0	1659619985116
828	1521	0	0	0	0	0	0	1659619986136
828	1521	0	0	0	0	0	0	1659619987156
828	1521	0	0	0	0	0	0	1659619988176
828	1521	0	0	0	0	0	0	1659619989196
828	1521	0	0	0	0	0	0	1659619990216
828	1521	0	0	0	0	0	0	1659619991236
828	1521	0	0	0	0	0	0	1659619992256
828	1521	0	0	0	0	0	0	1659619993276
828	1521	0	0	0	0	0	0	1659619994296
828	1521	0	0	0	0	0	0	1659619995316
828	1520	0	0	0	0	0	0	1659619996336
828	1520	0	0	0	0	0	0	1659619997356
828	1520	0	0	0	0	0	0	1659619998376
828	1520	0	0	0	0	0	0	1659619999396
828	1520	0	0	0	0	0	0	1659620000416
828	1520	0	0	0	0	0	0	1659620001436
828	1520	0	0	0	0	0	0	1659620002456
828	1521	0	0	0	0	0	0	1659620003476
828	1520	0	0	0	0	0	0	1659620004496
828	1520	0	0	0	0	0	0	1659620005516
828	1520	0	0	0	0	0	0	1659620006536
828	1520	0	0	0	0	0	0	1659620007556
828	1520	0	0	0	0	0	0	1659620008576
828	1520	0	0	0	0	0	0	1659620009596
828	1520	0	0	0	0	0	0	1659620010616
828	1521	0	0	0	0	0	0	1659620011636
828	1520	0	0	0	0	0	0	1659620012656
828	1520	0	0	0	0	0	0	1659620013676
828	1520	0	0	0	0	0	0	1659620014696
828	1520	0	0	0	0	0	0	1659620015716
828	1520	0	0	0	0	0	0	1659620016736
828	1520	0	0	0	0	0	0	1659620017756
828	1520	0	0	0	0	0	0	1659620018776
828	1521	0	0	0	0	0	0	1659620019796
828	1521	0	0	0	0	0	0	1659620020816
828	1521	0	0	0	0	0	0	1659620021836
828	1521	0	0	0	0	0	0	1659620022856
828	1520	0	0	0	0	0	0	1659620023876
828	1519	0	0	0	0	0	0	1659620024896
828	1520	0	0	0	0	0	0	1659620025916
828	1520	0	0	0	0	0	0	1659620026936
828	1520	0	0	0	0	0	0	1659620027956
828	1520	0	0	0	0	0	0	1659620028976
828	1520	0	0	0	0	0	0	1659620029996
828	1519	0	0	0	0	0	0	1659620031016
828	1520	0	0	0	0	0	0	1659620032036
828	1519	0	0	0	0	0	0	1659620033056
828	1519	0	0	0	0	0	0	1659620034076
828	1518	0	0	0	0	0	0	1659620035096
828	1518	0	0	0	0	0	0	1659620036116
828	1518	0	0	0	0	0	0	1659620037136
828	1518	0	0	0	0	0	0	1659620038156
