2111	864	0	0	0	0	0	0	1659996328707
2109	861	0	0	0	0	0	0	1659996329727
2108	851	0	0	0	0	0	0	1659996330747
2107	842	0	0	0	0	0	0	1659996331767
2107	837	0	0	0	0	0	0	1659996332787
2106	834	0	0	0	0	0	0	1659996333807
2106	827	0	0	0	0	0	0	1659996334827
2106	817	0	0	0	0	0	0	1659996335847
2106	811	0	0	0	0	0	0	1659996336867
2105	807	0	0	0	0	0	0	1659996337887
2105	805	0	0	0	0	0	0	1659996338907
2104	804	0	0	0	0	0	0	1659996339927
2104	803	0	0	0	0	0	0	1659996340947
2104	802	0	0	0	0	0	0	1659996341967
2103	798	0	0	0	0	0	0	1659996342987
2100	789	0	0	0	0	0	0	1659996344007
2099	783	0	0	0	0	0	0	1659996345027
2097	779	0	0	0	0	0	0	1659996346047
2094	777	0	0	0	0	0	0	1659996347067
2093	776	0	0	0	0	0	0	1659996348087
2090	775	0	0	0	0	0	0	1659996349107
2087	774	0	0	0	0	0	0	1659996350127
2086	774	0	0	0	0	0	0	1659996351147
2084	774	0	0	0	0	0	0	1659996352167
2082	774	0	0	0	0	0	0	1659996353187
2081	774	0	0	0	0	0	0	1659996354207
2080	774	0	0	0	0	0	0	1659996355227
2079	774	0	0	0	0	0	0	1659996356247
2079	774	0	0	0	0	0	0	1659996357267
2079	774	0	0	0	0	0	0	1659996358287
2079	774	0	0	0	0	0	0	1659996359307
2079	774	0	0	0	0	0	0	1659996360327
2079	773	0	0	0	0	0	0	1659996361347
2079	770	0	0	0	0	0	0	1659996362367
2078	765	0	0	0	0	0	0	1659996363387
2078	758	0	0	0	0	0	0	1659996364407
2078	754	0	0	0	0	0	0	1659996365427
2078	751	0	0	0	0	0	0	1659996366447
2078	749	0	0	0	0	0	0	1659996367467
2078	748	0	0	0	0	0	0	1659996368487
2078	747	0	0	0	0	0	0	1659996369507
2078	746	0	0	0	0	0	0	1659996370527
2078	746	0	0	0	0	0	0	1659996371547
2078	746	0	0	0	0	0	0	1659996372567
2074	746	0	0	0	0	0	0	1659996373587
2076	746	0	0	0	0	0	0	1659996374607
2077	746	0	0	0	0	0	0	1659996375627
2077	746	0	0	0	0	0	0	1659996376647
2077	746	0	0	0	0	0	0	1659996377667
2077	746	0	0	0	0	0	0	1659996378687
2077	746	0	0	0	0	0	0	1659996379707
2077	746	0	0	0	0	0	0	1659996380727
2077	746	0	0	0	0	0	0	1659996381747
2077	746	0	0	0	0	0	0	1659996382767
2077	746	0	0	0	0	0	0	1659996383787
2077	746	0	0	0	0	0	0	1659996384807
2077	746	0	0	0	0	0	0	1659996385827
2078	746	0	0	0	0	0	0	1659996386847
2078	746	0	0	0	0	0	0	1659996387867
2078	746	0	0	0	0	0	0	1659996388887
2078	746	0	0	0	0	0	0	1659996389907
2078	746	0	0	0	0	0	0	1659996390927
2078	746	0	0	0	0	0	0	1659996391947
2078	746	0	0	0	0	0	0	1659996392967
2078	746	0	0	0	0	0	0	1659996393987
2078	746	0	0	0	0	0	0	1659996395007
2078	746	0	0	0	0	0	0	1659996396027
2078	746	0	0	0	0	0	0	1659996397047
2078	746	0	0	0	0	0	0	1659996398067
2078	746	0	0	0	0	0	0	1659996399087
2078	745	0	0	0	0	0	0	1659996400107
2078	745	0	0	0	0	0	0	1659996401127
2078	743	0	0	0	0	0	0	1659996402147
2078	742	0	0	0	0	0	0	1659996403167
2078	741	0	0	0	0	0	0	1659996404187
2078	741	0	0	0	0	0	0	1659996405207
2078	740	0	0	0	0	0	0	1659996406227
2078	735	0	0	0	0	0	0	1659996407247
2078	731	0	0	0	0	0	0	1659996408267
2078	729	0	0	0	0	0	0	1659996409287
2078	727	0	0	0	0	0	0	1659996410307
2078	724	0	0	0	0	0	0	1659996411327
2078	722	0	0	0	0	0	0	1659996412347
2078	721	0	0	0	0	0	0	1659996413367
2078	720	0	0	0	0	0	0	1659996414387
2078	719	0	0	0	0	0	0	1659996415407
2078	719	0	0	0	0	0	0	1659996416427
2077	719	0	0	0	0	0	0	1659996417447
2077	719	0	0	0	0	0	0	1659996418467
2077	719	0	0	0	0	0	0	1659996419487
2077	719	0	0	0	0	0	0	1659996420507
2076	719	0	0	0	0	0	0	1659996421527
2076	719	0	0	0	0	0	0	1659996422547
2076	719	0	0	0	0	0	0	1659996423567
2075	719	0	0	0	0	0	0	1659996424587
2074	719	0	0	0	0	0	0	1659996425607
2072	719	0	0	0	0	0	0	1659996426627
2070	719	0	0	0	0	0	0	1659996427647
2070	719	0	0	0	0	0	0	1659996428667
2070	719	0	0	0	0	0	0	1659996429687
2067	719	0	0	0	0	0	0	1659996430707
2066	719	0	0	0	0	0	0	1659996431727
2062	719	0	0	0	0	0	0	1659996432747
2063	719	0	0	0	0	0	0	1659996433767
2061	719	0	0	0	0	0	0	1659996434787
2059	719	0	0	0	0	0	0	1659996435807
2059	719	0	0	0	0	0	0	1659996436827
2059	719	0	0	0	0	0	0	1659996437847
2057	719	0	0	0	0	0	0	1659996438867
2056	719	0	0	0	0	0	0	1659996439887
2054	719	0	0	0	0	0	0	1659996440907
2054	719	0	0	0	0	0	0	1659996441927
2053	719	0	0	0	0	0	0	1659996442947
2053	719	0	0	0	0	0	0	1659996443967
2052	719	0	0	0	0	0	0	1659996444987
2051	719	0	0	0	0	0	0	1659996446007
2051	719	0	0	0	0	0	0	1659996447027
2051	719	0	0	0	0	0	0	1659996448047
2051	719	0	0	0	0	0	0	1659996449067
2051	719	0	0	0	0	0	0	1659996450087
2050	719	0	0	0	0	0	0	1659996451107
2050	719	0	0	0	0	0	0	1659996452127
2050	719	0	0	0	0	0	0	1659996453147
2050	719	0	0	0	0	0	0	1659996454167
2050	719	0	0	0	0	0	0	1659996455187
2050	719	0	0	0	0	0	0	1659996456207
2050	719	0	0	0	0	0	0	1659996457227
2050	719	0	0	0	0	0	0	1659996458247
2050	719	0	0	0	0	0	0	1659996459267
2050	719	0	0	0	0	0	0	1659996460287
2050	719	0	0	0	0	0	0	1659996461307
2050	719	0	0	0	0	0	0	1659996462327
2050	719	0	0	0	0	0	0	1659996463347
2050	719	0	0	0	0	0	0	1659996464367
2050	719	0	0	0	0	0	0	1659996465387
2050	719	0	0	0	0	0	0	1659996466407
2050	719	0	0	0	0	0	0	1659996467427
2050	719	0	0	0	0	0	0	1659996468447
2050	719	0	0	0	0	0	0	1659996469467
2050	719	0	0	0	0	0	0	1659996470487
2050	719	0	0	0	0	0	0	1659996471507
2050	719	0	0	0	0	0	0	1659996472527
2050	719	0	0	0	0	0	0	1659996473547
2050	719	0	0	0	0	0	0	1659996474567
2050	719	0	0	0	0	0	0	1659996475587
2050	719	0	0	0	0	0	0	1659996476607
2050	719	0	0	0	0	0	0	1659996477627
2050	719	0	0	0	0	0	0	1659996478647
2050	719	0	0	0	0	0	0	1659996479667
2050	718	0	0	0	0	0	0	1659996480687
2050	718	0	0	0	0	0	0	1659996481707
2050	718	0	0	0	0	0	0	1659996482727
2050	718	0	0	0	0	0	0	1659996483747
2050	718	0	0	0	0	0	0	1659996484767
2050	718	0	0	0	0	0	0	1659996485787
2050	718	0	0	0	0	0	0	1659996486807
2050	718	0	0	0	0	0	0	1659996487827
2050	717	0	0	0	0	0	0	1659996488847
2050	715	0	0	0	0	0	0	1659996489867
2050	715	0	0	0	0	0	0	1659996490887
2050	713	0	0	0	0	0	0	1659996491907
2050	712	0	0	0	0	0	0	1659996492927
2050	710	0	0	0	0	0	0	1659996493947
2050	708	0	0	0	0	0	0	1659996494967
2050	708	0	0	0	0	0	0	1659996495987
2050	707	0	0	0	0	0	0	1659996497007
2050	707	0	0	0	0	0	0	1659996498027
2050	705	0	0	0	0	0	0	1659996499047
2050	704	0	0	0	0	0	0	1659996500067
2050	701	0	0	0	0	0	0	1659996501087
2050	700	0	0	0	0	0	0	1659996502107
2050	697	0	0	0	0	0	0	1659996503127
2050	695	0	0	0	0	0	0	1659996504147
2050	694	0	0	0	0	0	0	1659996505167
2050	694	0	0	0	0	0	0	1659996506187
2050	693	0	0	0	0	0	0	1659996507207
2050	695	0	0	0	0	0	0	1659996508227
2050	696	0	0	0	0	0	0	1659996509247
2049	694	0	0	0	0	0	0	1659996510267
2049	693	0	0	0	0	0	0	1659996511287
2049	692	0	0	0	0	0	0	1659996512307
2049	691	0	0	0	0	0	0	1659996513327
2049	691	0	0	0	0	0	0	1659996514347
2049	691	0	0	0	0	0	0	1659996515367
2049	691	0	0	0	0	0	0	1659996516387
2049	691	0	0	0	0	0	0	1659996517407
2049	691	0	0	0	0	0	0	1659996518427
2048	691	0	0	0	0	0	0	1659996519447
2048	691	0	0	0	0	0	0	1659996520467
2048	691	0	0	0	0	0	0	1659996521487
2048	691	0	0	0	0	0	0	1659996522507
2048	691	0	0	0	0	0	0	1659996523527
2048	691	0	0	0	0	0	0	1659996524547
2046	691	0	0	0	0	0	0	1659996525567
2046	691	0	0	0	0	0	0	1659996526587
2044	691	0	0	0	0	0	0	1659996527607
2041	691	0	0	0	0	0	0	1659996528627
2039	691	0	0	0	0	0	0	1659996529647
2036	691	0	0	0	0	0	0	1659996530667
2034	691	0	0	0	0	0	0	1659996531687
2032	691	0	0	0	0	0	0	1659996532707
2030	691	0	0	0	0	0	0	1659996533727
2029	691	0	0	0	0	0	0	1659996534747
2027	691	0	0	0	0	0	0	1659996535767
2026	691	0	0	0	0	0	0	1659996536787
2026	691	0	0	0	0	0	0	1659996537807
2025	691	0	0	0	0	0	0	1659996538827
2025	691	0	0	0	0	0	0	1659996539847
2024	691	0	0	0	0	0	0	1659996540867
2023	691	0	0	0	0	0	0	1659996541887
2023	691	0	0	0	0	0	0	1659996542907
2022	691	0	0	0	0	0	0	1659996543927
2022	691	0	0	0	0	0	0	1659996544947
2022	691	0	0	0	0	0	0	1659996545967
2022	691	0	0	0	0	0	0	1659996546987
2022	691	0	0	0	0	0	0	1659996548007
2022	691	0	0	0	0	0	0	1659996549027
2022	691	0	0	0	0	0	0	1659996550047
2022	691	0	0	0	0	0	0	1659996551067
2022	691	0	0	0	0	0	0	1659996552087
2022	691	0	0	0	0	0	0	1659996553107
2022	691	0	0	0	0	0	0	1659996554127
2022	691	0	0	0	0	0	0	1659996555147
2022	691	0	0	0	0	0	0	1659996556167
2022	691	0	0	0	0	0	0	1659996557187
2022	691	0	0	0	0	0	0	1659996558207
2022	691	0	0	0	0	0	0	1659996559227
2022	691	0	0	0	0	0	0	1659996560247
2022	691	0	0	0	0	0	0	1659996561267
2022	691	0	0	0	0	0	0	1659996562287
2022	691	0	0	0	0	0	0	1659996563307
2022	691	0	0	0	0	0	0	1659996564327
2022	691	0	0	0	0	0	0	1659996565347
2022	691	0	0	0	0	0	0	1659996566367
2022	691	0	0	0	0	0	0	1659996567387
2022	691	0	0	0	0	0	0	1659996568407
2022	691	0	0	0	0	0	0	1659996569427
2022	691	0	0	0	0	0	0	1659996570447
2022	691	0	0	0	0	0	0	1659996571467
2022	691	0	0	0	0	0	0	1659996572487
2022	691	0	0	0	0	0	0	1659996573507
2022	691	0	0	0	0	0	0	1659996574527
2022	691	0	0	0	0	0	0	1659996575547
2022	691	0	0	0	0	0	0	1659996576567
2022	691	0	0	0	0	0	0	1659996577587
2022	691	0	0	0	0	0	0	1659996578607
2022	691	0	0	0	0	0	0	1659996579627
2022	691	0	0	0	0	0	0	1659996580647
2022	691	0	0	0	0	0	0	1659996581667
2022	691	0	0	0	0	0	0	1659996582687
2022	691	0	0	0	0	0	0	1659996583707
2022	691	0	0	0	0	0	0	1659996584727
2022	691	0	0	0	0	0	0	1659996585747
2022	691	0	0	0	0	0	0	1659996586767
2022	691	0	0	0	0	0	0	1659996587787
2022	691	0	0	0	0	0	0	1659996588807
2022	691	0	0	0	0	0	0	1659996589827
2022	691	0	0	0	0	0	0	1659996590847
2022	691	0	0	0	0	0	0	1659996591867
2022	691	0	0	0	0	0	0	1659996592887
2022	691	0	0	0	0	0	0	1659996593907
2022	691	0	0	0	0	0	0	1659996594927
2022	691	0	0	0	0	0	0	1659996595947
2022	691	0	0	0	0	0	0	1659996596967
2022	691	0	0	0	0	0	0	1659996597987
2022	691	0	0	0	0	0	0	1659996599007
2022	691	0	0	0	0	0	0	1659996600027
2022	691	0	0	0	0	0	0	1659996601047
2022	691	0	0	0	0	0	0	1659996602067
2022	691	0	0	0	0	0	0	1659996603087
2022	691	0	0	0	0	0	0	1659996604107
2022	691	0	0	0	0	0	0	1659996605127
2022	691	0	0	0	0	0	0	1659996606147
2022	691	0	0	0	0	0	0	1659996607167
2022	691	0	0	0	0	0	0	1659996608187
2022	691	0	0	0	0	0	0	1659996609207
2022	691	0	0	0	0	0	0	1659996610227
2022	691	0	0	0	0	0	0	1659996611247
2022	691	0	0	0	0	0	0	1659996612267
2022	691	0	0	0	0	0	0	1659996613287
2022	691	0	0	0	0	0	0	1659996614307
2022	691	0	0	0	0	0	0	1659996615327
2022	691	0	0	0	0	0	0	1659996616347
2022	691	0	0	0	0	0	0	1659996617367
2021	691	0	0	0	0	0	0	1659996618387
2021	691	0	0	0	0	0	0	1659996619407
2021	691	0	0	0	0	0	0	1659996620427
2021	691	0	0	0	0	0	0	1659996621447
2020	691	0	0	0	0	0	0	1659996622467
2020	691	0	0	0	0	0	0	1659996623487
2021	691	0	0	0	0	0	0	1659996624507
2021	691	0	0	0	0	0	0	1659996625527
2018	691	0	0	0	0	0	0	1659996626547
2016	691	0	0	0	0	0	0	1659996627567
2015	691	0	0	0	0	0	0	1659996628587
2013	691	0	0	0	0	0	0	1659996629607
2012	691	0	0	0	0	0	0	1659996630627
2010	691	0	0	0	0	0	0	1659996631647
2008	690	0	0	0	0	0	0	1659996632667
2006	690	0	0	0	0	0	0	1659996633687
2005	690	0	0	0	0	0	0	1659996634707
2002	690	0	0	0	0	0	0	1659996635727
2001	690	0	0	0	0	0	0	1659996636747
1999	689	0	0	0	0	0	0	1659996637767
1997	690	0	0	0	0	0	0	1659996638787
1997	689	0	0	0	0	0	0	1659996639807
1996	688	0	0	0	0	0	0	1659996640827
1995	687	0	0	0	0	0	0	1659996641847
1995	686	0	0	0	0	0	0	1659996642867
1995	688	0	0	0	0	0	0	1659996643887
1995	688	0	0	0	0	0	0	1659996644907
1995	688	0	0	0	0	0	0	1659996645927
1995	687	0	0	0	0	0	0	1659996646947
1995	686	0	0	0	0	0	0	1659996647967
1995	687	0	0	0	0	0	0	1659996648987
1995	686	0	0	0	0	0	0	1659996650007
1995	684	0	0	0	0	0	0	1659996651027
1995	683	0	0	0	0	0	0	1659996652047
1995	683	0	0	0	0	0	0	1659996653067
1995	683	0	0	0	0	0	0	1659996654087
1995	682	0	0	0	0	0	0	1659996655107
1995	680	0	0	0	0	0	0	1659996656127
1994	680	0	0	0	0	0	0	1659996657147
1994	681	0	0	0	0	0	0	1659996658167
1994	683	0	0	0	0	0	0	1659996659187
1994	683	0	0	0	0	0	0	1659996660207
1994	684	0	0	0	0	0	0	1659996661227
1994	684	0	0	0	0	0	0	1659996662247
1994	683	0	0	0	0	0	0	1659996663267
1994	684	0	0	0	0	0	0	1659996664287
1994	684	0	0	0	0	0	0	1659996665307
1994	683	0	0	0	0	0	0	1659996666327
1994	680	0	0	0	0	0	0	1659996667347
1994	680	0	0	0	0	0	0	1659996668367
1994	678	0	0	0	0	0	0	1659996669387
1994	676	0	0	0	0	0	0	1659996670407
1994	676	0	0	0	0	0	0	1659996671427
1994	675	0	0	0	0	0	0	1659996672447
1994	675	0	0	0	0	0	0	1659996673467
1994	674	0	0	0	0	0	0	1659996674487
1994	675	0	0	0	0	0	0	1659996675507
1994	672	0	0	0	0	0	0	1659996676527
1994	672	0	0	0	0	0	0	1659996677547
1994	671	0	0	0	0	0	0	1659996678567
1994	670	0	0	0	0	0	0	1659996679587
1994	670	0	0	0	0	0	0	1659996680607
1994	671	0	0	0	0	0	0	1659996681627
1994	670	0	0	0	0	0	0	1659996682647
1994	671	0	0	0	0	0	0	1659996683667
1994	670	0	0	0	0	0	0	1659996684687
1994	669	0	0	0	0	0	0	1659996685707
1994	669	0	0	0	0	0	0	1659996686727
1994	669	0	0	0	0	0	0	1659996687747
1994	668	0	0	0	0	0	0	1659996688767
1994	669	0	0	0	0	0	0	1659996689787
1994	668	0	0	0	0	0	0	1659996690807
1994	667	0	0	0	0	0	0	1659996691827
1994	666	0	0	0	0	0	0	1659996692847
1994	666	0	0	0	0	0	0	1659996693867
1994	665	0	0	0	0	0	0	1659996694887
1994	665	0	0	0	0	0	0	1659996695907
1994	666	0	0	0	0	0	0	1659996696927
1994	665	0	0	0	0	0	0	1659996697947
1994	664	0	0	0	0	0	0	1659996698967
1994	664	0	0	0	0	0	0	1659996699987
1994	664	0	0	0	0	0	0	1659996701007
1994	664	0	0	0	0	0	0	1659996702027
1994	664	0	0	0	0	0	0	1659996703047
1994	663	0	0	0	0	0	0	1659996704067
1994	663	0	0	0	0	0	0	1659996705087
1994	663	0	0	0	0	0	0	1659996706107
1994	664	0	0	0	0	0	0	1659996707127
1994	664	0	0	0	0	0	0	1659996708147
1994	664	0	0	0	0	0	0	1659996709167
1994	663	0	0	0	0	0	0	1659996710187
1994	663	0	0	0	0	0	0	1659996711207
1994	663	0	0	0	0	0	0	1659996712227
1994	663	0	0	0	0	0	0	1659996713247
1994	663	0	0	0	0	0	0	1659996714267
1994	663	0	0	0	0	0	0	1659996715287
1994	663	0	0	0	0	0	0	1659996716307
1994	663	0	0	0	0	0	0	1659996717327
1994	663	0	0	0	0	0	0	1659996718347
1994	663	0	0	0	0	0	0	1659996719367
1994	663	0	0	0	0	0	0	1659996720387
1994	663	0	0	0	0	0	0	1659996721407
1994	663	0	0	0	0	0	0	1659996722427
1994	663	0	0	0	0	0	0	1659996723447
1994	663	0	0	0	0	0	0	1659996724467
1994	663	0	0	0	0	0	0	1659996725487
1994	663	0	0	0	0	0	0	1659996726507
1994	663	0	0	0	0	0	0	1659996727527
1994	663	0	0	0	0	0	0	1659996728547
1994	663	0	0	0	0	0	0	1659996729567
1994	663	0	0	0	0	0	0	1659996730587
1994	663	0	0	0	0	0	0	1659996731607
1994	663	0	0	0	0	0	0	1659996732627
1994	663	0	0	0	0	0	0	1659996733647
1994	663	0	0	0	0	0	0	1659996734667
1994	663	0	0	0	0	0	0	1659996735687
1994	663	0	0	0	0	0	0	1659996736707
1994	663	0	0	0	0	0	0	1659996737727
1994	663	0	0	0	0	0	0	1659996738747
1994	663	0	0	0	0	0	0	1659996739767
1994	663	0	0	0	0	0	0	1659996740787
1994	663	0	0	0	0	0	0	1659996741807
1994	663	0	0	0	0	0	0	1659996742827
1993	663	0	0	0	0	0	0	1659996743847
1993	663	0	0	0	0	0	0	1659996744867
1994	663	0	0	0	0	0	0	1659996745887
1993	663	0	0	0	0	0	0	1659996746907
1993	663	0	0	0	0	0	0	1659996747927
1992	663	0	0	0	0	0	0	1659996748947
1988	663	0	0	0	0	0	0	1659996749967
1984	663	0	0	0	0	0	0	1659996750987
1984	663	0	0	0	0	0	0	1659996752007
1980	663	0	0	0	0	0	0	1659996753027
1978	663	0	0	0	0	0	0	1659996754047
1975	663	0	0	0	0	0	0	1659996755067
1973	663	0	0	0	0	0	0	1659996756087
1973	663	0	0	0	0	0	0	1659996757107
1972	663	0	0	0	0	0	0	1659996758127
1971	663	0	0	0	0	0	0	1659996759147
1970	663	0	0	0	0	0	0	1659996760167
1969	663	0	0	0	0	0	0	1659996761187
1968	663	0	0	0	0	0	0	1659996762207
1969	663	0	0	0	0	0	0	1659996763227
1968	663	0	0	0	0	0	0	1659996764247
1967	663	0	0	0	0	0	0	1659996765267
1967	663	0	0	0	0	0	0	1659996766287
1969	663	0	0	0	0	0	0	1659996767307
1969	663	0	0	0	0	0	0	1659996768327
1968	663	0	0	0	0	0	0	1659996769347
1967	663	0	0	0	0	0	0	1659996770367
1967	663	0	0	0	0	0	0	1659996771387
1967	663	0	0	0	0	0	0	1659996772407
1967	663	0	0	0	0	0	0	1659996773427
1967	663	0	0	0	0	0	0	1659996774447
1967	663	0	0	0	0	0	0	1659996775467
1967	663	0	0	0	0	0	0	1659996776487
1967	663	0	0	0	0	0	0	1659996777507
1967	663	0	0	0	0	0	0	1659996778527
1967	663	0	0	0	0	0	0	1659996779547
1967	663	0	0	0	0	0	0	1659996780567
1967	663	0	0	0	0	0	0	1659996781587
1967	663	0	0	0	0	0	0	1659996782607
1967	663	0	0	0	0	0	0	1659996783627
1967	663	0	0	0	0	0	0	1659996784647
1967	663	0	0	0	0	0	0	1659996785667
1967	663	0	0	0	0	0	0	1659996786687
1967	663	0	0	0	0	0	0	1659996787707
1967	663	0	0	0	0	0	0	1659996788727
1967	663	0	0	0	0	0	0	1659996789747
1967	663	0	0	0	0	0	0	1659996790767
1967	663	0	0	0	0	0	0	1659996791787
1967	663	0	0	0	0	0	0	1659996792807
1967	663	0	0	0	0	0	0	1659996793827
1967	663	0	0	0	0	0	0	1659996794847
1967	663	0	0	0	0	0	0	1659996795867
1967	663	0	0	0	0	0	0	1659996796887
1967	663	0	0	0	0	0	0	1659996797907
1967	663	0	0	0	0	0	0	1659996798927
1967	663	0	0	0	0	0	0	1659996799947
1967	663	0	0	0	0	0	0	1659996800967
1967	663	0	0	0	0	0	0	1659996801987
1967	663	0	0	0	0	0	0	1659996803007
1967	663	0	0	0	0	0	0	1659996804027
1967	663	0	0	0	0	0	0	1659996805047
1967	663	0	0	0	0	0	0	1659996806067
1967	663	0	0	0	0	0	0	1659996807087
1967	663	0	0	0	0	0	0	1659996808107
1967	663	0	0	0	0	0	0	1659996809127
1967	663	0	0	0	0	0	0	1659996810147
1967	663	0	0	0	0	0	0	1659996811167
1967	663	0	0	0	0	0	0	1659996812187
1967	663	0	0	0	0	0	0	1659996813207
1967	663	0	0	0	0	0	0	1659996814227
1967	663	0	0	0	0	0	0	1659996815247
1967	663	0	0	0	0	0	0	1659996816267
1967	663	0	0	0	0	0	0	1659996817287
1967	663	0	0	0	0	0	0	1659996818307
1967	663	0	0	0	0	0	0	1659996819327
1967	663	0	0	0	0	0	0	1659996820347
1967	663	0	0	0	0	0	0	1659996821367
1967	663	0	0	0	0	0	0	1659996822387
1967	663	0	0	0	0	0	0	1659996823407
1967	663	0	0	0	0	0	0	1659996824427
1967	663	0	0	0	0	0	0	1659996825447
1967	663	0	0	0	0	0	0	1659996826467
1967	663	0	0	0	0	0	0	1659996827487
1967	663	0	0	0	0	0	0	1659996828507
1967	663	0	0	0	0	0	0	1659996829527
1967	663	0	0	0	0	0	0	1659996830547
1967	663	0	0	0	0	0	0	1659996831567
1967	663	0	0	0	0	0	0	1659996832587
1967	663	0	0	0	0	0	0	1659996833607
1967	663	0	0	0	0	0	0	1659996834627
1967	663	0	0	0	0	0	0	1659996835647
1967	663	0	0	0	0	0	0	1659996836667
1967	663	0	0	0	0	0	0	1659996837687
1966	663	0	0	0	0	0	0	1659996838707
1966	663	0	0	0	0	0	0	1659996839727
1966	663	0	0	0	0	0	0	1659996840747
1966	663	0	0	0	0	0	0	1659996841767
1966	663	0	0	0	0	0	0	1659996842787
1966	663	0	0	0	0	0	0	1659996843807
1966	663	0	0	0	0	0	0	1659996844827
1966	663	0	0	0	0	0	0	1659996845847
1966	663	0	0	0	0	0	0	1659996846867
1966	663	0	0	0	0	0	0	1659996847887
1966	663	0	0	0	0	0	0	1659996848907
1966	663	0	0	0	0	0	0	1659996849927
1966	663	0	0	0	0	0	0	1659996850947
1966	663	0	0	0	0	0	0	1659996851967
1966	663	0	0	0	0	0	0	1659996852987
1966	663	0	0	0	0	0	0	1659996854007
1966	663	0	0	0	0	0	0	1659996855027
1966	663	0	0	0	0	0	0	1659996856047
1966	663	0	0	0	0	0	0	1659996857067
1966	663	0	0	0	0	0	0	1659996858087
1966	663	0	0	0	0	0	0	1659996859107
1966	663	0	0	0	0	0	0	1659996860127
1966	663	0	0	0	0	0	0	1659996861147
1966	663	0	0	0	0	0	0	1659996862167
1966	663	0	0	0	0	0	0	1659996863187
1966	663	0	0	0	0	0	0	1659996864207
1966	663	0	0	0	0	0	0	1659996865227
1966	663	0	0	0	0	0	0	1659996866247
1966	663	0	0	0	0	0	0	1659996867267
1966	663	0	0	0	0	0	0	1659996868287
1966	663	0	0	0	0	0	0	1659996869307
1966	663	0	0	0	0	0	0	1659996870327
1966	663	0	0	0	0	0	0	1659996871347
1966	663	0	0	0	0	0	0	1659996872367
1966	663	0	0	0	0	0	0	1659996873387
1966	663	0	0	0	0	0	0	1659996874407
1966	663	0	0	0	0	0	0	1659996875427
1966	663	0	0	0	0	0	0	1659996876447
1966	663	0	0	0	0	0	0	1659996877467
1966	663	0	0	0	0	0	0	1659996878487
1966	663	0	0	0	0	0	0	1659996879507
1965	663	0	0	0	0	0	0	1659996880527
1964	663	0	0	0	0	0	0	1659996881547
1965	663	0	0	0	0	0	0	1659996882567
1964	663	0	0	0	0	0	0	1659996883587
1964	663	0	0	0	0	0	0	1659996884607
1961	663	0	0	0	0	0	0	1659996885627
1962	663	0	0	0	0	0	0	1659996886647
1960	663	0	0	0	0	0	0	1659996887667
1958	663	0	0	0	0	0	0	1659996888687
1958	663	0	0	0	0	0	0	1659996889707
1955	663	0	0	0	0	0	0	1659996890727
1955	663	0	0	0	0	0	0	1659996891747
1955	663	0	0	0	0	0	0	1659996892767
1956	663	0	0	0	0	0	0	1659996893787
1956	663	0	0	0	0	0	0	1659996894807
1959	663	0	0	0	0	0	0	1659996895827
1960	663	0	0	0	0	0	0	1659996896847
1959	663	0	0	0	0	0	0	1659996897867
1953	663	0	0	0	0	0	0	1659996898887
1951	663	0	0	0	0	0	0	1659996899907
1950	663	0	0	0	0	0	0	1659996900927
1949	663	0	0	0	0	0	0	1659996901947
1946	663	0	0	0	0	0	0	1659996902967
1944	663	0	0	0	0	0	0	1659996903987
1943	663	0	0	0	0	0	0	1659996905007
1942	663	0	0	0	0	0	0	1659996906027
1941	663	0	0	0	0	0	0	1659996907047
1940	663	0	0	0	0	0	0	1659996908067
1940	663	0	0	0	0	0	0	1659996909087
1940	663	0	0	0	0	0	0	1659996910107
1939	663	0	0	0	0	0	0	1659996911127
1939	663	0	0	0	0	0	0	1659996912147
1939	663	0	0	0	0	0	0	1659996913167
1939	663	0	0	0	0	0	0	1659996914187
1939	663	0	0	0	0	0	0	1659996915207
1939	663	0	0	0	0	0	0	1659996916227
1939	663	0	0	0	0	0	0	1659996917247
1939	663	0	0	0	0	0	0	1659996918267
1939	663	0	0	0	0	0	0	1659996919287
1939	663	0	0	0	0	0	0	1659996920307
1939	663	0	0	0	0	0	0	1659996921327
1939	663	0	0	0	0	0	0	1659996922347
1938	663	0	0	0	0	0	0	1659996923367
1938	663	0	0	0	0	0	0	1659996924387
1938	663	0	0	0	0	0	0	1659996925407
1938	663	0	0	0	0	0	0	1659996926427
1938	663	0	0	0	0	0	0	1659996927447
1938	663	0	0	0	0	0	0	1659996928467
1939	663	0	0	0	0	0	0	1659996929487
1939	663	0	0	0	0	0	0	1659996930507
1939	663	0	0	0	0	0	0	1659996931527
1939	663	0	0	0	0	0	0	1659996932547
1939	663	0	0	0	0	0	0	1659996933567
1939	663	0	0	0	0	0	0	1659996934587
1939	663	0	0	0	0	0	0	1659996935607
1939	663	0	0	0	0	0	0	1659996936627
1939	663	0	0	0	0	0	0	1659996937647
1939	663	0	0	0	0	0	0	1659996938667
1939	663	0	0	0	0	0	0	1659996939687
1939	663	0	0	0	0	0	0	1659996940707
1939	663	0	0	0	0	0	0	1659996941727
1939	663	0	0	0	0	0	0	1659996942747
1939	663	0	0	0	0	0	0	1659996943767
1939	663	0	0	0	0	0	0	1659996944787
1939	663	0	0	0	0	0	0	1659996945807
1939	663	0	0	0	0	0	0	1659996946827
1939	663	0	0	0	0	0	0	1659996947847
1939	663	0	0	0	0	0	0	1659996948867
1939	663	0	0	0	0	0	0	1659996949887
1939	663	0	0	0	0	0	0	1659996950907
1939	663	0	0	0	0	0	0	1659996951927
1939	663	0	0	0	0	0	0	1659996952947
1939	663	0	0	0	0	0	0	1659996953967
1939	663	0	0	0	0	0	0	1659996954987
1939	663	0	0	0	0	0	0	1659996956007
1939	663	0	0	0	0	0	0	1659996957027
1939	663	0	0	0	0	0	0	1659996958047
1939	663	0	0	0	0	0	0	1659996959067
1939	663	0	0	0	0	0	0	1659996960087
1938	663	0	0	0	0	0	0	1659996961107
1938	663	0	0	0	0	0	0	1659996962127
1938	663	0	0	0	0	0	0	1659996963147
1938	663	0	0	0	0	0	0	1659996964167
1938	663	0	0	0	0	0	0	1659996965187
1938	663	0	0	0	0	0	0	1659996966207
1938	663	0	0	0	0	0	0	1659996967227
1938	663	0	0	0	0	0	0	1659996968247
1938	663	0	0	0	0	0	0	1659996969267
1938	663	0	0	0	0	0	0	1659996970287
1938	663	0	0	0	0	0	0	1659996971307
1938	663	0	0	0	0	0	0	1659996972327
1938	663	0	0	0	0	0	0	1659996973347
1938	663	0	0	0	0	0	0	1659996974367
1938	663	0	0	0	0	0	0	1659996975387
1938	663	0	0	0	0	0	0	1659996976407
1938	664	0	0	0	0	0	0	1659996977427
1938	664	0	0	0	0	0	0	1659996978447
1938	663	0	0	0	0	0	0	1659996979467
1938	663	0	0	0	0	0	0	1659996980487
1938	663	0	0	0	0	0	0	1659996981507
1939	663	0	0	0	0	0	0	1659996982527
1939	663	0	0	0	0	0	0	1659996983547
1939	663	0	0	0	0	0	0	1659996984567
1939	663	0	0	0	0	0	0	1659996985587
1939	663	0	0	0	0	0	0	1659996986607
1939	663	0	0	0	0	0	0	1659996987627
1939	663	0	0	0	0	0	0	1659996988647
1939	663	0	0	0	0	0	0	1659996989667
1939	663	0	0	0	0	0	0	1659996990687
1939	663	0	0	0	0	0	0	1659996991707
1939	663	0	0	0	0	0	0	1659996992727
1939	663	0	0	0	0	0	0	1659996993747
1939	663	0	0	0	0	0	0	1659996994767
1938	663	0	0	0	0	0	0	1659996995787
1938	663	0	0	0	0	0	0	1659996996807
1938	663	0	0	0	0	0	0	1659996997827
1938	663	0	0	0	0	0	0	1659996998847
1938	663	0	0	0	0	0	0	1659996999867
1938	663	0	0	0	0	0	0	1659997000887
1938	663	0	0	0	0	0	0	1659997001907
1938	663	0	0	0	0	0	0	1659997002927
1938	663	0	0	0	0	0	0	1659997003947
1938	663	0	0	0	0	0	0	1659997004967
1938	663	0	0	0	0	0	0	1659997005987
1938	663	0	0	0	0	0	0	1659997007007
1938	663	0	0	0	0	0	0	1659997008027
1938	663	0	0	0	0	0	0	1659997009047
1938	663	0	0	0	0	0	0	1659997010067
1938	663	0	0	0	0	0	0	1659997011087
1938	663	0	0	0	0	0	0	1659997012107
1938	663	0	0	0	0	0	0	1659997013127
1938	663	0	0	0	0	0	0	1659997014147
1938	663	0	0	0	0	0	0	1659997015167
1938	663	0	0	0	0	0	0	1659997016187
1938	663	0	0	0	0	0	0	1659997017207
1938	663	0	0	0	0	0	0	1659997018227
1938	663	0	0	0	0	0	0	1659997019247
1938	663	0	0	0	0	0	0	1659997020267
1938	663	0	0	0	0	0	0	1659997021287
1938	663	0	0	0	0	0	0	1659997022307
1938	663	0	0	0	0	0	0	1659997023327
1938	663	0	0	0	0	0	0	1659997024347
1938	663	0	0	0	0	0	0	1659997025367
1938	663	0	0	0	0	0	0	1659997026387
1938	663	0	0	0	0	0	0	1659997027407
1938	663	0	0	0	0	0	0	1659997028427
1938	663	0	0	0	0	0	0	1659997029447
1938	663	0	0	0	0	0	0	1659997030467
1938	663	0	0	0	0	0	0	1659997031487
1938	663	0	0	0	0	0	0	1659997032507
1938	663	0	0	0	0	0	0	1659997033527
1938	663	0	0	0	0	0	0	1659997034547
1938	663	0	0	0	0	0	0	1659997035567
1938	663	0	0	0	0	0	0	1659997036587
1938	663	0	0	0	0	0	0	1659997037607
1938	663	0	0	0	0	0	0	1659997038627
1938	663	0	0	0	0	0	0	1659997039647
1938	663	0	0	0	0	0	0	1659997040667
1938	663	0	0	0	0	0	0	1659997041687
1938	663	0	0	0	0	0	0	1659997042707
1938	663	0	0	0	0	0	0	1659997043727
1938	663	0	0	0	0	0	0	1659997044747
1938	663	0	0	0	0	0	0	1659997045767
1938	663	0	0	0	0	0	0	1659997046787
1938	663	0	0	0	0	0	0	1659997047807
1938	663	0	0	0	0	0	0	1659997048827
1938	663	0	0	0	0	0	0	1659997049847
1938	663	0	0	0	0	0	0	1659997050867
1938	663	0	0	0	0	0	0	1659997051887
1938	663	0	0	0	0	0	0	1659997052907
1938	663	0	0	0	0	0	0	1659997053927
1938	663	0	0	0	0	0	0	1659997054947
1938	663	0	0	0	0	0	0	1659997055967
1938	663	0	0	0	0	0	0	1659997056987
1938	663	0	0	0	0	0	0	1659997058007
1938	663	0	0	0	0	0	0	1659997059027
1938	663	0	0	0	0	0	0	1659997060047
1938	663	0	0	0	0	0	0	1659997061067
1938	663	0	0	0	0	0	0	1659997062087
1938	663	0	0	0	0	0	0	1659997063107
1938	663	0	0	0	0	0	0	1659997064127
1938	663	0	0	0	0	0	0	1659997065147
1938	663	0	0	0	0	0	0	1659997066167
1938	663	0	0	0	0	0	0	1659997067187
1938	663	0	0	0	0	0	0	1659997068207
1938	663	0	0	0	0	0	0	1659997069227
1938	663	0	0	0	0	0	0	1659997070247
1938	663	0	0	0	0	0	0	1659997071267
1938	663	0	0	0	0	0	0	1659997072287
1938	663	0	0	0	0	0	0	1659997073307
1938	663	0	0	0	0	0	0	1659997074327
1938	663	0	0	0	0	0	0	1659997075347
1938	663	0	0	0	0	0	0	1659997076367
1938	663	0	0	0	0	0	0	1659997077387
1938	663	0	0	0	0	0	0	1659997078407
1938	663	0	0	0	0	0	0	1659997079427
1938	663	0	0	0	0	0	0	1659997080447
1938	663	0	0	0	0	0	0	1659997081467
1938	663	0	0	0	0	0	0	1659997082487
1938	663	0	0	0	0	0	0	1659997083507
1938	663	0	0	0	0	0	0	1659997084527
1938	663	0	0	0	0	0	0	1659997085547
1938	663	0	0	0	0	0	0	1659997086567
1938	663	0	0	0	0	0	0	1659997087587
1938	663	0	0	0	0	0	0	1659997088607
1938	663	0	0	0	0	0	0	1659997089627
1938	663	0	0	0	0	0	0	1659997090647
1938	663	0	0	0	0	0	0	1659997091667
1938	663	0	0	0	0	0	0	1659997092687
1938	663	0	0	0	0	0	0	1659997093707
1938	663	0	0	0	0	0	0	1659997094727
1938	663	0	0	0	0	0	0	1659997095747
1939	663	0	0	0	0	0	0	1659997096767
1939	663	0	0	0	0	0	0	1659997097787
1939	663	0	0	0	0	0	0	1659997098807
1939	663	0	0	0	0	0	0	1659997099827
1939	663	0	0	0	0	0	0	1659997100847
1939	663	0	0	0	0	0	0	1659997101867
1939	663	0	0	0	0	0	0	1659997102887
1939	663	0	0	0	0	0	0	1659997103907
1939	663	0	0	0	0	0	0	1659997104927
1939	663	0	0	0	0	0	0	1659997105947
1939	663	0	0	0	0	0	0	1659997106967
1939	663	0	0	0	0	0	0	1659997107987
1939	663	0	0	0	0	0	0	1659997109007
1939	663	0	0	0	0	0	0	1659997110027
1939	663	0	0	0	0	0	0	1659997111047
1939	663	0	0	0	0	0	0	1659997112067
1939	663	0	0	0	0	0	0	1659997113087
1939	663	0	0	0	0	0	0	1659997114107
1939	663	0	0	0	0	0	0	1659997115127
1939	663	0	0	0	0	0	0	1659997116147
1939	663	0	0	0	0	0	0	1659997117167
1939	663	0	0	0	0	0	0	1659997118187
1939	663	0	0	0	0	0	0	1659997119207
1939	663	0	0	0	0	0	0	1659997120227
1939	663	0	0	0	0	0	0	1659997121247
1939	663	0	0	0	0	0	0	1659997122267
1939	663	0	0	0	0	0	0	1659997123287
1939	663	0	0	0	0	0	0	1659997124307
1939	663	0	0	0	0	0	0	1659997125327
1939	663	0	0	0	0	0	0	1659997126347
1939	663	0	0	0	0	0	0	1659997127367
1939	663	0	0	0	0	0	0	1659997128387
1939	663	0	0	0	0	0	0	1659997129407
1939	663	0	0	0	0	0	0	1659997130427
1939	663	0	0	0	0	0	0	1659997131447
1939	663	0	0	0	0	0	0	1659997132467
1939	663	0	0	0	0	0	0	1659997133487
1939	663	0	0	0	0	0	0	1659997134507
1939	663	0	0	0	0	0	0	1659997135527
1939	663	0	0	0	0	0	0	1659997136547
1939	663	0	0	0	0	0	0	1659997137567
1939	663	0	0	0	0	0	0	1659997138587
1939	663	0	0	0	0	0	0	1659997139607
1939	663	0	0	0	0	0	0	1659997140627
1939	663	0	0	0	0	0	0	1659997141647
1939	663	0	0	0	0	0	0	1659997142667
1939	663	0	0	0	0	0	0	1659997143687
1939	663	0	0	0	0	0	0	1659997144707
1939	663	0	0	0	0	0	0	1659997145727
1939	663	0	0	0	0	0	0	1659997146747
1939	663	0	0	0	0	0	0	1659997147767
1939	663	0	0	0	0	0	0	1659997148787
1939	663	0	0	0	0	0	0	1659997149807
1939	663	0	0	0	0	0	0	1659997150827
1939	663	0	0	0	0	0	0	1659997151847
1939	663	0	0	0	0	0	0	1659997152867
1939	663	0	0	0	0	0	0	1659997153887
1939	663	0	0	0	0	0	0	1659997154907
1939	663	0	0	0	0	0	0	1659997155927
1939	663	0	0	0	0	0	0	1659997156947
1939	663	0	0	0	0	0	0	1659997157967
1939	663	0	0	0	0	0	0	1659997158987
1939	663	0	0	0	0	0	0	1659997160007
1939	663	0	0	0	0	0	0	1659997161027
1939	663	0	0	0	0	0	0	1659997162047
1939	663	0	0	0	0	0	0	1659997163067
1939	663	0	0	0	0	0	0	1659997164087
1939	663	0	0	0	0	0	0	1659997165107
1939	663	0	0	0	0	0	0	1659997166127
1939	663	0	0	0	0	0	0	1659997167147
1939	663	0	0	0	0	0	0	1659997168167
1939	663	0	0	0	0	0	0	1659997169187
1939	663	0	0	0	0	0	0	1659997170207
1939	663	0	0	0	0	0	0	1659997171227
1939	663	0	0	0	0	0	0	1659997172247
1939	663	0	0	0	0	0	0	1659997173267
1939	663	0	0	0	0	0	0	1659997174287
1939	663	0	0	0	0	0	0	1659997175307
1939	663	0	0	0	0	0	0	1659997176327
1939	663	0	0	0	0	0	0	1659997177347
1939	663	0	0	0	0	0	0	1659997178367
1944	668	0	0	0	0	0	0	1659997179387
1947	666	0	0	0	0	0	0	1659997180407
1946	665	0	0	0	0	0	0	1659997181427
1946	664	0	0	0	0	0	0	1659997182447
1947	664	0	0	0	0	0	0	1659997183467
1947	663	0	0	0	0	0	0	1659997184487
1948	663	0	0	0	0	0	0	1659997185507
1948	663	0	0	0	0	0	0	1659997186527
1949	663	0	0	0	0	0	0	1659997187547
1947	663	0	0	0	0	0	0	1659997188567
1947	663	0	0	0	0	0	0	1659997189587
1951	663	0	0	0	0	0	0	1659997190607
1956	663	0	0	0	0	0	0	1659997191627
1956	663	0	0	0	0	0	0	1659997192647
1956	663	0	0	0	0	0	0	1659997193667
1958	663	0	0	0	0	0	0	1659997194687
1959	663	0	0	0	0	0	0	1659997195707
1960	663	0	0	0	0	0	0	1659997196727
1961	663	0	0	0	0	0	0	1659997197747
1960	663	0	0	0	0	0	0	1659997198767
1961	663	0	0	0	0	0	0	1659997199787
1962	663	0	0	0	0	0	0	1659997200807
1963	663	0	0	0	0	0	0	1659997201827
1963	663	0	0	0	0	0	0	1659997202847
1963	663	0	0	0	0	0	0	1659997203867
1964	663	0	0	0	0	0	0	1659997204887
1964	663	0	0	0	0	0	0	1659997205907
1965	663	0	0	0	0	0	0	1659997206927
1965	663	0	0	0	0	0	0	1659997207947
1965	663	0	0	0	0	0	0	1659997208967
1965	663	0	0	0	0	0	0	1659997209987
1965	663	0	0	0	0	0	0	1659997211007
1965	663	0	0	0	0	0	0	1659997212027
1965	663	0	0	0	0	0	0	1659997213047
1965	663	0	0	0	0	0	0	1659997214067
1965	663	0	0	0	0	0	0	1659997215087
1966	663	0	0	0	0	0	0	1659997216107
1966	663	0	0	0	0	0	0	1659997217127
1966	663	0	0	0	0	0	0	1659997218147
1966	663	0	0	0	0	0	0	1659997219167
1966	663	0	0	0	0	0	0	1659997220187
1966	663	0	0	0	0	0	0	1659997221207
1966	663	0	0	0	0	0	0	1659997222227
1966	663	0	0	0	0	0	0	1659997223247
1966	663	0	0	0	0	0	0	1659997224267
1966	663	0	0	0	0	0	0	1659997225287
1966	663	0	0	0	0	0	0	1659997226307
1966	663	0	0	0	0	0	0	1659997227327
1966	663	0	0	0	0	0	0	1659997228347
1966	663	0	0	0	0	0	0	1659997229367
1966	663	0	0	0	0	0	0	1659997230387
1966	663	0	0	0	0	0	0	1659997231407
1966	663	0	0	0	0	0	0	1659997232427
1966	663	0	0	0	0	0	0	1659997233447
1966	663	0	0	0	0	0	0	1659997234467
1966	663	0	0	0	0	0	0	1659997235487
1966	663	0	0	0	0	0	0	1659997236507
1966	663	0	0	0	0	0	0	1659997237527
1966	663	0	0	0	0	0	0	1659997238547
1966	663	0	0	0	0	0	0	1659997239567
1966	663	0	0	0	0	0	0	1659997240587
1966	663	0	0	0	0	0	0	1659997241607
1967	663	0	0	0	0	0	0	1659997242627
1967	663	0	0	0	0	0	0	1659997243647
1967	663	0	0	0	0	0	0	1659997244667
1967	663	0	0	0	0	0	0	1659997245687
1967	663	0	0	0	0	0	0	1659997246707
1967	663	0	0	0	0	0	0	1659997247727
1967	663	0	0	0	0	0	0	1659997248747
1967	663	0	0	0	0	0	0	1659997249767
1967	663	0	0	0	0	0	0	1659997250787
1967	663	0	0	0	0	0	0	1659997251807
1967	663	0	0	0	0	0	0	1659997252827
1967	663	0	0	0	0	0	0	1659997253847
1967	663	0	0	0	0	0	0	1659997254867
1967	663	0	0	0	0	0	0	1659997255887
1966	663	0	0	0	0	0	0	1659997256907
1966	663	0	0	0	0	0	0	1659997257927
1966	663	0	0	0	0	0	0	1659997258947
1966	663	0	0	0	0	0	0	1659997259967
1966	663	0	0	0	0	0	0	1659997260987
11179	663	0	0	0	0	0	0	1659997262007
7494	663	0	0	0	0	0	0	1659997263027
5283	663	0	0	0	0	0	0	1659997264047
3956	663	0	0	0	0	0	0	1659997265067
3160	663	0	0	0	0	0	0	1659997266087
2682	663	0	0	0	0	0	0	1659997267107
2396	663	0	0	0	0	0	0	1659997268127
2224	663	0	0	0	0	0	0	1659997269147
2121	663	0	0	0	0	0	0	1659997270167
2059	663	0	0	0	0	0	0	1659997271187
2022	663	0	0	0	0	0	0	1659997272207
2000	663	0	0	0	0	0	0	1659997273227
1986	663	0	0	0	0	0	0	1659997274247
1978	663	0	0	0	0	0	0	1659997275267
1973	663	0	0	0	0	0	0	1659997276287
1970	663	0	0	0	0	0	0	1659997277307
1968	663	0	0	0	0	0	0	1659997278327
1967	663	0	0	0	0	0	0	1659997279347
1967	663	0	0	0	0	0	0	1659997280367
1967	663	0	0	0	0	0	0	1659997281387
1967	663	0	0	0	0	0	0	1659997282407
1967	663	0	0	0	0	0	0	1659997283427
1967	663	0	0	0	0	0	0	1659997284447
1967	663	0	0	0	0	0	0	1659997285467
1967	663	0	0	0	0	0	0	1659997286487
1967	663	0	0	0	0	0	0	1659997287507
1967	663	0	0	0	0	0	0	1659997288527
1967	663	0	0	0	0	0	0	1659997289547
1967	663	0	0	0	0	0	0	1659997290567
1967	663	0	0	0	0	0	0	1659997291587
1967	663	0	0	0	0	0	0	1659997292607
1967	663	0	0	0	0	0	0	1659997293627
1967	663	0	0	0	0	0	0	1659997294647
1967	659	0	0	0	0	0	0	1659997295667
1967	628	0	0	0	0	0	0	1659997296687
1967	616	0	0	0	0	0	0	1659997297707
1967	624	0	0	0	0	0	0	1659997298727
1967	628	0	0	0	0	0	0	1659997299747
1967	631	0	0	0	0	0	0	1659997300767
1967	633	0	0	0	0	0	0	1659997301787
1967	634	0	0	0	0	0	0	1659997302807
1967	635	0	0	0	0	0	0	1659997303827
1967	637	0	0	0	0	0	0	1659997304847
1967	638	0	0	0	0	0	0	1659997305867
1967	639	0	0	0	0	0	0	1659997306887
1967	639	0	0	0	0	0	0	1659997307907
1967	640	0	0	0	0	0	0	1659997308927
1967	644	0	0	0	0	0	0	1659997309947
1967	648	0	0	0	0	0	0	1659997310967
1967	651	0	0	0	0	0	0	1659997311987
1967	653	0	0	0	0	0	0	1659997313007
1967	655	0	0	0	0	0	0	1659997314027
1967	656	0	0	0	0	0	0	1659997315047
1967	657	0	0	0	0	0	0	1659997316067
1967	657	0	0	0	0	0	0	1659997317087
1967	658	0	0	0	0	0	0	1659997318107
1967	658	0	0	0	0	0	0	1659997319127
1967	658	0	0	0	0	0	0	1659997320147
1967	660	0	0	0	0	0	0	1659997321167
1967	661	0	0	0	0	0	0	1659997322187
1967	660	0	0	0	0	0	0	1659997323207
1967	660	0	0	0	0	0	0	1659997324227
1966	660	0	0	0	0	0	0	1659997325247
1966	661	0	0	0	0	0	0	1659997326267
1966	662	0	0	0	0	0	0	1659997327287
1966	662	0	0	0	0	0	0	1659997328307
1966	662	0	0	0	0	0	0	1659997329327
1966	662	0	0	0	0	0	0	1659997330347
1966	662	0	0	0	0	0	0	1659997331367
1966	662	0	0	0	0	0	0	1659997332387
1967	662	0	0	0	0	0	0	1659997333407
1967	662	0	0	0	0	0	0	1659997334427
1967	662	0	0	0	0	0	0	1659997335447
1967	662	0	0	0	0	0	0	1659997336467
1967	662	0	0	0	0	0	0	1659997337487
1967	662	0	0	0	0	0	0	1659997338507
1967	662	0	0	0	0	0	0	1659997339527
1967	662	0	0	0	0	0	0	1659997340547
1967	657	0	0	0	0	0	0	1659997341567
1967	658	0	0	0	0	0	0	1659997342587
1967	660	0	0	0	0	0	0	1659997343607
1967	661	0	0	0	0	0	0	1659997344627
1967	662	0	0	0	0	0	0	1659997345647
1967	662	0	0	0	0	0	0	1659997346667
1967	662	0	0	0	0	0	0	1659997347687
1967	662	0	0	0	0	0	0	1659997348707
1967	662	0	0	0	0	0	0	1659997349727
1967	662	0	0	0	0	0	0	1659997350747
1967	662	0	0	0	0	0	0	1659997351767
1967	662	0	0	0	0	0	0	1659997352787
1967	662	0	0	0	0	0	0	1659997353807
1967	662	0	0	0	0	0	0	1659997354827
1967	662	0	0	0	0	0	0	1659997355847
1967	662	0	0	0	0	0	0	1659997356867
1967	662	0	0	0	0	0	0	1659997357887
1967	662	0	0	0	0	0	0	1659997358907
1967	662	0	0	0	0	0	0	1659997359927
1967	662	0	0	0	0	0	0	1659997360947
1967	662	0	0	0	0	0	0	1659997361967
1967	662	0	0	0	0	0	0	1659997362987
1967	662	0	0	0	0	0	0	1659997364007
1967	662	0	0	0	0	0	0	1659997365027
1967	662	0	0	0	0	0	0	1659997366047
1967	662	0	0	0	0	0	0	1659997367067
1967	662	0	0	0	0	0	0	1659997368087
1967	662	0	0	0	0	0	0	1659997369107
1967	662	0	0	0	0	0	0	1659997370127
1967	662	0	0	0	0	0	0	1659997371147
1967	662	0	0	0	0	0	0	1659997372167
1967	662	0	0	0	0	0	0	1659997373187
1967	662	0	0	0	0	0	0	1659997374207
1967	662	0	0	0	0	0	0	1659997375227
1967	662	0	0	0	0	0	0	1659997376247
1967	662	0	0	0	0	0	0	1659997377267
1967	662	0	0	0	0	0	0	1659997378287
1967	662	0	0	0	0	0	0	1659997379307
1967	662	0	0	0	0	0	0	1659997380327
1967	662	0	0	0	0	0	0	1659997381347
1967	662	0	0	0	0	0	0	1659997382367
1967	662	0	0	0	0	0	0	1659997383387
1967	662	0	0	0	0	0	0	1659997384407
1967	662	0	0	0	0	0	0	1659997385427
1967	662	0	0	0	0	0	0	1659997386447
1967	662	0	0	0	0	0	0	1659997387467
1967	662	0	0	0	0	0	0	1659997388487
1967	662	0	0	0	0	0	0	1659997389507
1967	662	0	0	0	0	0	0	1659997390527
1967	662	0	0	0	0	0	0	1659997391547
1967	662	0	0	0	0	0	0	1659997392567
1967	662	0	0	0	0	0	0	1659997393587
1967	662	0	0	0	0	0	0	1659997394607
1967	662	0	0	0	0	0	0	1659997395627
1967	662	0	0	0	0	0	0	1659997396647
1967	662	0	0	0	0	0	0	1659997397667
1967	662	0	0	0	0	0	0	1659997398687
1967	662	0	0	0	0	0	0	1659997399707
1967	662	0	0	0	0	0	0	1659997400727
1967	662	0	0	0	0	0	0	1659997401747
1967	662	0	0	0	0	0	0	1659997402767
1967	662	0	0	0	0	0	0	1659997403787
1967	662	0	0	0	0	0	0	1659997404807
1967	662	0	0	0	0	0	0	1659997405827
1967	662	0	0	0	0	0	0	1659997406847
1967	662	0	0	0	0	0	0	1659997407867
1967	662	0	0	0	0	0	0	1659997408887
1967	662	0	0	0	0	0	0	1659997409907
1967	662	0	0	0	0	0	0	1659997410927
1967	662	0	0	0	0	0	0	1659997411947
1967	662	0	0	0	0	0	0	1659997412967
1967	662	0	0	0	0	0	0	1659997413987
1967	662	0	0	0	0	0	0	1659997415007
1967	662	0	0	0	0	0	0	1659997416027
1967	662	0	0	0	0	0	0	1659997417047
1967	662	0	0	0	0	0	0	1659997418067
1967	662	0	0	0	0	0	0	1659997419087
1967	662	0	0	0	0	0	0	1659997420107
1967	662	0	0	0	0	0	0	1659997421127
1967	662	0	0	0	0	0	0	1659997422147
1967	662	0	0	0	0	0	0	1659997423167
1967	662	0	0	0	0	0	0	1659997424187
1967	662	0	0	0	0	0	0	1659997425207
1967	662	0	0	0	0	0	0	1659997426227
1967	662	0	0	0	0	0	0	1659997427247
1967	662	0	0	0	0	0	0	1659997428267
1967	662	0	0	0	0	0	0	1659997429287
1967	662	0	0	0	0	0	0	1659997430307
1967	662	0	0	0	0	0	0	1659997431327
1967	662	0	0	0	0	0	0	1659997432347
1967	662	0	0	0	0	0	0	1659997433367
1967	662	0	0	0	0	0	0	1659997434387
1967	662	0	0	0	0	0	0	1659997435407
1967	662	0	0	0	0	0	0	1659997436427
1967	662	0	0	0	0	0	0	1659997437447
1967	662	0	0	0	0	0	0	1659997438467
1967	662	0	0	0	0	0	0	1659997439487
1967	662	0	0	0	0	0	0	1659997440507
1967	662	0	0	0	0	0	0	1659997441527
1967	662	0	0	0	0	0	0	1659997442547
1967	662	0	0	0	0	0	0	1659997443567
1967	662	0	0	0	0	0	0	1659997444587
1967	662	0	0	0	0	0	0	1659997445607
1967	662	0	0	0	0	0	0	1659997446627
1967	662	0	0	0	0	0	0	1659997447647
1967	662	0	0	0	0	0	0	1659997448667
1967	662	0	0	0	0	0	0	1659997449687
1967	662	0	0	0	0	0	0	1659997450707
1967	662	0	0	0	0	0	0	1659997451727
1967	662	0	0	0	0	0	0	1659997452747
1967	662	0	0	0	0	0	0	1659997453767
1967	662	0	0	0	0	0	0	1659997454787
1967	662	0	0	0	0	0	0	1659997455807
1967	662	0	0	0	0	0	0	1659997456827
1967	662	0	0	0	0	0	0	1659997457847
1967	662	0	0	0	0	0	0	1659997458867
1967	662	0	0	0	0	0	0	1659997459887
1967	662	0	0	0	0	0	0	1659997460907
1967	662	0	0	0	0	0	0	1659997461927
1967	662	0	0	0	0	0	0	1659997462947
1967	662	0	0	0	0	0	0	1659997463967
1967	662	0	0	0	0	0	0	1659997464987
1967	662	0	0	0	0	0	0	1659997466007
1967	662	0	0	0	0	0	0	1659997467027
1967	662	0	0	0	0	0	0	1659997468047
1967	662	0	0	0	0	0	0	1659997469067
1967	662	0	0	0	0	0	0	1659997470087
1967	662	0	0	0	0	0	0	1659997471107
1967	662	0	0	0	0	0	0	1659997472127
1967	662	0	0	0	0	0	0	1659997473147
1967	662	0	0	0	0	0	0	1659997474167
1967	662	0	0	0	0	0	0	1659997475187
1967	662	0	0	0	0	0	0	1659997476207
1967	662	0	0	0	0	0	0	1659997477227
1967	662	0	0	0	0	0	0	1659997478247
1967	662	0	0	0	0	0	0	1659997479267
1967	662	0	0	0	0	0	0	1659997480287
1967	662	0	0	0	0	0	0	1659997481307
1967	662	0	0	0	0	0	0	1659997482327
1967	662	0	0	0	0	0	0	1659997483347
1967	662	0	0	0	0	0	0	1659997484367
1967	662	0	0	0	0	0	0	1659997485387
1967	662	0	0	0	0	0	0	1659997486407
1967	662	0	0	0	0	0	0	1659997487427
1967	662	0	0	0	0	0	0	1659997488447
1967	662	0	0	0	0	0	0	1659997489467
1967	662	0	0	0	0	0	0	1659997490487
1967	662	0	0	0	0	0	0	1659997491507
1967	662	0	0	0	0	0	0	1659997492527
1967	662	0	0	0	0	0	0	1659997493547
1967	662	0	0	0	0	0	0	1659997494567
1967	662	0	0	0	0	0	0	1659997495587
1967	662	0	0	0	0	0	0	1659997496607
1967	662	0	0	0	0	0	0	1659997497627
1967	662	0	0	0	0	0	0	1659997498647
