2039	896	0	0	0	0	0	0	1660136924400
2032	888	0	0	0	0	0	0	1660136925420
2028	875	0	0	0	0	0	0	1660136926440
2026	868	0	0	0	0	0	0	1660136927460
2024	861	0	0	0	0	0	0	1660136928480
2023	849	0	0	0	0	0	0	1660136929500
2022	841	0	0	0	0	0	0	1660136930520
2022	836	0	0	0	0	0	0	1660136931540
2022	833	0	0	0	0	0	0	1660136932560
2022	822	0	0	0	0	0	0	1660136933580
2022	814	0	0	0	0	0	0	1660136934600
2022	809	0	0	0	0	0	0	1660136935620
2022	806	0	0	0	0	0	0	1660136936640
2022	804	0	0	0	0	0	0	1660136937660
2022	803	0	0	0	0	0	0	1660136938680
2022	802	0	0	0	0	0	0	1660136939700
2022	799	0	0	0	0	0	0	1660136940720
2022	791	0	0	0	0	0	0	1660136941740
2022	784	0	0	0	0	0	0	1660136942760
2022	780	0	0	0	0	0	0	1660136943780
2022	778	0	0	0	0	0	0	1660136944800
2022	776	0	0	0	0	0	0	1660136945820
2022	775	0	0	0	0	0	0	1660136946840
2022	774	0	0	0	0	0	0	1660136947860
2022	774	0	0	0	0	0	0	1660136948880
2022	774	0	0	0	0	0	0	1660136949900
2022	774	0	0	0	0	0	0	1660136950920
2022	774	0	0	0	0	0	0	1660136951940
2022	774	0	0	0	0	0	0	1660136952960
2022	774	0	0	0	0	0	0	1660136953980
2022	774	0	0	0	0	0	0	1660136955000
2022	774	0	0	0	0	0	0	1660136956020
2022	773	0	0	0	0	0	0	1660136957040
2022	773	0	0	0	0	0	0	1660136958060
2022	770	0	0	0	0	0	0	1660136959080
2022	764	0	0	0	0	0	0	1660136960100
2022	761	0	0	0	0	0	0	1660136961120
2022	757	0	0	0	0	0	0	1660136962140
2022	761	0	0	0	0	0	0	1660136963160
2022	765	0	0	0	0	0	0	1660136964180
2022	766	0	0	0	0	0	0	1660136965200
2022	764	0	0	0	0	0	0	1660136966220
2022	760	0	0	0	0	0	0	1660136967240
2022	756	0	0	0	0	0	0	1660136968260
2023	753	0	0	0	0	0	0	1660136969280
2024	750	0	0	0	0	0	0	1660136970300
2026	748	0	0	0	0	0	0	1660136971320
2029	747	0	0	0	0	0	0	1660136972340
2030	747	0	0	0	0	0	0	1660136973360
2032	747	0	0	0	0	0	0	1660136974380
2034	747	0	0	0	0	0	0	1660136975400
2036	747	0	0	0	0	0	0	1660136976420
2038	746	0	0	0	0	0	0	1660136977440
2039	746	0	0	0	0	0	0	1660136978460
2040	746	0	0	0	0	0	0	1660136979480
2042	746	0	0	0	0	0	0	1660136980500
2044	746	0	0	0	0	0	0	1660136981520
2044	746	0	0	0	0	0	0	1660136982540
2045	746	0	0	0	0	0	0	1660136983560
2047	746	0	0	0	0	0	0	1660136984580
2048	746	0	0	0	0	0	0	1660136985600
2049	746	0	0	0	0	0	0	1660136986620
2049	746	0	0	0	0	0	0	1660136987640
2049	746	0	0	0	0	0	0	1660136988660
2048	746	0	0	0	0	0	0	1660136989680
2048	746	0	0	0	0	0	0	1660136990700
2048	746	0	0	0	0	0	0	1660136991720
2049	746	0	0	0	0	0	0	1660136992740
2049	746	0	0	0	0	0	0	1660136993760
2049	746	0	0	0	0	0	0	1660136994780
2049	746	0	0	0	0	0	0	1660136995800
2049	746	0	0	0	0	0	0	1660136996820
2049	746	0	0	0	0	0	0	1660136997840
2049	746	0	0	0	0	0	0	1660136998860
2049	746	0	0	0	0	0	0	1660136999880
2049	746	0	0	0	0	0	0	1660137000900
2049	746	0	0	0	0	0	0	1660137001920
2049	746	0	0	0	0	0	0	1660137002940
2049	746	0	0	0	0	0	0	1660137003960
2049	746	0	0	0	0	0	0	1660137004980
2050	746	0	0	0	0	0	0	1660137006000
2050	745	0	0	0	0	0	0	1660137007020
2050	743	0	0	0	0	0	0	1660137008040
2050	741	0	0	0	0	0	0	1660137009060
2050	738	0	0	0	0	0	0	1660137010080
2050	732	0	0	0	0	0	0	1660137011100
2041	725	0	0	0	0	0	0	1660137012120
2055	736	0	0	0	0	0	0	1660137013140
2037	743	0	0	0	0	0	0	1660137014160
2037	742	0	0	0	0	0	0	1660137015180
2042	732	0	0	0	0	0	0	1660137016200
2045	726	0	0	0	0	0	0	1660137017220
2047	723	0	0	0	0	0	0	1660137018240
2048	721	0	0	0	0	0	0	1660137019260
2049	720	0	0	0	0	0	0	1660137020280
2050	719	0	0	0	0	0	0	1660137021300
2050	719	0	0	0	0	0	0	1660137022320
2050	719	0	0	0	0	0	0	1660137023340
2050	719	0	0	0	0	0	0	1660137024360
2050	719	0	0	0	0	0	0	1660137025380
2050	719	0	0	0	0	0	0	1660137026400
2050	718	0	0	0	0	0	0	1660137027420
2050	718	0	0	0	0	0	0	1660137028440
2050	718	0	0	0	0	0	0	1660137029460
2050	718	0	0	0	0	0	0	1660137030480
2050	718	0	0	0	0	0	0	1660137031500
2050	718	0	0	0	0	0	0	1660137032520
2050	718	0	0	0	0	0	0	1660137033540
2050	718	0	0	0	0	0	0	1660137034560
2050	718	0	0	0	0	0	0	1660137035580
2050	718	0	0	0	0	0	0	1660137036600
2050	718	0	0	0	0	0	0	1660137037620
2050	718	0	0	0	0	0	0	1660137038640
2050	718	0	0	0	0	0	0	1660137039660
2050	718	0	0	0	0	0	0	1660137040680
2050	718	0	0	0	0	0	0	1660137041700
2050	718	0	0	0	0	0	0	1660137042720
2050	718	0	0	0	0	0	0	1660137043740
2050	718	0	0	0	0	0	0	1660137044760
2050	718	0	0	0	0	0	0	1660137045780
2050	718	0	0	0	0	0	0	1660137046800
2050	718	0	0	0	0	0	0	1660137047820
2050	718	0	0	0	0	0	0	1660137048840
2050	718	0	0	0	0	0	0	1660137049860
2050	718	0	0	0	0	0	0	1660137050880
2050	718	0	0	0	0	0	0	1660137051900
2050	718	0	0	0	0	0	0	1660137052920
2050	718	0	0	0	0	0	0	1660137053940
2050	718	0	0	0	0	0	0	1660137054960
2050	718	0	0	0	0	0	0	1660137055980
2050	718	0	0	0	0	0	0	1660137057000
2050	718	0	0	0	0	0	0	1660137058020
2050	718	0	0	0	0	0	0	1660137059040
2050	718	0	0	0	0	0	0	1660137060060
2050	718	0	0	0	0	0	0	1660137061080
2050	718	0	0	0	0	0	0	1660137062100
2050	718	0	0	0	0	0	0	1660137063120
2050	718	0	0	0	0	0	0	1660137064140
2050	718	0	0	0	0	0	0	1660137065160
2050	718	0	0	0	0	0	0	1660137066180
2050	718	0	0	0	0	0	0	1660137067200
2050	718	0	0	0	0	0	0	1660137068220
2050	718	0	0	0	0	0	0	1660137069240
2050	717	0	0	0	0	0	0	1660137070260
2050	716	0	0	0	0	0	0	1660137071280
2050	716	0	0	0	0	0	0	1660137072300
2050	714	0	0	0	0	0	0	1660137073320
2050	712	0	0	0	0	0	0	1660137074340
2050	709	0	0	0	0	0	0	1660137075360
2050	707	0	0	0	0	0	0	1660137076380
2050	703	0	0	0	0	0	0	1660137077400
2050	699	0	0	0	0	0	0	1660137078420
2050	698	0	0	0	0	0	0	1660137079440
2050	698	0	0	0	0	0	0	1660137080460
2050	697	0	0	0	0	0	0	1660137081480
2050	695	0	0	0	0	0	0	1660137082500
2050	694	0	0	0	0	0	0	1660137083520
2050	693	0	0	0	0	0	0	1660137084540
2050	692	0	0	0	0	0	0	1660137085560
2050	691	0	0	0	0	0	0	1660137086580
2050	691	0	0	0	0	0	0	1660137087600
2050	691	0	0	0	0	0	0	1660137088620
2050	691	0	0	0	0	0	0	1660137089640
2050	691	0	0	0	0	0	0	1660137090660
2050	691	0	0	0	0	0	0	1660137091680
2050	691	0	0	0	0	0	0	1660137092700
2050	691	0	0	0	0	0	0	1660137093720
2050	691	0	0	0	0	0	0	1660137094740
2050	691	0	0	0	0	0	0	1660137095760
2050	691	0	0	0	0	0	0	1660137096780
2050	691	0	0	0	0	0	0	1660137097800
2050	691	0	0	0	0	0	0	1660137098820
2050	691	0	0	0	0	0	0	1660137099840
2050	691	0	0	0	0	0	0	1660137100860
2050	691	0	0	0	0	0	0	1660137101880
2050	691	0	0	0	0	0	0	1660137102900
2050	691	0	0	0	0	0	0	1660137103920
2050	691	0	0	0	0	0	0	1660137104940
2051	691	0	0	0	0	0	0	1660137105960
2051	691	0	0	0	0	0	0	1660137106980
2051	691	0	0	0	0	0	0	1660137108000
2051	691	0	0	0	0	0	0	1660137109020
2051	691	0	0	0	0	0	0	1660137110040
2051	691	0	0	0	0	0	0	1660137111060
2051	691	0	0	0	0	0	0	1660137112080
2051	691	0	0	0	0	0	0	1660137113100
2051	691	0	0	0	0	0	0	1660137114120
2051	691	0	0	0	0	0	0	1660137115140
2051	691	0	0	0	0	0	0	1660137116160
2051	691	0	0	0	0	0	0	1660137117180
2051	691	0	0	0	0	0	0	1660137118200
2051	691	0	0	0	0	0	0	1660137119220
2052	691	0	0	0	0	0	0	1660137120240
2051	691	0	0	0	0	0	0	1660137121260
2051	691	0	0	0	0	0	0	1660137122280
2050	691	0	0	0	0	0	0	1660137123300
2050	691	0	0	0	0	0	0	1660137124320
2050	691	0	0	0	0	0	0	1660137125340
2050	691	0	0	0	0	0	0	1660137126360
2050	691	0	0	0	0	0	0	1660137127380
2050	691	0	0	0	0	0	0	1660137128400
2050	691	0	0	0	0	0	0	1660137129420
2051	691	0	0	0	0	0	0	1660137130440
2051	691	0	0	0	0	0	0	1660137131460
2051	691	0	0	0	0	0	0	1660137132480
2050	691	0	0	0	0	0	0	1660137133500
2050	691	0	0	0	0	0	0	1660137134520
2050	691	0	0	0	0	0	0	1660137135540
2050	691	0	0	0	0	0	0	1660137136560
2050	691	0	0	0	0	0	0	1660137137580
2050	691	0	0	0	0	0	0	1660137138600
2050	691	0	0	0	0	0	0	1660137139620
2050	691	0	0	0	0	0	0	1660137140640
2050	691	0	0	0	0	0	0	1660137141660
2050	691	0	0	0	0	0	0	1660137142680
2050	691	0	0	0	0	0	0	1660137143700
2050	691	0	0	0	0	0	0	1660137144720
2050	691	0	0	0	0	0	0	1660137145740
2050	691	0	0	0	0	0	0	1660137146760
2050	691	0	0	0	0	0	0	1660137147780
2050	691	0	0	0	0	0	0	1660137148800
2050	691	0	0	0	0	0	0	1660137149820
2050	691	0	0	0	0	0	0	1660137150840
2050	691	0	0	0	0	0	0	1660137151860
2050	691	0	0	0	0	0	0	1660137152880
2050	691	0	0	0	0	0	0	1660137153900
2050	691	0	0	0	0	0	0	1660137154920
2050	691	0	0	0	0	0	0	1660137155940
2050	691	0	0	0	0	0	0	1660137156960
2050	691	0	0	0	0	0	0	1660137157980
2050	691	0	0	0	0	0	0	1660137159000
2050	691	0	0	0	0	0	0	1660137160020
2050	691	0	0	0	0	0	0	1660137161040
2050	691	0	0	0	0	0	0	1660137162060
2050	691	0	0	0	0	0	0	1660137163080
2050	691	0	0	0	0	0	0	1660137164100
2050	691	0	0	0	0	0	0	1660137165120
2050	691	0	0	0	0	0	0	1660137166140
2050	691	0	0	0	0	0	0	1660137167160
2050	691	0	0	0	0	0	0	1660137168180
2050	691	0	0	0	0	0	0	1660137169200
2050	691	0	0	0	0	0	0	1660137170220
2050	690	0	0	0	0	0	0	1660137171240
2050	690	0	0	0	0	0	0	1660137172260
2050	690	0	0	0	0	0	0	1660137173280
2050	690	0	0	0	0	0	0	1660137174300
2050	690	0	0	0	0	0	0	1660137175320
2050	690	0	0	0	0	0	0	1660137176340
2050	690	0	0	0	0	0	0	1660137177360
2050	690	0	0	0	0	0	0	1660137178380
2050	689	0	0	0	0	0	0	1660137179400
2050	688	0	0	0	0	0	0	1660137180420
2050	688	0	0	0	0	0	0	1660137181440
2050	688	0	0	0	0	0	0	1660137182460
2050	687	0	0	0	0	0	0	1660137183480
2050	687	0	0	0	0	0	0	1660137184500
2050	686	0	0	0	0	0	0	1660137185520
2050	684	0	0	0	0	0	0	1660137186540
2050	682	0	0	0	0	0	0	1660137187560
2050	681	0	0	0	0	0	0	1660137188580
2050	679	0	0	0	0	0	0	1660137189600
2050	676	0	0	0	0	0	0	1660137190620
2050	675	0	0	0	0	0	0	1660137191640
2051	673	0	0	0	0	0	0	1660137192660
2062	672	0	0	0	0	0	0	1660137193680
2068	671	0	0	0	0	0	0	1660137194700
2072	670	0	0	0	0	0	0	1660137195720
2075	669	0	0	0	0	0	0	1660137196740
2076	668	0	0	0	0	0	0	1660137197760
2077	668	0	0	0	0	0	0	1660137198780
2077	666	0	0	0	0	0	0	1660137199800
2077	665	0	0	0	0	0	0	1660137200820
2077	664	0	0	0	0	0	0	1660137201840
2078	664	0	0	0	0	0	0	1660137202860
2078	664	0	0	0	0	0	0	1660137203880
2078	664	0	0	0	0	0	0	1660137204900
2078	664	0	0	0	0	0	0	1660137205920
2078	664	0	0	0	0	0	0	1660137206940
2078	663	0	0	0	0	0	0	1660137207960
2078	663	0	0	0	0	0	0	1660137208980
2078	663	0	0	0	0	0	0	1660137210000
2078	663	0	0	0	0	0	0	1660137211020
2078	663	0	0	0	0	0	0	1660137212040
2078	663	0	0	0	0	0	0	1660137213060
2078	664	0	0	0	0	0	0	1660137214080
2078	663	0	0	0	0	0	0	1660137215100
2078	663	0	0	0	0	0	0	1660137216120
2078	663	0	0	0	0	0	0	1660137217140
2078	663	0	0	0	0	0	0	1660137218160
2078	663	0	0	0	0	0	0	1660137219180
2078	663	0	0	0	0	0	0	1660137220200
2078	663	0	0	0	0	0	0	1660137221220
2078	663	0	0	0	0	0	0	1660137222240
2078	663	0	0	0	0	0	0	1660137223260
2078	663	0	0	0	0	0	0	1660137224280
2078	663	0	0	0	0	0	0	1660137225300
2078	663	0	0	0	0	0	0	1660137226320
2078	663	0	0	0	0	0	0	1660137227340
2078	663	0	0	0	0	0	0	1660137228360
2078	663	0	0	0	0	0	0	1660137229380
2078	663	0	0	0	0	0	0	1660137230400
2078	663	0	0	0	0	0	0	1660137231420
2078	663	0	0	0	0	0	0	1660137232440
2078	663	0	0	0	0	0	0	1660137233460
2078	663	0	0	0	0	0	0	1660137234480
2078	663	0	0	0	0	0	0	1660137235500
2078	663	0	0	0	0	0	0	1660137236520
2078	663	0	0	0	0	0	0	1660137237540
2078	663	0	0	0	0	0	0	1660137238560
2078	663	0	0	0	0	0	0	1660137239580
2078	663	0	0	0	0	0	0	1660137240600
2078	663	0	0	0	0	0	0	1660137241620
2078	663	0	0	0	0	0	0	1660137242640
2078	663	0	0	0	0	0	0	1660137243660
2078	663	0	0	0	0	0	0	1660137244680
2078	663	0	0	0	0	0	0	1660137245700
2078	667	0	0	0	0	0	0	1660137246720
2078	676	0	0	0	0	0	0	1660137247740
2078	682	0	0	0	0	0	0	1660137248760
2078	685	0	0	0	0	0	0	1660137249780
2078	687	0	0	0	0	0	0	1660137250800
2078	688	0	0	0	0	0	0	1660137251820
2079	689	0	0	0	0	0	0	1660137252840
2080	690	0	0	0	0	0	0	1660137253860
2081	690	0	0	0	0	0	0	1660137254880
2081	690	0	0	0	0	0	0	1660137255900
2082	690	0	0	0	0	0	0	1660137256920
2083	690	0	0	0	0	0	0	1660137257940
2084	690	0	0	0	0	0	0	1660137258960
2085	690	0	0	0	0	0	0	1660137259980
2085	690	0	0	0	0	0	0	1660137261000
2086	690	0	0	0	0	0	0	1660137262020
2086	690	0	0	0	0	0	0	1660137263040
2085	690	0	0	0	0	0	0	1660137264060
2085	690	0	0	0	0	0	0	1660137265080
2085	690	0	0	0	0	0	0	1660137266100
2086	690	0	0	0	0	0	0	1660137267120
2088	690	0	0	0	0	0	0	1660137268140
2087	690	0	0	0	0	0	0	1660137269160
2088	689	0	0	0	0	0	0	1660137270180
2091	688	0	0	0	0	0	0	1660137271200
2091	687	0	0	0	0	0	0	1660137272220
2091	685	0	0	0	0	0	0	1660137273240
2091	684	0	0	0	0	0	0	1660137274260
2091	685	0	0	0	0	0	0	1660137275280
2090	682	0	0	0	0	0	0	1660137276300
2089	680	0	0	0	0	0	0	1660137277320
2086	680	0	0	0	0	0	0	1660137278340
2086	677	0	0	0	0	0	0	1660137279360
2085	676	0	0	0	0	0	0	1660137280380
2084	674	0	0	0	0	0	0	1660137281400
2084	671	0	0	0	0	0	0	1660137282420
2084	671	0	0	0	0	0	0	1660137283440
2086	671	0	0	0	0	0	0	1660137284460
2089	669	0	0	0	0	0	0	1660137285480
2090	668	0	0	0	0	0	0	1660137286500
2092	667	0	0	0	0	0	0	1660137287520
2093	666	0	0	0	0	0	0	1660137288540
2092	665	0	0	0	0	0	0	1660137289560
2091	664	0	0	0	0	0	0	1660137290580
2092	665	0	0	0	0	0	0	1660137291600
2094	664	0	0	0	0	0	0	1660137292620
2094	663	0	0	0	0	0	0	1660137293640
2095	663	0	0	0	0	0	0	1660137294660
2095	663	0	0	0	0	0	0	1660137295680
2096	663	0	0	0	0	0	0	1660137296700
2097	663	0	0	0	0	0	0	1660137297720
2096	663	0	0	0	0	0	0	1660137298740
2095	663	0	0	0	0	0	0	1660137299760
2096	663	0	0	0	0	0	0	1660137300780
2096	663	0	0	0	0	0	0	1660137301800
2096	663	0	0	0	0	0	0	1660137302820
2096	663	0	0	0	0	0	0	1660137303840
2095	663	0	0	0	0	0	0	1660137304860
2096	663	0	0	0	0	0	0	1660137305880
2097	663	0	0	0	0	0	0	1660137306900
2098	663	0	0	0	0	0	0	1660137307920
2097	663	0	0	0	0	0	0	1660137308940
2097	663	0	0	0	0	0	0	1660137309960
2097	663	0	0	0	0	0	0	1660137310980
2095	663	0	0	0	0	0	0	1660137312000
2096	663	0	0	0	0	0	0	1660137313020
2095	663	0	0	0	0	0	0	1660137314040
2097	663	0	0	0	0	0	0	1660137315060
2098	663	0	0	0	0	0	0	1660137316080
2098	663	0	0	0	0	0	0	1660137317100
2099	663	0	0	0	0	0	0	1660137318120
2099	663	0	0	0	0	0	0	1660137319140
2097	663	0	0	0	0	0	0	1660137320160
2097	663	0	0	0	0	0	0	1660137321180
2097	663	0	0	0	0	0	0	1660137322200
2096	663	0	0	0	0	0	0	1660137323220
2095	663	0	0	0	0	0	0	1660137324240
2094	663	0	0	0	0	0	0	1660137325260
2094	663	0	0	0	0	0	0	1660137326280
2095	663	0	0	0	0	0	0	1660137327300
2095	663	0	0	0	0	0	0	1660137328320
2097	663	0	0	0	0	0	0	1660137329340
2097	663	0	0	0	0	0	0	1660137330360
2097	663	0	0	0	0	0	0	1660137331380
2097	663	0	0	0	0	0	0	1660137332400
2096	663	0	0	0	0	0	0	1660137333420
2095	663	0	0	0	0	0	0	1660137334440
2095	663	0	0	0	0	0	0	1660137335460
2097	663	0	0	0	0	0	0	1660137336480
2097	663	0	0	0	0	0	0	1660137337500
2098	663	0	0	0	0	0	0	1660137338520
2098	663	0	0	0	0	0	0	1660137339540
2097	663	0	0	0	0	0	0	1660137340560
2097	663	0	0	0	0	0	0	1660137341580
2095	663	0	0	0	0	0	0	1660137342600
2094	663	0	0	0	0	0	0	1660137343620
2095	663	0	0	0	0	0	0	1660137344640
2095	663	0	0	0	0	0	0	1660137345660
2094	663	0	0	0	0	0	0	1660137346680
2091	663	0	0	0	0	0	0	1660137347700
2089	663	0	0	0	0	0	0	1660137348720
2088	663	0	0	0	0	0	0	1660137349740
2088	663	0	0	0	0	0	0	1660137350760
2087	663	0	0	0	0	0	0	1660137351780
2088	663	0	0	0	0	0	0	1660137352800
2088	663	0	0	0	0	0	0	1660137353820
2088	663	0	0	0	0	0	0	1660137354840
2087	663	0	0	0	0	0	0	1660137355860
2087	663	0	0	0	0	0	0	1660137356880
2088	663	0	0	0	0	0	0	1660137357900
2088	663	0	0	0	0	0	0	1660137358920
2086	663	0	0	0	0	0	0	1660137359940
2084	663	0	0	0	0	0	0	1660137360960
2083	663	0	0	0	0	0	0	1660137361980
2084	663	0	0	0	0	0	0	1660137363000
2085	663	0	0	0	0	0	0	1660137364020
2084	663	0	0	0	0	0	0	1660137365040
2085	663	0	0	0	0	0	0	1660137366060
2085	663	0	0	0	0	0	0	1660137367080
2085	663	0	0	0	0	0	0	1660137368100
2084	663	0	0	0	0	0	0	1660137369120
2084	663	0	0	0	0	0	0	1660137370140
2082	663	0	0	0	0	0	0	1660137371160
2083	663	0	0	0	0	0	0	1660137372180
2083	663	0	0	0	0	0	0	1660137373200
2083	663	0	0	0	0	0	0	1660137374220
2082	663	0	0	0	0	0	0	1660137375240
2082	663	0	0	0	0	0	0	1660137376260
2082	663	0	0	0	0	0	0	1660137377280
2082	663	0	0	0	0	0	0	1660137378300
2082	663	0	0	0	0	0	0	1660137379320
2081	663	0	0	0	0	0	0	1660137380340
2081	663	0	0	0	0	0	0	1660137381360
2080	663	0	0	0	0	0	0	1660137382380
2083	663	0	0	0	0	0	0	1660137383400
2082	663	0	0	0	0	0	0	1660137384420
2083	663	0	0	0	0	0	0	1660137385440
2083	663	0	0	0	0	0	0	1660137386460
2082	663	0	0	0	0	0	0	1660137387480
2083	663	0	0	0	0	0	0	1660137388500
2082	663	0	0	0	0	0	0	1660137389520
2083	663	0	0	0	0	0	0	1660137390540
2083	663	0	0	0	0	0	0	1660137391560
2088	663	0	0	0	0	0	0	1660137392580
2093	663	0	0	0	0	0	0	1660137393600
2096	663	0	0	0	0	0	0	1660137394620
2098	663	0	0	0	0	0	0	1660137395640
2100	663	0	0	0	0	0	0	1660137396660
2101	663	0	0	0	0	0	0	1660137397680
2103	663	0	0	0	0	0	0	1660137398700
2103	663	0	0	0	0	0	0	1660137399720
2104	670	0	0	0	0	0	0	1660137400740
2092	673	0	0	0	0	0	0	1660137401760
2097	675	0	0	0	0	0	0	1660137402780
2101	670	0	0	0	0	0	0	1660137403800
2101	666	0	0	0	0	0	0	1660137404820
2103	665	0	0	0	0	0	0	1660137405840
2104	664	0	0	0	0	0	0	1660137406860
2105	663	0	0	0	0	0	0	1660137407880
2105	663	0	0	0	0	0	0	1660137408900
2105	663	0	0	0	0	0	0	1660137409920
2106	663	0	0	0	0	0	0	1660137410940
2106	663	0	0	0	0	0	0	1660137411960
2106	663	0	0	0	0	0	0	1660137412980
2106	663	0	0	0	0	0	0	1660137414000
2106	663	0	0	0	0	0	0	1660137415020
2106	663	0	0	0	0	0	0	1660137416040
2106	663	0	0	0	0	0	0	1660137417060
2106	663	0	0	0	0	0	0	1660137418080
2106	663	0	0	0	0	0	0	1660137419100
2106	663	0	0	0	0	0	0	1660137420120
2106	663	0	0	0	0	0	0	1660137421140
2106	663	0	0	0	0	0	0	1660137422160
2106	663	0	0	0	0	0	0	1660137423180
2106	663	0	0	0	0	0	0	1660137424200
2106	663	0	0	0	0	0	0	1660137425220
2106	663	0	0	0	0	0	0	1660137426240
2106	663	0	0	0	0	0	0	1660137427260
2106	663	0	0	0	0	0	0	1660137428280
2106	663	0	0	0	0	0	0	1660137429300
2106	663	0	0	0	0	0	0	1660137430320
2106	663	0	0	0	0	0	0	1660137431340
2106	663	0	0	0	0	0	0	1660137432360
2106	662	0	0	0	0	0	0	1660137433380
2106	661	0	0	0	0	0	0	1660137434400
2106	661	0	0	0	0	0	0	1660137435420
2106	661	0	0	0	0	0	0	1660137436440
2106	662	0	0	0	0	0	0	1660137437460
2106	662	0	0	0	0	0	0	1660137438480
2106	662	0	0	0	0	0	0	1660137439500
2106	662	0	0	0	0	0	0	1660137440520
2106	661	0	0	0	0	0	0	1660137441540
2106	660	0	0	0	0	0	0	1660137442560
2106	659	0	0	0	0	0	0	1660137443580
2106	659	0	0	0	0	0	0	1660137444600
2106	658	0	0	0	0	0	0	1660137445620
2106	659	0	0	0	0	0	0	1660137446640
2106	658	0	0	0	0	0	0	1660137447660
2106	657	0	0	0	0	0	0	1660137448680
2106	655	0	0	0	0	0	0	1660137449700
2106	656	0	0	0	0	0	0	1660137450720
2106	657	0	0	0	0	0	0	1660137451740
2106	653	0	0	0	0	0	0	1660137452760
2106	653	0	0	0	0	0	0	1660137453780
2106	653	0	0	0	0	0	0	1660137454800
2106	654	0	0	0	0	0	0	1660137455820
2106	656	0	0	0	0	0	0	1660137456840
2106	655	0	0	0	0	0	0	1660137457860
2106	654	0	0	0	0	0	0	1660137458880
2106	652	0	0	0	0	0	0	1660137459900
2106	652	0	0	0	0	0	0	1660137460920
2106	654	0	0	0	0	0	0	1660137461940
2106	653	0	0	0	0	0	0	1660137462960
2106	651	0	0	0	0	0	0	1660137463980
2106	650	0	0	0	0	0	0	1660137465000
2106	648	0	0	0	0	0	0	1660137466020
2106	649	0	0	0	0	0	0	1660137467040
2106	649	0	0	0	0	0	0	1660137468060
2106	649	0	0	0	0	0	0	1660137469080
2106	647	0	0	0	0	0	0	1660137470100
2106	646	0	0	0	0	0	0	1660137471120
2106	646	0	0	0	0	0	0	1660137472140
2106	644	0	0	0	0	0	0	1660137473160
2106	644	0	0	0	0	0	0	1660137474180
2106	643	0	0	0	0	0	0	1660137475200
2106	642	0	0	0	0	0	0	1660137476220
2106	644	0	0	0	0	0	0	1660137477240
2106	643	0	0	0	0	0	0	1660137478260
2106	644	0	0	0	0	0	0	1660137479280
2106	644	0	0	0	0	0	0	1660137480300
2106	641	0	0	0	0	0	0	1660137481320
2106	640	0	0	0	0	0	0	1660137482340
2106	639	0	0	0	0	0	0	1660137483360
2106	638	0	0	0	0	0	0	1660137484380
2106	638	0	0	0	0	0	0	1660137485400
2106	637	0	0	0	0	0	0	1660137486420
2106	637	0	0	0	0	0	0	1660137487440
2106	636	0	0	0	0	0	0	1660137488460
2106	637	0	0	0	0	0	0	1660137489480
2106	637	0	0	0	0	0	0	1660137490500
2106	637	0	0	0	0	0	0	1660137491520
2106	637	0	0	0	0	0	0	1660137492540
2106	637	0	0	0	0	0	0	1660137493560
2106	636	0	0	0	0	0	0	1660137494580
2106	636	0	0	0	0	0	0	1660137495600
2106	636	0	0	0	0	0	0	1660137496620
2106	636	0	0	0	0	0	0	1660137497640
2106	636	0	0	0	0	0	0	1660137498660
2106	636	0	0	0	0	0	0	1660137499680
2106	636	0	0	0	0	0	0	1660137500700
2106	636	0	0	0	0	0	0	1660137501720
2106	636	0	0	0	0	0	0	1660137502740
2106	636	0	0	0	0	0	0	1660137503760
2106	636	0	0	0	0	0	0	1660137504780
2106	636	0	0	0	0	0	0	1660137505800
2106	636	0	0	0	0	0	0	1660137506820
2106	636	0	0	0	0	0	0	1660137507840
2106	636	0	0	0	0	0	0	1660137508860
2106	636	0	0	0	0	0	0	1660137509880
2106	636	0	0	0	0	0	0	1660137510900
2106	636	0	0	0	0	0	0	1660137511920
2106	636	0	0	0	0	0	0	1660137512940
2106	636	0	0	0	0	0	0	1660137513960
2106	636	0	0	0	0	0	0	1660137514980
2106	636	0	0	0	0	0	0	1660137516000
2106	636	0	0	0	0	0	0	1660137517020
2106	636	0	0	0	0	0	0	1660137518040
2106	636	0	0	0	0	0	0	1660137519060
2106	636	0	0	0	0	0	0	1660137520080
2106	636	0	0	0	0	0	0	1660137521100
2106	636	0	0	0	0	0	0	1660137522120
2106	636	0	0	0	0	0	0	1660137523140
2106	636	0	0	0	0	0	0	1660137524160
2106	636	0	0	0	0	0	0	1660137525180
2106	636	0	0	0	0	0	0	1660137526200
2106	636	0	0	0	0	0	0	1660137527220
2106	636	0	0	0	0	0	0	1660137528240
2106	636	0	0	0	0	0	0	1660137529260
2106	636	0	0	0	0	0	0	1660137530280
2106	636	0	0	0	0	0	0	1660137531300
2106	636	0	0	0	0	0	0	1660137532320
2106	636	0	0	0	0	0	0	1660137533340
2106	636	0	0	0	0	0	0	1660137534360
2106	636	0	0	0	0	0	0	1660137535380
2106	636	0	0	0	0	0	0	1660137536400
2106	636	0	0	0	0	0	0	1660137537420
2106	636	0	0	0	0	0	0	1660137538440
2106	636	0	0	0	0	0	0	1660137539460
2106	636	0	0	0	0	0	0	1660137540480
2106	636	0	0	0	0	0	0	1660137541500
2106	636	0	0	0	0	0	0	1660137542520
2106	635	0	0	0	0	0	0	1660137543540
2106	635	0	0	0	0	0	0	1660137544560
2106	635	0	0	0	0	0	0	1660137545580
2106	635	0	0	0	0	0	0	1660137546600
2106	635	0	0	0	0	0	0	1660137547620
2106	635	0	0	0	0	0	0	1660137548640
2106	635	0	0	0	0	0	0	1660137549660
2106	635	0	0	0	0	0	0	1660137550680
2107	635	0	0	0	0	0	0	1660137551700
2107	635	0	0	0	0	0	0	1660137552720
2107	635	0	0	0	0	0	0	1660137553740
2108	635	0	0	0	0	0	0	1660137554760
2109	635	0	0	0	0	0	0	1660137555780
2111	635	0	0	0	0	0	0	1660137556800
2112	635	0	0	0	0	0	0	1660137557820
2111	635	0	0	0	0	0	0	1660137558840
2112	635	0	0	0	0	0	0	1660137559860
2112	635	0	0	0	0	0	0	1660137560880
2112	635	0	0	0	0	0	0	1660137561900
2114	635	0	0	0	0	0	0	1660137562920
2113	635	0	0	0	0	0	0	1660137563940
2114	635	0	0	0	0	0	0	1660137564960
2115	635	0	0	0	0	0	0	1660137565980
2117	635	0	0	0	0	0	0	1660137567000
2119	635	0	0	0	0	0	0	1660137568020
2120	635	0	0	0	0	0	0	1660137569040
2122	635	0	0	0	0	0	0	1660137570060
2121	635	0	0	0	0	0	0	1660137571080
2123	635	0	0	0	0	0	0	1660137572100
2120	635	0	0	0	0	0	0	1660137573120
2121	635	0	0	0	0	0	0	1660137574140
2124	635	0	0	0	0	0	0	1660137575160
2126	635	0	0	0	0	0	0	1660137576180
2128	635	0	0	0	0	0	0	1660137577200
2130	635	0	0	0	0	0	0	1660137578220
2132	635	0	0	0	0	0	0	1660137579240
2132	635	0	0	0	0	0	0	1660137580260
2131	635	0	0	0	0	0	0	1660137581280
2132	635	0	0	0	0	0	0	1660137582300
2133	635	0	0	0	0	0	0	1660137583320
2133	635	0	0	0	0	0	0	1660137584340
2133	635	0	0	0	0	0	0	1660137585360
2133	635	0	0	0	0	0	0	1660137586380
2134	635	0	0	0	0	0	0	1660137587400
2134	635	0	0	0	0	0	0	1660137588420
2134	635	0	0	0	0	0	0	1660137589440
2134	635	0	0	0	0	0	0	1660137590460
2134	635	0	0	0	0	0	0	1660137591480
2134	635	0	0	0	0	0	0	1660137592500
2134	635	0	0	0	0	0	0	1660137593520
2134	635	0	0	0	0	0	0	1660137594540
2134	635	0	0	0	0	0	0	1660137595560
2134	635	0	0	0	0	0	0	1660137596580
2134	635	0	0	0	0	0	0	1660137597600
2134	635	0	0	0	0	0	0	1660137598620
2134	635	0	0	0	0	0	0	1660137599640
2134	635	0	0	0	0	0	0	1660137600660
2134	635	0	0	0	0	0	0	1660137601680
2134	635	0	0	0	0	0	0	1660137602700
2134	635	0	0	0	0	0	0	1660137603720
2134	635	0	0	0	0	0	0	1660137604740
2134	635	0	0	0	0	0	0	1660137605760
2134	635	0	0	0	0	0	0	1660137606780
2134	635	0	0	0	0	0	0	1660137607800
2134	635	0	0	0	0	0	0	1660137608820
2134	635	0	0	0	0	0	0	1660137609840
2134	635	0	0	0	0	0	0	1660137610860
2134	635	0	0	0	0	0	0	1660137611880
2134	635	0	0	0	0	0	0	1660137612900
2134	635	0	0	0	0	0	0	1660137613920
2134	635	0	0	0	0	0	0	1660137614940
2134	635	0	0	0	0	0	0	1660137615960
2134	635	0	0	0	0	0	0	1660137616980
2134	635	0	0	0	0	0	0	1660137618000
2134	635	0	0	0	0	0	0	1660137619020
2134	635	0	0	0	0	0	0	1660137620040
2134	635	0	0	0	0	0	0	1660137621060
2134	635	0	0	0	0	0	0	1660137622080
2134	635	0	0	0	0	0	0	1660137623100
2134	635	0	0	0	0	0	0	1660137624120
2134	635	0	0	0	0	0	0	1660137625140
2134	635	0	0	0	0	0	0	1660137626160
2134	635	0	0	0	0	0	0	1660137627180
2134	635	0	0	0	0	0	0	1660137628200
2134	635	0	0	0	0	0	0	1660137629220
2134	635	0	0	0	0	0	0	1660137630240
2134	635	0	0	0	0	0	0	1660137631260
2134	635	0	0	0	0	0	0	1660137632280
2134	635	0	0	0	0	0	0	1660137633300
2134	635	0	0	0	0	0	0	1660137634320
2134	635	0	0	0	0	0	0	1660137635340
2134	635	0	0	0	0	0	0	1660137636360
2134	635	0	0	0	0	0	0	1660137637380
2134	635	0	0	0	0	0	0	1660137638400
2134	635	0	0	0	0	0	0	1660137639420
2134	635	0	0	0	0	0	0	1660137640440
2134	635	0	0	0	0	0	0	1660137641460
2134	635	0	0	0	0	0	0	1660137642480
2134	635	0	0	0	0	0	0	1660137643500
2134	635	0	0	0	0	0	0	1660137644520
2134	635	0	0	0	0	0	0	1660137645540
2134	635	0	0	0	0	0	0	1660137646560
2134	635	0	0	0	0	0	0	1660137647580
2134	635	0	0	0	0	0	0	1660137648600
2134	635	0	0	0	0	0	0	1660137649620
2134	635	0	0	0	0	0	0	1660137650640
2134	635	0	0	0	0	0	0	1660137651660
2134	635	0	0	0	0	0	0	1660137652680
2134	635	0	0	0	0	0	0	1660137653700
2134	635	0	0	0	0	0	0	1660137654720
2134	635	0	0	0	0	0	0	1660137655740
2134	635	0	0	0	0	0	0	1660137656760
2134	635	0	0	0	0	0	0	1660137657780
2134	635	0	0	0	0	0	0	1660137658800
2134	635	0	0	0	0	0	0	1660137659820
2134	635	0	0	0	0	0	0	1660137660840
2134	635	0	0	0	0	0	0	1660137661860
2134	635	0	0	0	0	0	0	1660137662880
2135	635	0	0	0	0	0	0	1660137663900
2136	635	0	0	0	0	0	0	1660137664920
2135	635	0	0	0	0	0	0	1660137665940
2135	635	0	0	0	0	0	0	1660137666960
2135	635	0	0	0	0	0	0	1660137667980
2136	635	0	0	0	0	0	0	1660137669000
2138	635	0	0	0	0	0	0	1660137670020
2140	635	0	0	0	0	0	0	1660137671040
2140	635	0	0	0	0	0	0	1660137672060
2142	635	0	0	0	0	0	0	1660137673080
2144	635	0	0	0	0	0	0	1660137674100
2143	635	0	0	0	0	0	0	1660137675120
2144	635	0	0	0	0	0	0	1660137676140
2149	635	0	0	0	0	0	0	1660137677160
2153	635	0	0	0	0	0	0	1660137678180
2151	635	0	0	0	0	0	0	1660137679200
2154	635	0	0	0	0	0	0	1660137680220
2156	635	0	0	0	0	0	0	1660137681240
2157	635	0	0	0	0	0	0	1660137682260
2158	635	0	0	0	0	0	0	1660137683280
2160	635	0	0	0	0	0	0	1660137684300
2160	635	0	0	0	0	0	0	1660137685320
2159	635	0	0	0	0	0	0	1660137686340
2160	635	0	0	0	0	0	0	1660137687360
2161	635	0	0	0	0	0	0	1660137688380
2161	635	0	0	0	0	0	0	1660137689400
2161	635	0	0	0	0	0	0	1660137690420
2161	635	0	0	0	0	0	0	1660137691440
2161	635	0	0	0	0	0	0	1660137692460
2161	635	0	0	0	0	0	0	1660137693480
2160	635	0	0	0	0	0	0	1660137694500
2159	635	0	0	0	0	0	0	1660137695520
2160	635	0	0	0	0	0	0	1660137696540
2161	635	0	0	0	0	0	0	1660137697560
2161	635	0	0	0	0	0	0	1660137698580
2160	635	0	0	0	0	0	0	1660137699600
2160	635	0	0	0	0	0	0	1660137700620
2161	635	0	0	0	0	0	0	1660137701640
2161	635	0	0	0	0	0	0	1660137702660
2161	635	0	0	0	0	0	0	1660137703680
2161	635	0	0	0	0	0	0	1660137704700
2161	635	0	0	0	0	0	0	1660137705720
2161	635	0	0	0	0	0	0	1660137706740
2161	635	0	0	0	0	0	0	1660137707760
2161	635	0	0	0	0	0	0	1660137708780
2161	635	0	0	0	0	0	0	1660137709800
2161	635	0	0	0	0	0	0	1660137710820
2161	635	0	0	0	0	0	0	1660137711840
2161	635	0	0	0	0	0	0	1660137712860
2162	635	0	0	0	0	0	0	1660137713880
2162	635	0	0	0	0	0	0	1660137714900
2162	635	0	0	0	0	0	0	1660137715920
2162	635	0	0	0	0	0	0	1660137716940
2162	635	0	0	0	0	0	0	1660137717960
2162	635	0	0	0	0	0	0	1660137718980
2162	635	0	0	0	0	0	0	1660137720000
2162	635	0	0	0	0	0	0	1660137721020
2162	635	0	0	0	0	0	0	1660137722040
2162	635	0	0	0	0	0	0	1660137723060
2162	635	0	0	0	0	0	0	1660137724080
2162	635	0	0	0	0	0	0	1660137725100
2162	635	0	0	0	0	0	0	1660137726120
2162	635	0	0	0	0	0	0	1660137727140
2162	635	0	0	0	0	0	0	1660137728160
2162	635	0	0	0	0	0	0	1660137729180
2162	635	0	0	0	0	0	0	1660137730200
2162	635	0	0	0	0	0	0	1660137731220
2162	635	0	0	0	0	0	0	1660137732240
2162	635	0	0	0	0	0	0	1660137733260
2162	635	0	0	0	0	0	0	1660137734280
2162	635	0	0	0	0	0	0	1660137735300
2162	635	0	0	0	0	0	0	1660137736320
2162	635	0	0	0	0	0	0	1660137737340
2162	635	0	0	0	0	0	0	1660137738360
2162	635	0	0	0	0	0	0	1660137739380
2162	635	0	0	0	0	0	0	1660137740400
2162	635	0	0	0	0	0	0	1660137741420
2162	635	0	0	0	0	0	0	1660137742440
2162	635	0	0	0	0	0	0	1660137743460
2162	635	0	0	0	0	0	0	1660137744480
2162	635	0	0	0	0	0	0	1660137745500
2162	635	0	0	0	0	0	0	1660137746520
2162	635	0	0	0	0	0	0	1660137747540
2162	635	0	0	0	0	0	0	1660137748560
2162	635	0	0	0	0	0	0	1660137749580
2162	635	0	0	0	0	0	0	1660137750600
2162	635	0	0	0	0	0	0	1660137751620
2162	635	0	0	0	0	0	0	1660137752640
2162	635	0	0	0	0	0	0	1660137753660
2162	635	0	0	0	0	0	0	1660137754680
2162	635	0	0	0	0	0	0	1660137755700
2162	635	0	0	0	0	0	0	1660137756720
2162	635	0	0	0	0	0	0	1660137757740
2162	635	0	0	0	0	0	0	1660137758760
2162	635	0	0	0	0	0	0	1660137759780
2162	635	0	0	0	0	0	0	1660137760800
2162	635	0	0	0	0	0	0	1660137761820
2162	635	0	0	0	0	0	0	1660137762840
2162	635	0	0	0	0	0	0	1660137763860
2162	635	0	0	0	0	0	0	1660137764880
2162	635	0	0	0	0	0	0	1660137765900
2162	635	0	0	0	0	0	0	1660137766920
2162	635	0	0	0	0	0	0	1660137767940
2162	635	0	0	0	0	0	0	1660137768960
2162	635	0	0	0	0	0	0	1660137769980
2162	635	0	0	0	0	0	0	1660137771000
2162	635	0	0	0	0	0	0	1660137772020
2162	635	0	0	0	0	0	0	1660137773040
2162	635	0	0	0	0	0	0	1660137774060
2162	635	0	0	0	0	0	0	1660137775080
2162	635	0	0	0	0	0	0	1660137776100
2162	635	0	0	0	0	0	0	1660137777120
2162	635	0	0	0	0	0	0	1660137778140
2162	635	0	0	0	0	0	0	1660137779160
2162	634	0	0	0	0	0	0	1660137780180
2162	634	0	0	0	0	0	0	1660137781200
2162	634	0	0	0	0	0	0	1660137782220
2162	633	0	0	0	0	0	0	1660137783240
2162	634	0	0	0	0	0	0	1660137784260
2162	634	0	0	0	0	0	0	1660137785280
2162	634	0	0	0	0	0	0	1660137786300
2162	634	0	0	0	0	0	0	1660137787320
2162	634	0	0	0	0	0	0	1660137788340
2162	633	0	0	0	0	0	0	1660137789360
2162	633	0	0	0	0	0	0	1660137790380
2162	632	0	0	0	0	0	0	1660137791400
2162	633	0	0	0	0	0	0	1660137792420
2162	633	0	0	0	0	0	0	1660137793440
2162	633	0	0	0	0	0	0	1660137794460
2162	633	0	0	0	0	0	0	1660137795480
2162	633	0	0	0	0	0	0	1660137796500
2162	632	0	0	0	0	0	0	1660137797520
2162	632	0	0	0	0	0	0	1660137798540
2162	632	0	0	0	0	0	0	1660137799560
2162	631	0	0	0	0	0	0	1660137800580
2162	631	0	0	0	0	0	0	1660137801600
2162	632	0	0	0	0	0	0	1660137802620
2162	631	0	0	0	0	0	0	1660137803640
2162	631	0	0	0	0	0	0	1660137804660
2162	629	0	0	0	0	0	0	1660137805680
2162	629	0	0	0	0	0	0	1660137806700
2162	631	0	0	0	0	0	0	1660137807720
2162	629	0	0	0	0	0	0	1660137808740
2162	629	0	0	0	0	0	0	1660137809760
2163	629	0	0	0	0	0	0	1660137810780
2163	628	0	0	0	0	0	0	1660137811800
2163	628	0	0	0	0	0	0	1660137812820
2163	627	0	0	0	0	0	0	1660137813840
2163	626	0	0	0	0	0	0	1660137814860
2163	626	0	0	0	0	0	0	1660137815880
2164	628	0	0	0	0	0	0	1660137816900
2164	627	0	0	0	0	0	0	1660137817920
2164	627	0	0	0	0	0	0	1660137818940
2164	624	0	0	0	0	0	0	1660137819960
2164	623	0	0	0	0	0	0	1660137820980
2164	625	0	0	0	0	0	0	1660137822000
2164	625	0	0	0	0	0	0	1660137823020
2164	623	0	0	0	0	0	0	1660137824040
2164	623	0	0	0	0	0	0	1660137825060
2167	621	0	0	0	0	0	0	1660137826080
2169	621	0	0	0	0	0	0	1660137827100
2173	621	0	0	0	0	0	0	1660137828120
2176	621	0	0	0	0	0	0	1660137829140
2177	620	0	0	0	0	0	0	1660137830160
2179	619	0	0	0	0	0	0	1660137831180
2180	617	0	0	0	0	0	0	1660137832200
2181	618	0	0	0	0	0	0	1660137833220
2182	618	0	0	0	0	0	0	1660137834240
2184	618	0	0	0	0	0	0	1660137835260
2186	617	0	0	0	0	0	0	1660137836280
2187	616	0	0	0	0	0	0	1660137837300
2188	619	0	0	0	0	0	0	1660137838320
2189	619	0	0	0	0	0	0	1660137839340
2189	616	0	0	0	0	0	0	1660137840360
2189	617	0	0	0	0	0	0	1660137841380
2189	616	0	0	0	0	0	0	1660137842400
2189	616	0	0	0	0	0	0	1660137843420
2190	614	0	0	0	0	0	0	1660137844440
2190	613	0	0	0	0	0	0	1660137845460
2190	613	0	0	0	0	0	0	1660137846480
2190	614	0	0	0	0	0	0	1660137847500
2190	613	0	0	0	0	0	0	1660137848520
2190	614	0	0	0	0	0	0	1660137849540
2190	613	0	0	0	0	0	0	1660137850560
2190	613	0	0	0	0	0	0	1660137851580
2190	613	0	0	0	0	0	0	1660137852600
2190	612	0	0	0	0	0	0	1660137853620
2190	611	0	0	0	0	0	0	1660137854640
2190	610	0	0	0	0	0	0	1660137855660
2190	610	0	0	0	0	0	0	1660137856680
2190	612	0	0	0	0	0	0	1660137857700
2190	612	0	0	0	0	0	0	1660137858720
2190	612	0	0	0	0	0	0	1660137859740
2190	612	0	0	0	0	0	0	1660137860760
2190	612	0	0	0	0	0	0	1660137861780
2190	611	0	0	0	0	0	0	1660137862800
2190	611	0	0	0	0	0	0	1660137863820
2190	610	0	0	0	0	0	0	1660137864840
2190	609	0	0	0	0	0	0	1660137865860
2190	609	0	0	0	0	0	0	1660137866880
2190	609	0	0	0	0	0	0	1660137867900
2190	609	0	0	0	0	0	0	1660137868920
2190	610	0	0	0	0	0	0	1660137869940
2190	610	0	0	0	0	0	0	1660137870960
2190	609	0	0	0	0	0	0	1660137871980
2190	609	0	0	0	0	0	0	1660137873000
2190	609	0	0	0	0	0	0	1660137874020
2190	608	0	0	0	0	0	0	1660137875040
2190	608	0	0	0	0	0	0	1660137876060
2190	608	0	0	0	0	0	0	1660137877080
2190	608	0	0	0	0	0	0	1660137878100
2190	608	0	0	0	0	0	0	1660137879120
2190	608	0	0	0	0	0	0	1660137880140
2190	608	0	0	0	0	0	0	1660137881160
2190	608	0	0	0	0	0	0	1660137882180
2190	608	0	0	0	0	0	0	1660137883200
2190	608	0	0	0	0	0	0	1660137884220
2190	609	0	0	0	0	0	0	1660137885240
2190	609	0	0	0	0	0	0	1660137886260
2190	609	0	0	0	0	0	0	1660137887280
2190	609	0	0	0	0	0	0	1660137888300
2190	611	0	0	0	0	0	0	1660137889320
2190	610	0	0	0	0	0	0	1660137890340
2190	609	0	0	0	0	0	0	1660137891360
2190	609	0	0	0	0	0	0	1660137892380
2190	610	0	0	0	0	0	0	1660137893400
2191	610	0	0	0	0	0	0	1660137894420
2191	609	0	0	0	0	0	0	1660137895440
2191	609	0	0	0	0	0	0	1660137896460
2191	608	0	0	0	0	0	0	1660137897480
2193	608	0	0	0	0	0	0	1660137898500
2195	608	0	0	0	0	0	0	1660137899520
2202	608	0	0	0	0	0	0	1660137900540
2208	610	0	0	0	0	0	0	1660137901560
2211	610	0	0	0	0	0	0	1660137902580
2214	609	0	0	0	0	0	0	1660137903600
2216	609	0	0	0	0	0	0	1660137904620
2217	609	0	0	0	0	0	0	1660137905640
2217	609	0	0	0	0	0	0	1660137906660
2217	609	0	0	0	0	0	0	1660137907680
2217	609	0	0	0	0	0	0	1660137908700
2217	609	0	0	0	0	0	0	1660137909720
2217	609	0	0	0	0	0	0	1660137910740
2217	610	0	0	0	0	0	0	1660137911760
2217	610	0	0	0	0	0	0	1660137912780
2217	610	0	0	0	0	0	0	1660137913800
2217	609	0	0	0	0	0	0	1660137914820
2217	609	0	0	0	0	0	0	1660137915840
2217	609	0	0	0	0	0	0	1660137916860
2217	609	0	0	0	0	0	0	1660137917880
2217	610	0	0	0	0	0	0	1660137918900
2217	609	0	0	0	0	0	0	1660137919920
2218	609	0	0	0	0	0	0	1660137920940
2218	609	0	0	0	0	0	0	1660137921960
2218	609	0	0	0	0	0	0	1660137922980
2218	608	0	0	0	0	0	0	1660137924000
2218	608	0	0	0	0	0	0	1660137925020
2218	608	0	0	0	0	0	0	1660137926040
2218	608	0	0	0	0	0	0	1660137927060
2218	608	0	0	0	0	0	0	1660137928080
2218	608	0	0	0	0	0	0	1660137929100
2218	608	0	0	0	0	0	0	1660137930120
2218	608	0	0	0	0	0	0	1660137931140
2218	608	0	0	0	0	0	0	1660137932160
2218	608	0	0	0	0	0	0	1660137933180
2218	608	0	0	0	0	0	0	1660137934200
2218	608	0	0	0	0	0	0	1660137935220
2218	608	0	0	0	0	0	0	1660137936240
2218	608	0	0	0	0	0	0	1660137937260
2218	608	0	0	0	0	0	0	1660137938280
2218	608	0	0	0	0	0	0	1660137939300
2218	608	0	0	0	0	0	0	1660137940320
2218	608	0	0	0	0	0	0	1660137941340
2218	608	0	0	0	0	0	0	1660137942360
2218	608	0	0	0	0	0	0	1660137943380
2218	608	0	0	0	0	0	0	1660137944400
2218	608	0	0	0	0	0	0	1660137945420
2218	608	0	0	0	0	0	0	1660137946440
2218	608	0	0	0	0	0	0	1660137947460
2218	608	0	0	0	0	0	0	1660137948480
2218	608	0	0	0	0	0	0	1660137949500
2218	608	0	0	0	0	0	0	1660137950520
2218	608	0	0	0	0	0	0	1660137951540
2218	608	0	0	0	0	0	0	1660137952560
2218	608	0	0	0	0	0	0	1660137953580
2218	608	0	0	0	0	0	0	1660137954600
2218	608	0	0	0	0	0	0	1660137955620
2218	608	0	0	0	0	0	0	1660137956640
2218	608	0	0	0	0	0	0	1660137957660
2218	608	0	0	0	0	0	0	1660137958680
2218	608	0	0	0	0	0	0	1660137959700
2218	608	0	0	0	0	0	0	1660137960720
2218	608	0	0	0	0	0	0	1660137961740
2218	608	0	0	0	0	0	0	1660137962760
2218	608	0	0	0	0	0	0	1660137963780
2218	608	0	0	0	0	0	0	1660137964800
2218	608	0	0	0	0	0	0	1660137965820
2218	608	0	0	0	0	0	0	1660137966840
2218	608	0	0	0	0	0	0	1660137967860
2218	608	0	0	0	0	0	0	1660137968880
2218	608	0	0	0	0	0	0	1660137969900
2218	608	0	0	0	0	0	0	1660137970920
2218	608	0	0	0	0	0	0	1660137971940
2218	608	0	0	0	0	0	0	1660137972960
2218	608	0	0	0	0	0	0	1660137973980
2218	608	0	0	0	0	0	0	1660137975000
2218	608	0	0	0	0	0	0	1660137976020
2218	608	0	0	0	0	0	0	1660137977040
2218	608	0	0	0	0	0	0	1660137978060
2218	608	0	0	0	0	0	0	1660137979080
2218	608	0	0	0	0	0	0	1660137980100
2218	608	0	0	0	0	0	0	1660137981120
2218	608	0	0	0	0	0	0	1660137982140
2218	608	0	0	0	0	0	0	1660137983160
2218	608	0	0	0	0	0	0	1660137984180
2218	608	0	0	0	0	0	0	1660137985200
2218	608	0	0	0	0	0	0	1660137986220
2218	608	0	0	0	0	0	0	1660137987240
2219	608	0	0	0	0	0	0	1660137988260
2220	608	0	0	0	0	0	0	1660137989280
2220	608	0	0	0	0	0	0	1660137990300
2220	608	0	0	0	0	0	0	1660137991320
2223	608	0	0	0	0	0	0	1660137992340
2223	608	0	0	0	0	0	0	1660137993360
2222	608	0	0	0	0	0	0	1660137994380
2221	608	0	0	0	0	0	0	1660137995400
2221	608	0	0	0	0	0	0	1660137996420
2223	608	0	0	0	0	0	0	1660137997440
2230	608	0	0	0	0	0	0	1660137998460
2235	608	0	0	0	0	0	0	1660137999480
2238	608	0	0	0	0	0	0	1660138000500
2241	608	0	0	0	0	0	0	1660138001520
2242	608	0	0	0	0	0	0	1660138002540
2244	608	0	0	0	0	0	0	1660138003560
2245	608	0	0	0	0	0	0	1660138004580
2245	608	0	0	0	0	0	0	1660138005600
2245	608	0	0	0	0	0	0	1660138006620
2245	608	0	0	0	0	0	0	1660138007640
2245	608	0	0	0	0	0	0	1660138008660
2245	608	0	0	0	0	0	0	1660138009680
2246	608	0	0	0	0	0	0	1660138010700
2246	608	0	0	0	0	0	0	1660138011720
2246	608	0	0	0	0	0	0	1660138012740
2246	608	0	0	0	0	0	0	1660138013760
2246	608	0	0	0	0	0	0	1660138014780
2246	608	0	0	0	0	0	0	1660138015800
2246	608	0	0	0	0	0	0	1660138016820
2246	608	0	0	0	0	0	0	1660138017840
2246	608	0	0	0	0	0	0	1660138018860
2246	608	0	0	0	0	0	0	1660138019880
2246	608	0	0	0	0	0	0	1660138020900
2246	608	0	0	0	0	0	0	1660138021920
2246	608	0	0	0	0	0	0	1660138022940
2246	608	0	0	0	0	0	0	1660138023960
2246	608	0	0	0	0	0	0	1660138024980
2246	608	0	0	0	0	0	0	1660138026000
2246	608	0	0	0	0	0	0	1660138027020
2246	608	0	0	0	0	0	0	1660138028040
2246	608	0	0	0	0	0	0	1660138029060
2246	608	0	0	0	0	0	0	1660138030080
2246	608	0	0	0	0	0	0	1660138031100
2246	608	0	0	0	0	0	0	1660138032120
2246	608	0	0	0	0	0	0	1660138033140
2246	608	0	0	0	0	0	0	1660138034160
2246	608	0	0	0	0	0	0	1660138035180
2246	608	0	0	0	0	0	0	1660138036200
2246	608	0	0	0	0	0	0	1660138037220
2246	608	0	0	0	0	0	0	1660138038240
2246	608	0	0	0	0	0	0	1660138039260
2246	608	0	0	0	0	0	0	1660138040280
2246	608	0	0	0	0	0	0	1660138041300
2246	608	0	0	0	0	0	0	1660138042320
2246	608	0	0	0	0	0	0	1660138043340
2246	608	0	0	0	0	0	0	1660138044360
2246	608	0	0	0	0	0	0	1660138045380
2246	608	0	0	0	0	0	0	1660138046400
2246	608	0	0	0	0	0	0	1660138047420
2246	608	0	0	0	0	0	0	1660138048440
2246	608	0	0	0	0	0	0	1660138049460
2246	608	0	0	0	0	0	0	1660138050480
2246	608	0	0	0	0	0	0	1660138051500
2246	608	0	0	0	0	0	0	1660138052520
2246	608	0	0	0	0	0	0	1660138053540
2246	608	0	0	0	0	0	0	1660138054560
2246	608	0	0	0	0	0	0	1660138055580
2246	608	0	0	0	0	0	0	1660138056600
2246	608	0	0	0	0	0	0	1660138057620
2246	608	0	0	0	0	0	0	1660138058640
2246	608	0	0	0	0	0	0	1660138059660
2246	608	0	0	0	0	0	0	1660138060680
2246	608	0	0	0	0	0	0	1660138061700
2246	608	0	0	0	0	0	0	1660138062720
2246	608	0	0	0	0	0	0	1660138063740
2247	608	0	0	0	0	0	0	1660138064760
2251	608	0	0	0	0	0	0	1660138065780
2254	608	0	0	0	0	0	0	1660138066800
2258	608	0	0	0	0	0	0	1660138067820
2264	608	0	0	0	0	0	0	1660138068840
2267	608	0	0	0	0	0	0	1660138069860
2268	608	0	0	0	0	0	0	1660138070880
2271	608	0	0	0	0	0	0	1660138071900
2271	608	0	0	0	0	0	0	1660138072920
2272	608	0	0	0	0	0	0	1660138073940
2273	608	0	0	0	0	0	0	1660138074960
2273	608	0	0	0	0	0	0	1660138075980
2273	607	0	0	0	0	0	0	1660138077000
2273	607	0	0	0	0	0	0	1660138078020
2273	607	0	0	0	0	0	0	1660138079040
2274	607	0	0	0	0	0	0	1660138080060
2274	607	0	0	0	0	0	0	1660138081080
2274	607	0	0	0	0	0	0	1660138082100
2274	607	0	0	0	0	0	0	1660138083120
2274	607	0	0	0	0	0	0	1660138084140
2274	607	0	0	0	0	0	0	1660138085160
2274	607	0	0	0	0	0	0	1660138086180
2275	607	0	0	0	0	0	0	1660138087200
2275	607	0	0	0	0	0	0	1660138088220
2275	607	0	0	0	0	0	0	1660138089240
2274	607	0	0	0	0	0	0	1660138090260
2274	607	0	0	0	0	0	0	1660138091280
2274	607	0	0	0	0	0	0	1660138092300
2274	607	0	0	0	0	0	0	1660138093320
2274	607	0	0	0	0	0	0	1660138094340
2274	607	0	0	0	0	0	0	1660138095360
2274	607	0	0	0	0	0	0	1660138096380
2274	607	0	0	0	0	0	0	1660138097400
2274	607	0	0	0	0	0	0	1660138098420
2274	607	0	0	0	0	0	0	1660138099440
2274	607	0	0	0	0	0	0	1660138100460
2274	607	0	0	0	0	0	0	1660138101480
2274	607	0	0	0	0	0	0	1660138102500
2274	607	0	0	0	0	0	0	1660138103520
2274	607	0	0	0	0	0	0	1660138104540
2274	607	0	0	0	0	0	0	1660138105560
2274	607	0	0	0	0	0	0	1660138106580
2274	607	0	0	0	0	0	0	1660138107600
2274	607	0	0	0	0	0	0	1660138108620
2274	607	0	0	0	0	0	0	1660138109640
2274	607	0	0	0	0	0	0	1660138110660
2274	607	0	0	0	0	0	0	1660138111680
2274	607	0	0	0	0	0	0	1660138112700
2274	607	0	0	0	0	0	0	1660138113720
2274	607	0	0	0	0	0	0	1660138114740
2274	607	0	0	0	0	0	0	1660138115760
2274	607	0	0	0	0	0	0	1660138116780
2274	607	0	0	0	0	0	0	1660138117800
2274	607	0	0	0	0	0	0	1660138118820
2274	607	0	0	0	0	0	0	1660138119840
2274	607	0	0	0	0	0	0	1660138120860
2274	607	0	0	0	0	0	0	1660138121880
2274	607	0	0	0	0	0	0	1660138122900
