3194	2476	0	0	0	0	0	0	1656535150166
3169	2463	0	0	0	0	0	0	1656535151186
3133	2448	0	0	0	0	0	0	1656535152206
3096	2436	0	0	0	0	0	0	1656535153226
3060	2428	0	0	0	0	0	0	1656535154246
3027	2424	0	0	0	0	0	0	1656535155266
2993	2413	0	0	0	0	0	0	1656535156286
2964	2403	0	0	0	0	0	0	1656535157306
2938	2397	0	0	0	0	0	0	1656535158326
2913	2394	0	0	0	0	0	0	1656535159346
2892	2392	0	0	0	0	0	0	1656535160366
2872	2391	0	0	0	0	0	0	1656535161386
2850	2390	0	0	0	0	0	0	1656535162406
2835	2390	0	0	0	0	0	0	1656535163426
2816	2388	0	0	0	0	0	0	1656535164446
2800	2386	0	0	0	0	0	0	1656535165466
2783	2379	0	0	0	0	0	0	1656535166486
2769	2373	0	0	0	0	0	0	1656535167506
2753	2368	0	0	0	0	0	0	1656535168526
2740	2365	0	0	0	0	0	0	1656535169546
2725	2363	0	0	0	0	0	0	1656535170566
2716	2362	0	0	0	0	0	0	1656535171586
2700	2362	0	0	0	0	0	0	1656535172606
2688	2361	0	0	0	0	0	0	1656535173626
2681	2361	0	0	0	0	0	0	1656535174646
2667	2361	0	0	0	0	0	0	1656535175666
2658	2361	0	0	0	0	0	0	1656535176686
2650	2361	0	0	0	0	0	0	1656535177706
2637	2361	0	0	0	0	0	0	1656535178726
2629	2361	0	0	0	0	0	0	1656535179746
2623	2361	0	0	0	0	0	0	1656535180766
2610	2361	0	0	0	0	0	0	1656535181786
2601	2361	0	0	0	0	0	0	1656535182806
2596	2361	0	0	0	0	0	0	1656535183826
2588	2360	0	0	0	0	0	0	1656535184846
2577	2357	0	0	0	0	0	0	1656535185866
2570	2355	0	0	0	0	0	0	1656535186886
2566	2352	0	0	0	0	0	0	1656535187906
2557	2349	0	0	0	0	0	0	1656535188926
2547	2344	0	0	0	0	0	0	1656535189946
2542	2340	0	0	0	0	0	0	1656535190966
2538	2337	0	0	0	0	0	0	1656535191986
2529	2335	0	0	0	0	0	0	1656535193006
2519	2334	0	0	0	0	0	0	1656535194026
2513	2333	0	0	0	0	0	0	1656535195046
2509	2333	0	0	0	0	0	0	1656535196066
2501	2333	0	0	0	0	0	0	1656535197086
2491	2333	0	0	0	0	0	0	1656535198106
2485	2333	0	0	0	0	0	0	1656535199126
2481	2333	0	0	0	0	0	0	1656535200146
2479	2333	0	0	0	0	0	0	1656535201166
2473	2333	0	0	0	0	0	0	1656535202186
2463	2332	0	0	0	0	0	0	1656535203206
2457	2332	0	0	0	0	0	0	1656535204226
2453	2332	0	0	0	0	0	0	1656535205246
2451	2332	0	0	0	0	0	0	1656535206266
2449	2332	0	0	0	0	0	0	1656535207286
2439	2332	0	0	0	0	0	0	1656535208306
2431	2332	0	0	0	0	0	0	1656535209326
2426	2332	0	0	0	0	0	0	1656535210346
2423	2332	0	0	0	0	0	0	1656535211366
2421	2332	0	0	0	0	0	0	1656535212386
2419	2332	0	0	0	0	0	0	1656535213406
2415	2332	0	0	0	0	0	0	1656535214426
2406	2332	0	0	0	0	0	0	1656535215446
2400	2332	0	0	0	0	0	0	1656535216466
2397	2332	0	0	0	0	0	0	1656535217486
2395	2332	0	0	0	0	0	0	1656535218506
2393	2332	0	0	0	0	0	0	1656535219526
2392	2331	0	0	0	0	0	0	1656535220546
2391	2331	0	0	0	0	0	0	1656535221566
2386	2328	0	0	0	0	0	0	1656535222586
2377	2323	0	0	0	0	0	0	1656535223606
2371	2319	0	0	0	0	0	0	1656535224626
2368	2315	0	0	0	0	0	0	1656535225646
2366	2313	0	0	0	0	0	0	1656535226666
2365	2310	0	0	0	0	0	0	1656535227686
2364	2308	0	0	0	0	0	0	1656535228706
2360	2307	0	0	0	0	0	0	1656535229726
2355	2306	0	0	0	0	0	0	1656535230746
2347	2305	0	0	0	0	0	0	1656535231766
2342	2305	0	0	0	0	0	0	1656535232786
2339	2305	0	0	0	0	0	0	1656535233806
2337	2305	0	0	0	0	0	0	1656535234826
2336	2305	0	0	0	0	0	0	1656535235846
2335	2305	0	0	0	0	0	0	1656535236866
2335	2305	0	0	0	0	0	0	1656535237886
2335	2305	0	0	0	0	0	0	1656535238906
2335	2305	0	0	0	0	0	0	1656535239926
2333	2305	0	0	0	0	0	0	1656535240946
2327	2305	0	0	0	0	0	0	1656535241966
2319	2305	0	0	0	0	0	0	1656535242986
2314	2305	0	0	0	0	0	0	1656535244006
2311	2305	0	0	0	0	0	0	1656535245026
2309	2305	0	0	0	0	0	0	1656535246046
2309	2305	0	0	0	0	0	0	1656535247066
2308	2305	0	0	0	0	0	0	1656535248086
2307	2305	0	0	0	0	0	0	1656535249106
2307	2305	0	0	0	0	0	0	1656535250126
2307	2305	0	0	0	0	0	0	1656535251146
2299	2305	0	0	0	0	0	0	1656535252166
2291	2305	0	0	0	0	0	0	1656535253186
2286	2305	0	0	0	0	0	0	1656535254206
2283	2305	0	0	0	0	0	0	1656535255226
2281	2305	0	0	0	0	0	0	1656535256246
2280	2305	0	0	0	0	0	0	1656535257266
2279	2305	0	0	0	0	0	0	1656535258286
2279	2305	0	0	0	0	0	0	1656535259306
2279	2305	0	0	0	0	0	0	1656535260326
2278	2304	0	0	0	0	0	0	1656535261346
2279	2304	0	0	0	0	0	0	1656535262366
2276	2304	0	0	0	0	0	0	1656535263386
2268	2303	0	0	0	0	0	0	1656535264406
2262	2302	0	0	0	0	0	0	1656535265426
2258	2298	0	0	0	0	0	0	1656535266446
2255	2296	0	0	0	0	0	0	1656535267466
2254	2292	0	0	0	0	0	0	1656535268486
2253	2289	0	0	0	0	0	0	1656535269506
2252	2285	0	0	0	0	0	0	1656535270526
2252	2283	0	0	0	0	0	0	1656535271546
2251	2280	0	0	0	0	0	0	1656535272566
2251	2279	0	0	0	0	0	0	1656535273586
2251	2278	0	0	0	0	0	0	1656535274606
2251	2277	0	0	0	0	0	0	1656535275626
2251	2277	0	0	0	0	0	0	1656535276646
2251	2277	0	0	0	0	0	0	1656535277666
2250	2277	0	0	0	0	0	0	1656535278686
2246	2277	0	0	0	0	0	0	1656535279706
2240	2277	0	0	0	0	0	0	1656535280726
2234	2277	0	0	0	0	0	0	1656535281746
2230	2277	0	0	0	0	0	0	1656535282766
2227	2277	0	0	0	0	0	0	1656535283786
2226	2286	0	0	0	0	0	0	1656535284806
2225	2288	0	0	0	0	0	0	1656535285826
2224	2288	0	0	0	0	0	0	1656535286846
2223	2286	0	0	0	0	0	0	1656535287866
2223	2284	0	0	0	0	0	0	1656535288886
2222	2291	0	0	0	0	0	0	1656535289906
2223	2295	0	0	0	0	0	0	1656535290926
2223	2295	0	0	0	0	0	0	1656535291946
2223	2288	0	0	0	0	0	0	1656535292966
2223	2284	0	0	0	0	0	0	1656535293986
2219	2284	0	0	0	0	0	0	1656535295006
2211	2281	0	0	0	0	0	0	1656535296026
2204	2279	0	0	0	0	0	0	1656535297046
2200	2278	0	0	0	0	0	0	1656535298066
2198	2277	0	0	0	0	0	0	1656535299086
2197	2277	0	0	0	0	0	0	1656535300106
2196	2277	0	0	0	0	0	0	1656535301126
2195	2277	0	0	0	0	0	0	1656535302146
2195	2277	0	0	0	0	0	0	1656535303166
2195	2277	0	0	0	0	0	0	1656535304186
2195	2277	0	0	0	0	0	0	1656535305206
2195	2277	0	0	0	0	0	0	1656535306226
2195	2277	0	0	0	0	0	0	1656535307246
2195	2277	0	0	0	0	0	0	1656535308266
2195	2277	0	0	0	0	0	0	1656535309286
2195	2277	0	0	0	0	0	0	1656535310306
2195	2277	0	0	0	0	0	0	1656535311326
2194	2277	0	0	0	0	0	0	1656535312346
2193	2277	0	0	0	0	0	0	1656535313366
2189	2277	0	0	0	0	0	0	1656535314386
2183	2277	0	0	0	0	0	0	1656535315406
2178	2277	0	0	0	0	0	0	1656535316426
2175	2277	0	0	0	0	0	0	1656535317446
2172	2277	0	0	0	0	0	0	1656535318466
2170	2277	0	0	0	0	0	0	1656535319486
2169	2277	0	0	0	0	0	0	1656535320506
2168	2277	0	0	0	0	0	0	1656535321526
2167	2277	0	0	0	0	0	0	1656535322546
2167	2277	0	0	0	0	0	0	1656535323566
2167	2277	0	0	0	0	0	0	1656535324586
2167	2277	0	0	0	0	0	0	1656535325606
2167	2277	0	0	0	0	0	0	1656535326626
2167	2277	0	0	0	0	0	0	1656535327646
2167	2277	0	0	0	0	0	0	1656535328666
2167	2276	0	0	0	0	0	0	1656535329686
2167	2276	0	0	0	0	0	0	1656535330706
2167	2276	0	0	0	0	0	0	1656535331726
2167	2275	0	0	0	0	0	0	1656535332746
2167	2273	0	0	0	0	0	0	1656535333766
2166	2273	0	0	0	0	0	0	1656535334786
2163	2272	0	0	0	0	0	0	1656535335806
2161	2271	0	0	0	0	0	0	1656535336826
2155	2269	0	0	0	0	0	0	1656535337846
2149	2265	0	0	0	0	0	0	1656535338866
2145	2263	0	0	0	0	0	0	1656535339886
2142	2260	0	0	0	0	0	0	1656535340906
2140	2256	0	0	0	0	0	0	1656535341926
2140	2253	0	0	0	0	0	0	1656535342946
2140	2252	0	0	0	0	0	0	1656535343966
2139	2251	0	0	0	0	0	0	1656535344986
2139	2251	0	0	0	0	0	0	1656535346006
2139	2250	0	0	0	0	0	0	1656535347026
2139	2250	0	0	0	0	0	0	1656535348046
2139	2249	0	0	0	0	0	0	1656535349066
2139	2249	0	0	0	0	0	0	1656535350086
2139	2252	0	0	0	0	0	0	1656535351106
2139	2251	0	0	0	0	0	0	1656535352126
2139	2250	0	0	0	0	0	0	1656535353146
2139	2250	0	0	0	0	0	0	1656535354166
2139	2250	0	0	0	0	0	0	1656535355186
2136	2260	0	0	0	0	0	0	1656535356206
2132	2267	0	0	0	0	0	0	1656535357226
2126	2271	0	0	0	0	0	0	1656535358246
2122	2273	0	0	0	0	0	0	1656535359266
2118	2274	0	0	0	0	0	0	1656535360286
2115	2275	0	0	0	0	0	0	1656535361306
2113	2275	0	0	0	0	0	0	1656535362326
2112	2274	0	0	0	0	0	0	1656535363346
2111	2272	0	0	0	0	0	0	1656535364366
2111	2272	0	0	0	0	0	0	1656535365386
2111	2272	0	0	0	0	0	0	1656535366406
2111	2269	0	0	0	0	0	0	1656535367426
2111	2265	0	0	0	0	0	0	1656535368446
2111	2264	0	0	0	0	0	0	1656535369466
2110	2262	0	0	0	0	0	0	1656535370486
2110	2259	0	0	0	0	0	0	1656535371506
2110	2256	0	0	0	0	0	0	1656535372526
2110	2254	0	0	0	0	0	0	1656535373546
2110	2255	0	0	0	0	0	0	1656535374566
2110	2253	0	0	0	0	0	0	1656535375586
2111	2252	0	0	0	0	0	0	1656535376606
2111	2251	0	0	0	0	0	0	1656535377626
2111	2250	0	0	0	0	0	0	1656535378646
2111	2250	0	0	0	0	0	0	1656535379666
2111	2250	0	0	0	0	0	0	1656535380686
2109	2250	0	0	0	0	0	0	1656535381706
2107	2249	0	0	0	0	0	0	1656535382726
2105	2249	0	0	0	0	0	0	1656535383746
2100	2249	0	0	0	0	0	0	1656535384766
2095	2249	0	0	0	0	0	0	1656535385786
2091	2249	0	0	0	0	0	0	1656535386806
2088	2249	0	0	0	0	0	0	1656535387826
2086	2249	0	0	0	0	0	0	1656535388846
2085	2249	0	0	0	0	0	0	1656535389866
2084	2249	0	0	0	0	0	0	1656535390886
2084	2249	0	0	0	0	0	0	1656535391906
2084	2249	0	0	0	0	0	0	1656535392926
2084	2249	0	0	0	0	0	0	1656535393946
2084	2249	0	0	0	0	0	0	1656535394966
2084	2249	0	0	0	0	0	0	1656535395986
2084	2249	0	0	0	0	0	0	1656535397006
2084	2249	0	0	0	0	0	0	1656535398026
2083	2249	0	0	0	0	0	0	1656535399046
2083	2249	0	0	0	0	0	0	1656535400066
2083	2249	0	0	0	0	0	0	1656535401086
2083	2248	0	0	0	0	0	0	1656535402106
2083	2248	0	0	0	0	0	0	1656535403126
2083	2249	0	0	0	0	0	0	1656535404146
2083	2249	0	0	0	0	0	0	1656535405166
2083	2249	0	0	0	0	0	0	1656535406186
2083	2249	0	0	0	0	0	0	1656535407206
2083	2249	0	0	0	0	0	0	1656535408226
2083	2249	0	0	0	0	0	0	1656535409246
2082	2249	0	0	0	0	0	0	1656535410266
2082	2249	0	0	0	0	0	0	1656535411286
2082	2249	0	0	0	0	0	0	1656535412306
2081	2249	0	0	0	0	0	0	1656535413326
2078	2249	0	0	0	0	0	0	1656535414346
2073	2249	0	0	0	0	0	0	1656535415366
2067	2249	0	0	0	0	0	0	1656535416386
2062	2249	0	0	0	0	0	0	1656535417406
2059	2249	0	0	0	0	0	0	1656535418426
2058	2249	0	0	0	0	0	0	1656535419446
2056	2249	0	0	0	0	0	0	1656535420466
2056	2249	0	0	0	0	0	0	1656535421486
2055	2249	0	0	0	0	0	0	1656535422506
2055	2249	0	0	0	0	0	0	1656535423526
2055	2248	0	0	0	0	0	0	1656535424546
2055	2247	0	0	0	0	0	0	1656535425566
2055	2245	0	0	0	0	0	0	1656535426586
2055	2244	0	0	0	0	0	0	1656535427606
2055	2242	0	0	0	0	0	0	1656535428626
2055	2239	0	0	0	0	0	0	1656535429646
2055	2236	0	0	0	0	0	0	1656535430666
2055	2234	0	0	0	0	0	0	1656535431686
2055	2230	0	0	0	0	0	0	1656535432706
2055	2232	0	0	0	0	0	0	1656535433726
2055	2234	0	0	0	0	0	0	1656535434746
2055	2231	0	0	0	0	0	0	1656535435766
2055	2228	0	0	0	0	0	0	1656535436786
2055	2225	0	0	0	0	0	0	1656535437806
2055	2223	0	0	0	0	0	0	1656535438826
2055	2222	0	0	0	0	0	0	1656535439846
2055	2221	0	0	0	0	0	0	1656535440866
2055	2221	0	0	0	0	0	0	1656535441886
2055	2221	0	0	0	0	0	0	1656535442906
2055	2221	0	0	0	0	0	0	1656535443926
2055	2221	0	0	0	0	0	0	1656535444946
2055	2221	0	0	0	0	0	0	1656535445966
2055	2220	0	0	0	0	0	0	1656535446986
2054	2220	0	0	0	0	0	0	1656535448006
2053	2220	0	0	0	0	0	0	1656535449026
2053	2220	0	0	0	0	0	0	1656535450046
2052	2219	0	0	0	0	0	0	1656535451066
2051	2219	0	0	0	0	0	0	1656535452086
2046	2221	0	0	0	0	0	0	1656535453106
2042	2232	0	0	0	0	0	0	1656535454126
2038	2239	0	0	0	0	0	0	1656535455146
2035	2243	0	0	0	0	0	0	1656535456166
2032	2245	0	0	0	0	0	0	1656535457186
2031	2246	0	0	0	0	0	0	1656535458206
2029	2247	0	0	0	0	0	0	1656535459226
2029	2248	0	0	0	0	0	0	1656535460246
2028	2249	0	0	0	0	0	0	1656535461266
2027	2249	0	0	0	0	0	0	1656535462286
2027	2249	0	0	0	0	0	0	1656535463306
2027	2249	0	0	0	0	0	0	1656535464326
2027	2249	0	0	0	0	0	0	1656535465346
2027	2245	0	0	0	0	0	0	1656535466366
2027	2246	0	0	0	0	0	0	1656535467386
2028	2247	0	0	0	0	0	0	1656535468406
2028	2248	0	0	0	0	0	0	1656535469426
2027	2249	0	0	0	0	0	0	1656535470446
2027	2249	0	0	0	0	0	0	1656535471466
2027	2248	0	0	0	0	0	0	1656535472486
2027	2248	0	0	0	0	0	0	1656535473506
2027	2248	0	0	0	0	0	0	1656535474526
2027	2247	0	0	0	0	0	0	1656535475546
2027	2247	0	0	0	0	0	0	1656535476566
2027	2246	0	0	0	0	0	0	1656535477586
2027	2245	0	0	0	0	0	0	1656535478606
2027	2244	0	0	0	0	0	0	1656535479626
2027	2243	0	0	0	0	0	0	1656535480646
2027	2242	0	0	0	0	0	0	1656535481666
2027	2241	0	0	0	0	0	0	1656535482686
2027	2239	0	0	0	0	0	0	1656535483706
2027	2237	0	0	0	0	0	0	1656535484726
2027	2234	0	0	0	0	0	0	1656535485746
2027	2231	0	0	0	0	0	0	1656535486766
2027	2230	0	0	0	0	0	0	1656535487786
2027	2228	0	0	0	0	0	0	1656535488806
2025	2226	0	0	0	0	0	0	1656535489826
2023	2224	0	0	0	0	0	0	1656535490846
2019	2223	0	0	0	0	0	0	1656535491866
2016	2222	0	0	0	0	0	0	1656535492886
2012	2222	0	0	0	0	0	0	1656535493906
2008	2221	0	0	0	0	0	0	1656535494926
2005	2221	0	0	0	0	0	0	1656535495946
2003	2221	0	0	0	0	0	0	1656535496966
2001	2221	0	0	0	0	0	0	1656535497986
2000	2221	0	0	0	0	0	0	1656535499006
1999	2221	0	0	0	0	0	0	1656535500026
1999	2221	0	0	0	0	0	0	1656535501046
1999	2221	0	0	0	0	0	0	1656535502066
1999	2221	0	0	0	0	0	0	1656535503086
1999	2221	0	0	0	0	0	0	1656535504106
1999	2221	0	0	0	0	0	0	1656535505126
1999	2221	0	0	0	0	0	0	1656535506146
1999	2221	0	0	0	0	0	0	1656535507166
1999	2221	0	0	0	0	0	0	1656535508186
1998	2221	0	0	0	0	0	0	1656535509206
1998	2221	0	0	0	0	0	0	1656535510226
1999	2221	0	0	0	0	0	0	1656535511246
1999	2221	0	0	0	0	0	0	1656535512266
1998	2221	0	0	0	0	0	0	1656535513286
1998	2221	0	0	0	0	0	0	1656535514306
1999	2221	0	0	0	0	0	0	1656535515326
1999	2221	0	0	0	0	0	0	1656535516346
1999	2221	0	0	0	0	0	0	1656535517366
1999	2221	0	0	0	0	0	0	1656535518386
1999	2221	0	0	0	0	0	0	1656535519406
1999	2225	0	0	0	0	0	0	1656535520426
1999	2223	0	0	0	0	0	0	1656535521446
1999	2222	0	0	0	0	0	0	1656535522466
1999	2222	0	0	0	0	0	0	1656535523486
1999	2222	0	0	0	0	0	0	1656535524506
1999	2219	0	0	0	0	0	0	1656535525526
1999	2212	0	0	0	0	0	0	1656535526546
1999	2205	0	0	0	0	0	0	1656535527566
1999	2200	0	0	0	0	0	0	1656535528586
1999	2198	0	0	0	0	0	0	1656535529606
1999	2196	0	0	0	0	0	0	1656535530626
1997	2194	0	0	0	0	0	0	1656535531646
1995	2193	0	0	0	0	0	0	1656535532666
1994	2193	0	0	0	0	0	0	1656535533686
1993	2193	0	0	0	0	0	0	1656535534706
1988	2194	0	0	0	0	0	0	1656535535726
1983	2205	0	0	0	0	0	0	1656535536746
1980	2211	0	0	0	0	0	0	1656535537766
1977	2215	0	0	0	0	0	0	1656535538786
1975	2217	0	0	0	0	0	0	1656535539806
1974	2218	0	0	0	0	0	0	1656535540826
1973	2218	0	0	0	0	0	0	1656535541846
1972	2219	0	0	0	0	0	0	1656535542866
1972	2219	0	0	0	0	0	0	1656535543886
1971	2218	0	0	0	0	0	0	1656535544906
1971	2217	0	0	0	0	0	0	1656535545926
1971	2217	0	0	0	0	0	0	1656535546946
1971	2217	0	0	0	0	0	0	1656535547966
1971	2214	0	0	0	0	0	0	1656535548986
1971	2214	0	0	0	0	0	0	1656535550006
1971	2210	0	0	0	0	0	0	1656535551026
1971	2206	0	0	0	0	0	0	1656535552046
1971	2204	0	0	0	0	0	0	1656535553066
1971	2202	0	0	0	0	0	0	1656535554086
1971	2200	0	0	0	0	0	0	1656535555106
1971	2197	0	0	0	0	0	0	1656535556126
1971	2195	0	0	0	0	0	0	1656535557146
1971	2195	0	0	0	0	0	0	1656535558166
1971	2194	0	0	0	0	0	0	1656535559186
1971	2194	0	0	0	0	0	0	1656535560206
1971	2194	0	0	0	0	0	0	1656535561226
1971	2193	0	0	0	0	0	0	1656535562246
1971	2193	0	0	0	0	0	0	1656535563266
1971	2193	0	0	0	0	0	0	1656535564286
1971	2193	0	0	0	0	0	0	1656535565306
1971	2193	0	0	0	0	0	0	1656535566326
1971	2193	0	0	0	0	0	0	1656535567346
1971	2193	0	0	0	0	0	0	1656535568366
1971	2193	0	0	0	0	0	0	1656535569386
1971	2201	0	0	0	0	0	0	1656535570406
1970	2211	0	0	0	0	0	0	1656535571426
1970	2215	0	0	0	0	0	0	1656535572446
1970	2217	0	0	0	0	0	0	1656535573466
1970	2219	0	0	0	0	0	0	1656535574486
1970	2220	0	0	0	0	0	0	1656535575506
1970	2220	0	0	0	0	0	0	1656535576526
1970	2221	0	0	0	0	0	0	1656535577546
1970	2221	0	0	0	0	0	0	1656535578566
1970	2221	0	0	0	0	0	0	1656535579586
1971	2221	0	0	0	0	0	0	1656535580606
1971	2221	0	0	0	0	0	0	1656535581626
1971	2221	0	0	0	0	0	0	1656535582646
1970	2221	0	0	0	0	0	0	1656535583666
1970	2221	0	0	0	0	0	0	1656535584686
1969	2221	0	0	0	0	0	0	1656535585706
1969	2221	0	0	0	0	0	0	1656535586726
1968	2221	0	0	0	0	0	0	1656535587746
1965	2221	0	0	0	0	0	0	1656535588766
1963	2221	0	0	0	0	0	0	1656535589786
1957	2221	0	0	0	0	0	0	1656535590806
1951	2221	0	0	0	0	0	0	1656535591826
1949	2221	0	0	0	0	0	0	1656535592846
1948	2221	0	0	0	0	0	0	1656535593866
1948	2221	0	0	0	0	0	0	1656535594886
1946	2221	0	0	0	0	0	0	1656535595906
1945	2218	0	0	0	0	0	0	1656535596926
1944	2217	0	0	0	0	0	0	1656535597946
1944	2215	0	0	0	0	0	0	1656535598966
1943	2212	0	0	0	0	0	0	1656535599986
1943	2211	0	0	0	0	0	0	1656535601006
1943	2207	0	0	0	0	0	0	1656535602026
1943	2204	0	0	0	0	0	0	1656535603046
1943	2201	0	0	0	0	0	0	1656535604066
1943	2200	0	0	0	0	0	0	1656535605086
1943	2198	0	0	0	0	0	0	1656535606106
1943	2196	0	0	0	0	0	0	1656535607126
1943	2195	0	0	0	0	0	0	1656535608146
1943	2194	0	0	0	0	0	0	1656535609166
1943	2194	0	0	0	0	0	0	1656535610186
1943	2193	0	0	0	0	0	0	1656535611206
1943	2193	0	0	0	0	0	0	1656535612226
1943	2193	0	0	0	0	0	0	1656535613246
1943	2193	0	0	0	0	0	0	1656535614266
1943	2193	0	0	0	0	0	0	1656535615286
1943	2193	0	0	0	0	0	0	1656535616306
1943	2194	0	0	0	0	0	0	1656535617326
1943	2193	0	0	0	0	0	0	1656535618346
1943	2193	0	0	0	0	0	0	1656535619366
1943	2193	0	0	0	0	0	0	1656535620386
1943	2193	0	0	0	0	0	0	1656535621406
1943	2193	0	0	0	0	0	0	1656535622426
1943	2193	0	0	0	0	0	0	1656535623446
1943	2193	0	0	0	0	0	0	1656535624466
1943	2193	0	0	0	0	0	0	1656535625486
1943	2193	0	0	0	0	0	0	1656535626506
1943	2193	0	0	0	0	0	0	1656535627526
1943	2193	0	0	0	0	0	0	1656535628546
1943	2193	0	0	0	0	0	0	1656535629566
1943	2193	0	0	0	0	0	0	1656535630586
1943	2193	0	0	0	0	0	0	1656535631606
1943	2193	0	0	0	0	0	0	1656535632626
1943	2193	0	0	0	0	0	0	1656535633646
1943	2193	0	0	0	0	0	0	1656535634666
1943	2193	0	0	0	0	0	0	1656535635686
1943	2193	0	0	0	0	0	0	1656535636706
1943	2193	0	0	0	0	0	0	1656535637726
1943	2193	0	0	0	0	0	0	1656535638746
1943	2193	0	0	0	0	0	0	1656535639766
1943	2193	0	0	0	0	0	0	1656535640786
1942	2193	0	0	0	0	0	0	1656535641806
1941	2193	0	0	0	0	0	0	1656535642826
1941	2193	0	0	0	0	0	0	1656535643846
1941	2193	0	0	0	0	0	0	1656535644866
1941	2193	0	0	0	0	0	0	1656535645886
1939	2193	0	0	0	0	0	0	1656535646906
1939	2193	0	0	0	0	0	0	1656535647926
1938	2193	0	0	0	0	0	0	1656535648946
1938	2193	0	0	0	0	0	0	1656535649966
1937	2193	0	0	0	0	0	0	1656535650986
1936	2193	0	0	0	0	0	0	1656535652006
1934	2193	0	0	0	0	0	0	1656535653026
1933	2193	0	0	0	0	0	0	1656535654046
1929	2193	0	0	0	0	0	0	1656535655066
1926	2193	0	0	0	0	0	0	1656535656086
1922	2193	0	0	0	0	0	0	1656535657106
1919	2193	0	0	0	0	0	0	1656535658126
1917	2193	0	0	0	0	0	0	1656535659146
1916	2193	0	0	0	0	0	0	1656535660166
1916	2193	0	0	0	0	0	0	1656535661186
1915	2193	0	0	0	0	0	0	1656535662206
1914	2193	0	0	0	0	0	0	1656535663226
1914	2193	0	0	0	0	0	0	1656535664246
1914	2193	0	0	0	0	0	0	1656535665266
1914	2193	0	0	0	0	0	0	1656535666286
1914	2193	0	0	0	0	0	0	1656535667306
1914	2192	0	0	0	0	0	0	1656535668326
1914	2192	0	0	0	0	0	0	1656535669346
1914	2192	0	0	0	0	0	0	1656535670366
1914	2191	0	0	0	0	0	0	1656535671386
1914	2191	0	0	0	0	0	0	1656535672406
1914	2191	0	0	0	0	0	0	1656535673426
1914	2191	0	0	0	0	0	0	1656535674446
1914	2189	0	0	0	0	0	0	1656535675466
1914	2186	0	0	0	0	0	0	1656535676486
1914	2186	0	0	0	0	0	0	1656535677506
1914	2185	0	0	0	0	0	0	1656535678526
1914	2181	0	0	0	0	0	0	1656535679546
1914	2179	0	0	0	0	0	0	1656535680566
1914	2178	0	0	0	0	0	0	1656535681586
1914	2175	0	0	0	0	0	0	1656535682606
1914	2172	0	0	0	0	0	0	1656535683626
1914	2170	0	0	0	0	0	0	1656535684646
1914	2169	0	0	0	0	0	0	1656535685666
1914	2167	0	0	0	0	0	0	1656535686686
1914	2167	0	0	0	0	0	0	1656535687706
1914	2166	0	0	0	0	0	0	1656535688726
1914	2166	0	0	0	0	0	0	1656535689746
1914	2166	0	0	0	0	0	0	1656535690766
1914	2166	0	0	0	0	0	0	1656535691786
1914	2166	0	0	0	0	0	0	1656535692806
1914	2165	0	0	0	0	0	0	1656535693826
1913	2165	0	0	0	0	0	0	1656535694846
1914	2165	0	0	0	0	0	0	1656535695866
1914	2165	0	0	0	0	0	0	1656535696886
1914	2166	0	0	0	0	0	0	1656535697906
1914	2165	0	0	0	0	0	0	1656535698926
1914	2164	0	0	0	0	0	0	1656535699946
1914	2164	0	0	0	0	0	0	1656535700966
1914	2164	0	0	0	0	0	0	1656535701986
1914	2164	0	0	0	0	0	0	1656535703006
1914	2164	0	0	0	0	0	0	1656535704026
1914	2164	0	0	0	0	0	0	1656535705046
1914	2166	0	0	0	0	0	0	1656535706066
1914	2165	0	0	0	0	0	0	1656535707086
1914	2165	0	0	0	0	0	0	1656535708106
1914	2164	0	0	0	0	0	0	1656535709126
1914	2164	0	0	0	0	0	0	1656535710146
1913	2164	0	0	0	0	0	0	1656535711166
1913	2164	0	0	0	0	0	0	1656535712186
1912	2164	0	0	0	0	0	0	1656535713206
1912	2164	0	0	0	0	0	0	1656535714226
1911	2164	0	0	0	0	0	0	1656535715246
1908	2164	0	0	0	0	0	0	1656535716266
1905	2164	0	0	0	0	0	0	1656535717286
1902	2164	0	0	0	0	0	0	1656535718306
1898	2164	0	0	0	0	0	0	1656535719326
1898	2164	0	0	0	0	0	0	1656535720346
1897	2164	0	0	0	0	0	0	1656535721366
1896	2164	0	0	0	0	0	0	1656535722386
1893	2164	0	0	0	0	0	0	1656535723406
1891	2164	0	0	0	0	0	0	1656535724426
1889	2164	0	0	0	0	0	0	1656535725446
1888	2164	0	0	0	0	0	0	1656535726466
1887	2164	0	0	0	0	0	0	1656535727486
1887	2164	0	0	0	0	0	0	1656535728506
1887	2164	0	0	0	0	0	0	1656535729526
1887	2164	0	0	0	0	0	0	1656535730546
1887	2164	0	0	0	0	0	0	1656535731566
1887	2164	0	0	0	0	0	0	1656535732586
1887	2164	0	0	0	0	0	0	1656535733606
1887	2164	0	0	0	0	0	0	1656535734626
1887	2164	0	0	0	0	0	0	1656535735646
1887	2164	0	0	0	0	0	0	1656535736666
1886	2164	0	0	0	0	0	0	1656535737686
1886	2164	0	0	0	0	0	0	1656535738706
1886	2164	0	0	0	0	0	0	1656535739726
1886	2164	0	0	0	0	0	0	1656535740746
1886	2164	0	0	0	0	0	0	1656535741766
1886	2164	0	0	0	0	0	0	1656535742786
1886	2164	0	0	0	0	0	0	1656535743806
1886	2164	0	0	0	0	0	0	1656535744826
1886	2164	0	0	0	0	0	0	1656535745846
1886	2163	0	0	0	0	0	0	1656535746866
1886	2163	0	0	0	0	0	0	1656535747886
1886	2162	0	0	0	0	0	0	1656535748906
1887	2162	0	0	0	0	0	0	1656535749926
1887	2162	0	0	0	0	0	0	1656535750946
1887	2161	0	0	0	0	0	0	1656535751966
1886	2159	0	0	0	0	0	0	1656535752986
1886	2158	0	0	0	0	0	0	1656535754006
1886	2156	0	0	0	0	0	0	1656535755026
1886	2157	0	0	0	0	0	0	1656535756046
1886	2158	0	0	0	0	0	0	1656535757066
1886	2155	0	0	0	0	0	0	1656535758086
1886	2151	0	0	0	0	0	0	1656535759106
1886	2146	0	0	0	0	0	0	1656535760126
1886	2142	0	0	0	0	0	0	1656535761146
1886	2140	0	0	0	0	0	0	1656535762166
1886	2138	0	0	0	0	0	0	1656535763186
1887	2137	0	0	0	0	0	0	1656535764206
1887	2137	0	0	0	0	0	0	1656535765226
1887	2137	0	0	0	0	0	0	1656535766246
1887	2137	0	0	0	0	0	0	1656535767266
1886	2137	0	0	0	0	0	0	1656535768286
1886	2137	0	0	0	0	0	0	1656535769306
1886	2137	0	0	0	0	0	0	1656535770326
1886	2137	0	0	0	0	0	0	1656535771346
1886	2137	0	0	0	0	0	0	1656535772366
1886	2137	0	0	0	0	0	0	1656535773386
1886	2137	0	0	0	0	0	0	1656535774406
1886	2137	0	0	0	0	0	0	1656535775426
1886	2137	0	0	0	0	0	0	1656535776446
1886	2137	0	0	0	0	0	0	1656535777466
1886	2137	0	0	0	0	0	0	1656535778486
1886	2137	0	0	0	0	0	0	1656535779506
1886	2137	0	0	0	0	0	0	1656535780526
1886	2137	0	0	0	0	0	0	1656535781546
1886	2137	0	0	0	0	0	0	1656535782566
1886	2137	0	0	0	0	0	0	1656535783586
1886	2137	0	0	0	0	0	0	1656535784606
1886	2137	0	0	0	0	0	0	1656535785626
1886	2137	0	0	0	0	0	0	1656535786646
1886	2137	0	0	0	0	0	0	1656535787666
1886	2137	0	0	0	0	0	0	1656535788686
1884	2137	0	0	0	0	0	0	1656535789706
1884	2137	0	0	0	0	0	0	1656535790726
1882	2137	0	0	0	0	0	0	1656535791746
1880	2139	0	0	0	0	0	0	1656535792766
1880	2138	0	0	0	0	0	0	1656535793786
1880	2138	0	0	0	0	0	0	1656535794806
1878	2137	0	0	0	0	0	0	1656535795826
1876	2137	0	0	0	0	0	0	1656535796846
1870	2137	0	0	0	0	0	0	1656535797866
1865	2137	0	0	0	0	0	0	1656535798886
1863	2140	0	0	0	0	0	0	1656535799906
1864	2139	0	0	0	0	0	0	1656535800926
1866	2138	0	0	0	0	0	0	1656535801946
1865	2137	0	0	0	0	0	0	1656535802966
1865	2137	0	0	0	0	0	0	1656535803986
1863	2137	0	0	0	0	0	0	1656535805006
1862	2137	0	0	0	0	0	0	1656535806026
1861	2137	0	0	0	0	0	0	1656535807046
1860	2137	0	0	0	0	0	0	1656535808066
1859	2137	0	0	0	0	0	0	1656535809086
1859	2137	0	0	0	0	0	0	1656535810106
1859	2137	0	0	0	0	0	0	1656535811126
1859	2137	0	0	0	0	0	0	1656535812146
1859	2137	0	0	0	0	0	0	1656535813166
1859	2137	0	0	0	0	0	0	1656535814186
1859	2137	0	0	0	0	0	0	1656535815206
1859	2137	0	0	0	0	0	0	1656535816226
1859	2137	0	0	0	0	0	0	1656535817246
1859	2137	0	0	0	0	0	0	1656535818266
1859	2137	0	0	0	0	0	0	1656535819286
1859	2136	0	0	0	0	0	0	1656535820306
1859	2136	0	0	0	0	0	0	1656535821326
1859	2136	0	0	0	0	0	0	1656535822346
1859	2136	0	0	0	0	0	0	1656535823366
1859	2135	0	0	0	0	0	0	1656535824386
1859	2135	0	0	0	0	0	0	1656535825406
1859	2135	0	0	0	0	0	0	1656535826426
1859	2135	0	0	0	0	0	0	1656535827446
1859	2134	0	0	0	0	0	0	1656535828466
1859	2133	0	0	0	0	0	0	1656535829486
1859	2131	0	0	0	0	0	0	1656535830506
1859	2129	0	0	0	0	0	0	1656535831526
1859	2127	0	0	0	0	0	0	1656535832546
1859	2125	0	0	0	0	0	0	1656535833566
1859	2122	0	0	0	0	0	0	1656535834586
1859	2122	0	0	0	0	0	0	1656535835606
1859	2121	0	0	0	0	0	0	1656535836626
1859	2120	0	0	0	0	0	0	1656535837646
1859	2117	0	0	0	0	0	0	1656535838666
1859	2116	0	0	0	0	0	0	1656535839686
1859	2115	0	0	0	0	0	0	1656535840706
1858	2114	0	0	0	0	0	0	1656535841726
1858	2114	0	0	0	0	0	0	1656535842746
1858	2112	0	0	0	0	0	0	1656535843766
1858	2112	0	0	0	0	0	0	1656535844786
1858	2111	0	0	0	0	0	0	1656535845806
1859	2110	0	0	0	0	0	0	1656535846826
1859	2109	0	0	0	0	0	0	1656535847846
1859	2109	0	0	0	0	0	0	1656535848866
1859	2109	0	0	0	0	0	0	1656535849886
1859	2109	0	0	0	0	0	0	1656535850906
1859	2109	0	0	0	0	0	0	1656535851926
1859	2108	0	0	0	0	0	0	1656535852946
1859	2108	0	0	0	0	0	0	1656535853966
1859	2108	0	0	0	0	0	0	1656535854986
1859	2108	0	0	0	0	0	0	1656535856006
1859	2108	0	0	0	0	0	0	1656535857026
1859	2110	0	0	0	0	0	0	1656535858046
1858	2111	0	0	0	0	0	0	1656535859066
1858	2111	0	0	0	0	0	0	1656535860086
1858	2111	0	0	0	0	0	0	1656535861106
1858	2110	0	0	0	0	0	0	1656535862126
1858	2109	0	0	0	0	0	0	1656535863146
1858	2109	0	0	0	0	0	0	1656535864166
1858	2109	0	0	0	0	0	0	1656535865186
1858	2109	0	0	0	0	0	0	1656535866206
1858	2109	0	0	0	0	0	0	1656535867226
1859	2109	0	0	0	0	0	0	1656535868246
1859	2109	0	0	0	0	0	0	1656535869266
1859	2109	0	0	0	0	0	0	1656535870286
1859	2109	0	0	0	0	0	0	1656535871306
1859	2109	0	0	0	0	0	0	1656535872326
1859	2108	0	0	0	0	0	0	1656535873346
1859	2108	0	0	0	0	0	0	1656535874366
1859	2108	0	0	0	0	0	0	1656535875386
1859	2108	0	0	0	0	0	0	1656535876406
1859	2108	0	0	0	0	0	0	1656535877426
1859	2108	0	0	0	0	0	0	1656535878446
1859	2108	0	0	0	0	0	0	1656535879466
1859	2108	0	0	0	0	0	0	1656535880486
1859	2108	0	0	0	0	0	0	1656535881506
1858	2108	0	0	0	0	0	0	1656535882526
1858	2108	0	0	0	0	0	0	1656535883546
1858	2108	0	0	0	0	0	0	1656535884566
1858	2108	0	0	0	0	0	0	1656535885586
1858	2108	0	0	0	0	0	0	1656535886606
1858	2108	0	0	0	0	0	0	1656535887626
1857	2108	0	0	0	0	0	0	1656535888646
1858	2108	0	0	0	0	0	0	1656535889666
1858	2108	0	0	0	0	0	0	1656535890686
1858	2108	0	0	0	0	0	0	1656535891706
1858	2110	0	0	0	0	0	0	1656535892726
1856	2109	0	0	0	0	0	0	1656535893746
1854	2109	0	0	0	0	0	0	1656535894766
1855	2110	0	0	0	0	0	0	1656535895786
1856	2110	0	0	0	0	0	0	1656535896806
1855	2110	0	0	0	0	0	0	1656535897826
1853	2110	0	0	0	0	0	0	1656535898846
1851	2110	0	0	0	0	0	0	1656535899866
1850	2109	0	0	0	0	0	0	1656535900886
1848	2109	0	0	0	0	0	0	1656535901906
1848	2109	0	0	0	0	0	0	1656535902926
1844	2109	0	0	0	0	0	0	1656535903946
1843	2109	0	0	0	0	0	0	1656535904966
1842	2109	0	0	0	0	0	0	1656535905986
1839	2108	0	0	0	0	0	0	1656535907006
1838	2108	0	0	0	0	0	0	1656535908026
1836	2108	0	0	0	0	0	0	1656535909046
1836	2108	0	0	0	0	0	0	1656535910066
1833	2108	0	0	0	0	0	0	1656535911086
1833	2109	0	0	0	0	0	0	1656535912106
1834	2109	0	0	0	0	0	0	1656535913126
1834	2109	0	0	0	0	0	0	1656535914146
1834	2109	0	0	0	0	0	0	1656535915166
1833	2108	0	0	0	0	0	0	1656535916186
1832	2108	0	0	0	0	0	0	1656535917206
1832	2108	0	0	0	0	0	0	1656535918226
1832	2108	0	0	0	0	0	0	1656535919246
1831	2108	0	0	0	0	0	0	1656535920266
1831	2108	0	0	0	0	0	0	1656535921286
1831	2108	0	0	0	0	0	0	1656535922306
1831	2108	0	0	0	0	0	0	1656535923326
1830	2108	0	0	0	0	0	0	1656535924346
1830	2108	0	0	0	0	0	0	1656535925366
1830	2108	0	0	0	0	0	0	1656535926386
1830	2108	0	0	0	0	0	0	1656535927406
1830	2108	0	0	0	0	0	0	1656535928426
1830	2108	0	0	0	0	0	0	1656535929446
1830	2108	0	0	0	0	0	0	1656535930466
1830	2108	0	0	0	0	0	0	1656535931486
1830	2108	0	0	0	0	0	0	1656535932506
1830	2108	0	0	0	0	0	0	1656535933526
1830	2108	0	0	0	0	0	0	1656535934546
1830	2108	0	0	0	0	0	0	1656535935566
1830	2108	0	0	0	0	0	0	1656535936586
1830	2108	0	0	0	0	0	0	1656535937606
1830	2108	0	0	0	0	0	0	1656535938626
1830	2108	0	0	0	0	0	0	1656535939646
1830	2108	0	0	0	0	0	0	1656535940666
1830	2108	0	0	0	0	0	0	1656535941686
1830	2108	0	0	0	0	0	0	1656535942706
1830	2108	0	0	0	0	0	0	1656535943726
1830	2108	0	0	0	0	0	0	1656535944746
1831	2108	0	0	0	0	0	0	1656535945766
1831	2108	0	0	0	0	0	0	1656535946786
1831	2109	0	0	0	0	0	0	1656535947806
1830	2109	0	0	0	0	0	0	1656535948826
1830	2109	0	0	0	0	0	0	1656535949846
1830	2109	0	0	0	0	0	0	1656535950866
1830	2109	0	0	0	0	0	0	1656535951886
1830	2109	0	0	0	0	0	0	1656535952906
1830	2109	0	0	0	0	0	0	1656535953926
1830	2109	0	0	0	0	0	0	1656535954946
1830	2109	0	0	0	0	0	0	1656535955966
1830	2109	0	0	0	0	0	0	1656535956986
1830	2109	0	0	0	0	0	0	1656535958006
1830	2109	0	0	0	0	0	0	1656535959026
1830	2109	0	0	0	0	0	0	1656535960046
1830	2109	0	0	0	0	0	0	1656535961066
1831	2109	0	0	0	0	0	0	1656535962086
1831	2109	0	0	0	0	0	0	1656535963106
1831	2109	0	0	0	0	0	0	1656535964126
1830	2109	0	0	0	0	0	0	1656535965146
1830	2109	0	0	0	0	0	0	1656535966166
1830	2108	0	0	0	0	0	0	1656535967186
1830	2107	0	0	0	0	0	0	1656535968206
1830	2103	0	0	0	0	0	0	1656535969226
1830	2096	0	0	0	0	0	0	1656535970246
1830	2092	0	0	0	0	0	0	1656535971266
1830	2088	0	0	0	0	0	0	1656535972286
1830	2086	0	0	0	0	0	0	1656535973306
1830	2090	0	0	0	0	0	0	1656535974326
1830	2097	0	0	0	0	0	0	1656535975346
1830	2101	0	0	0	0	0	0	1656535976366
1830	2103	0	0	0	0	0	0	1656535977386
1830	2103	0	0	0	0	0	0	1656535978406
1830	2104	0	0	0	0	0	0	1656535979426
1831	2104	0	0	0	0	0	0	1656535980446
1831	2103	0	0	0	0	0	0	1656535981466
1831	2102	0	0	0	0	0	0	1656535982486
1831	2104	0	0	0	0	0	0	1656535983506
1831	2103	0	0	0	0	0	0	1656535984526
1831	2102	0	0	0	0	0	0	1656535985546
1831	2102	0	0	0	0	0	0	1656535986566
1831	2103	0	0	0	0	0	0	1656535987586
1831	2102	0	0	0	0	0	0	1656535988606
1830	2099	0	0	0	0	0	0	1656535989626
1830	2098	0	0	0	0	0	0	1656535990646
1830	2098	0	0	0	0	0	0	1656535991666
1830	2096	0	0	0	0	0	0	1656535992686
1830	2095	0	0	0	0	0	0	1656535993706
1827	2094	0	0	0	0	0	0	1656535994726
1827	2090	0	0	0	0	0	0	1656535995746
1828	2088	0	0	0	0	0	0	1656535996766
1824	2087	0	0	0	0	0	0	1656535997786
1820	2085	0	0	0	0	0	0	1656535998806
1819	2084	0	0	0	0	0	0	1656535999826
1821	2088	0	0	0	0	0	0	1656536000846
1817	2093	0	0	0	0	0	0	1656536001866
1814	2090	0	0	0	0	0	0	1656536002886
1813	2086	0	0	0	0	0	0	1656536003906
1812	2084	0	0	0	0	0	0	1656536004926
1811	2083	0	0	0	0	0	0	1656536005946
1810	2082	0	0	0	0	0	0	1656536006966
1809	2082	0	0	0	0	0	0	1656536007986
1808	2081	0	0	0	0	0	0	1656536009006
1807	2081	0	0	0	0	0	0	1656536010026
1807	2081	0	0	0	0	0	0	1656536011046
1806	2081	0	0	0	0	0	0	1656536012066
1806	2081	0	0	0	0	0	0	1656536013086
1804	2084	0	0	0	0	0	0	1656536014106
1803	2083	0	0	0	0	0	0	1656536015126
1803	2082	0	0	0	0	0	0	1656536016146
1802	2082	0	0	0	0	0	0	1656536017166
1803	2082	0	0	0	0	0	0	1656536018186
1803	2082	0	0	0	0	0	0	1656536019206
1804	2081	0	0	0	0	0	0	1656536020226
1803	2081	0	0	0	0	0	0	1656536021246
1803	2081	0	0	0	0	0	0	1656536022266
1803	2081	0	0	0	0	0	0	1656536023286
1804	2081	0	0	0	0	0	0	1656536024306
1804	2081	0	0	0	0	0	0	1656536025326
1803	2083	0	0	0	0	0	0	1656536026346
1803	2082	0	0	0	0	0	0	1656536027366
1803	2081	0	0	0	0	0	0	1656536028386
1803	11248	0	0	0	0	0	0	1656536029406
1803	7581	0	0	0	0	0	0	1656536030426
1803	5381	0	0	0	0	0	0	1656536031446
1803	4061	0	0	0	0	0	0	1656536032466
1803	3269	0	0	0	0	0	0	1656536033486
1803	2794	0	0	0	0	0	0	1656536034506
1803	2509	0	0	0	0	0	0	1656536035526
1803	2338	0	0	0	0	0	0	1656536036546
1803	2235	0	0	0	0	0	0	1656536037566
1803	2173	0	0	0	0	0	0	1656536038586
1803	2136	0	0	0	0	0	0	1656536039606
1803	2114	0	0	0	0	0	0	1656536040626
1803	2101	0	0	0	0	0	0	1656536041646
1803	2093	0	0	0	0	0	0	1656536042666
1803	2088	0	0	0	0	0	0	1656536043686
1803	2085	0	0	0	0	0	0	1656536044706
1803	2083	0	0	0	0	0	0	1656536045726
1803	2082	0	0	0	0	0	0	1656536046746
1802	2082	0	0	0	0	0	0	1656536047766
1802	2082	0	0	0	0	0	0	1656536048786
1802	2081	0	0	0	0	0	0	1656536049806
1802	2081	0	0	0	0	0	0	1656536050826
1802	2081	0	0	0	0	0	0	1656536051846
1802	2081	0	0	0	0	0	0	1656536052866
1802	2081	0	0	0	0	0	0	1656536053886
1802	2081	0	0	0	0	0	0	1656536054906
1802	2081	0	0	0	0	0	0	1656536055926
1802	2083	0	0	0	0	0	0	1656536056946
1802	2084	0	0	0	0	0	0	1656536057966
1802	2083	0	0	0	0	0	0	1656536058986
1802	2082	0	0	0	0	0	0	1656536060006
1802	2081	0	0	0	0	0	0	1656536061026
1802	2081	0	0	0	0	0	0	1656536062046
1802	2081	0	0	0	0	0	0	1656536063066
1802	2081	0	0	0	0	0	0	1656536064086
1802	2081	0	0	0	0	0	0	1656536065106
1802	2081	0	0	0	0	0	0	1656536066126
1802	2081	0	0	0	0	0	0	1656536067146
1802	2081	0	0	0	0	0	0	1656536068166
1802	2081	0	0	0	0	0	0	1656536069186
1802	2081	0	0	0	0	0	0	1656536070206
1802	2080	0	0	0	0	0	0	1656536071226
1802	2082	0	0	0	0	0	0	1656536072246
1802	2086	0	0	0	0	0	0	1656536073266
1802	2084	0	0	0	0	0	0	1656536074286
1802	2092	0	0	0	0	0	0	1656536075306
1802	2105	0	0	0	0	0	0	1656536076326
1802	2107	0	0	0	0	0	0	1656536077346
1802	2108	0	0	0	0	0	0	1656536078366
1802	2108	0	0	0	0	0	0	1656536079386
1802	2108	0	0	0	0	0	0	1656536080406
1802	2108	0	0	0	0	0	0	1656536081426
1802	2108	0	0	0	0	0	0	1656536082446
1802	2109	0	0	0	0	0	0	1656536083466
1802	2109	0	0	0	0	0	0	1656536084486
1802	2109	0	0	0	0	0	0	1656536085506
1802	2109	0	0	0	0	0	0	1656536086526
1803	2109	0	0	0	0	0	0	1656536087546
1803	2109	0	0	0	0	0	0	1656536088566
1803	2109	0	0	0	0	0	0	1656536089586
1803	2109	0	0	0	0	0	0	1656536090606
1803	2109	0	0	0	0	0	0	1656536091626
1803	2117	0	0	0	0	0	0	1656536092646
1803	2118	0	0	0	0	0	0	1656536093666
1803	2114	0	0	0	0	0	0	1656536094686
1803	2111	0	0	0	0	0	0	1656536095706
1803	2110	0	0	0	0	0	0	1656536096726
1803	2109	0	0	0	0	0	0	1656536097746
1803	2109	0	0	0	0	0	0	1656536098766
1803	2109	0	0	0	0	0	0	1656536099786
1803	2109	0	0	0	0	0	0	1656536100806
1802	2109	0	0	0	0	0	0	1656536101826
1802	2109	0	0	0	0	0	0	1656536102846
1802	2109	0	0	0	0	0	0	1656536103866
1801	2109	0	0	0	0	0	0	1656536104886
1801	2109	0	0	0	0	0	0	1656536105906
1801	2109	0	0	0	0	0	0	1656536106926
1800	2109	0	0	0	0	0	0	1656536107946
1799	2109	0	0	0	0	0	0	1656536108966
1796	2109	0	0	0	0	0	0	1656536109986
1795	2109	0	0	0	0	0	0	1656536111006
1792	2109	0	0	0	0	0	0	1656536112026
1790	2109	0	0	0	0	0	0	1656536113046
1787	2109	0	0	0	0	0	0	1656536114066
1782	2109	0	0	0	0	0	0	1656536115086
1779	2109	0	0	0	0	0	0	1656536116106
1777	2109	0	0	0	0	0	0	1656536117126
1776	2109	0	0	0	0	0	0	1656536118146
1775	2109	0	0	0	0	0	0	1656536119166
1775	2109	0	0	0	0	0	0	1656536120186
1775	2109	0	0	0	0	0	0	1656536121206
1775	2109	0	0	0	0	0	0	1656536122226
1775	2109	0	0	0	0	0	0	1656536123246
1775	2109	0	0	0	0	0	0	1656536124266
1775	2109	0	0	0	0	0	0	1656536125286
1775	2109	0	0	0	0	0	0	1656536126306
1775	2109	0	0	0	0	0	0	1656536127326
1775	2109	0	0	0	0	0	0	1656536128346
1775	2109	0	0	0	0	0	0	1656536129366
1775	2109	0	0	0	0	0	0	1656536130386
1775	2109	0	0	0	0	0	0	1656536131406
1775	2109	0	0	0	0	0	0	1656536132426
1775	2109	0	0	0	0	0	0	1656536133446
1774	2109	0	0	0	0	0	0	1656536134466
1774	2109	0	0	0	0	0	0	1656536135486
1774	2110	0	0	0	0	0	0	1656536136506
1774	2111	0	0	0	0	0	0	1656536137526
1774	2110	0	0	0	0	0	0	1656536138546
1774	2109	0	0	0	0	0	0	1656536139566
1774	2108	0	0	0	0	0	0	1656536140586
1774	2108	0	0	0	0	0	0	1656536141606
1774	2108	0	0	0	0	0	0	1656536142626
1774	2108	0	0	0	0	0	0	1656536143646
1774	2109	0	0	0	0	0	0	1656536144666
1774	2123	0	0	0	0	0	0	1656536145686
1774	2128	0	0	0	0	0	0	1656536146706
1774	2131	0	0	0	0	0	0	1656536147726
1774	2134	0	0	0	0	0	0	1656536148746
1775	2135	0	0	0	0	0	0	1656536149766
1775	2135	0	0	0	0	0	0	1656536150786
1775	2135	0	0	0	0	0	0	1656536151806
1775	2135	0	0	0	0	0	0	1656536152826
1775	2135	0	0	0	0	0	0	1656536153846
1775	2135	0	0	0	0	0	0	1656536154866
1775	2136	0	0	0	0	0	0	1656536155886
1775	2136	0	0	0	0	0	0	1656536156906
1775	2136	0	0	0	0	0	0	1656536157926
1775	2138	0	0	0	0	0	0	1656536158946
1775	2138	0	0	0	0	0	0	1656536159966
1775	2137	0	0	0	0	0	0	1656536160986
1775	2137	0	0	0	0	0	0	1656536162006
1775	2137	0	0	0	0	0	0	1656536163026
1775	2135	0	0	0	0	0	0	1656536164046
1774	2126	0	0	0	0	0	0	1656536165066
1774	2119	0	0	0	0	0	0	1656536166086
1774	2115	0	0	0	0	0	0	1656536167106
1774	2115	0	0	0	0	0	0	1656536168126
1774	2123	0	0	0	0	0	0	1656536169146
1774	2128	0	0	0	0	0	0	1656536170166
1774	2130	0	0	0	0	0	0	1656536171186
1774	2130	0	0	0	0	0	0	1656536172206
1774	2126	0	0	0	0	0	0	1656536173226
1774	2122	0	0	0	0	0	0	1656536174246
1774	2118	0	0	0	0	0	0	1656536175266
1774	2115	0	0	0	0	0	0	1656536176286
1774	2125	0	0	0	0	0	0	1656536177306
1774	2122	0	0	0	0	0	0	1656536178326
1774	2116	0	0	0	0	0	0	1656536179346
1774	2113	0	0	0	0	0	0	1656536180366
1774	2112	0	0	0	0	0	0	1656536181386
1774	2110	0	0	0	0	0	0	1656536182406
1774	2110	0	0	0	0	0	0	1656536183426
1774	2109	0	0	0	0	0	0	1656536184446
1774	2109	0	0	0	0	0	0	1656536185466
1774	2109	0	0	0	0	0	0	1656536186486
1774	2109	0	0	0	0	0	0	1656536187506
1775	2109	0	0	0	0	0	0	1656536188526
1775	2109	0	0	0	0	0	0	1656536189546
1775	2109	0	0	0	0	0	0	1656536190566
1775	2108	0	0	0	0	0	0	1656536191586
1775	2108	0	0	0	0	0	0	1656536192606
1775	2108	0	0	0	0	0	0	1656536193626
1775	2108	0	0	0	0	0	0	1656536194646
1775	2108	0	0	0	0	0	0	1656536195666
1775	2109	0	0	0	0	0	0	1656536196686
1775	2109	0	0	0	0	0	0	1656536197706
1775	2109	0	0	0	0	0	0	1656536198726
1774	2109	0	0	0	0	0	0	1656536199746
1774	2109	0	0	0	0	0	0	1656536200766
1774	2106	0	0	0	0	0	0	1656536201786
1774	2112	0	0	0	0	0	0	1656536202806
1774	2111	0	0	0	0	0	0	1656536203826
1774	2110	0	0	0	0	0	0	1656536204846
1774	2109	0	0	0	0	0	0	1656536205866
1774	2110	0	0	0	0	0	0	1656536206886
1774	2110	0	0	0	0	0	0	1656536207906
1774	2110	0	0	0	0	0	0	1656536208926
1774	2109	0	0	0	0	0	0	1656536209946
1774	2109	0	0	0	0	0	0	1656536210966
1774	2109	0	0	0	0	0	0	1656536211986
1774	2109	0	0	0	0	0	0	1656536213006
1775	2109	0	0	0	0	0	0	1656536214026
1775	2110	0	0	0	0	0	0	1656536215046
1774	2110	0	0	0	0	0	0	1656536216066
1774	2109	0	0	0	0	0	0	1656536217086
1774	2109	0	0	0	0	0	0	1656536218106
1774	2109	0	0	0	0	0	0	1656536219126
1774	2109	0	0	0	0	0	0	1656536220146
1774	2109	0	0	0	0	0	0	1656536221166
1774	2109	0	0	0	0	0	0	1656536222186
1774	2109	0	0	0	0	0	0	1656536223206
1774	2109	0	0	0	0	0	0	1656536224226
1774	2113	0	0	0	0	0	0	1656536225246
1774	2113	0	0	0	0	0	0	1656536226266
1774	2112	0	0	0	0	0	0	1656536227286
1774	2111	0	0	0	0	0	0	1656536228306
1774	2110	0	0	0	0	0	0	1656536229326
1774	2110	0	0	0	0	0	0	1656536230346
1774	2109	0	0	0	0	0	0	1656536231366
1774	2109	0	0	0	0	0	0	1656536232386
1774	2109	0	0	0	0	0	0	1656536233406
1774	2109	0	0	0	0	0	0	1656536234426
1774	2109	0	0	0	0	0	0	1656536235446
1774	2116	0	0	0	0	0	0	1656536236466
1771	2149	0	0	0	0	0	0	1656536237486
1772	2143	0	0	0	0	0	0	1656536238506
1773	2129	0	0	0	0	0	0	1656536239526
1774	2121	0	0	0	0	0	0	1656536240546
1774	2116	0	0	0	0	0	0	1656536241566
1774	2113	0	0	0	0	0	0	1656536242586
1774	2111	0	0	0	0	0	0	1656536243606
1774	2110	0	0	0	0	0	0	1656536244626
1774	2109	0	0	0	0	0	0	1656536245646
1775	2109	0	0	0	0	0	0	1656536246666
1775	2115	0	0	0	0	0	0	1656536247686
1774	2124	0	0	0	0	0	0	1656536248706
1774	2129	0	0	0	0	0	0	1656536249726
1774	2132	0	0	0	0	0	0	1656536250746
1774	2132	0	0	0	0	0	0	1656536251766
1773	2130	0	0	0	0	0	0	1656536252786
1774	2131	0	0	0	0	0	0	1656536253806
1774	2133	0	0	0	0	0	0	1656536254826
1774	2138	0	0	0	0	0	0	1656536255846
1774	2151	0	0	0	0	0	0	1656536256866
1774	2147	0	0	0	0	0	0	1656536257886
1774	2144	0	0	0	0	0	0	1656536258906
1774	2142	0	0	0	0	0	0	1656536259926
1774	2141	0	0	0	0	0	0	1656536260946
1774	2140	0	0	0	0	0	0	1656536261966
1774	2140	0	0	0	0	0	0	1656536262986
1774	2142	0	0	0	0	0	0	1656536264006
1774	2144	0	0	0	0	0	0	1656536265026
1775	2144	0	0	0	0	0	0	1656536266046
1774	2146	0	0	0	0	0	0	1656536267066
1774	2147	0	0	0	0	0	0	1656536268086
1774	2150	0	0	0	0	0	0	1656536269106
1774	2152	0	0	0	0	0	0	1656536270126
1774	2154	0	0	0	0	0	0	1656536271146
1774	2157	0	0	0	0	0	0	1656536272166
1773	2159	0	0	0	0	0	0	1656536273186
1773	2160	0	0	0	0	0	0	1656536274206
1773	2161	0	0	0	0	0	0	1656536275226
1774	2151	0	0	0	0	0	0	1656536276246
1774	2137	0	0	0	0	0	0	1656536277266
1774	2126	0	0	0	0	0	0	1656536278286
1774	2119	0	0	0	0	0	0	1656536279306
1773	2115	0	0	0	0	0	0	1656536280326
1772	2113	0	0	0	0	0	0	1656536281346
1770	2111	0	0	0	0	0	0	1656536282366
1772	2110	0	0	0	0	0	0	1656536283386
1772	2110	0	0	0	0	0	0	1656536284406
1771	2109	0	0	0	0	0	0	1656536285426
1771	2109	0	0	0	0	0	0	1656536286446
1770	2109	0	0	0	0	0	0	1656536287466
1770	2109	0	0	0	0	0	0	1656536288486
1767	2109	0	0	0	0	0	0	1656536289506
1768	2109	0	0	0	0	0	0	1656536290526
1769	2109	0	0	0	0	0	0	1656536291546
1768	2109	0	0	0	0	0	0	1656536292566
1766	2109	0	0	0	0	0	0	1656536293586
1766	2109	0	0	0	0	0	0	1656536294606
1763	2109	0	0	0	0	0	0	1656536295626
1762	2109	0	0	0	0	0	0	1656536296646
1762	2109	0	0	0	0	0	0	1656536297666
1762	2109	0	0	0	0	0	0	1656536298686
1759	2109	0	0	0	0	0	0	1656536299706
1757	2122	0	0	0	0	0	0	1656536300726
1755	2128	0	0	0	0	0	0	1656536301746
1752	2131	0	0	0	0	0	0	1656536302766
1751	2134	0	0	0	0	0	0	1656536303786
1749	2135	0	0	0	0	0	0	1656536304806
1749	2136	0	0	0	0	0	0	1656536305826
1748	2136	0	0	0	0	0	0	1656536306846
1748	2137	0	0	0	0	0	0	1656536307866
1748	2137	0	0	0	0	0	0	1656536308886
1748	2137	0	0	0	0	0	0	1656536309906
1747	2137	0	0	0	0	0	0	1656536310926
1747	2137	0	0	0	0	0	0	1656536311946
1747	2137	0	0	0	0	0	0	1656536312966
1747	2144	0	0	0	0	0	0	1656536313986
1747	2151	0	0	0	0	0	0	1656536315006
1747	2152	0	0	0	0	0	0	1656536316026
1747	2150	0	0	0	0	0	0	1656536317046
1747	2147	0	0	0	0	0	0	1656536318066
1747	2144	0	0	0	0	0	0	1656536319086
1747	2142	0	0	0	0	0	0	1656536320106
1747	2141	0	0	0	0	0	0	1656536321126
1747	2140	0	0	0	0	0	0	1656536322146
1747	2137	0	0	0	0	0	0	1656536323166
1747	2134	0	0	0	0	0	0	1656536324186
1747	2132	0	0	0	0	0	0	1656536325206
1747	2130	0	0	0	0	0	0	1656536326226
1747	2128	0	0	0	0	0	0	1656536327246
1747	2128	0	0	0	0	0	0	1656536328266
1747	2127	0	0	0	0	0	0	1656536329286
1747	2126	0	0	0	0	0	0	1656536330306
1747	2124	0	0	0	0	0	0	1656536331326
1747	2126	0	0	0	0	0	0	1656536332346
1747	2127	0	0	0	0	0	0	1656536333366
1747	2128	0	0	0	0	0	0	1656536334386
1747	2127	0	0	0	0	0	0	1656536335406
1747	2123	0	0	0	0	0	0	1656536336426
1747	2121	0	0	0	0	0	0	1656536337446
1747	11272	0	0	0	0	0	0	1656536338466
1747	7609	0	0	0	0	0	0	1656536339486
1747	5409	0	0	0	0	0	0	1656536340506
1747	4093	0	0	0	0	0	0	1656536341526
1747	3311	0	0	0	0	0	0	1656536342546
1747	2841	0	0	0	0	0	0	1656536343566
1747	2559	0	0	0	0	0	0	1656536344586
1747	2390	0	0	0	0	0	0	1656536345606
1747	2289	0	0	0	0	0	0	1656536346626
1747	2232	0	0	0	0	0	0	1656536347646
1747	2198	0	0	0	0	0	0	1656536348666
1747	2174	0	0	0	0	0	0	1656536349686
