1451	685	0	0	0	0	0	0	1658345042206
1445	684	0	0	0	0	0	0	1658345043226
1443	675	0	0	0	0	0	0	1658345044246
1443	670	0	0	0	0	0	0	1658345045266
1443	667	0	0	0	0	0	0	1658345046286
1447	665	0	0	0	0	0	0	1658345047306
1452	664	0	0	0	0	0	0	1658345048326
1457	663	0	0	0	0	0	0	1658345049346
1460	663	0	0	0	0	0	0	1658345050366
1461	663	0	0	0	0	0	0	1658345051386
1462	663	0	0	0	0	0	0	1658345052406
1463	663	0	0	0	0	0	0	1658345053426
1463	663	0	0	0	0	0	0	1658345054446
1463	661	0	0	0	0	0	0	1658345055466
1463	660	0	0	0	0	0	0	1658345056486
1463	656	0	0	0	0	0	0	1658345057506
1464	651	0	0	0	0	0	0	1658345058526
1464	647	0	0	0	0	0	0	1658345059546
1464	643	0	0	0	0	0	0	1658345060566
1464	640	0	0	0	0	0	0	1658345061586
1464	638	0	0	0	0	0	0	1658345062606
1464	637	0	0	0	0	0	0	1658345063626
1464	636	0	0	0	0	0	0	1658345064646
1464	635	0	0	0	0	0	0	1658345065666
1464	635	0	0	0	0	0	0	1658345066686
1464	635	0	0	0	0	0	0	1658345067706
1464	635	0	0	0	0	0	0	1658345068726
1464	635	0	0	0	0	0	0	1658345069746
1464	635	0	0	0	0	0	0	1658345070766
1464	635	0	0	0	0	0	0	1658345071786
1464	635	0	0	0	0	0	0	1658345072806
1464	635	0	0	0	0	0	0	1658345073826
1464	635	0	0	0	0	0	0	1658345074846
1464	635	0	0	0	0	0	0	1658345075866
1464	635	0	0	0	0	0	0	1658345076886
1464	635	0	0	0	0	0	0	1658345077906
1464	635	0	0	0	0	0	0	1658345078926
1464	635	0	0	0	0	0	0	1658345079946
1464	635	0	0	0	0	0	0	1658345080966
1464	635	0	0	0	0	0	0	1658345081986
1464	635	0	0	0	0	0	0	1658345083006
1464	635	0	0	0	0	0	0	1658345084026
1464	635	0	0	0	0	0	0	1658345085046
1464	635	0	0	0	0	0	0	1658345086066
1464	635	0	0	0	0	0	0	1658345087086
1464	635	0	0	0	0	0	0	1658345088106
1464	635	0	0	0	0	0	0	1658345089126
1464	635	0	0	0	0	0	0	1658345090146
1464	636	0	0	0	0	0	0	1658345091166
1464	636	0	0	0	0	0	0	1658345092186
1464	636	0	0	0	0	0	0	1658345093206
1464	636	0	0	0	0	0	0	1658345094226
1464	636	0	0	0	0	0	0	1658345095246
1464	638	0	0	0	0	0	0	1658345096266
1465	639	0	0	0	0	0	0	1658345097286
1466	639	0	0	0	0	0	0	1658345098306
1466	641	0	0	0	0	0	0	1658345099326
1466	645	0	0	0	0	0	0	1658345100346
1467	645	0	0	0	0	0	0	1658345101366
1466	649	0	0	0	0	0	0	1658345102386
1467	652	0	0	0	0	0	0	1658345103406
1469	653	0	0	0	0	0	0	1658345104426
1470	655	0	0	0	0	0	0	1658345105446
1471	656	0	0	0	0	0	0	1658345106466
1471	657	0	0	0	0	0	0	1658345107486
1472	658	0	0	0	0	0	0	1658345108506
1472	658	0	0	0	0	0	0	1658345109526
1473	659	0	0	0	0	0	0	1658345110546
1473	660	0	0	0	0	0	0	1658345111566
1475	661	0	0	0	0	0	0	1658345112586
1476	661	0	0	0	0	0	0	1658345113606
1477	662	0	0	0	0	0	0	1658345114626
1477	662	0	0	0	0	0	0	1658345115646
1478	662	0	0	0	0	0	0	1658345116666
1480	662	0	0	0	0	0	0	1658345117686
1482	662	0	0	0	0	0	0	1658345118706
1481	662	0	0	0	0	0	0	1658345119726
1481	662	0	0	0	0	0	0	1658345120746
1481	662	0	0	0	0	0	0	1658345121766
1482	662	0	0	0	0	0	0	1658345122786
1484	662	0	0	0	0	0	0	1658345123806
1484	662	0	0	0	0	0	0	1658345124826
1485	662	0	0	0	0	0	0	1658345125846
1485	662	0	0	0	0	0	0	1658345126866
1486	662	0	0	0	0	0	0	1658345127886
1487	662	0	0	0	0	0	0	1658345128906
1488	662	0	0	0	0	0	0	1658345129926
1488	662	0	0	0	0	0	0	1658345130946
1489	662	0	0	0	0	0	0	1658345131966
1488	662	0	0	0	0	0	0	1658345132986
1488	662	0	0	0	0	0	0	1658345134006
1488	662	0	0	0	0	0	0	1658345135026
1488	662	0	0	0	0	0	0	1658345136046
1488	662	0	0	0	0	0	0	1658345137066
1488	662	0	0	0	0	0	0	1658345138086
1489	662	0	0	0	0	0	0	1658345139106
1489	662	0	0	0	0	0	0	1658345140126
1490	662	0	0	0	0	0	0	1658345141146
1491	662	0	0	0	0	0	0	1658345142166
1491	662	0	0	0	0	0	0	1658345143186
1491	662	0	0	0	0	0	0	1658345144206
1491	662	0	0	0	0	0	0	1658345145226
1490	662	0	0	0	0	0	0	1658345146246
1490	662	0	0	0	0	0	0	1658345147266
1490	662	0	0	0	0	0	0	1658345148286
1490	662	0	0	0	0	0	0	1658345149306
1490	662	0	0	0	0	0	0	1658345150326
1491	662	0	0	0	0	0	0	1658345151346
1490	662	0	0	0	0	0	0	1658345152366
1491	662	0	0	0	0	0	0	1658345153386
1491	662	0	0	0	0	0	0	1658345154406
1490	662	0	0	0	0	0	0	1658345155426
1490	662	0	0	0	0	0	0	1658345156446
1490	662	0	0	0	0	0	0	1658345157466
1490	662	0	0	0	0	0	0	1658345158486
1490	662	0	0	0	0	0	0	1658345159506
1491	662	0	0	0	0	0	0	1658345160526
1490	662	0	0	0	0	0	0	1658345161546
1489	662	0	0	0	0	0	0	1658345162566
1489	662	0	0	0	0	0	0	1658345163586
1490	662	0	0	0	0	0	0	1658345164606
1490	662	0	0	0	0	0	0	1658345165626
1490	662	0	0	0	0	0	0	1658345166646
1489	662	0	0	0	0	0	0	1658345167666
1489	662	0	0	0	0	0	0	1658345168686
1485	660	0	0	0	0	0	0	1658345169706
1477	650	0	0	0	0	0	0	1658345170726
1472	644	0	0	0	0	0	0	1658345171746
1469	640	0	0	0	0	0	0	1658345172766
1467	640	0	0	0	0	0	0	1658345173786
1466	638	0	0	0	0	0	0	1658345174806
1465	637	0	0	0	0	0	0	1658345175826
1465	636	0	0	0	0	0	0	1658345176846
1465	636	0	0	0	0	0	0	1658345177866
1465	636	0	0	0	0	0	0	1658345178886
1465	636	0	0	0	0	0	0	1658345179906
1465	636	0	0	0	0	0	0	1658345180926
1465	636	0	0	0	0	0	0	1658345181946
1464	636	0	0	0	0	0	0	1658345182966
1464	636	0	0	0	0	0	0	1658345183986
1464	636	0	0	0	0	0	0	1658345185006
1464	636	0	0	0	0	0	0	1658345186026
1464	636	0	0	0	0	0	0	1658345187046
1464	635	0	0	0	0	0	0	1658345188066
1464	635	0	0	0	0	0	0	1658345189086
1464	635	0	0	0	0	0	0	1658345190106
1464	635	0	0	0	0	0	0	1658345191126
1464	635	0	0	0	0	0	0	1658345192146
1464	636	0	0	0	0	0	0	1658345193166
1464	637	0	0	0	0	0	0	1658345194186
1464	639	0	0	0	0	0	0	1658345195206
1464	640	0	0	0	0	0	0	1658345196226
1464	642	0	0	0	0	0	0	1658345197246
1464	645	0	0	0	0	0	0	1658345198266
1464	646	0	0	0	0	0	0	1658345199286
1464	648	0	0	0	0	0	0	1658345200306
1464	649	0	0	0	0	0	0	1658345201326
1464	650	0	0	0	0	0	0	1658345202346
1464	649	0	0	0	0	0	0	1658345203366
1464	646	0	0	0	0	0	0	1658345204386
1464	642	0	0	0	0	0	0	1658345205406
1464	639	0	0	0	0	0	0	1658345206426
1464	637	0	0	0	0	0	0	1658345207446
1464	636	0	0	0	0	0	0	1658345208466
1464	636	0	0	0	0	0	0	1658345209486
1464	637	0	0	0	0	0	0	1658345210506
1464	637	0	0	0	0	0	0	1658345211526
1464	637	0	0	0	0	0	0	1658345212546
1464	637	0	0	0	0	0	0	1658345213566
1464	636	0	0	0	0	0	0	1658345214586
1464	637	0	0	0	0	0	0	1658345215606
1464	638	0	0	0	0	0	0	1658345216626
1464	638	0	0	0	0	0	0	1658345217646
1464	639	0	0	0	0	0	0	1658345218666
1464	640	0	0	0	0	0	0	1658345219686
1464	639	0	0	0	0	0	0	1658345220706
1464	637	0	0	0	0	0	0	1658345221726
1464	636	0	0	0	0	0	0	1658345222746
1464	635	0	0	0	0	0	0	1658345223766
1464	635	0	0	0	0	0	0	1658345224786
1464	635	0	0	0	0	0	0	1658345225806
1464	635	0	0	0	0	0	0	1658345226826
1464	635	0	0	0	0	0	0	1658345227846
1464	636	0	0	0	0	0	0	1658345228866
1464	636	0	0	0	0	0	0	1658345229886
1464	636	0	0	0	0	0	0	1658345230906
1464	636	0	0	0	0	0	0	1658345231926
1464	637	0	0	0	0	0	0	1658345232946
1464	637	0	0	0	0	0	0	1658345233966
1464	636	0	0	0	0	0	0	1658345234986
1464	636	0	0	0	0	0	0	1658345236006
1464	636	0	0	0	0	0	0	1658345237026
1464	636	0	0	0	0	0	0	1658345238046
1464	636	0	0	0	0	0	0	1658345239066
1464	635	0	0	0	0	0	0	1658345240086
1464	635	0	0	0	0	0	0	1658345241106
1464	635	0	0	0	0	0	0	1658345242126
1464	635	0	0	0	0	0	0	1658345243146
1464	635	0	0	0	0	0	0	1658345244166
1464	635	0	0	0	0	0	0	1658345245186
1464	635	0	0	0	0	0	0	1658345246206
1464	635	0	0	0	0	0	0	1658345247226
1464	635	0	0	0	0	0	0	1658345248246
1464	635	0	0	0	0	0	0	1658345249266
1464	635	0	0	0	0	0	0	1658345250286
1464	635	0	0	0	0	0	0	1658345251306
1464	635	0	0	0	0	0	0	1658345252326
1464	635	0	0	0	0	0	0	1658345253346
1464	635	0	0	0	0	0	0	1658345254366
1464	635	0	0	0	0	0	0	1658345255386
1464	635	0	0	0	0	0	0	1658345256406
1464	635	0	0	0	0	0	0	1658345257426
1464	635	0	0	0	0	0	0	1658345258446
1464	635	0	0	0	0	0	0	1658345259466
1464	635	0	0	0	0	0	0	1658345260486
1464	635	0	0	0	0	0	0	1658345261506
1464	635	0	0	0	0	0	0	1658345262526
1464	635	0	0	0	0	0	0	1658345263546
1464	635	0	0	0	0	0	0	1658345264566
1464	635	0	0	0	0	0	0	1658345265586
1464	635	0	0	0	0	0	0	1658345266606
1464	635	0	0	0	0	0	0	1658345267626
1464	635	0	0	0	0	0	0	1658345268646
1464	635	0	0	0	0	0	0	1658345269666
1464	635	0	0	0	0	0	0	1658345270686
1464	635	0	0	0	0	0	0	1658345271706
1464	635	0	0	0	0	0	0	1658345272726
1464	635	0	0	0	0	0	0	1658345273746
1464	635	0	0	0	0	0	0	1658345274766
1464	635	0	0	0	0	0	0	1658345275786
1464	635	0	0	0	0	0	0	1658345276806
1464	635	0	0	0	0	0	0	1658345277826
1464	635	0	0	0	0	0	0	1658345278846
1464	635	0	0	0	0	0	0	1658345279866
1464	635	0	0	0	0	0	0	1658345280886
1464	635	0	0	0	0	0	0	1658345281906
1464	635	0	0	0	0	0	0	1658345282926
1464	635	0	0	0	0	0	0	1658345283946
1464	635	0	0	0	0	0	0	1658345284966
1464	635	0	0	0	0	0	0	1658345285986
1464	635	0	0	0	0	0	0	1658345287006
1464	635	0	0	0	0	0	0	1658345288026
1464	635	0	0	0	0	0	0	1658345289046
1464	635	0	0	0	0	0	0	1658345290066
1464	635	0	0	0	0	0	0	1658345291086
1464	635	0	0	0	0	0	0	1658345292106
1464	635	0	0	0	0	0	0	1658345293126
1464	635	0	0	0	0	0	0	1658345294146
1464	635	0	0	0	0	0	0	1658345295166
1464	635	0	0	0	0	0	0	1658345296186
1464	635	0	0	0	0	0	0	1658345297206
1464	635	0	0	0	0	0	0	1658345298226
1464	635	0	0	0	0	0	0	1658345299246
1464	635	0	0	0	0	0	0	1658345300266
1464	635	0	0	0	0	0	0	1658345301286
1464	635	0	0	0	0	0	0	1658345302306
1464	635	0	0	0	0	0	0	1658345303326
1464	635	0	0	0	0	0	0	1658345304346
1464	635	0	0	0	0	0	0	1658345305366
1464	635	0	0	0	0	0	0	1658345306386
1464	635	0	0	0	0	0	0	1658345307406
1464	635	0	0	0	0	0	0	1658345308426
1464	635	0	0	0	0	0	0	1658345309446
1464	635	0	0	0	0	0	0	1658345310466
1464	635	0	0	0	0	0	0	1658345311486
1464	635	0	0	0	0	0	0	1658345312506
1464	635	0	0	0	0	0	0	1658345313526
1464	635	0	0	0	0	0	0	1658345314546
1464	635	0	0	0	0	0	0	1658345315566
1464	635	0	0	0	0	0	0	1658345316586
1464	635	0	0	0	0	0	0	1658345317606
1464	635	0	0	0	0	0	0	1658345318626
1464	635	0	0	0	0	0	0	1658345319646
1464	635	0	0	0	0	0	0	1658345320666
1464	635	0	0	0	0	0	0	1658345321686
1464	635	0	0	0	0	0	0	1658345322706
1464	635	0	0	0	0	0	0	1658345323726
1464	635	0	0	0	0	0	0	1658345324746
1464	635	0	0	0	0	0	0	1658345325766
1464	635	0	0	0	0	0	0	1658345326786
1464	635	0	0	0	0	0	0	1658345327806
1464	635	0	0	0	0	0	0	1658345328826
1464	635	0	0	0	0	0	0	1658345329846
1464	635	0	0	0	0	0	0	1658345330866
1464	635	0	0	0	0	0	0	1658345331886
1464	635	0	0	0	0	0	0	1658345332906
1464	635	0	0	0	0	0	0	1658345333926
1464	635	0	0	0	0	0	0	1658345334946
1464	635	0	0	0	0	0	0	1658345335966
1464	635	0	0	0	0	0	0	1658345336986
1464	635	0	0	0	0	0	0	1658345338006
1464	635	0	0	0	0	0	0	1658345339026
1464	635	0	0	0	0	0	0	1658345340046
1464	635	0	0	0	0	0	0	1658345341066
1464	635	0	0	0	0	0	0	1658345342086
1464	635	0	0	0	0	0	0	1658345343106
1464	635	0	0	0	0	0	0	1658345344126
1464	635	0	0	0	0	0	0	1658345345146
1464	635	0	0	0	0	0	0	1658345346166
1464	635	0	0	0	0	0	0	1658345347186
1464	635	0	0	0	0	0	0	1658345348206
1464	635	0	0	0	0	0	0	1658345349226
1464	635	0	0	0	0	0	0	1658345350246
1464	635	0	0	0	0	0	0	1658345351266
1464	635	0	0	0	0	0	0	1658345352286
1464	635	0	0	0	0	0	0	1658345353306
1464	635	0	0	0	0	0	0	1658345354326
1464	635	0	0	0	0	0	0	1658345355346
1464	635	0	0	0	0	0	0	1658345356366
1464	635	0	0	0	0	0	0	1658345357386
1464	635	0	0	0	0	0	0	1658345358406
1464	635	0	0	0	0	0	0	1658345359426
1464	635	0	0	0	0	0	0	1658345360446
1464	635	0	0	0	0	0	0	1658345361466
1464	635	0	0	0	0	0	0	1658345362486
1464	635	0	0	0	0	0	0	1658345363506
1464	635	0	0	0	0	0	0	1658345364526
1464	635	0	0	0	0	0	0	1658345365546
1464	635	0	0	0	0	0	0	1658345366566
1464	635	0	0	0	0	0	0	1658345367586
1464	635	0	0	0	0	0	0	1658345368606
1464	635	0	0	0	0	0	0	1658345369626
1464	635	0	0	0	0	0	0	1658345370646
1464	635	0	0	0	0	0	0	1658345371666
1464	635	0	0	0	0	0	0	1658345372686
1464	635	0	0	0	0	0	0	1658345373706
1464	635	0	0	0	0	0	0	1658345374726
1464	635	0	0	0	0	0	0	1658345375746
1464	635	0	0	0	0	0	0	1658345376766
1464	635	0	0	0	0	0	0	1658345377786
1464	635	0	0	0	0	0	0	1658345378806
1464	635	0	0	0	0	0	0	1658345379826
1464	635	0	0	0	0	0	0	1658345380846
1464	635	0	0	0	0	0	0	1658345381866
1464	635	0	0	0	0	0	0	1658345382886
1464	635	0	0	0	0	0	0	1658345383906
1464	635	0	0	0	0	0	0	1658345384926
1464	635	0	0	0	0	0	0	1658345385946
1464	635	0	0	0	0	0	0	1658345386966
1464	635	0	0	0	0	0	0	1658345387986
1464	635	0	0	0	0	0	0	1658345389006
1464	635	0	0	0	0	0	0	1658345390026
1464	635	0	0	0	0	0	0	1658345391046
1464	635	0	0	0	0	0	0	1658345392066
1464	635	0	0	0	0	0	0	1658345393086
1464	635	0	0	0	0	0	0	1658345394106
1464	635	0	0	0	0	0	0	1658345395126
1464	635	0	0	0	0	0	0	1658345396146
1464	635	0	0	0	0	0	0	1658345397166
1464	635	0	0	0	0	0	0	1658345398186
1464	635	0	0	0	0	0	0	1658345399206
1464	635	0	0	0	0	0	0	1658345400226
1464	635	0	0	0	0	0	0	1658345401246
1464	635	0	0	0	0	0	0	1658345402266
1464	635	0	0	0	0	0	0	1658345403286
1464	635	0	0	0	0	0	0	1658345404306
1464	635	0	0	0	0	0	0	1658345405326
1464	635	0	0	0	0	0	0	1658345406346
1464	635	0	0	0	0	0	0	1658345407366
1464	635	0	0	0	0	0	0	1658345408386
1464	635	0	0	0	0	0	0	1658345409406
1464	635	0	0	0	0	0	0	1658345410426
1464	635	0	0	0	0	0	0	1658345411446
1464	635	0	0	0	0	0	0	1658345412466
1464	635	0	0	0	0	0	0	1658345413486
1464	635	0	0	0	0	0	0	1658345414506
1464	635	0	0	0	0	0	0	1658345415526
1464	635	0	0	0	0	0	0	1658345416546
1464	635	0	0	0	0	0	0	1658345417566
1464	635	0	0	0	0	0	0	1658345418586
1464	635	0	0	0	0	0	0	1658345419606
1464	635	0	0	0	0	0	0	1658345420626
1464	635	0	0	0	0	0	0	1658345421646
1464	635	0	0	0	0	0	0	1658345422666
1464	628	0	0	0	0	0	0	1658345423686
1464	620	0	0	0	0	0	0	1658345424706
1464	619	0	0	0	0	0	0	1658345425726
1464	618	0	0	0	0	0	0	1658345426746
1464	614	0	0	0	0	0	0	1658345427766
1463	612	0	0	0	0	0	0	1658345428786
1463	610	0	0	0	0	0	0	1658345429806
1461	609	0	0	0	0	0	0	1658345430826
1458	608	0	0	0	0	0	0	1658345431846
1459	608	0	0	0	0	0	0	1658345432866
1459	615	0	0	0	0	0	0	1658345433886
1460	622	0	0	0	0	0	0	1658345434906
1460	627	0	0	0	0	0	0	1658345435926
1460	623	0	0	0	0	0	0	1658345436946
1460	617	0	0	0	0	0	0	1658345437966
1460	615	0	0	0	0	0	0	1658345438986
1461	619	0	0	0	0	0	0	1658345440006
1460	621	0	0	0	0	0	0	1658345441026
1460	619	0	0	0	0	0	0	1658345442046
1460	618	0	0	0	0	0	0	1658345443066
1459	620	0	0	0	0	0	0	1658345444086
1460	623	0	0	0	0	0	0	1658345445106
1460	624	0	0	0	0	0	0	1658345446126
1461	625	0	0	0	0	0	0	1658345447146
1460	626	0	0	0	0	0	0	1658345448166
1461	626	0	0	0	0	0	0	1658345449186
1460	627	0	0	0	0	0	0	1658345450206
1461	622	0	0	0	0	0	0	1658345451226
1459	617	0	0	0	0	0	0	1658345452246
1460	614	0	0	0	0	0	0	1658345453266
1460	613	0	0	0	0	0	0	1658345454286
1460	612	0	0	0	0	0	0	1658345455306
1459	610	0	0	0	0	0	0	1658345456326
1455	609	0	0	0	0	0	0	1658345457346
1453	608	0	0	0	0	0	0	1658345458366
1448	608	0	0	0	0	0	0	1658345459386
1443	608	0	0	0	0	0	0	1658345460406
1441	608	0	0	0	0	0	0	1658345461426
1440	608	0	0	0	0	0	0	1658345462446
1439	608	0	0	0	0	0	0	1658345463466
1438	608	0	0	0	0	0	0	1658345464486
1437	608	0	0	0	0	0	0	1658345465506
1437	608	0	0	0	0	0	0	1658345466526
1437	608	0	0	0	0	0	0	1658345467546
1437	608	0	0	0	0	0	0	1658345468566
1437	608	0	0	0	0	0	0	1658345469586
1437	608	0	0	0	0	0	0	1658345470606
1437	608	0	0	0	0	0	0	1658345471626
1437	608	0	0	0	0	0	0	1658345472646
1437	608	0	0	0	0	0	0	1658345473666
1437	608	0	0	0	0	0	0	1658345474686
1437	608	0	0	0	0	0	0	1658345475706
1437	608	0	0	0	0	0	0	1658345476726
1437	608	0	0	0	0	0	0	1658345477746
1437	608	0	0	0	0	0	0	1658345478766
1437	608	0	0	0	0	0	0	1658345479786
1437	608	0	0	0	0	0	0	1658345480806
1437	608	0	0	0	0	0	0	1658345481826
1437	608	0	0	0	0	0	0	1658345482846
1437	608	0	0	0	0	0	0	1658345483866
1437	608	0	0	0	0	0	0	1658345484886
1437	608	0	0	0	0	0	0	1658345485906
1437	608	0	0	0	0	0	0	1658345486926
1437	608	0	0	0	0	0	0	1658345487946
1437	609	0	0	0	0	0	0	1658345488966
1437	609	0	0	0	0	0	0	1658345489986
1437	608	0	0	0	0	0	0	1658345491006
1437	608	0	0	0	0	0	0	1658345492026
1437	608	0	0	0	0	0	0	1658345493046
1437	608	0	0	0	0	0	0	1658345494066
1437	608	0	0	0	0	0	0	1658345495086
1437	608	0	0	0	0	0	0	1658345496106
1437	608	0	0	0	0	0	0	1658345497126
1437	608	0	0	0	0	0	0	1658345498146
1437	608	0	0	0	0	0	0	1658345499166
1437	608	0	0	0	0	0	0	1658345500186
1437	608	0	0	0	0	0	0	1658345501206
1437	608	0	0	0	0	0	0	1658345502226
1437	608	0	0	0	0	0	0	1658345503246
1437	608	0	0	0	0	0	0	1658345504266
1437	608	0	0	0	0	0	0	1658345505286
1437	608	0	0	0	0	0	0	1658345506306
1437	608	0	0	0	0	0	0	1658345507326
1437	607	0	0	0	0	0	0	1658345508346
1437	607	0	0	0	0	0	0	1658345509366
1437	607	0	0	0	0	0	0	1658345510386
1437	607	0	0	0	0	0	0	1658345511406
1437	607	0	0	0	0	0	0	1658345512426
1437	607	0	0	0	0	0	0	1658345513446
1437	607	0	0	0	0	0	0	1658345514466
1437	607	0	0	0	0	0	0	1658345515486
1437	607	0	0	0	0	0	0	1658345516506
1437	607	0	0	0	0	0	0	1658345517526
1437	607	0	0	0	0	0	0	1658345518546
1437	607	0	0	0	0	0	0	1658345519566
1437	607	0	0	0	0	0	0	1658345520586
1437	607	0	0	0	0	0	0	1658345521606
1437	607	0	0	0	0	0	0	1658345522626
1437	607	0	0	0	0	0	0	1658345523646
1437	607	0	0	0	0	0	0	1658345524666
1437	607	0	0	0	0	0	0	1658345525686
1437	607	0	0	0	0	0	0	1658345526706
1437	607	0	0	0	0	0	0	1658345527726
1437	607	0	0	0	0	0	0	1658345528746
1437	607	0	0	0	0	0	0	1658345529766
1437	607	0	0	0	0	0	0	1658345530786
1437	607	0	0	0	0	0	0	1658345531806
1437	607	0	0	0	0	0	0	1658345532826
1437	607	0	0	0	0	0	0	1658345533846
1437	607	0	0	0	0	0	0	1658345534866
1437	607	0	0	0	0	0	0	1658345535886
1437	607	0	0	0	0	0	0	1658345536906
1437	607	0	0	0	0	0	0	1658345537926
1437	607	0	0	0	0	0	0	1658345538946
1437	607	0	0	0	0	0	0	1658345539966
1437	607	0	0	0	0	0	0	1658345540986
1437	607	0	0	0	0	0	0	1658345542006
1437	607	0	0	0	0	0	0	1658345543026
1437	607	0	0	0	0	0	0	1658345544046
1437	607	0	0	0	0	0	0	1658345545066
1437	607	0	0	0	0	0	0	1658345546086
1437	607	0	0	0	0	0	0	1658345547106
1437	607	0	0	0	0	0	0	1658345548126
1437	607	0	0	0	0	0	0	1658345549146
1436	607	0	0	0	0	0	0	1658345550166
1436	607	0	0	0	0	0	0	1658345551186
1436	607	0	0	0	0	0	0	1658345552206
1436	607	0	0	0	0	0	0	1658345553226
1436	607	0	0	0	0	0	0	1658345554246
1436	607	0	0	0	0	0	0	1658345555266
1436	607	0	0	0	0	0	0	1658345556286
1436	607	0	0	0	0	0	0	1658345557306
1436	607	0	0	0	0	0	0	1658345558326
1436	607	0	0	0	0	0	0	1658345559346
1436	607	0	0	0	0	0	0	1658345560366
1436	607	0	0	0	0	0	0	1658345561386
1436	607	0	0	0	0	0	0	1658345562406
1436	607	0	0	0	0	0	0	1658345563426
1436	607	0	0	0	0	0	0	1658345564446
1436	607	0	0	0	0	0	0	1658345565466
1436	607	0	0	0	0	0	0	1658345566486
1436	607	0	0	0	0	0	0	1658345567506
1436	607	0	0	0	0	0	0	1658345568526
1436	607	0	0	0	0	0	0	1658345569546
1436	607	0	0	0	0	0	0	1658345570566
1436	607	0	0	0	0	0	0	1658345571586
1436	607	0	0	0	0	0	0	1658345572606
1436	607	0	0	0	0	0	0	1658345573626
1436	607	0	0	0	0	0	0	1658345574646
1436	607	0	0	0	0	0	0	1658345575666
1436	607	0	0	0	0	0	0	1658345576686
1436	607	0	0	0	0	0	0	1658345577706
1436	607	0	0	0	0	0	0	1658345578726
1436	607	0	0	0	0	0	0	1658345579746
1436	607	0	0	0	0	0	0	1658345580766
1436	607	0	0	0	0	0	0	1658345581786
1436	607	0	0	0	0	0	0	1658345582806
1436	607	0	0	0	0	0	0	1658345583826
1436	607	0	0	0	0	0	0	1658345584846
1436	607	0	0	0	0	0	0	1658345585866
1436	607	0	0	0	0	0	0	1658345586886
1436	607	0	0	0	0	0	0	1658345587906
1436	607	0	0	0	0	0	0	1658345588926
1436	607	0	0	0	0	0	0	1658345589946
1436	607	0	0	0	0	0	0	1658345590966
1436	607	0	0	0	0	0	0	1658345591986
1436	607	0	0	0	0	0	0	1658345593006
1436	607	0	0	0	0	0	0	1658345594026
1436	607	0	0	0	0	0	0	1658345595046
1436	607	0	0	0	0	0	0	1658345596066
1436	607	0	0	0	0	0	0	1658345597086
1436	607	0	0	0	0	0	0	1658345598106
1437	607	0	0	0	0	0	0	1658345599126
1437	607	0	0	0	0	0	0	1658345600146
1437	607	0	0	0	0	0	0	1658345601166
1437	607	0	0	0	0	0	0	1658345602186
1436	607	0	0	0	0	0	0	1658345603206
1436	607	0	0	0	0	0	0	1658345604226
1436	607	0	0	0	0	0	0	1658345605246
1436	607	0	0	0	0	0	0	1658345606266
1436	607	0	0	0	0	0	0	1658345607286
1436	607	0	0	0	0	0	0	1658345608306
1436	607	0	0	0	0	0	0	1658345609326
1436	607	0	0	0	0	0	0	1658345610346
1436	607	0	0	0	0	0	0	1658345611366
1436	607	0	0	0	0	0	0	1658345612386
1436	607	0	0	0	0	0	0	1658345613406
1436	607	0	0	0	0	0	0	1658345614426
1436	607	0	0	0	0	0	0	1658345615446
1436	607	0	0	0	0	0	0	1658345616466
1436	607	0	0	0	0	0	0	1658345617486
1436	607	0	0	0	0	0	0	1658345618506
1436	607	0	0	0	0	0	0	1658345619526
1436	607	0	0	0	0	0	0	1658345620546
1436	607	0	0	0	0	0	0	1658345621566
1436	607	0	0	0	0	0	0	1658345622586
1436	607	0	0	0	0	0	0	1658345623606
1436	607	0	0	0	0	0	0	1658345624626
1436	607	0	0	0	0	0	0	1658345625646
1436	607	0	0	0	0	0	0	1658345626666
1436	607	0	0	0	0	0	0	1658345627686
1436	607	0	0	0	0	0	0	1658345628706
1436	607	0	0	0	0	0	0	1658345629726
1436	607	0	0	0	0	0	0	1658345630746
1437	607	0	0	0	0	0	0	1658345631766
1437	607	0	0	0	0	0	0	1658345632786
1437	607	0	0	0	0	0	0	1658345633806
1437	607	0	0	0	0	0	0	1658345634826
1437	607	0	0	0	0	0	0	1658345635846
1437	607	0	0	0	0	0	0	1658345636866
1437	607	0	0	0	0	0	0	1658345637886
1437	607	0	0	0	0	0	0	1658345638906
1437	607	0	0	0	0	0	0	1658345639926
1437	607	0	0	0	0	0	0	1658345640946
1437	607	0	0	0	0	0	0	1658345641966
1437	607	0	0	0	0	0	0	1658345642986
1437	607	0	0	0	0	0	0	1658345644006
1437	607	0	0	0	0	0	0	1658345645026
1437	607	0	0	0	0	0	0	1658345646046
1437	607	0	0	0	0	0	0	1658345647066
1437	607	0	0	0	0	0	0	1658345648086
1437	607	0	0	0	0	0	0	1658345649106
1437	607	0	0	0	0	0	0	1658345650126
1437	607	0	0	0	0	0	0	1658345651146
1437	607	0	0	0	0	0	0	1658345652166
1437	607	0	0	0	0	0	0	1658345653186
1437	607	0	0	0	0	0	0	1658345654206
1437	607	0	0	0	0	0	0	1658345655226
1437	607	0	0	0	0	0	0	1658345656246
1437	607	0	0	0	0	0	0	1658345657266
1437	607	0	0	0	0	0	0	1658345658286
1437	607	0	0	0	0	0	0	1658345659306
1437	607	0	0	0	0	0	0	1658345660326
1437	607	0	0	0	0	0	0	1658345661346
1437	607	0	0	0	0	0	0	1658345662366
1437	607	0	0	0	0	0	0	1658345663386
1437	607	0	0	0	0	0	0	1658345664406
1437	607	0	0	0	0	0	0	1658345665426
1437	607	0	0	0	0	0	0	1658345666446
1437	607	0	0	0	0	0	0	1658345667466
1437	607	0	0	0	0	0	0	1658345668486
1437	607	0	0	0	0	0	0	1658345669506
1437	607	0	0	0	0	0	0	1658345670526
1437	607	0	0	0	0	0	0	1658345671546
1437	607	0	0	0	0	0	0	1658345672566
1437	607	0	0	0	0	0	0	1658345673586
1437	603	0	0	0	0	0	0	1658345674606
1437	601	0	0	0	0	0	0	1658345675626
1437	603	0	0	0	0	0	0	1658345676646
1437	605	0	0	0	0	0	0	1658345677666
1437	606	0	0	0	0	0	0	1658345678686
1437	606	0	0	0	0	0	0	1658345679706
1437	606	0	0	0	0	0	0	1658345680726
1437	606	0	0	0	0	0	0	1658345681746
1437	606	0	0	0	0	0	0	1658345682766
1437	606	0	0	0	0	0	0	1658345683786
1437	607	0	0	0	0	0	0	1658345684806
1437	607	0	0	0	0	0	0	1658345685826
1437	607	0	0	0	0	0	0	1658345686846
1437	606	0	0	0	0	0	0	1658345687866
1437	601	0	0	0	0	0	0	1658345688886
1437	601	0	0	0	0	0	0	1658345689906
1436	595	0	0	0	0	0	0	1658345690926
1436	599	0	0	0	0	0	0	1658345691946
1436	602	0	0	0	0	0	0	1658345692966
1436	604	0	0	0	0	0	0	1658345693986
1436	605	0	0	0	0	0	0	1658345695006
1436	604	0	0	0	0	0	0	1658345696026
1436	604	0	0	0	0	0	0	1658345697046
1436	605	0	0	0	0	0	0	1658345698066
1436	606	0	0	0	0	0	0	1658345699086
1436	606	0	0	0	0	0	0	1658345700106
1436	606	0	0	0	0	0	0	1658345701126
1436	607	0	0	0	0	0	0	1658345702146
1436	607	0	0	0	0	0	0	1658345703166
1436	607	0	0	0	0	0	0	1658345704186
1436	607	0	0	0	0	0	0	1658345705206
1436	607	0	0	0	0	0	0	1658345706226
1436	607	0	0	0	0	0	0	1658345707246
1436	607	0	0	0	0	0	0	1658345708266
1436	607	0	0	0	0	0	0	1658345709286
1436	607	0	0	0	0	0	0	1658345710306
1436	607	0	0	0	0	0	0	1658345711326
1436	607	0	0	0	0	0	0	1658345712346
1436	603	0	0	0	0	0	0	1658345713366
1436	599	0	0	0	0	0	0	1658345714386
1436	602	0	0	0	0	0	0	1658345715406
1436	604	0	0	0	0	0	0	1658345716426
1436	605	0	0	0	0	0	0	1658345717446
1436	606	0	0	0	0	0	0	1658345718466
1436	606	0	0	0	0	0	0	1658345719486
1436	606	0	0	0	0	0	0	1658345720506
1436	606	0	0	0	0	0	0	1658345721526
1436	606	0	0	0	0	0	0	1658345722546
1436	606	0	0	0	0	0	0	1658345723566
1436	606	0	0	0	0	0	0	1658345724586
1436	606	0	0	0	0	0	0	1658345725606
1436	606	0	0	0	0	0	0	1658345726626
1436	606	0	0	0	0	0	0	1658345727646
1436	606	0	0	0	0	0	0	1658345728666
1436	607	0	0	0	0	0	0	1658345729686
1436	607	0	0	0	0	0	0	1658345730706
1436	607	0	0	0	0	0	0	1658345731726
1436	607	0	0	0	0	0	0	1658345732746
1436	607	0	0	0	0	0	0	1658345733766
1436	607	0	0	0	0	0	0	1658345734786
1436	607	0	0	0	0	0	0	1658345735806
1436	607	0	0	0	0	0	0	1658345736826
1436	607	0	0	0	0	0	0	1658345737846
1436	607	0	0	0	0	0	0	1658345738866
1436	607	0	0	0	0	0	0	1658345739886
1436	607	0	0	0	0	0	0	1658345740906
1436	607	0	0	0	0	0	0	1658345741926
1436	604	0	0	0	0	0	0	1658345742946
1436	604	0	0	0	0	0	0	1658345743966
1436	605	0	0	0	0	0	0	1658345744986
1436	606	0	0	0	0	0	0	1658345746006
1436	607	0	0	0	0	0	0	1658345747026
1436	607	0	0	0	0	0	0	1658345748046
1436	607	0	0	0	0	0	0	1658345749066
1436	607	0	0	0	0	0	0	1658345750086
1436	607	0	0	0	0	0	0	1658345751106
1436	607	0	0	0	0	0	0	1658345752126
1436	607	0	0	0	0	0	0	1658345753146
1436	607	0	0	0	0	0	0	1658345754166
1436	607	0	0	0	0	0	0	1658345755186
1436	607	0	0	0	0	0	0	1658345756206
1436	607	0	0	0	0	0	0	1658345757226
1436	607	0	0	0	0	0	0	1658345758246
1436	607	0	0	0	0	0	0	1658345759266
1436	605	0	0	0	0	0	0	1658345760286
1436	606	0	0	0	0	0	0	1658345761306
1436	606	0	0	0	0	0	0	1658345762326
1436	606	0	0	0	0	0	0	1658345763346
1436	606	0	0	0	0	0	0	1658345764366
1436	606	0	0	0	0	0	0	1658345765386
1436	606	0	0	0	0	0	0	1658345766406
1436	606	0	0	0	0	0	0	1658345767426
1436	606	0	0	0	0	0	0	1658345768446
1436	606	0	0	0	0	0	0	1658345769466
1436	606	0	0	0	0	0	0	1658345770486
1436	606	0	0	0	0	0	0	1658345771506
1436	606	0	0	0	0	0	0	1658345772526
1436	606	0	0	0	0	0	0	1658345773546
1436	606	0	0	0	0	0	0	1658345774566
1436	607	0	0	0	0	0	0	1658345775586
1436	607	0	0	0	0	0	0	1658345776606
1436	607	0	0	0	0	0	0	1658345777626
1436	607	0	0	0	0	0	0	1658345778646
1436	607	0	0	0	0	0	0	1658345779666
1436	607	0	0	0	0	0	0	1658345780686
1436	605	0	0	0	0	0	0	1658345781706
1436	599	0	0	0	0	0	0	1658345782726
1436	601	0	0	0	0	0	0	1658345783746
1436	603	0	0	0	0	0	0	1658345784766
1436	605	0	0	0	0	0	0	1658345785786
1436	606	0	0	0	0	0	0	1658345786806
1436	606	0	0	0	0	0	0	1658345787826
1436	607	0	0	0	0	0	0	1658345788846
1436	607	0	0	0	0	0	0	1658345789866
1436	601	0	0	0	0	0	0	1658345790886
1436	597	0	0	0	0	0	0	1658345791906
1436	599	0	0	0	0	0	0	1658345792926
1436	602	0	0	0	0	0	0	1658345793946
1436	604	0	0	0	0	0	0	1658345794966
1436	605	0	0	0	0	0	0	1658345795986
1436	602	0	0	0	0	0	0	1658345797006
1436	602	0	0	0	0	0	0	1658345798026
1436	597	0	0	0	0	0	0	1658345799046
1436	597	0	0	0	0	0	0	1658345800066
1436	597	0	0	0	0	0	0	1658345801086
1436	590	0	0	0	0	0	0	1658345802106
1436	586	0	0	0	0	0	0	1658345803126
1436	587	0	0	0	0	0	0	1658345804146
1436	594	0	0	0	0	0	0	1658345805166
1436	599	0	0	0	0	0	0	1658345806186
1436	601	0	0	0	0	0	0	1658345807206
1436	600	0	0	0	0	0	0	1658345808226
1436	598	0	0	0	0	0	0	1658345809246
1436	599	0	0	0	0	0	0	1658345810266
1436	601	0	0	0	0	0	0	1658345811286
1436	602	0	0	0	0	0	0	1658345812306
1436	601	0	0	0	0	0	0	1658345813326
1436	592	0	0	0	0	0	0	1658345814346
1436	587	0	0	0	0	0	0	1658345815366
1436	588	0	0	0	0	0	0	1658345816386
1436	586	0	0	0	0	0	0	1658345817406
1435	583	0	0	0	0	0	0	1658345818426
1434	582	0	0	0	0	0	0	1658345819446
1433	581	0	0	0	0	0	0	1658345820466
1433	581	0	0	0	0	0	0	1658345821486
1434	584	0	0	0	0	0	0	1658345822506
1435	584	0	0	0	0	0	0	1658345823526
1435	583	0	0	0	0	0	0	1658345824546
1435	584	0	0	0	0	0	0	1658345825566
1436	584	0	0	0	0	0	0	1658345826586
1435	582	0	0	0	0	0	0	1658345827606
1433	581	0	0	0	0	0	0	1658345828626
1434	582	0	0	0	0	0	0	1658345829646
1435	584	0	0	0	0	0	0	1658345830666
1436	587	0	0	0	0	0	0	1658345831686
1436	587	0	0	0	0	0	0	1658345832706
1437	585	0	0	0	0	0	0	1658345833726
1437	583	0	0	0	0	0	0	1658345834746
1436	582	0	0	0	0	0	0	1658345835766
1436	583	0	0	0	0	0	0	1658345836786
1436	583	0	0	0	0	0	0	1658345837806
1435	583	0	0	0	0	0	0	1658345838826
1426	582	0	0	0	0	0	0	1658345839846
1419	581	0	0	0	0	0	0	1658345840866
1415	580	0	0	0	0	0	0	1658345841886
1413	580	0	0	0	0	0	0	1658345842906
1417	582	0	0	0	0	0	0	1658345843926
1418	581	0	0	0	0	0	0	1658345844946
1415	580	0	0	0	0	0	0	1658345845966
1416	580	0	0	0	0	0	0	1658345846986
1420	581	0	0	0	0	0	0	1658345848006
1423	583	0	0	0	0	0	0	1658345849026
1426	584	0	0	0	0	0	0	1658345850046
1430	584	0	0	0	0	0	0	1658345851066
1432	585	0	0	0	0	0	0	1658345852086
1433	584	0	0	0	0	0	0	1658345853106
1433	582	0	0	0	0	0	0	1658345854126
1430	581	0	0	0	0	0	0	1658345855146
1430	580	0	0	0	0	0	0	1658345856166
1430	580	0	0	0	0	0	0	1658345857186
1430	580	0	0	0	0	0	0	1658345858206
1430	580	0	0	0	0	0	0	1658345859226
1431	580	0	0	0	0	0	0	1658345860246
1433	580	0	0	0	0	0	0	1658345861266
1434	580	0	0	0	0	0	0	1658345862286
1433	580	0	0	0	0	0	0	1658345863306
1427	580	0	0	0	0	0	0	1658345864326
1423	580	0	0	0	0	0	0	1658345865346
1425	580	0	0	0	0	0	0	1658345866366
1427	580	0	0	0	0	0	0	1658345867386
1424	580	0	0	0	0	0	0	1658345868406
1425	580	0	0	0	0	0	0	1658345869426
1425	580	0	0	0	0	0	0	1658345870446
1428	581	0	0	0	0	0	0	1658345871466
1431	580	0	0	0	0	0	0	1658345872486
1433	580	0	0	0	0	0	0	1658345873506
1433	580	0	0	0	0	0	0	1658345874526
1434	580	0	0	0	0	0	0	1658345875546
1435	580	0	0	0	0	0	0	1658345876566
1435	580	0	0	0	0	0	0	1658345877586
1435	580	0	0	0	0	0	0	1658345878606
1434	580	0	0	0	0	0	0	1658345879626
1434	580	0	0	0	0	0	0	1658345880646
1434	580	0	0	0	0	0	0	1658345881666
1434	580	0	0	0	0	0	0	1658345882686
1435	580	0	0	0	0	0	0	1658345883706
1435	580	0	0	0	0	0	0	1658345884726
1435	580	0	0	0	0	0	0	1658345885746
1436	580	0	0	0	0	0	0	1658345886766
1436	580	0	0	0	0	0	0	1658345887786
1436	580	0	0	0	0	0	0	1658345888806
1436	580	0	0	0	0	0	0	1658345889826
1436	580	0	0	0	0	0	0	1658345890846
1436	580	0	0	0	0	0	0	1658345891866
1435	580	0	0	0	0	0	0	1658345892886
1434	580	0	0	0	0	0	0	1658345893906
1433	580	0	0	0	0	0	0	1658345894926
1434	580	0	0	0	0	0	0	1658345895946
1434	580	0	0	0	0	0	0	1658345896966
1435	580	0	0	0	0	0	0	1658345897986
1436	580	0	0	0	0	0	0	1658345899006
1436	580	0	0	0	0	0	0	1658345900026
1436	580	0	0	0	0	0	0	1658345901046
1436	580	0	0	0	0	0	0	1658345902066
1436	580	0	0	0	0	0	0	1658345903086
1436	580	0	0	0	0	0	0	1658345904106
1436	580	0	0	0	0	0	0	1658345905126
1436	580	0	0	0	0	0	0	1658345906146
1436	580	0	0	0	0	0	0	1658345907166
1436	580	0	0	0	0	0	0	1658345908186
1436	580	0	0	0	0	0	0	1658345909206
1436	580	0	0	0	0	0	0	1658345910226
1436	580	0	0	0	0	0	0	1658345911246
1436	580	0	0	0	0	0	0	1658345912266
1436	580	0	0	0	0	0	0	1658345913286
1436	580	0	0	0	0	0	0	1658345914306
1436	580	0	0	0	0	0	0	1658345915326
1436	580	0	0	0	0	0	0	1658345916346
1436	580	0	0	0	0	0	0	1658345917366
1436	580	0	0	0	0	0	0	1658345918386
1436	580	0	0	0	0	0	0	1658345919406
1436	580	0	0	0	0	0	0	1658345920426
1436	580	0	0	0	0	0	0	1658345921446
1436	580	0	0	0	0	0	0	1658345922466
1436	580	0	0	0	0	0	0	1658345923486
1436	580	0	0	0	0	0	0	1658345924506
1436	580	0	0	0	0	0	0	1658345925526
1436	580	0	0	0	0	0	0	1658345926546
1436	580	0	0	0	0	0	0	1658345927566
1436	580	0	0	0	0	0	0	1658345928586
1436	580	0	0	0	0	0	0	1658345929606
1436	580	0	0	0	0	0	0	1658345930626
1436	580	0	0	0	0	0	0	1658345931646
1436	580	0	0	0	0	0	0	1658345932666
1436	580	0	0	0	0	0	0	1658345933686
1436	580	0	0	0	0	0	0	1658345934706
1436	580	0	0	0	0	0	0	1658345935726
1436	580	0	0	0	0	0	0	1658345936746
1436	580	0	0	0	0	0	0	1658345937766
1436	580	0	0	0	0	0	0	1658345938786
1436	580	0	0	0	0	0	0	1658345939806
1436	580	0	0	0	0	0	0	1658345940826
1436	580	0	0	0	0	0	0	1658345941846
1436	580	0	0	0	0	0	0	1658345942866
1436	580	0	0	0	0	0	0	1658345943886
1436	580	0	0	0	0	0	0	1658345944906
1436	580	0	0	0	0	0	0	1658345945926
1436	580	0	0	0	0	0	0	1658345946946
1436	580	0	0	0	0	0	0	1658345947966
1436	580	0	0	0	0	0	0	1658345948986
1436	580	0	0	0	0	0	0	1658345950006
1436	580	0	0	0	0	0	0	1658345951026
1436	580	0	0	0	0	0	0	1658345952046
1436	580	0	0	0	0	0	0	1658345953066
1436	580	0	0	0	0	0	0	1658345954086
1436	580	0	0	0	0	0	0	1658345955106
1436	580	0	0	0	0	0	0	1658345956126
1436	580	0	0	0	0	0	0	1658345957146
1436	580	0	0	0	0	0	0	1658345958166
1436	580	0	0	0	0	0	0	1658345959186
1433	580	0	0	0	0	0	0	1658345960206
1434	580	0	0	0	0	0	0	1658345961226
1434	580	0	0	0	0	0	0	1658345962246
1435	580	0	0	0	0	0	0	1658345963266
1436	580	0	0	0	0	0	0	1658345964286
1436	580	0	0	0	0	0	0	1658345965306
1436	580	0	0	0	0	0	0	1658345966326
1429	580	0	0	0	0	0	0	1658345967346
1421	580	0	0	0	0	0	0	1658345968366
1416	580	0	0	0	0	0	0	1658345969386
1417	580	0	0	0	0	0	0	1658345970406
1420	580	0	0	0	0	0	0	1658345971426
1425	580	0	0	0	0	0	0	1658345972446
1427	580	0	0	0	0	0	0	1658345973466
1430	580	0	0	0	0	0	0	1658345974486
1432	580	0	0	0	0	0	0	1658345975506
1433	580	0	0	0	0	0	0	1658345976526
1434	580	0	0	0	0	0	0	1658345977546
1435	580	0	0	0	0	0	0	1658345978566
1436	580	0	0	0	0	0	0	1658345979586
1436	580	0	0	0	0	0	0	1658345980606
1435	580	0	0	0	0	0	0	1658345981626
1435	580	0	0	0	0	0	0	1658345982646
1435	580	0	0	0	0	0	0	1658345983666
1435	580	0	0	0	0	0	0	1658345984686
1435	580	0	0	0	0	0	0	1658345985706
1436	580	0	0	0	0	0	0	1658345986726
1436	580	0	0	0	0	0	0	1658345987746
1436	580	0	0	0	0	0	0	1658345988766
1436	580	0	0	0	0	0	0	1658345989786
1436	580	0	0	0	0	0	0	1658345990806
1436	580	0	0	0	0	0	0	1658345991826
1436	580	0	0	0	0	0	0	1658345992846
1436	580	0	0	0	0	0	0	1658345993866
1436	580	0	0	0	0	0	0	1658345994886
1436	580	0	0	0	0	0	0	1658345995906
1436	580	0	0	0	0	0	0	1658345996926
1436	580	0	0	0	0	0	0	1658345997946
1436	580	0	0	0	0	0	0	1658345998966
1436	580	0	0	0	0	0	0	1658345999986
1436	580	0	0	0	0	0	0	1658346001006
1436	580	0	0	0	0	0	0	1658346002026
1436	580	0	0	0	0	0	0	1658346003046
1436	580	0	0	0	0	0	0	1658346004066
1436	580	0	0	0	0	0	0	1658346005086
1436	580	0	0	0	0	0	0	1658346006106
1436	580	0	0	0	0	0	0	1658346007126
1436	580	0	0	0	0	0	0	1658346008146
1436	580	0	0	0	0	0	0	1658346009166
1436	580	0	0	0	0	0	0	1658346010186
1436	580	0	0	0	0	0	0	1658346011206
1436	580	0	0	0	0	0	0	1658346012226
1436	580	0	0	0	0	0	0	1658346013246
1436	580	0	0	0	0	0	0	1658346014266
1436	580	0	0	0	0	0	0	1658346015286
1436	580	0	0	0	0	0	0	1658346016306
1436	580	0	0	0	0	0	0	1658346017326
1436	580	0	0	0	0	0	0	1658346018346
1436	580	0	0	0	0	0	0	1658346019366
1436	580	0	0	0	0	0	0	1658346020386
1436	580	0	0	0	0	0	0	1658346021406
1436	580	0	0	0	0	0	0	1658346022426
1436	580	0	0	0	0	0	0	1658346023446
1436	580	0	0	0	0	0	0	1658346024466
1436	580	0	0	0	0	0	0	1658346025486
1436	580	0	0	0	0	0	0	1658346026506
1436	580	0	0	0	0	0	0	1658346027526
1436	580	0	0	0	0	0	0	1658346028546
1436	580	0	0	0	0	0	0	1658346029566
1436	580	0	0	0	0	0	0	1658346030586
1436	580	0	0	0	0	0	0	1658346031606
1436	580	0	0	0	0	0	0	1658346032626
1436	580	0	0	0	0	0	0	1658346033646
1436	580	0	0	0	0	0	0	1658346034666
1436	580	0	0	0	0	0	0	1658346035686
1436	580	0	0	0	0	0	0	1658346036706
1436	580	0	0	0	0	0	0	1658346037726
1436	580	0	0	0	0	0	0	1658346038746
1436	580	0	0	0	0	0	0	1658346039766
1436	580	0	0	0	0	0	0	1658346040786
1436	580	0	0	0	0	0	0	1658346041806
1436	580	0	0	0	0	0	0	1658346042826
1436	580	0	0	0	0	0	0	1658346043846
1436	580	0	0	0	0	0	0	1658346044866
1436	580	0	0	0	0	0	0	1658346045886
1436	580	0	0	0	0	0	0	1658346046906
1436	580	0	0	0	0	0	0	1658346047926
1436	580	0	0	0	0	0	0	1658346048946
1436	580	0	0	0	0	0	0	1658346049966
1436	580	0	0	0	0	0	0	1658346050986
1436	580	0	0	0	0	0	0	1658346052006
1436	580	0	0	0	0	0	0	1658346053026
1436	580	0	0	0	0	0	0	1658346054046
1436	580	0	0	0	0	0	0	1658346055066
1436	580	0	0	0	0	0	0	1658346056086
1436	580	0	0	0	0	0	0	1658346057106
1436	580	0	0	0	0	0	0	1658346058126
1436	580	0	0	0	0	0	0	1658346059146
1436	580	0	0	0	0	0	0	1658346060166
1436	580	0	0	0	0	0	0	1658346061186
1431	580	0	0	0	0	0	0	1658346062206
1427	580	0	0	0	0	0	0	1658346063226
1426	580	0	0	0	0	0	0	1658346064246
1424	580	0	0	0	0	0	0	1658346065266
1424	580	0	0	0	0	0	0	1658346066286
1422	580	0	0	0	0	0	0	1658346067306
1417	580	0	0	0	0	0	0	1658346068326
1415	580	0	0	0	0	0	0	1658346069346
1415	580	0	0	0	0	0	0	1658346070366
1420	580	0	0	0	0	0	0	1658346071386
1422	580	0	0	0	0	0	0	1658346072406
1422	580	0	0	0	0	0	0	1658346073426
1420	580	0	0	0	0	0	0	1658346074446
1416	580	0	0	0	0	0	0	1658346075466
1414	580	0	0	0	0	0	0	1658346076486
1416	580	0	0	0	0	0	0	1658346077506
1414	580	0	0	0	0	0	0	1658346078526
1414	580	0	0	0	0	0	0	1658346079546
1415	580	0	0	0	0	0	0	1658346080566
1413	580	0	0	0	0	0	0	1658346081586
1411	580	0	0	0	0	0	0	1658346082606
1410	580	0	0	0	0	0	0	1658346083626
1410	580	0	0	0	0	0	0	1658346084646
1410	580	0	0	0	0	0	0	1658346085666
1409	580	0	0	0	0	0	0	1658346086686
1409	580	0	0	0	0	0	0	1658346087706
1409	580	0	0	0	0	0	0	1658346088726
1409	580	0	0	0	0	0	0	1658346089746
1409	580	0	0	0	0	0	0	1658346090766
1409	580	0	0	0	0	0	0	1658346091786
1409	580	0	0	0	0	0	0	1658346092806
1409	580	0	0	0	0	0	0	1658346093826
1409	580	0	0	0	0	0	0	1658346094846
1409	580	0	0	0	0	0	0	1658346095866
1409	580	0	0	0	0	0	0	1658346096886
1409	580	0	0	0	0	0	0	1658346097906
1409	580	0	0	0	0	0	0	1658346098926
1409	580	0	0	0	0	0	0	1658346099946
1409	580	0	0	0	0	0	0	1658346100966
1409	580	0	0	0	0	0	0	1658346101986
1410	580	0	0	0	0	0	0	1658346103006
1410	580	0	0	0	0	0	0	1658346104026
1410	580	0	0	0	0	0	0	1658346105046
1409	580	0	0	0	0	0	0	1658346106066
1409	580	0	0	0	0	0	0	1658346107086
1409	580	0	0	0	0	0	0	1658346108106
1409	580	0	0	0	0	0	0	1658346109126
1410	580	0	0	0	0	0	0	1658346110146
1411	580	0	0	0	0	0	0	1658346111166
1410	580	0	0	0	0	0	0	1658346112186
1410	580	0	0	0	0	0	0	1658346113206
1410	580	0	0	0	0	0	0	1658346114226
1409	580	0	0	0	0	0	0	1658346115246
1410	580	0	0	0	0	0	0	1658346116266
1410	580	0	0	0	0	0	0	1658346117286
1410	580	0	0	0	0	0	0	1658346118306
1410	580	0	0	0	0	0	0	1658346119326
1410	580	0	0	0	0	0	0	1658346120346
1410	580	0	0	0	0	0	0	1658346121366
1411	580	0	0	0	0	0	0	1658346122386
1412	580	0	0	0	0	0	0	1658346123406
1412	580	0	0	0	0	0	0	1658346124426
1411	580	0	0	0	0	0	0	1658346125446
1410	580	0	0	0	0	0	0	1658346126466
1410	580	0	0	0	0	0	0	1658346127486
1410	580	0	0	0	0	0	0	1658346128506
1410	579	0	0	0	0	0	0	1658346129526
1410	579	0	0	0	0	0	0	1658346130546
1410	579	0	0	0	0	0	0	1658346131566
1410	579	0	0	0	0	0	0	1658346132586
1410	579	0	0	0	0	0	0	1658346133606
1411	579	0	0	0	0	0	0	1658346134626
1414	579	0	0	0	0	0	0	1658346135646
1417	579	0	0	0	0	0	0	1658346136666
1419	579	0	0	0	0	0	0	1658346137686
1421	579	0	0	0	0	0	0	1658346138706
1420	579	0	0	0	0	0	0	1658346139726
1420	579	0	0	0	0	0	0	1658346140746
1420	579	0	0	0	0	0	0	1658346141766
1416	579	0	0	0	0	0	0	1658346142786
1414	579	0	0	0	0	0	0	1658346143806
1414	579	0	0	0	0	0	0	1658346144826
1413	578	0	0	0	0	0	0	1658346145846
1411	579	0	0	0	0	0	0	1658346146866
1412	579	0	0	0	0	0	0	1658346147886
1413	579	0	0	0	0	0	0	1658346148906
1413	579	0	0	0	0	0	0	1658346149926
1413	579	0	0	0	0	0	0	1658346150946
1413	579	0	0	0	0	0	0	1658346151966
1414	579	0	0	0	0	0	0	1658346152986
1414	579	0	0	0	0	0	0	1658346154006
1415	579	0	0	0	0	0	0	1658346155026
1414	579	0	0	0	0	0	0	1658346156046
1415	579	0	0	0	0	0	0	1658346157066
1417	579	0	0	0	0	0	0	1658346158086
1417	579	0	0	0	0	0	0	1658346159106
1415	579	0	0	0	0	0	0	1658346160126
1414	579	0	0	0	0	0	0	1658346161146
1415	579	0	0	0	0	0	0	1658346162166
1416	579	0	0	0	0	0	0	1658346163186
1418	579	0	0	0	0	0	0	1658346164206
1420	579	0	0	0	0	0	0	1658346165226
1419	579	0	0	0	0	0	0	1658346166246
1415	578	0	0	0	0	0	0	1658346167266
1413	578	0	0	0	0	0	0	1658346168286
1411	579	0	0	0	0	0	0	1658346169306
1411	579	0	0	0	0	0	0	1658346170326
1411	579	0	0	0	0	0	0	1658346171346
1414	579	0	0	0	0	0	0	1658346172366
1415	579	0	0	0	0	0	0	1658346173386
1414	579	0	0	0	0	0	0	1658346174406
1413	579	0	0	0	0	0	0	1658346175426
1415	579	0	0	0	0	0	0	1658346176446
1417	579	0	0	0	0	0	0	1658346177466
1416	579	0	0	0	0	0	0	1658346178486
1415	579	0	0	0	0	0	0	1658346179506
1414	579	0	0	0	0	0	0	1658346180526
1415	579	0	0	0	0	0	0	1658346181546
1415	579	0	0	0	0	0	0	1658346182566
1413	579	0	0	0	0	0	0	1658346183586
1414	579	0	0	0	0	0	0	1658346184606
1412	576	0	0	0	0	0	0	1658346185626
1411	573	0	0	0	0	0	0	1658346186646
1410	575	0	0	0	0	0	0	1658346187666
1410	577	0	0	0	0	0	0	1658346188686
1410	578	0	0	0	0	0	0	1658346189706
1410	579	0	0	0	0	0	0	1658346190726
1409	578	0	0	0	0	0	0	1658346191746
1409	576	0	0	0	0	0	0	1658346192766
1409	577	0	0	0	0	0	0	1658346193786
1409	572	0	0	0	0	0	0	1658346194806
1409	570	0	0	0	0	0	0	1658346195826
1409	573	0	0	0	0	0	0	1658346196846
1409	576	0	0	0	0	0	0	1658346197866
1409	577	0	0	0	0	0	0	1658346198886
1409	578	0	0	0	0	0	0	1658346199906
1409	578	0	0	0	0	0	0	1658346200926
1409	578	0	0	0	0	0	0	1658346201946
1409	579	0	0	0	0	0	0	1658346202966
1409	579	0	0	0	0	0	0	1658346203986
1409	577	0	0	0	0	0	0	1658346205006
1409	575	0	0	0	0	0	0	1658346206026
1409	576	0	0	0	0	0	0	1658346207046
1409	577	0	0	0	0	0	0	1658346208066
1411	577	0	0	0	0	0	0	1658346209086
1411	578	0	0	0	0	0	0	1658346210106
1410	576	0	0	0	0	0	0	1658346211126
1410	576	0	0	0	0	0	0	1658346212146
1410	577	0	0	0	0	0	0	1658346213166
1410	578	0	0	0	0	0	0	1658346214186
1411	578	0	0	0	0	0	0	1658346215206
1411	578	0	0	0	0	0	0	1658346216226
1411	578	0	0	0	0	0	0	1658346217246
1413	579	0	0	0	0	0	0	1658346218266
1413	579	0	0	0	0	0	0	1658346219286
1414	579	0	0	0	0	0	0	1658346220306
1414	579	0	0	0	0	0	0	1658346221326
1414	579	0	0	0	0	0	0	1658346222346
1417	579	0	0	0	0	0	0	1658346223366
1416	578	0	0	0	0	0	0	1658346224386
1413	574	0	0	0	0	0	0	1658346225406
1411	576	0	0	0	0	0	0	1658346226426
1410	577	0	0	0	0	0	0	1658346227446
1410	578	0	0	0	0	0	0	1658346228466
1410	578	0	0	0	0	0	0	1658346229486
1410	578	0	0	0	0	0	0	1658346230506
1410	578	0	0	0	0	0	0	1658346231526
1411	578	0	0	0	0	0	0	1658346232546
1412	579	0	0	0	0	0	0	1658346233566
1412	579	0	0	0	0	0	0	1658346234586
1412	578	0	0	0	0	0	0	1658346235606
1411	574	0	0	0	0	0	0	1658346236626
1410	573	0	0	0	0	0	0	1658346237646
1410	575	0	0	0	0	0	0	1658346238666
1410	576	0	0	0	0	0	0	1658346239686
1410	577	0	0	0	0	0	0	1658346240706
