2575	2290	0	0	0	0	0	0	1657052783330
2559	2276	0	0	0	0	0	0	1657052784350
2538	2265	0	0	0	0	0	0	1657052785370
2514	2257	0	0	0	0	0	0	1657052786390
2493	2245	0	0	0	0	0	0	1657052787410
2475	2235	0	0	0	0	0	0	1657052788430
2453	2229	0	0	0	0	0	0	1657052789450
2437	2225	0	0	0	0	0	0	1657052790470
2419	2223	0	0	0	0	0	0	1657052791490
2405	2218	0	0	0	0	0	0	1657052792510
2388	2209	0	0	0	0	0	0	1657052793530
2378	2202	0	0	0	0	0	0	1657052794550
2362	2198	0	0	0	0	0	0	1657052795570
2351	2196	0	0	0	0	0	0	1657052796590
2342	2194	0	0	0	0	0	0	1657052797610
2328	2193	0	0	0	0	0	0	1657052798630
2320	2193	0	0	0	0	0	0	1657052799650
2315	2193	0	0	0	0	0	0	1657052800670
2303	2193	0	0	0	0	0	0	1657052801690
2294	2192	0	0	0	0	0	0	1657052802710
2288	2189	0	0	0	0	0	0	1657052803730
2284	2184	0	0	0	0	0	0	1657052804750
2272	2176	0	0	0	0	0	0	1657052805770
2264	2171	0	0	0	0	0	0	1657052806790
2259	2168	0	0	0	0	0	0	1657052807810
2256	2166	0	0	0	0	0	0	1657052808830
2247	2189	0	0	0	0	0	0	1657052809850
2238	2213	0	0	0	0	0	0	1657052810870
2232	2221	0	0	0	0	0	0	1657052811890
2228	2221	0	0	0	0	0	0	1657052812910
2226	2220	0	0	0	0	0	0	1657052813930
2220	2220	0	0	0	0	0	0	1657052814950
2211	2220	0	0	0	0	0	0	1657052815970
2205	2220	0	0	0	0	0	0	1657052816990
2201	2216	0	0	0	0	0	0	1657052818010
2199	2177	0	0	0	0	0	0	1657052819030
2197	2161	0	0	0	0	0	0	1657052820050
2195	2149	0	0	0	0	0	0	1657052821070
2188	2128	0	0	0	0	0	0	1657052822090
2180	2120	0	0	0	0	0	0	1657052823110
2175	2115	0	0	0	0	0	0	1657052824130
2172	2112	0	0	0	0	0	0	1657052825150
2170	2112	0	0	0	0	0	0	1657052826170
2169	2119	0	0	0	0	0	0	1657052827190
2165	2123	0	0	0	0	0	0	1657052828210
2157	2127	0	0	0	0	0	0	1657052829230
2150	2130	0	0	0	0	0	0	1657052830250
2145	2131	0	0	0	0	0	0	1657052831270
2143	2126	0	0	0	0	0	0	1657052832290
2141	2120	0	0	0	0	0	0	1657052833310
2141	2115	0	0	0	0	0	0	1657052834330
2140	2112	0	0	0	0	0	0	1657052835350
2136	2111	0	0	0	0	0	0	1657052836370
2130	2110	0	0	0	0	0	0	1657052837390
2123	2109	0	0	0	0	0	0	1657052838410
2118	2109	0	0	0	0	0	0	1657052839430
2115	2109	0	0	0	0	0	0	1657052840450
2113	2109	0	0	0	0	0	0	1657052841470
2112	2109	0	0	0	0	0	0	1657052842490
2111	2109	0	0	0	0	0	0	1657052843510
2111	2109	0	0	0	0	0	0	1657052844530
2111	2109	0	0	0	0	0	0	1657052845550
2108	2108	0	0	0	0	0	0	1657052846570
2099	2108	0	0	0	0	0	0	1657052847590
2093	2108	0	0	0	0	0	0	1657052848610
2089	2108	0	0	0	0	0	0	1657052849630
2087	2108	0	0	0	0	0	0	1657052850650
2085	2108	0	0	0	0	0	0	1657052851670
2084	2108	0	0	0	0	0	0	1657052852690
2084	2108	0	0	0	0	0	0	1657052853710
2084	2108	0	0	0	0	0	0	1657052854730
2083	2108	0	0	0	0	0	0	1657052855750
2083	2108	0	0	0	0	0	0	1657052856770
2079	2108	0	0	0	0	0	0	1657052857790
2071	2108	0	0	0	0	0	0	1657052858810
2065	2108	0	0	0	0	0	0	1657052859830
2061	2106	0	0	0	0	0	0	1657052860850
2059	2107	0	0	0	0	0	0	1657052861870
2057	2106	0	0	0	0	0	0	1657052862890
2056	2106	0	0	0	0	0	0	1657052863910
2056	2104	0	0	0	0	0	0	1657052864930
2056	2101	0	0	0	0	0	0	1657052865950
2056	2097	0	0	0	0	0	0	1657052866970
2056	2094	0	0	0	0	0	0	1657052867990
2056	2090	0	0	0	0	0	0	1657052869010
2056	2086	0	0	0	0	0	0	1657052870030
2056	2084	0	0	0	0	0	0	1657052871050
2055	2082	0	0	0	0	0	0	1657052872070
2055	2089	0	0	0	0	0	0	1657052873090
2052	2103	0	0	0	0	0	0	1657052874110
2047	2105	0	0	0	0	0	0	1657052875130
2040	2107	0	0	0	0	0	0	1657052876150
2051	2107	0	0	0	0	0	0	1657052877170
2042	2107	0	0	0	0	0	0	1657052878190
2036	2108	0	0	0	0	0	0	1657052879210
2032	2108	0	0	0	0	0	0	1657052880230
2030	2108	0	0	0	0	0	0	1657052881250
2029	2108	0	0	0	0	0	0	1657052882270
2028	2108	0	0	0	0	0	0	1657052883290
2028	2108	0	0	0	0	0	0	1657052884310
2028	2108	0	0	0	0	0	0	1657052885330
2028	2108	0	0	0	0	0	0	1657052886350
2027	2107	0	0	0	0	0	0	1657052887370
2027	2114	0	0	0	0	0	0	1657052888390
2027	2126	0	0	0	0	0	0	1657052889410
2026	2125	0	0	0	0	0	0	1657052890430
2026	2095	0	0	0	0	0	0	1657052891450
2021	2089	0	0	0	0	0	0	1657052892470
2014	2085	0	0	0	0	0	0	1657052893490
2008	2083	0	0	0	0	0	0	1657052894510
2005	2082	0	0	0	0	0	0	1657052895530
2002	2081	0	0	0	0	0	0	1657052896550
2000	2080	0	0	0	0	0	0	1657052897570
2000	2080	0	0	0	0	0	0	1657052898590
2000	2080	0	0	0	0	0	0	1657052899610
2000	2076	0	0	0	0	0	0	1657052900630
1999	2070	0	0	0	0	0	0	1657052901650
1999	2068	0	0	0	0	0	0	1657052902670
1999	2064	0	0	0	0	0	0	1657052903690
1999	2062	0	0	0	0	0	0	1657052904710
1999	2059	0	0	0	0	0	0	1657052905730
1997	2057	0	0	0	0	0	0	1657052906750
1993	2055	0	0	0	0	0	0	1657052907770
1987	2054	0	0	0	0	0	0	1657052908790
1981	2053	0	0	0	0	0	0	1657052909810
1977	2053	0	0	0	0	0	0	1657052910830
1975	2052	0	0	0	0	0	0	1657052911850
1973	2067	0	0	0	0	0	0	1657052912870
1972	2084	0	0	0	0	0	0	1657052913890
1972	2090	0	0	0	0	0	0	1657052914910
1971	2087	0	0	0	0	0	0	1657052915930
1971	2085	0	0	0	0	0	0	1657052916950
1971	2083	0	0	0	0	0	0	1657052917970
1971	2082	0	0	0	0	0	0	1657052918990
1971	2081	0	0	0	0	0	0	1657052920010
1971	2081	0	0	0	0	0	0	1657052921030
1971	2080	0	0	0	0	0	0	1657052922050
1971	2080	0	0	0	0	0	0	1657052923070
1971	2080	0	0	0	0	0	0	1657052924090
1970	2080	0	0	0	0	0	0	1657052925110
1966	2080	0	0	0	0	0	0	1657052926130
1961	2080	0	0	0	0	0	0	1657052927150
1954	2080	0	0	0	0	0	0	1657052928170
1950	2080	0	0	0	0	0	0	1657052929190
1948	2080	0	0	0	0	0	0	1657052930210
1946	2080	0	0	0	0	0	0	1657052931230
1945	2080	0	0	0	0	0	0	1657052932250
1944	2080	0	0	0	0	0	0	1657052933270
1943	2080	0	0	0	0	0	0	1657052934290
1943	2080	0	0	0	0	0	0	1657052935310
1943	2080	0	0	0	0	0	0	1657052936330
1943	2080	0	0	0	0	0	0	1657052937350
1943	2080	0	0	0	0	0	0	1657052938370
1942	2080	0	0	0	0	0	0	1657052939390
1943	2080	0	0	0	0	0	0	1657052940410
1943	2080	0	0	0	0	0	0	1657052941430
1943	2080	0	0	0	0	0	0	1657052942450
1943	2080	0	0	0	0	0	0	1657052943470
1943	2080	0	0	0	0	0	0	1657052944490
1943	2080	0	0	0	0	0	0	1657052945510
1943	2080	0	0	0	0	0	0	1657052946530
1940	2080	0	0	0	0	0	0	1657052947550
1937	2080	0	0	0	0	0	0	1657052948570
1932	2080	0	0	0	0	0	0	1657052949590
1927	2080	0	0	0	0	0	0	1657052950610
1922	2080	0	0	0	0	0	0	1657052951630
1920	2078	0	0	0	0	0	0	1657052952650
1919	2075	0	0	0	0	0	0	1657052953670
1917	2072	0	0	0	0	0	0	1657052954690
1916	2069	0	0	0	0	0	0	1657052955710
1915	2067	0	0	0	0	0	0	1657052956730
1915	2062	0	0	0	0	0	0	1657052957750
1915	2059	0	0	0	0	0	0	1657052958770
1915	2056	0	0	0	0	0	0	1657052959790
1915	2055	0	0	0	0	0	0	1657052960810
1915	2054	0	0	0	0	0	0	1657052961830
1915	2053	0	0	0	0	0	0	1657052962850
1915	2052	0	0	0	0	0	0	1657052963870
1915	2052	0	0	0	0	0	0	1657052964890
1915	2052	0	0	0	0	0	0	1657052965910
1915	2052	0	0	0	0	0	0	1657052966930
1915	2052	0	0	0	0	0	0	1657052967950
1915	2052	0	0	0	0	0	0	1657052968970
1915	2052	0	0	0	0	0	0	1657052969990
1915	2052	0	0	0	0	0	0	1657052971010
1915	2052	0	0	0	0	0	0	1657052972030
1915	2052	0	0	0	0	0	0	1657052973050
1914	2052	0	0	0	0	0	0	1657052974070
1911	2052	0	0	0	0	0	0	1657052975090
1905	2052	0	0	0	0	0	0	1657052976110
1900	2052	0	0	0	0	0	0	1657052977130
1897	2052	0	0	0	0	0	0	1657052978150
1893	2051	0	0	0	0	0	0	1657052979170
1891	2051	0	0	0	0	0	0	1657052980190
1889	2050	0	0	0	0	0	0	1657052981210
1888	2049	0	0	0	0	0	0	1657052982230
1888	2049	0	0	0	0	0	0	1657052983250
1887	2045	0	0	0	0	0	0	1657052984270
1887	2045	0	0	0	0	0	0	1657052985290
1887	2047	0	0	0	0	0	0	1657052986310
1887	2046	0	0	0	0	0	0	1657052987330
1887	2047	0	0	0	0	0	0	1657052988350
1887	2046	0	0	0	0	0	0	1657052989370
1887	2044	0	0	0	0	0	0	1657052990390
1887	2041	0	0	0	0	0	0	1657052991410
1887	2039	0	0	0	0	0	0	1657052992430
1887	2035	0	0	0	0	0	0	1657052993450
1886	2032	0	0	0	0	0	0	1657052994470
1886	2029	0	0	0	0	0	0	1657052995490
1886	2027	0	0	0	0	0	0	1657052996510
1886	2026	0	0	0	0	0	0	1657052997530
1886	2025	0	0	0	0	0	0	1657052998550
1886	2024	0	0	0	0	0	0	1657052999570
1886	2024	0	0	0	0	0	0	1657053000590
1886	2024	0	0	0	0	0	0	1657053001610
1886	2024	0	0	0	0	0	0	1657053002630
1885	2027	0	0	0	0	0	0	1657053003650
1881	2031	0	0	0	0	0	0	1657053004670
1876	2030	0	0	0	0	0	0	1657053005690
1870	2028	0	0	0	0	0	0	1657053006710
1867	2026	0	0	0	0	0	0	1657053007730
1864	2025	0	0	0	0	0	0	1657053008750
1862	2024	0	0	0	0	0	0	1657053009770
1861	2024	0	0	0	0	0	0	1657053010790
1860	2024	0	0	0	0	0	0	1657053011810
1859	2024	0	0	0	0	0	0	1657053012830
1859	2024	0	0	0	0	0	0	1657053013850
1859	2024	0	0	0	0	0	0	1657053014870
1859	2024	0	0	0	0	0	0	1657053015890
1858	2024	0	0	0	0	0	0	1657053016910
1858	2024	0	0	0	0	0	0	1657053017930
1858	2026	0	0	0	0	0	0	1657053018950
1859	2017	0	0	0	0	0	0	1657053019970
1859	1997	0	0	0	0	0	0	1657053020990
1859	1982	0	0	0	0	0	0	1657053022010
1859	1999	0	0	0	0	0	0	1657053023030
1859	2012	0	0	0	0	0	0	1657053024050
1859	2017	0	0	0	0	0	0	1657053025070
1859	2015	0	0	0	0	0	0	1657053026090
1859	2010	0	0	0	0	0	0	1657053027110
1859	2006	0	0	0	0	0	0	1657053028130
1858	2003	0	0	0	0	0	0	1657053029150
1858	2000	0	0	0	0	0	0	1657053030170
1858	1999	0	0	0	0	0	0	1657053031190
1858	2004	0	0	0	0	0	0	1657053032210
1858	2011	0	0	0	0	0	0	1657053033230
1858	2007	0	0	0	0	0	0	1657053034250
1858	2005	0	0	0	0	0	0	1657053035270
1858	2002	0	0	0	0	0	0	1657053036290
1858	2005	0	0	0	0	0	0	1657053037310
1857	2004	0	0	0	0	0	0	1657053038330
1852	2004	0	0	0	0	0	0	1657053039350
1848	2003	0	0	0	0	0	0	1657053040370
1843	2001	0	0	0	0	0	0	1657053041390
1838	2000	0	0	0	0	0	0	1657053042410
1835	1998	0	0	0	0	0	0	1657053043430
1833	1998	0	0	0	0	0	0	1657053044450
1832	1997	0	0	0	0	0	0	1657053045470
1832	1997	0	0	0	0	0	0	1657053046490
1832	1997	0	0	0	0	0	0	1657053047510
1831	1997	0	0	0	0	0	0	1657053048530
1830	1997	0	0	0	0	0	0	1657053049550
1830	1997	0	0	0	0	0	0	1657053050570
1830	1997	0	0	0	0	0	0	1657053051590
1830	1997	0	0	0	0	0	0	1657053052610
1830	1997	0	0	0	0	0	0	1657053053630
1830	1997	0	0	0	0	0	0	1657053054650
1830	1997	0	0	0	0	0	0	1657053055670
1831	1996	0	0	0	0	0	0	1657053056690
1831	1996	0	0	0	0	0	0	1657053057710
1831	1996	0	0	0	0	0	0	1657053058730
1831	1996	0	0	0	0	0	0	1657053059750
1831	1996	0	0	0	0	0	0	1657053060770
1831	1996	0	0	0	0	0	0	1657053061790
1831	1996	0	0	0	0	0	0	1657053062810
1831	1996	0	0	0	0	0	0	1657053063830
1831	1996	0	0	0	0	0	0	1657053064850
1831	1996	0	0	0	0	0	0	1657053065870
1831	1996	0	0	0	0	0	0	1657053066890
1831	1996	0	0	0	0	0	0	1657053067910
1831	1996	0	0	0	0	0	0	1657053068930
1831	1996	0	0	0	0	0	0	1657053069950
1831	1996	0	0	0	0	0	0	1657053070970
1830	1996	0	0	0	0	0	0	1657053071990
1830	1996	0	0	0	0	0	0	1657053073010
1830	1995	0	0	0	0	0	0	1657053074030
1829	1996	0	0	0	0	0	0	1657053075050
1828	1996	0	0	0	0	0	0	1657053076070
1823	1996	0	0	0	0	0	0	1657053077090
1819	1993	0	0	0	0	0	0	1657053078110
1815	1992	0	0	0	0	0	0	1657053079130
1811	1990	0	0	0	0	0	0	1657053080150
1809	1991	0	0	0	0	0	0	1657053081170
1806	1988	0	0	0	0	0	0	1657053082190
1805	1986	0	0	0	0	0	0	1657053083210
1804	1982	0	0	0	0	0	0	1657053084230
1804	1979	0	0	0	0	0	0	1657053085250
1803	1968	0	0	0	0	0	0	1657053086270
1803	1944	0	0	0	0	0	0	1657053087290
1803	1938	0	0	0	0	0	0	1657053088310
1803	1954	0	0	0	0	0	0	1657053089330
1803	1961	0	0	0	0	0	0	1657053090350
1803	1964	0	0	0	0	0	0	1657053091370
1803	1966	0	0	0	0	0	0	1657053092390
1803	1967	0	0	0	0	0	0	1657053093410
1803	1968	0	0	0	0	0	0	1657053094430
1803	1968	0	0	0	0	0	0	1657053095450
1803	1968	0	0	0	0	0	0	1657053096470
1803	1968	0	0	0	0	0	0	1657053097490
1803	1968	0	0	0	0	0	0	1657053098510
1803	1968	0	0	0	0	0	0	1657053099530
1803	1968	0	0	0	0	0	0	1657053100550
1803	1968	0	0	0	0	0	0	1657053101570
1803	1968	0	0	0	0	0	0	1657053102590
1803	1968	0	0	0	0	0	0	1657053103610
1803	1968	0	0	0	0	0	0	1657053104630
1803	1968	0	0	0	0	0	0	1657053105650
1802	1968	0	0	0	0	0	0	1657053106670
1802	1968	0	0	0	0	0	0	1657053107690
1802	1968	0	0	0	0	0	0	1657053108710
1802	1968	0	0	0	0	0	0	1657053109730
1802	1968	0	0	0	0	0	0	1657053110750
1802	1968	0	0	0	0	0	0	1657053111770
1802	1968	0	0	0	0	0	0	1657053112790
1802	1968	0	0	0	0	0	0	1657053113810
1802	1968	0	0	0	0	0	0	1657053114830
1802	1968	0	0	0	0	0	0	1657053115850
1801	1968	0	0	0	0	0	0	1657053116870
1799	1968	0	0	0	0	0	0	1657053117890
1800	1968	0	0	0	0	0	0	1657053118910
1800	1968	0	0	0	0	0	0	1657053119930
1798	1968	0	0	0	0	0	0	1657053120950
1797	1968	0	0	0	0	0	0	1657053121970
1794	1968	0	0	0	0	0	0	1657053122990
1791	1968	0	0	0	0	0	0	1657053124010
1785	1968	0	0	0	0	0	0	1657053125030
1782	1967	0	0	0	0	0	0	1657053126050
1780	1967	0	0	0	0	0	0	1657053127070
1779	1967	0	0	0	0	0	0	1657053128090
1778	1966	0	0	0	0	0	0	1657053129110
1777	1963	0	0	0	0	0	0	1657053130130
1778	1960	0	0	0	0	0	0	1657053131150
1777	1958	0	0	0	0	0	0	1657053132170
1776	1956	0	0	0	0	0	0	1657053133190
1775	1952	0	0	0	0	0	0	1657053134210
1775	1950	0	0	0	0	0	0	1657053135230
1775	1948	0	0	0	0	0	0	1657053136250
1775	1946	0	0	0	0	0	0	1657053137270
1775	1944	0	0	0	0	0	0	1657053138290
1775	1943	0	0	0	0	0	0	1657053139310
1775	1942	0	0	0	0	0	0	1657053140330
1775	1941	0	0	0	0	0	0	1657053141350
1775	1941	0	0	0	0	0	0	1657053142370
1775	1941	0	0	0	0	0	0	1657053143390
1775	1941	0	0	0	0	0	0	1657053144410
1775	1941	0	0	0	0	0	0	1657053145430
1775	1941	0	0	0	0	0	0	1657053146450
1775	1941	0	0	0	0	0	0	1657053147470
1775	1941	0	0	0	0	0	0	1657053148490
1775	1941	0	0	0	0	0	0	1657053149510
1775	1941	0	0	0	0	0	0	1657053150530
1775	1941	0	0	0	0	0	0	1657053151550
1775	1941	0	0	0	0	0	0	1657053152570
1775	1941	0	0	0	0	0	0	1657053153590
1775	1941	0	0	0	0	0	0	1657053154610
1775	1941	0	0	0	0	0	0	1657053155630
1775	1941	0	0	0	0	0	0	1657053156650
1775	1941	0	0	0	0	0	0	1657053157670
1775	1941	0	0	0	0	0	0	1657053158690
1775	1941	0	0	0	0	0	0	1657053159710
1774	1941	0	0	0	0	0	0	1657053160730
1775	1941	0	0	0	0	0	0	1657053161750
1774	1941	0	0	0	0	0	0	1657053162770
1774	1941	0	0	0	0	0	0	1657053163790
1774	1940	0	0	0	0	0	0	1657053164810
1774	1940	0	0	0	0	0	0	1657053165830
1773	1940	0	0	0	0	0	0	1657053166850
1769	1940	0	0	0	0	0	0	1657053167870
1766	1940	0	0	0	0	0	0	1657053168890
1761	1940	0	0	0	0	0	0	1657053169910
1757	1940	0	0	0	0	0	0	1657053170930
1754	1940	0	0	0	0	0	0	1657053171950
1751	1940	0	0	0	0	0	0	1657053172970
1749	1940	0	0	0	0	0	0	1657053173990
1748	1940	0	0	0	0	0	0	1657053175010
1747	1940	0	0	0	0	0	0	1657053176030
1747	1940	0	0	0	0	0	0	1657053177050
1747	1939	0	0	0	0	0	0	1657053178070
1747	1934	0	0	0	0	0	0	1657053179090
1747	1906	0	0	0	0	0	0	1657053180110
1747	1892	0	0	0	0	0	0	1657053181130
1747	1889	0	0	0	0	0	0	1657053182150
1747	1887	0	0	0	0	0	0	1657053183170
1747	1886	0	0	0	0	0	0	1657053184190
1747	1886	0	0	0	0	0	0	1657053185210
1747	1885	0	0	0	0	0	0	1657053186230
1746	1885	0	0	0	0	0	0	1657053187250
1746	1885	0	0	0	0	0	0	1657053188270
1746	1885	0	0	0	0	0	0	1657053189290
1746	1885	0	0	0	0	0	0	1657053190310
1746	1885	0	0	0	0	0	0	1657053191330
1746	1885	0	0	0	0	0	0	1657053192350
1746	1885	0	0	0	0	0	0	1657053193370
1746	1885	0	0	0	0	0	0	1657053194390
1746	1885	0	0	0	0	0	0	1657053195410
1747	1885	0	0	0	0	0	0	1657053196430
1747	1885	0	0	0	0	0	0	1657053197450
1747	1897	0	0	0	0	0	0	1657053198470
1747	1903	0	0	0	0	0	0	1657053199490
1747	1907	0	0	0	0	0	0	1657053200510
1746	1909	0	0	0	0	0	0	1657053201530
1746	1910	0	0	0	0	0	0	1657053202550
1746	1909	0	0	0	0	0	0	1657053203570
1744	1910	0	0	0	0	0	0	1657053204590
1742	1910	0	0	0	0	0	0	1657053205610
1740	1909	0	0	0	0	0	0	1657053206630
1738	1908	0	0	0	0	0	0	1657053207650
1735	1904	0	0	0	0	0	0	1657053208670
1731	1900	0	0	0	0	0	0	1657053209690
1731	1899	0	0	0	0	0	0	1657053210710
1728	1899	0	0	0	0	0	0	1657053211730
1725	1901	0	0	0	0	0	0	1657053212750
1723	1902	0	0	0	0	0	0	1657053213770
1722	1899	0	0	0	0	0	0	1657053214790
1721	1897	0	0	0	0	0	0	1657053215810
1720	1895	0	0	0	0	0	0	1657053216830
1720	1892	0	0	0	0	0	0	1657053217850
1720	1889	0	0	0	0	0	0	1657053218870
1720	1887	0	0	0	0	0	0	1657053219890
1720	1886	0	0	0	0	0	0	1657053220910
1719	1885	0	0	0	0	0	0	1657053221930
1719	1885	0	0	0	0	0	0	1657053222950
1719	1885	0	0	0	0	0	0	1657053223970
1719	1885	0	0	0	0	0	0	1657053224990
1719	1885	0	0	0	0	0	0	1657053226010
1719	1885	0	0	0	0	0	0	1657053227030
1719	1885	0	0	0	0	0	0	1657053228050
1719	1885	0	0	0	0	0	0	1657053229070
1719	1885	0	0	0	0	0	0	1657053230090
1719	1885	0	0	0	0	0	0	1657053231110
1719	1885	0	0	0	0	0	0	1657053232130
1719	1885	0	0	0	0	0	0	1657053233150
1718	1885	0	0	0	0	0	0	1657053234170
1718	1885	0	0	0	0	0	0	1657053235190
1718	1885	0	0	0	0	0	0	1657053236210
1718	1885	0	0	0	0	0	0	1657053237230
1718	1885	0	0	0	0	0	0	1657053238250
1719	1885	0	0	0	0	0	0	1657053239270
1719	1885	0	0	0	0	0	0	1657053240290
1719	1885	0	0	0	0	0	0	1657053241310
1719	1885	0	0	0	0	0	0	1657053242330
1719	1885	0	0	0	0	0	0	1657053243350
1719	1885	0	0	0	0	0	0	1657053244370
1719	1885	0	0	0	0	0	0	1657053245390
1719	1885	0	0	0	0	0	0	1657053246410
1719	1885	0	0	0	0	0	0	1657053247430
1719	1885	0	0	0	0	0	0	1657053248450
1719	1885	0	0	0	0	0	0	1657053249470
1719	1885	0	0	0	0	0	0	1657053250490
1719	1885	0	0	0	0	0	0	1657053251510
1719	1885	0	0	0	0	0	0	1657053252530
1719	1884	0	0	0	0	0	0	1657053253550
1719	1884	0	0	0	0	0	0	1657053254570
1719	1884	0	0	0	0	0	0	1657053255590
1719	1884	0	0	0	0	0	0	1657053256610
1719	1884	0	0	0	0	0	0	1657053257630
1719	1884	0	0	0	0	0	0	1657053258650
1719	1884	0	0	0	0	0	0	1657053259670
1719	1884	0	0	0	0	0	0	1657053260690
1719	1884	0	0	0	0	0	0	1657053261710
1719	1884	0	0	0	0	0	0	1657053262730
1719	1884	0	0	0	0	0	0	1657053263750
1719	1884	0	0	0	0	0	0	1657053264770
1719	1884	0	0	0	0	0	0	1657053265790
1719	1884	0	0	0	0	0	0	1657053266810
1719	1884	0	0	0	0	0	0	1657053267830
1718	1884	0	0	0	0	0	0	1657053268850
1718	1884	0	0	0	0	0	0	1657053269870
1718	1884	0	0	0	0	0	0	1657053270890
1717	1884	0	0	0	0	0	0	1657053271910
1716	1884	0	0	0	0	0	0	1657053272930
1712	1884	0	0	0	0	0	0	1657053273950
1710	1884	0	0	0	0	0	0	1657053274970
1708	1884	0	0	0	0	0	0	1657053275990
1705	1884	0	0	0	0	0	0	1657053277010
1701	1884	0	0	0	0	0	0	1657053278030
1698	1884	0	0	0	0	0	0	1657053279050
1696	1883	0	0	0	0	0	0	1657053280070
1695	1883	0	0	0	0	0	0	1657053281090
1694	1883	0	0	0	0	0	0	1657053282110
1693	1880	0	0	0	0	0	0	1657053283130
1692	1879	0	0	0	0	0	0	1657053284150
1692	1876	0	0	0	0	0	0	1657053285170
1691	1874	0	0	0	0	0	0	1657053286190
1691	1873	0	0	0	0	0	0	1657053287210
1691	1870	0	0	0	0	0	0	1657053288230
1691	1868	0	0	0	0	0	0	1657053289250
1691	1865	0	0	0	0	0	0	1657053290270
1704	1864	0	0	0	0	0	0	1657053291290
1699	1861	0	0	0	0	0	0	1657053292310
1696	1860	0	0	0	0	0	0	1657053293330
1694	1859	0	0	0	0	0	0	1657053294350
1693	1859	0	0	0	0	0	0	1657053295370
1692	1858	0	0	0	0	0	0	1657053296390
1691	1858	0	0	0	0	0	0	1657053297410
1691	1858	0	0	0	0	0	0	1657053298430
1691	1858	0	0	0	0	0	0	1657053299450
1691	1858	0	0	0	0	0	0	1657053300470
1691	1858	0	0	0	0	0	0	1657053301490
1691	1855	0	0	0	0	0	0	1657053302510
1691	1847	0	0	0	0	0	0	1657053303530
1691	1851	0	0	0	0	0	0	1657053304550
1691	1853	0	0	0	0	0	0	1657053305570
1691	1854	0	0	0	0	0	0	1657053306590
1691	1855	0	0	0	0	0	0	1657053307610
1691	1856	0	0	0	0	0	0	1657053308630
1691	1856	0	0	0	0	0	0	1657053309650
1691	1856	0	0	0	0	0	0	1657053310670
1691	1852	0	0	0	0	0	0	1657053311690
1691	1852	0	0	0	0	0	0	1657053312710
1691	1849	0	0	0	0	0	0	1657053313730
1691	1848	0	0	0	0	0	0	1657053314750
1691	1847	0	0	0	0	0	0	1657053315770
1691	1844	0	0	0	0	0	0	1657053316790
1691	1841	0	0	0	0	0	0	1657053317810
1691	1840	0	0	0	0	0	0	1657053318830
1691	1839	0	0	0	0	0	0	1657053319850
1691	1838	0	0	0	0	0	0	1657053320870
1691	1837	0	0	0	0	0	0	1657053321890
1691	1835	0	0	0	0	0	0	1657053322910
1691	1833	0	0	0	0	0	0	1657053323930
1691	1832	0	0	0	0	0	0	1657053324950
1691	1831	0	0	0	0	0	0	1657053325970
1691	1830	0	0	0	0	0	0	1657053326990
1691	1830	0	0	0	0	0	0	1657053328010
1691	1830	0	0	0	0	0	0	1657053329030
1691	1829	0	0	0	0	0	0	1657053330050
1691	1829	0	0	0	0	0	0	1657053331070
1691	1829	0	0	0	0	0	0	1657053332090
1691	1829	0	0	0	0	0	0	1657053333110
1691	1829	0	0	0	0	0	0	1657053334130
1691	1829	0	0	0	0	0	0	1657053335150
1691	1829	0	0	0	0	0	0	1657053336170
1691	1829	0	0	0	0	0	0	1657053337190
1690	1829	0	0	0	0	0	0	1657053338210
1689	1830	0	0	0	0	0	0	1657053339230
1689	1842	0	0	0	0	0	0	1657053340250
1687	1849	0	0	0	0	0	0	1657053341270
1685	1854	0	0	0	0	0	0	1657053342290
1681	1856	0	0	0	0	0	0	1657053343310
1678	1858	0	0	0	0	0	0	1657053344330
11006	1859	0	0	0	0	0	0	1657053345350
7272	1858	0	0	0	0	0	0	1657053346370
5030	1857	0	0	0	0	0	0	1657053347390
3685	1857	0	0	0	0	0	0	1657053348410
2877	1857	0	0	0	0	0	0	1657053349430
2394	1857	0	0	0	0	0	0	1657053350450
2106	1857	0	0	0	0	0	0	1657053351470
1935	1857	0	0	0	0	0	0	1657053352490
1830	1857	0	0	0	0	0	0	1657053353510
1767	1857	0	0	0	0	0	0	1657053354530
1728	1857	0	0	0	0	0	0	1657053355550
1709	1857	0	0	0	0	0	0	1657053356570
1693	1857	0	0	0	0	0	0	1657053357590
1683	1857	0	0	0	0	0	0	1657053358610
1676	1857	0	0	0	0	0	0	1657053359630
1672	1857	0	0	0	0	0	0	1657053360650
1671	1857	0	0	0	0	0	0	1657053361670
1668	1857	0	0	0	0	0	0	1657053362690
1669	1857	0	0	0	0	0	0	1657053363710
1669	1857	0	0	0	0	0	0	1657053364730
1668	1857	0	0	0	0	0	0	1657053365750
1667	1857	0	0	0	0	0	0	1657053366770
1666	1857	0	0	0	0	0	0	1657053367790
1665	1857	0	0	0	0	0	0	1657053368810
1665	1857	0	0	0	0	0	0	1657053369830
1664	1857	0	0	0	0	0	0	1657053370850
1664	1857	0	0	0	0	0	0	1657053371870
1664	1857	0	0	0	0	0	0	1657053372890
1664	1857	0	0	0	0	0	0	1657053373910
1664	1857	0	0	0	0	0	0	1657053374930
1664	1857	0	0	0	0	0	0	1657053375950
1664	1857	0	0	0	0	0	0	1657053376970
1664	1857	0	0	0	0	0	0	1657053377990
1664	1857	0	0	0	0	0	0	1657053379010
1663	1857	0	0	0	0	0	0	1657053380030
1663	1857	0	0	0	0	0	0	1657053381050
1663	1857	0	0	0	0	0	0	1657053382070
1663	1857	0	0	0	0	0	0	1657053383090
1663	1856	0	0	0	0	0	0	1657053384110
1663	1856	0	0	0	0	0	0	1657053385130
1663	1855	0	0	0	0	0	0	1657053386150
1663	1848	0	0	0	0	0	0	1657053387170
1663	1835	0	0	0	0	0	0	1657053388190
1663	1822	0	0	0	0	0	0	1657053389210
1664	1813	0	0	0	0	0	0	1657053390230
1664	1797	0	0	0	0	0	0	1657053391250
1664	1787	0	0	0	0	0	0	1657053392270
1664	1781	0	0	0	0	0	0	1657053393290
1664	1789	0	0	0	0	0	0	1657053394310
1664	1794	0	0	0	0	0	0	1657053395330
1663	1797	0	0	0	0	0	0	1657053396350
1663	1804	0	0	0	0	0	0	1657053397370
1663	1814	0	0	0	0	0	0	1657053398390
1663	1820	0	0	0	0	0	0	1657053399410
1663	1824	0	0	0	0	0	0	1657053400430
1663	1826	0	0	0	0	0	0	1657053401450
1663	1827	0	0	0	0	0	0	1657053402470
1663	1828	0	0	0	0	0	0	1657053403490
1663	1828	0	0	0	0	0	0	1657053404510
1663	1828	0	0	0	0	0	0	1657053405530
1663	1828	0	0	0	0	0	0	1657053406550
1663	1828	0	0	0	0	0	0	1657053407570
1663	1828	0	0	0	0	0	0	1657053408590
1663	1828	0	0	0	0	0	0	1657053409610
1663	1818	0	0	0	0	0	0	1657053410630
1663	1820	0	0	0	0	0	0	1657053411650
1663	1819	0	0	0	0	0	0	1657053412670
1663	1820	0	0	0	0	0	0	1657053413690
1663	1818	0	0	0	0	0	0	1657053414710
1663	1818	0	0	0	0	0	0	1657053415730
1663	1816	0	0	0	0	0	0	1657053416750
1663	1815	0	0	0	0	0	0	1657053417770
1663	1815	0	0	0	0	0	0	1657053418790
1663	1817	0	0	0	0	0	0	1657053419810
1663	1814	0	0	0	0	0	0	1657053420830
1663	1806	0	0	0	0	0	0	1657053421850
1663	1795	0	0	0	0	0	0	1657053422870
1663	1786	0	0	0	0	0	0	1657053423890
1663	1785	0	0	0	0	0	0	1657053424910
1663	1791	0	0	0	0	0	0	1657053425930
1663	1794	0	0	0	0	0	0	1657053426950
1663	1796	0	0	0	0	0	0	1657053427970
1663	1794	0	0	0	0	0	0	1657053428990
1663	1788	0	0	0	0	0	0	1657053430010
1663	1787	0	0	0	0	0	0	1657053431030
1663	1786	0	0	0	0	0	0	1657053432050
1663	1785	0	0	0	0	0	0	1657053433070
1663	1784	0	0	0	0	0	0	1657053434090
1663	1782	0	0	0	0	0	0	1657053435110
1663	1780	0	0	0	0	0	0	1657053436130
1663	1780	0	0	0	0	0	0	1657053437150
1663	1780	0	0	0	0	0	0	1657053438170
1663	1780	0	0	0	0	0	0	1657053439190
1663	1781	0	0	0	0	0	0	1657053440210
1663	1782	0	0	0	0	0	0	1657053441230
1662	1781	0	0	0	0	0	0	1657053442250
1661	1781	0	0	0	0	0	0	1657053443270
1660	1781	0	0	0	0	0	0	1657053444290
1658	1782	0	0	0	0	0	0	1657053445310
1656	1782	0	0	0	0	0	0	1657053446330
1655	1780	0	0	0	0	0	0	1657053447350
1655	1781	0	0	0	0	0	0	1657053448370
1653	1784	0	0	0	0	0	0	1657053449390
1650	1784	0	0	0	0	0	0	1657053450410
1650	1783	0	0	0	0	0	0	1657053451430
1648	1783	0	0	0	0	0	0	1657053452450
1646	1790	0	0	0	0	0	0	1657053453470
1644	1801	0	0	0	0	0	0	1657053454490
1642	1805	0	0	0	0	0	0	1657053455510
1642	1807	0	0	0	0	0	0	1657053456530
1640	1808	0	0	0	0	0	0	1657053457550
1640	1809	0	0	0	0	0	0	1657053458570
1639	1808	0	0	0	0	0	0	1657053459590
1638	1808	0	0	0	0	0	0	1657053460610
1637	1806	0	0	0	0	0	0	1657053461630
1638	1807	0	0	0	0	0	0	1657053462650
1637	1810	0	0	0	0	0	0	1657053463670
1636	1815	0	0	0	0	0	0	1657053464690
1636	1814	0	0	0	0	0	0	1657053465710
1636	1814	0	0	0	0	0	0	1657053466730
1636	1813	0	0	0	0	0	0	1657053467750
1636	1812	0	0	0	0	0	0	1657053468770
1636	1810	0	0	0	0	0	0	1657053469790
1635	1812	0	0	0	0	0	0	1657053470810
1635	1812	0	0	0	0	0	0	1657053471830
1635	1811	0	0	0	0	0	0	1657053472850
1635	1810	0	0	0	0	0	0	1657053473870
1635	1808	0	0	0	0	0	0	1657053474890
1635	1809	0	0	0	0	0	0	1657053475910
1635	1808	0	0	0	0	0	0	1657053476930
1635	1808	0	0	0	0	0	0	1657053477950
1635	1809	0	0	0	0	0	0	1657053478970
1635	1811	0	0	0	0	0	0	1657053479990
1635	1810	0	0	0	0	0	0	1657053481010
1635	1808	0	0	0	0	0	0	1657053482030
1635	1808	0	0	0	0	0	0	1657053483050
1635	1807	0	0	0	0	0	0	1657053484070
1635	1805	0	0	0	0	0	0	1657053485090
1635	1801	0	0	0	0	0	0	1657053486110
1635	1816	0	0	0	0	0	0	1657053487130
1635	1821	0	0	0	0	0	0	1657053488150
1635	1824	0	0	0	0	0	0	1657053489170
1635	1826	0	0	0	0	0	0	1657053490190
1635	1827	0	0	0	0	0	0	1657053491210
1635	1828	0	0	0	0	0	0	1657053492230
1635	1828	0	0	0	0	0	0	1657053493250
1635	1828	0	0	0	0	0	0	1657053494270
1635	1828	0	0	0	0	0	0	1657053495290
1635	1828	0	0	0	0	0	0	1657053496310
1635	1828	0	0	0	0	0	0	1657053497330
1635	1828	0	0	0	0	0	0	1657053498350
1635	1828	0	0	0	0	0	0	1657053499370
1635	1828	0	0	0	0	0	0	1657053500390
1635	1828	0	0	0	0	0	0	1657053501410
1635	1828	0	0	0	0	0	0	1657053502430
1635	1828	0	0	0	0	0	0	1657053503450
1635	1828	0	0	0	0	0	0	1657053504470
1635	1828	0	0	0	0	0	0	1657053505490
1635	1828	0	0	0	0	0	0	1657053506510
1635	1828	0	0	0	0	0	0	1657053507530
1635	1828	0	0	0	0	0	0	1657053508550
1635	1828	0	0	0	0	0	0	1657053509570
1635	1828	0	0	0	0	0	0	1657053510590
1635	1829	0	0	0	0	0	0	1657053511610
1635	1829	0	0	0	0	0	0	1657053512630
1635	1829	0	0	0	0	0	0	1657053513650
1635	1829	0	0	0	0	0	0	1657053514670
1635	1829	0	0	0	0	0	0	1657053515690
1635	1829	0	0	0	0	0	0	1657053516710
1635	1829	0	0	0	0	0	0	1657053517730
1635	1829	0	0	0	0	0	0	1657053518750
1635	1829	0	0	0	0	0	0	1657053519770
1635	1829	0	0	0	0	0	0	1657053520790
1635	1829	0	0	0	0	0	0	1657053521810
1635	1829	0	0	0	0	0	0	1657053522830
1635	1829	0	0	0	0	0	0	1657053523850
1635	1829	0	0	0	0	0	0	1657053524870
1635	1829	0	0	0	0	0	0	1657053525890
1635	1829	0	0	0	0	0	0	1657053526910
1635	1829	0	0	0	0	0	0	1657053527930
1635	1829	0	0	0	0	0	0	1657053528950
1635	1829	0	0	0	0	0	0	1657053529970
1635	1829	0	0	0	0	0	0	1657053530990
1635	1829	0	0	0	0	0	0	1657053532010
1635	1829	0	0	0	0	0	0	1657053533030
1635	1829	0	0	0	0	0	0	1657053534050
1635	1829	0	0	0	0	0	0	1657053535070
1635	1829	0	0	0	0	0	0	1657053536090
1635	1829	0	0	0	0	0	0	1657053537110
1635	1829	0	0	0	0	0	0	1657053538130
1635	1829	0	0	0	0	0	0	1657053539150
1635	1829	0	0	0	0	0	0	1657053540170
1635	1829	0	0	0	0	0	0	1657053541190
1635	1829	0	0	0	0	0	0	1657053542210
1635	1829	0	0	0	0	0	0	1657053543230
1635	1829	0	0	0	0	0	0	1657053544250
1635	1829	0	0	0	0	0	0	1657053545270
1635	1829	0	0	0	0	0	0	1657053546290
1635	1829	0	0	0	0	0	0	1657053547310
1635	1829	0	0	0	0	0	0	1657053548330
1635	1829	0	0	0	0	0	0	1657053549350
1635	1829	0	0	0	0	0	0	1657053550370
1635	1829	0	0	0	0	0	0	1657053551390
1635	1829	0	0	0	0	0	0	1657053552410
1635	1829	0	0	0	0	0	0	1657053553430
1635	1829	0	0	0	0	0	0	1657053554450
1635	1829	0	0	0	0	0	0	1657053555470
1635	1829	0	0	0	0	0	0	1657053556490
1635	1829	0	0	0	0	0	0	1657053557510
1635	1829	0	0	0	0	0	0	1657053558530
1635	1829	0	0	0	0	0	0	1657053559550
1634	1829	0	0	0	0	0	0	1657053560570
1634	1829	0	0	0	0	0	0	1657053561590
1634	1829	0	0	0	0	0	0	1657053562610
1633	1829	0	0	0	0	0	0	1657053563630
1633	1829	0	0	0	0	0	0	1657053564650
1632	1829	0	0	0	0	0	0	1657053565670
1631	1829	0	0	0	0	0	0	1657053566690
1630	1829	0	0	0	0	0	0	1657053567710
1628	1829	0	0	0	0	0	0	1657053568730
1629	1829	0	0	0	0	0	0	1657053569750
1631	1829	0	0	0	0	0	0	1657053570770
1628	1829	0	0	0	0	0	0	1657053571790
1626	1829	0	0	0	0	0	0	1657053572810
1625	1829	0	0	0	0	0	0	1657053573830
1622	1829	0	0	0	0	0	0	1657053574850
1619	1829	0	0	0	0	0	0	1657053575870
1617	1829	0	0	0	0	0	0	1657053576890
1614	1829	0	0	0	0	0	0	1657053577910
1613	1829	0	0	0	0	0	0	1657053578930
1612	1829	0	0	0	0	0	0	1657053579950
1612	1829	0	0	0	0	0	0	1657053580970
1611	1829	0	0	0	0	0	0	1657053581990
1610	1829	0	0	0	0	0	0	1657053583010
1610	1829	0	0	0	0	0	0	1657053584030
1609	1829	0	0	0	0	0	0	1657053585050
1609	1829	0	0	0	0	0	0	1657053586070
1609	1829	0	0	0	0	0	0	1657053587090
1609	1829	0	0	0	0	0	0	1657053588110
1609	1829	0	0	0	0	0	0	1657053589130
1608	1829	0	0	0	0	0	0	1657053590150
1608	1829	0	0	0	0	0	0	1657053591170
1608	1829	0	0	0	0	0	0	1657053592190
1607	1829	0	0	0	0	0	0	1657053593210
1608	1829	0	0	0	0	0	0	1657053594230
1609	1829	0	0	0	0	0	0	1657053595250
1609	1829	0	0	0	0	0	0	1657053596270
1608	1829	0	0	0	0	0	0	1657053597290
1607	1829	0	0	0	0	0	0	1657053598310
1607	1829	0	0	0	0	0	0	1657053599330
1607	1829	0	0	0	0	0	0	1657053600350
1607	1829	0	0	0	0	0	0	1657053601370
1607	1829	0	0	0	0	0	0	1657053602390
1607	1829	0	0	0	0	0	0	1657053603410
1607	1829	0	0	0	0	0	0	1657053604430
1607	1829	0	0	0	0	0	0	1657053605450
1607	1829	0	0	0	0	0	0	1657053606470
1607	1829	0	0	0	0	0	0	1657053607490
1607	1829	0	0	0	0	0	0	1657053608510
1607	1829	0	0	0	0	0	0	1657053609530
1607	1829	0	0	0	0	0	0	1657053610550
1607	1829	0	0	0	0	0	0	1657053611570
1607	1829	0	0	0	0	0	0	1657053612590
1607	1829	0	0	0	0	0	0	1657053613610
1607	1829	0	0	0	0	0	0	1657053614630
1607	1829	0	0	0	0	0	0	1657053615650
1607	1829	0	0	0	0	0	0	1657053616670
1607	1829	0	0	0	0	0	0	1657053617690
1607	1829	0	0	0	0	0	0	1657053618710
1607	1829	0	0	0	0	0	0	1657053619730
1607	1829	0	0	0	0	0	0	1657053620750
1607	1829	0	0	0	0	0	0	1657053621770
1607	1829	0	0	0	0	0	0	1657053622790
1607	1829	0	0	0	0	0	0	1657053623810
1607	1829	0	0	0	0	0	0	1657053624830
1607	1829	0	0	0	0	0	0	1657053625850
1607	1829	0	0	0	0	0	0	1657053626870
1607	1829	0	0	0	0	0	0	1657053627890
1607	1829	0	0	0	0	0	0	1657053628910
1607	1829	0	0	0	0	0	0	1657053629930
1607	1829	0	0	0	0	0	0	1657053630950
1607	1829	0	0	0	0	0	0	1657053631970
1607	1829	0	0	0	0	0	0	1657053632990
1607	1829	0	0	0	0	0	0	1657053634010
1607	1829	0	0	0	0	0	0	1657053635030
1607	1829	0	0	0	0	0	0	1657053636050
1607	1829	0	0	0	0	0	0	1657053637070
1607	1829	0	0	0	0	0	0	1657053638090
1607	1829	0	0	0	0	0	0	1657053639110
1607	1829	0	0	0	0	0	0	1657053640130
1607	1829	0	0	0	0	0	0	1657053641150
1607	1829	0	0	0	0	0	0	1657053642170
1607	1829	0	0	0	0	0	0	1657053643190
1607	1819	0	0	0	0	0	0	1657053644210
1607	1820	0	0	0	0	0	0	1657053645230
1607	1820	0	0	0	0	0	0	1657053646250
1607	1822	0	0	0	0	0	0	1657053647270
1607	1824	0	0	0	0	0	0	1657053648290
1607	1823	0	0	0	0	0	0	1657053649310
1607	1820	0	0	0	0	0	0	1657053650330
1607	1816	0	0	0	0	0	0	1657053651350
1607	1815	0	0	0	0	0	0	1657053652370
1607	1828	0	0	0	0	0	0	1657053653390
1607	1821	0	0	0	0	0	0	1657053654410
1607	1817	0	0	0	0	0	0	1657053655430
1607	1815	0	0	0	0	0	0	1657053656450
1607	1813	0	0	0	0	0	0	1657053657470
1607	1811	0	0	0	0	0	0	1657053658490
1607	1805	0	0	0	0	0	0	1657053659510
1607	1792	0	0	0	0	0	0	1657053660530
1607	1785	0	0	0	0	0	0	1657053661550
1607	1781	0	0	0	0	0	0	1657053662570
1607	1779	0	0	0	0	0	0	1657053663590
1607	1776	0	0	0	0	0	0	1657053664610
1607	1775	0	0	0	0	0	0	1657053665630
1607	1775	0	0	0	0	0	0	1657053666650
1607	1776	0	0	0	0	0	0	1657053667670
1607	1775	0	0	0	0	0	0	1657053668690
1607	1775	0	0	0	0	0	0	1657053669710
1607	1775	0	0	0	0	0	0	1657053670730
1607	1775	0	0	0	0	0	0	1657053671750
1607	1775	0	0	0	0	0	0	1657053672770
1607	1775	0	0	0	0	0	0	1657053673790
1607	1774	0	0	0	0	0	0	1657053674810
1607	1774	0	0	0	0	0	0	1657053675830
1607	1774	0	0	0	0	0	0	1657053676850
1607	1775	0	0	0	0	0	0	1657053677870
1606	1775	0	0	0	0	0	0	1657053678890
1607	1775	0	0	0	0	0	0	1657053679910
1607	1775	0	0	0	0	0	0	1657053680930
1607	1775	0	0	0	0	0	0	1657053681950
1607	1775	0	0	0	0	0	0	1657053682970
1607	1775	0	0	0	0	0	0	1657053683990
1607	1776	0	0	0	0	0	0	1657053685010
1607	1776	0	0	0	0	0	0	1657053686030
1607	1775	0	0	0	0	0	0	1657053687050
1607	1775	0	0	0	0	0	0	1657053688070
1607	1774	0	0	0	0	0	0	1657053689090
1607	1774	0	0	0	0	0	0	1657053690110
1607	1773	0	0	0	0	0	0	1657053691130
1607	1776	0	0	0	0	0	0	1657053692150
1607	1778	0	0	0	0	0	0	1657053693170
1607	1779	0	0	0	0	0	0	1657053694190
1607	1778	0	0	0	0	0	0	1657053695210
1607	1784	0	0	0	0	0	0	1657053696230
1607	1791	0	0	0	0	0	0	1657053697250
1607	1795	0	0	0	0	0	0	1657053698270
1607	1797	0	0	0	0	0	0	1657053699290
1607	1798	0	0	0	0	0	0	1657053700310
1607	1799	0	0	0	0	0	0	1657053701330
1607	1800	0	0	0	0	0	0	1657053702350
1607	1800	0	0	0	0	0	0	1657053703370
1607	1800	0	0	0	0	0	0	1657053704390
1607	1800	0	0	0	0	0	0	1657053705410
1606	1800	0	0	0	0	0	0	1657053706430
1606	1800	0	0	0	0	0	0	1657053707450
1606	1800	0	0	0	0	0	0	1657053708470
1606	1800	0	0	0	0	0	0	1657053709490
1606	1800	0	0	0	0	0	0	1657053710510
1605	1800	0	0	0	0	0	0	1657053711530
1605	1800	0	0	0	0	0	0	1657053712550
1604	1800	0	0	0	0	0	0	1657053713570
1603	1800	0	0	0	0	0	0	1657053714590
1602	1800	0	0	0	0	0	0	1657053715610
1601	1800	0	0	0	0	0	0	1657053716630
1600	1800	0	0	0	0	0	0	1657053717650
1599	1800	0	0	0	0	0	0	1657053718670
1599	1804	0	0	0	0	0	0	1657053719690
1596	1810	0	0	0	0	0	0	1657053720710
1594	1809	0	0	0	0	0	0	1657053721730
1594	1806	0	0	0	0	0	0	1657053722750
1596	1804	0	0	0	0	0	0	1657053723770
1593	1803	0	0	0	0	0	0	1657053724790
1590	1805	0	0	0	0	0	0	1657053725810
1587	1803	0	0	0	0	0	0	1657053726830
1588	1802	0	0	0	0	0	0	1657053727850
1589	1802	0	0	0	0	0	0	1657053728870
1589	1802	0	0	0	0	0	0	1657053729890
1588	1802	0	0	0	0	0	0	1657053730910
1590	1801	0	0	0	0	0	0	1657053731930
1589	1801	0	0	0	0	0	0	1657053732950
1590	1801	0	0	0	0	0	0	1657053733970
1588	1801	0	0	0	0	0	0	1657053734990
1586	1801	0	0	0	0	0	0	1657053736010
1585	1801	0	0	0	0	0	0	1657053737030
1584	1801	0	0	0	0	0	0	1657053738050
1584	1801	0	0	0	0	0	0	1657053739070
1583	1801	0	0	0	0	0	0	1657053740090
1583	1801	0	0	0	0	0	0	1657053741110
1582	1801	0	0	0	0	0	0	1657053742130
1583	1801	0	0	0	0	0	0	1657053743150
1584	1801	0	0	0	0	0	0	1657053744170
1584	1801	0	0	0	0	0	0	1657053745190
1584	1802	0	0	0	0	0	0	1657053746210
1585	1801	0	0	0	0	0	0	1657053747230
1585	1801	0	0	0	0	0	0	1657053748250
1584	1801	0	0	0	0	0	0	1657053749270
1582	1801	0	0	0	0	0	0	1657053750290
1582	1801	0	0	0	0	0	0	1657053751310
1581	1801	0	0	0	0	0	0	1657053752330
1581	1801	0	0	0	0	0	0	1657053753350
1581	1801	0	0	0	0	0	0	1657053754370
1581	1798	0	0	0	0	0	0	1657053755390
1582	1793	0	0	0	0	0	0	1657053756410
1581	1775	0	0	0	0	0	0	1657053757430
1581	1774	0	0	0	0	0	0	1657053758450
1580	1774	0	0	0	0	0	0	1657053759470
1580	1773	0	0	0	0	0	0	1657053760490
1580	1773	0	0	0	0	0	0	1657053761510
1580	1773	0	0	0	0	0	0	1657053762530
1580	1773	0	0	0	0	0	0	1657053763550
1580	1773	0	0	0	0	0	0	1657053764570
1580	1773	0	0	0	0	0	0	1657053765590
1580	1773	0	0	0	0	0	0	1657053766610
1580	1773	0	0	0	0	0	0	1657053767630
1580	1774	0	0	0	0	0	0	1657053768650
1580	1785	0	0	0	0	0	0	1657053769670
1580	1790	0	0	0	0	0	0	1657053770690
1580	1793	0	0	0	0	0	0	1657053771710
1580	1794	0	0	0	0	0	0	1657053772730
1580	1796	0	0	0	0	0	0	1657053773750
1580	1797	0	0	0	0	0	0	1657053774770
1580	1796	0	0	0	0	0	0	1657053775790
1580	1797	0	0	0	0	0	0	1657053776810
1580	1798	0	0	0	0	0	0	1657053777830
1580	1798	0	0	0	0	0	0	1657053778850
1580	1799	0	0	0	0	0	0	1657053779870
1580	1798	0	0	0	0	0	0	1657053780890
1580	1798	0	0	0	0	0	0	1657053781910
1580	1798	0	0	0	0	0	0	1657053782930
1579	1799	0	0	0	0	0	0	1657053783950
1579	1799	0	0	0	0	0	0	1657053784970
1579	1799	0	0	0	0	0	0	1657053785990
1579	1799	0	0	0	0	0	0	1657053787010
1579	1799	0	0	0	0	0	0	1657053788030
1579	1800	0	0	0	0	0	0	1657053789050
1579	1800	0	0	0	0	0	0	1657053790070
1579	1799	0	0	0	0	0	0	1657053791090
1579	1799	0	0	0	0	0	0	1657053792110
1579	1799	0	0	0	0	0	0	1657053793130
1579	1799	0	0	0	0	0	0	1657053794150
1579	1799	0	0	0	0	0	0	1657053795170
1579	1800	0	0	0	0	0	0	1657053796190
1579	1799	0	0	0	0	0	0	1657053797210
1579	1800	0	0	0	0	0	0	1657053798230
1580	1800	0	0	0	0	0	0	1657053799250
1580	1800	0	0	0	0	0	0	1657053800270
1580	1800	0	0	0	0	0	0	1657053801290
1580	1799	0	0	0	0	0	0	1657053802310
1580	1799	0	0	0	0	0	0	1657053803330
1580	1800	0	0	0	0	0	0	1657053804350
1580	1799	0	0	0	0	0	0	1657053805370
1580	1799	0	0	0	0	0	0	1657053806390
1580	1799	0	0	0	0	0	0	1657053807410
1580	1799	0	0	0	0	0	0	1657053808430
1580	1799	0	0	0	0	0	0	1657053809450
1580	1799	0	0	0	0	0	0	1657053810470
1580	1799	0	0	0	0	0	0	1657053811490
1580	1799	0	0	0	0	0	0	1657053812510
1580	1799	0	0	0	0	0	0	1657053813530
1580	1797	0	0	0	0	0	0	1657053814550
1580	1801	0	0	0	0	0	0	1657053815570
1580	1801	0	0	0	0	0	0	1657053816590
1580	1801	0	0	0	0	0	0	1657053817610
1580	1801	0	0	0	0	0	0	1657053818630
1580	1801	0	0	0	0	0	0	1657053819650
1580	1801	0	0	0	0	0	0	1657053820670
1580	1801	0	0	0	0	0	0	1657053821690
1580	1801	0	0	0	0	0	0	1657053822710
1580	1801	0	0	0	0	0	0	1657053823730
1580	1801	0	0	0	0	0	0	1657053824750
1580	1801	0	0	0	0	0	0	1657053825770
1580	1801	0	0	0	0	0	0	1657053826790
1579	1801	0	0	0	0	0	0	1657053827810
1579	1801	0	0	0	0	0	0	1657053828830
1579	1801	0	0	0	0	0	0	1657053829850
1579	1801	0	0	0	0	0	0	1657053830870
1579	1801	0	0	0	0	0	0	1657053831890
1579	1801	0	0	0	0	0	0	1657053832910
1579	1801	0	0	0	0	0	0	1657053833930
1579	1801	0	0	0	0	0	0	1657053834950
1579	1801	0	0	0	0	0	0	1657053835970
1580	1801	0	0	0	0	0	0	1657053836990
1580	1801	0	0	0	0	0	0	1657053838010
1580	1801	0	0	0	0	0	0	1657053839030
1580	1801	0	0	0	0	0	0	1657053840050
1580	1801	0	0	0	0	0	0	1657053841070
1580	1801	0	0	0	0	0	0	1657053842090
1580	1801	0	0	0	0	0	0	1657053843110
1580	1801	0	0	0	0	0	0	1657053844130
1580	1801	0	0	0	0	0	0	1657053845150
1580	1801	0	0	0	0	0	0	1657053846170
1580	1801	0	0	0	0	0	0	1657053847190
1580	1801	0	0	0	0	0	0	1657053848210
1580	1801	0	0	0	0	0	0	1657053849230
1580	1801	0	0	0	0	0	0	1657053850250
1580	1801	0	0	0	0	0	0	1657053851270
1580	1801	0	0	0	0	0	0	1657053852290
1580	1801	0	0	0	0	0	0	1657053853310
1580	1801	0	0	0	0	0	0	1657053854330
1580	1801	0	0	0	0	0	0	1657053855350
1580	1801	0	0	0	0	0	0	1657053856370
1580	1801	0	0	0	0	0	0	1657053857390
1580	1801	0	0	0	0	0	0	1657053858410
1580	1802	0	0	0	0	0	0	1657053859430
1580	1797	0	0	0	0	0	0	1657053860450
1580	1787	0	0	0	0	0	0	1657053861470
1580	1781	0	0	0	0	0	0	1657053862490
1579	1778	0	0	0	0	0	0	1657053863510
1579	1776	0	0	0	0	0	0	1657053864530
1579	1775	0	0	0	0	0	0	1657053865550
1579	1774	0	0	0	0	0	0	1657053866570
1579	1774	0	0	0	0	0	0	1657053867590
1579	1774	0	0	0	0	0	0	1657053868610
1579	1774	0	0	0	0	0	0	1657053869630
1579	1773	0	0	0	0	0	0	1657053870650
1579	1773	0	0	0	0	0	0	1657053871670
1579	1773	0	0	0	0	0	0	1657053872690
1580	1773	0	0	0	0	0	0	1657053873710
1580	1773	0	0	0	0	0	0	1657053874730
1580	1773	0	0	0	0	0	0	1657053875750
1580	1773	0	0	0	0	0	0	1657053876770
1580	1773	0	0	0	0	0	0	1657053877790
1580	1773	0	0	0	0	0	0	1657053878810
1580	1773	0	0	0	0	0	0	1657053879830
1580	1773	0	0	0	0	0	0	1657053880850
1580	1773	0	0	0	0	0	0	1657053881870
1580	1773	0	0	0	0	0	0	1657053882890
1579	1773	0	0	0	0	0	0	1657053883910
1579	1773	0	0	0	0	0	0	1657053884930
1579	1773	0	0	0	0	0	0	1657053885950
1579	1773	0	0	0	0	0	0	1657053886970
1579	1773	0	0	0	0	0	0	1657053887990
1579	1773	0	0	0	0	0	0	1657053889010
1578	1773	0	0	0	0	0	0	1657053890030
1578	1773	0	0	0	0	0	0	1657053891050
1578	1773	0	0	0	0	0	0	1657053892070
1579	1773	0	0	0	0	0	0	1657053893090
1578	1773	0	0	0	0	0	0	1657053894110
1578	1773	0	0	0	0	0	0	1657053895130
1578	1773	0	0	0	0	0	0	1657053896150
1578	1773	0	0	0	0	0	0	1657053897170
1578	1773	0	0	0	0	0	0	1657053898190
1578	1773	0	0	0	0	0	0	1657053899210
1577	1773	0	0	0	0	0	0	1657053900230
1576	1773	0	0	0	0	0	0	1657053901250
1575	1773	0	0	0	0	0	0	1657053902270
1573	1773	0	0	0	0	0	0	1657053903290
1573	1773	0	0	0	0	0	0	1657053904310
1575	1773	0	0	0	0	0	0	1657053905330
1574	1773	0	0	0	0	0	0	1657053906350
1571	1773	0	0	0	0	0	0	1657053907370
1572	1773	0	0	0	0	0	0	1657053908390
1571	1773	0	0	0	0	0	0	1657053909410
1568	1773	0	0	0	0	0	0	1657053910430
1567	1773	0	0	0	0	0	0	1657053911450
1565	1773	0	0	0	0	0	0	1657053912470
1564	1773	0	0	0	0	0	0	1657053913490
1562	1784	0	0	0	0	0	0	1657053914510
1561	1791	0	0	0	0	0	0	1657053915530
1560	1795	0	0	0	0	0	0	1657053916550
1560	1797	0	0	0	0	0	0	1657053917570
1565	1798	0	0	0	0	0	0	1657053918590
1569	1799	0	0	0	0	0	0	1657053919610
1572	1800	0	0	0	0	0	0	1657053920630
1574	1800	0	0	0	0	0	0	1657053921650
1572	1800	0	0	0	0	0	0	1657053922670
1565	1800	0	0	0	0	0	0	1657053923690
1561	1800	0	0	0	0	0	0	1657053924710
1558	1800	0	0	0	0	0	0	1657053925730
1557	1800	0	0	0	0	0	0	1657053926750
1555	1800	0	0	0	0	0	0	1657053927770
1554	1800	0	0	0	0	0	0	1657053928790
1553	1800	0	0	0	0	0	0	1657053929810
1553	1800	0	0	0	0	0	0	1657053930830
1553	1800	0	0	0	0	0	0	1657053931850
1553	1800	0	0	0	0	0	0	1657053932870
1553	1800	0	0	0	0	0	0	1657053933890
1553	1800	0	0	0	0	0	0	1657053934910
1553	1800	0	0	0	0	0	0	1657053935930
1553	1800	0	0	0	0	0	0	1657053936950
1552	1800	0	0	0	0	0	0	1657053937970
1552	1800	0	0	0	0	0	0	1657053938990
1552	1800	0	0	0	0	0	0	1657053940010
1552	1800	0	0	0	0	0	0	1657053941030
1552	1800	0	0	0	0	0	0	1657053942050
1552	1800	0	0	0	0	0	0	1657053943070
1552	1800	0	0	0	0	0	0	1657053944090
1552	1801	0	0	0	0	0	0	1657053945110
1552	1801	0	0	0	0	0	0	1657053946130
1552	1801	0	0	0	0	0	0	1657053947150
1552	1801	0	0	0	0	0	0	1657053948170
1552	1801	0	0	0	0	0	0	1657053949190
1552	1801	0	0	0	0	0	0	1657053950210
1552	1801	0	0	0	0	0	0	1657053951230
1552	1801	0	0	0	0	0	0	1657053952250
1552	1801	0	0	0	0	0	0	1657053953270
1552	1801	0	0	0	0	0	0	1657053954290
1552	1801	0	0	0	0	0	0	1657053955310
1552	1801	0	0	0	0	0	0	1657053956330
1552	1801	0	0	0	0	0	0	1657053957350
1552	1793	0	0	0	0	0	0	1657053958370
1552	1781	0	0	0	0	0	0	1657053959390
1552	1778	0	0	0	0	0	0	1657053960410
1552	1776	0	0	0	0	0	0	1657053961430
1552	1775	0	0	0	0	0	0	1657053962450
1552	1774	0	0	0	0	0	0	1657053963470
1552	1774	0	0	0	0	0	0	1657053964490
1552	1774	0	0	0	0	0	0	1657053965510
1552	1774	0	0	0	0	0	0	1657053966530
1552	1774	0	0	0	0	0	0	1657053967550
1552	1773	0	0	0	0	0	0	1657053968570
1552	1773	0	0	0	0	0	0	1657053969590
1552	1773	0	0	0	0	0	0	1657053970610
1552	1773	0	0	0	0	0	0	1657053971630
1552	1773	0	0	0	0	0	0	1657053972650
1552	1773	0	0	0	0	0	0	1657053973670
1552	1773	0	0	0	0	0	0	1657053974690
1552	1773	0	0	0	0	0	0	1657053975710
1552	1773	0	0	0	0	0	0	1657053976730
1552	1773	0	0	0	0	0	0	1657053977750
1552	1783	0	0	0	0	0	0	1657053978770
1552	1790	0	0	0	0	0	0	1657053979790
1552	1794	0	0	0	0	0	0	1657053980810
1552	1796	0	0	0	0	0	0	1657053981830
1552	1796	0	0	0	0	0	0	1657053982850
