3051	1408	0	0	0	0	0	0	1657657322685
3041	1399	0	0	0	0	0	0	1657657323705
3027	1388	0	0	0	0	0	0	1657657324725
3011	1379	0	0	0	0	0	0	1657657325745
2997	1371	0	0	0	0	0	0	1657657326765
2980	1365	0	0	0	0	0	0	1657657327785
2967	1360	0	0	0	0	0	0	1657657328805
2955	1349	0	0	0	0	0	0	1657657329825
2941	1341	0	0	0	0	0	0	1657657330845
2933	1337	0	0	0	0	0	0	1657657331865
2923	1334	0	0	0	0	0	0	1657657332885
2911	1325	0	0	0	0	0	0	1657657333905
2903	1316	0	0	0	0	0	0	1657657334925
2898	1311	0	0	0	0	0	0	1657657335945
2887	1308	0	0	0	0	0	0	1657657336965
2878	1300	0	0	0	0	0	0	1657657337985
2872	1290	0	0	0	0	0	0	1657657339005
2869	1284	0	0	0	0	0	0	1657657340025
2863	1281	0	0	0	0	0	0	1657657341045
2852	1278	0	0	0	0	0	0	1657657342065
2846	1276	0	0	0	0	0	0	1657657343085
2842	1275	0	0	0	0	0	0	1657657344105
2839	1275	0	0	0	0	0	0	1657657345125
2836	1276	0	0	0	0	0	0	1657657346145
2825	1287	0	0	0	0	0	0	1657657347165
2818	1288	0	0	0	0	0	0	1657657348185
2814	1274	0	0	0	0	0	0	1657657349205
2811	1263	0	0	0	0	0	0	1657657350225
2810	1256	0	0	0	0	0	0	1657657351245
2807	1252	0	0	0	0	0	0	1657657352265
2797	1250	0	0	0	0	0	0	1657657353285
2790	1249	0	0	0	0	0	0	1657657354305
2786	1248	0	0	0	0	0	0	1657657355325
2783	1247	0	0	0	0	0	0	1657657356345
2782	1247	0	0	0	0	0	0	1657657357365
2781	1247	0	0	0	0	0	0	1657657358385
2780	1246	0	0	0	0	0	0	1657657359405
2773	1246	0	0	0	0	0	0	1657657360425
2764	1245	0	0	0	0	0	0	1657657361445
2759	1245	0	0	0	0	0	0	1657657362465
2756	1245	0	0	0	0	0	0	1657657363485
2754	1246	0	0	0	0	0	0	1657657364505
2753	1246	0	0	0	0	0	0	1657657365525
2752	1246	0	0	0	0	0	0	1657657366545
2752	1246	0	0	0	0	0	0	1657657367565
2749	1246	0	0	0	0	0	0	1657657368585
2741	1246	0	0	0	0	0	0	1657657369605
2734	1246	0	0	0	0	0	0	1657657370625
2730	1246	0	0	0	0	0	0	1657657371645
2727	1243	0	0	0	0	0	0	1657657372665
2725	1249	0	0	0	0	0	0	1657657373685
2724	1259	0	0	0	0	0	0	1657657374705
2724	1265	0	0	0	0	0	0	1657657375725
2724	1249	0	0	0	0	0	0	1657657376745
2723	1237	0	0	0	0	0	0	1657657377765
2721	1230	0	0	0	0	0	0	1657657378785
2716	1402	0	0	0	0	0	0	1657657379805
2709	1597	0	0	0	0	0	0	1657657380825
2703	1502	0	0	0	0	0	0	1657657381845
2700	1438	0	0	0	0	0	0	1657657382865
2698	1395	0	0	0	0	0	0	1657657383885
2697	1358	0	0	0	0	0	0	1657657384905
2696	1336	0	0	0	0	0	0	1657657385925
2696	1323	0	0	0	0	0	0	1657657386945
2696	1315	0	0	0	0	0	0	1657657387965
2696	1310	0	0	0	0	0	0	1657657388985
2694	1307	0	0	0	0	0	0	1657657390005
2689	1305	0	0	0	0	0	0	1657657391025
2682	1304	0	0	0	0	0	0	1657657392045
2676	1303	0	0	0	0	0	0	1657657393065
2672	1326	0	0	0	0	0	0	1657657394085
2670	1350	0	0	0	0	0	0	1657657395105
2669	1364	0	0	0	0	0	0	1657657396125
2668	1373	0	0	0	0	0	0	1657657397145
2668	1375	0	0	0	0	0	0	1657657398165
2668	1375	0	0	0	0	0	0	1657657399185
2668	1342	0	0	0	0	0	0	1657657400205
2668	1307	0	0	0	0	0	0	1657657401225
2667	1284	0	0	0	0	0	0	1657657402245
2667	1269	0	0	0	0	0	0	1657657403265
2666	1260	0	0	0	0	0	0	1657657404285
2662	1254	0	0	0	0	0	0	1657657405305
2655	1251	0	0	0	0	0	0	1657657406325
2649	1249	0	0	0	0	0	0	1657657407345
2645	1248	0	0	0	0	0	0	1657657408365
2643	1248	0	0	0	0	0	0	1657657409385
2642	1248	0	0	0	0	0	0	1657657410405
2641	1247	0	0	0	0	0	0	1657657411425
2640	1247	0	0	0	0	0	0	1657657412445
2640	1247	0	0	0	0	0	0	1657657413465
2639	1247	0	0	0	0	0	0	1657657414485
2639	1247	0	0	0	0	0	0	1657657415505
2639	1268	0	0	0	0	0	0	1657657416525
2639	1288	0	0	0	0	0	0	1657657417545
2639	1272	0	0	0	0	0	0	1657657418565
2639	1262	0	0	0	0	0	0	1657657419585
2638	1256	0	0	0	0	0	0	1657657420605
2633	1251	0	0	0	0	0	0	1657657421625
2625	1249	0	0	0	0	0	0	1657657422645
2620	1248	0	0	0	0	0	0	1657657423665
2617	1247	0	0	0	0	0	0	1657657424685
2614	1247	0	0	0	0	0	0	1657657425705
2613	1244	0	0	0	0	0	0	1657657426725
2612	1236	0	0	0	0	0	0	1657657427745
2612	1233	0	0	0	0	0	0	1657657428765
2612	1229	0	0	0	0	0	0	1657657429785
2612	1227	0	0	0	0	0	0	1657657430805
2611	1224	0	0	0	0	0	0	1657657431825
2611	1222	0	0	0	0	0	0	1657657432845
2611	1222	0	0	0	0	0	0	1657657433865
2611	1220	0	0	0	0	0	0	1657657434885
2611	1221	0	0	0	0	0	0	1657657435905
2610	1220	0	0	0	0	0	0	1657657436925
2610	1220	0	0	0	0	0	0	1657657437945
2606	1219	0	0	0	0	0	0	1657657438965
2602	1219	0	0	0	0	0	0	1657657439985
2596	1219	0	0	0	0	0	0	1657657441005
2591	1219	0	0	0	0	0	0	1657657442025
2558	1219	0	0	0	0	0	0	1657657443045
2568	1219	0	0	0	0	0	0	1657657444065
2574	1219	0	0	0	0	0	0	1657657445085
2577	1219	0	0	0	0	0	0	1657657446105
2580	1219	0	0	0	0	0	0	1657657447125
2581	1219	0	0	0	0	0	0	1657657448145
2582	1219	0	0	0	0	0	0	1657657449165
2583	1219	0	0	0	0	0	0	1657657450185
2583	1219	0	0	0	0	0	0	1657657451205
2583	1219	0	0	0	0	0	0	1657657452225
2583	1219	0	0	0	0	0	0	1657657453245
2583	1219	0	0	0	0	0	0	1657657454265
2583	1219	0	0	0	0	0	0	1657657455285
2583	1219	0	0	0	0	0	0	1657657456305
2579	1219	0	0	0	0	0	0	1657657457325
2573	1226	0	0	0	0	0	0	1657657458345
2568	1224	0	0	0	0	0	0	1657657459365
2563	1222	0	0	0	0	0	0	1657657460385
2560	1221	0	0	0	0	0	0	1657657461405
2558	1220	0	0	0	0	0	0	1657657462425
2557	1219	0	0	0	0	0	0	1657657463445
2556	1218	0	0	0	0	0	0	1657657464465
2556	1217	0	0	0	0	0	0	1657657465485
2556	1216	0	0	0	0	0	0	1657657466505
2556	1213	0	0	0	0	0	0	1657657467525
2556	1211	0	0	0	0	0	0	1657657468545
2556	1210	0	0	0	0	0	0	1657657469565
2556	1212	0	0	0	0	0	0	1657657470585
2556	1215	0	0	0	0	0	0	1657657471605
2556	1215	0	0	0	0	0	0	1657657472625
2555	1214	0	0	0	0	0	0	1657657473645
2555	1214	0	0	0	0	0	0	1657657474665
2555	1215	0	0	0	0	0	0	1657657475685
2555	1216	0	0	0	0	0	0	1657657476705
2552	1216	0	0	0	0	0	0	1657657477725
2551	1215	0	0	0	0	0	0	1657657478745
2544	1216	0	0	0	0	0	0	1657657479765
2539	1216	0	0	0	0	0	0	1657657480785
2534	1210	0	0	0	0	0	0	1657657481805
2532	1210	0	0	0	0	0	0	1657657482825
2530	1210	0	0	0	0	0	0	1657657483845
2529	1211	0	0	0	0	0	0	1657657484865
2528	1209	0	0	0	0	0	0	1657657485885
2528	1205	0	0	0	0	0	0	1657657486905
2528	1202	0	0	0	0	0	0	1657657487925
2528	1198	0	0	0	0	0	0	1657657488945
2527	1196	0	0	0	0	0	0	1657657489965
2527	1195	0	0	0	0	0	0	1657657490985
2527	1194	0	0	0	0	0	0	1657657492005
2527	1193	0	0	0	0	0	0	1657657493025
2527	1192	0	0	0	0	0	0	1657657494045
2527	1192	0	0	0	0	0	0	1657657495065
2527	1192	0	0	0	0	0	0	1657657496085
2527	1192	0	0	0	0	0	0	1657657497105
2527	1194	0	0	0	0	0	0	1657657498125
2527	1193	0	0	0	0	0	0	1657657499145
2527	1192	0	0	0	0	0	0	1657657500165
2527	1191	0	0	0	0	0	0	1657657501185
2525	1191	0	0	0	0	0	0	1657657502205
2522	1193	0	0	0	0	0	0	1657657503225
2518	1196	0	0	0	0	0	0	1657657504245
2512	1195	0	0	0	0	0	0	1657657505265
2507	1194	0	0	0	0	0	0	1657657506285
2504	1193	0	0	0	0	0	0	1657657507305
2502	1193	0	0	0	0	0	0	1657657508325
2501	1192	0	0	0	0	0	0	1657657509345
2501	1191	0	0	0	0	0	0	1657657510365
2500	1197	0	0	0	0	0	0	1657657511385
2499	1196	0	0	0	0	0	0	1657657512405
2499	1194	0	0	0	0	0	0	1657657513425
2499	1193	0	0	0	0	0	0	1657657514445
2499	1192	0	0	0	0	0	0	1657657515465
2499	1191	0	0	0	0	0	0	1657657516485
2499	1191	0	0	0	0	0	0	1657657517505
2499	1191	0	0	0	0	0	0	1657657518525
2499	1191	0	0	0	0	0	0	1657657519545
2499	1191	0	0	0	0	0	0	1657657520565
2499	1191	0	0	0	0	0	0	1657657521585
2499	1191	0	0	0	0	0	0	1657657522605
2499	1194	0	0	0	0	0	0	1657657523625
2499	1195	0	0	0	0	0	0	1657657524645
2499	1194	0	0	0	0	0	0	1657657525665
2499	1193	0	0	0	0	0	0	1657657526685
2497	1192	0	0	0	0	0	0	1657657527705
2495	1191	0	0	0	0	0	0	1657657528725
2491	1191	0	0	0	0	0	0	1657657529745
2487	1191	0	0	0	0	0	0	1657657530765
2481	1191	0	0	0	0	0	0	1657657531785
2477	1191	0	0	0	0	0	0	1657657532805
2475	1194	0	0	0	0	0	0	1657657533825
2474	1193	0	0	0	0	0	0	1657657534845
2473	1192	0	0	0	0	0	0	1657657535865
2472	1191	0	0	0	0	0	0	1657657536885
2472	1191	0	0	0	0	0	0	1657657537905
2471	1191	0	0	0	0	0	0	1657657538925
2471	1191	0	0	0	0	0	0	1657657539945
2471	1191	0	0	0	0	0	0	1657657540965
2471	1191	0	0	0	0	0	0	1657657541985
2471	1191	0	0	0	0	0	0	1657657543005
2471	1191	0	0	0	0	0	0	1657657544025
2471	1191	0	0	0	0	0	0	1657657545045
2471	1192	0	0	0	0	0	0	1657657546065
2471	1191	0	0	0	0	0	0	1657657547085
2471	1191	0	0	0	0	0	0	1657657548105
2471	1191	0	0	0	0	0	0	1657657549125
2471	1191	0	0	0	0	0	0	1657657550145
2471	1191	0	0	0	0	0	0	1657657551165
2471	1191	0	0	0	0	0	0	1657657552185
2471	1191	0	0	0	0	0	0	1657657553205
2471	1191	0	0	0	0	0	0	1657657554225
2471	1191	0	0	0	0	0	0	1657657555245
2471	1191	0	0	0	0	0	0	1657657556265
2471	1191	0	0	0	0	0	0	1657657557285
2470	1191	0	0	0	0	0	0	1657657558305
2467	1191	0	0	0	0	0	0	1657657559325
2461	1191	0	0	0	0	0	0	1657657560345
2457	1191	0	0	0	0	0	0	1657657561365
2452	1191	0	0	0	0	0	0	1657657562385
2449	1191	0	0	0	0	0	0	1657657563405
2447	1191	0	0	0	0	0	0	1657657564425
2446	1191	0	0	0	0	0	0	1657657565445
2445	1191	0	0	0	0	0	0	1657657566465
2444	1191	0	0	0	0	0	0	1657657567485
2444	1191	0	0	0	0	0	0	1657657568505
2444	1191	0	0	0	0	0	0	1657657569525
2444	1191	0	0	0	0	0	0	1657657570545
2444	1191	0	0	0	0	0	0	1657657571565
2444	1191	0	0	0	0	0	0	1657657572585
2444	1191	0	0	0	0	0	0	1657657573605
11466	1192	0	0	0	0	0	0	1657657574625
7857	1191	0	0	0	0	0	0	1657657575645
5691	1195	0	0	0	0	0	0	1657657576665
4392	1193	0	0	0	0	0	0	1657657577685
3612	1192	0	0	0	0	0	0	1657657578705
3144	1192	0	0	0	0	0	0	1657657579725
2864	1192	0	0	0	0	0	0	1657657580745
2695	1191	0	0	0	0	0	0	1657657581765
2594	1191	0	0	0	0	0	0	1657657582785
2534	1191	0	0	0	0	0	0	1657657583805
2498	1191	0	0	0	0	0	0	1657657584825
2476	1191	0	0	0	0	0	0	1657657585845
2463	1191	0	0	0	0	0	0	1657657586865
2454	1191	0	0	0	0	0	0	1657657587885
2448	1207	0	0	0	0	0	0	1657657588905
2444	1200	0	0	0	0	0	0	1657657589925
2439	1196	0	0	0	0	0	0	1657657590945
2433	1194	0	0	0	0	0	0	1657657591965
2427	1193	0	0	0	0	0	0	1657657592985
2422	1192	0	0	0	0	0	0	1657657594005
2419	1191	0	0	0	0	0	0	1657657595025
2417	1191	0	0	0	0	0	0	1657657596045
2416	1191	0	0	0	0	0	0	1657657597065
2416	1191	0	0	0	0	0	0	1657657598085
2416	1191	0	0	0	0	0	0	1657657599105
2415	1191	0	0	0	0	0	0	1657657600125
2415	1191	0	0	0	0	0	0	1657657601145
2415	1191	0	0	0	0	0	0	1657657602165
2415	1191	0	0	0	0	0	0	1657657603185
2415	1191	0	0	0	0	0	0	1657657604205
2415	1191	0	0	0	0	0	0	1657657605225
2415	1191	0	0	0	0	0	0	1657657606245
2415	1191	0	0	0	0	0	0	1657657607265
2415	1191	0	0	0	0	0	0	1657657608285
2415	1191	0	0	0	0	0	0	1657657609305
2415	1191	0	0	0	0	0	0	1657657610325
2415	1191	0	0	0	0	0	0	1657657611345
2415	1191	0	0	0	0	0	0	1657657612365
2415	1191	0	0	0	0	0	0	1657657613385
2415	1191	0	0	0	0	0	0	1657657614405
2415	1191	0	0	0	0	0	0	1657657615425
2415	1191	0	0	0	0	0	0	1657657616445
2415	1191	0	0	0	0	0	0	1657657617465
2415	1191	0	0	0	0	0	0	1657657618485
2415	1191	0	0	0	0	0	0	1657657619505
2414	1191	0	0	0	0	0	0	1657657620525
2413	1191	0	0	0	0	0	0	1657657621545
2412	1191	0	0	0	0	0	0	1657657622565
2409	1191	0	0	0	0	0	0	1657657623585
2408	1191	0	0	0	0	0	0	1657657624605
2404	1191	0	0	0	0	0	0	1657657625625
2400	1191	0	0	0	0	0	0	1657657626645
2396	1191	0	0	0	0	0	0	1657657627665
2392	1191	0	0	0	0	0	0	1657657628685
2390	1191	0	0	0	0	0	0	1657657629705
2389	1191	0	0	0	0	0	0	1657657630725
2388	1191	0	0	0	0	0	0	1657657631745
2388	1191	0	0	0	0	0	0	1657657632765
2387	1191	0	0	0	0	0	0	1657657633785
2387	1191	0	0	0	0	0	0	1657657634805
2387	1191	0	0	0	0	0	0	1657657635825
2387	1191	0	0	0	0	0	0	1657657636845
2387	1190	0	0	0	0	0	0	1657657637865
2387	1190	0	0	0	0	0	0	1657657638885
2387	1190	0	0	0	0	0	0	1657657639905
2387	1190	0	0	0	0	0	0	1657657640925
2387	1189	0	0	0	0	0	0	1657657641945
2387	1188	0	0	0	0	0	0	1657657642965
2387	1189	0	0	0	0	0	0	1657657643985
2387	1189	0	0	0	0	0	0	1657657645005
2387	1190	0	0	0	0	0	0	1657657646025
2387	1189	0	0	0	0	0	0	1657657647045
2387	1189	0	0	0	0	0	0	1657657648065
2386	1187	0	0	0	0	0	0	1657657649085
2386	1186	0	0	0	0	0	0	1657657650105
2386	1183	0	0	0	0	0	0	1657657651125
2386	1180	0	0	0	0	0	0	1657657652145
2386	1179	0	0	0	0	0	0	1657657653165
2386	1177	0	0	0	0	0	0	1657657654185
2386	1174	0	0	0	0	0	0	1657657655205
2386	1171	0	0	0	0	0	0	1657657656225
2386	1170	0	0	0	0	0	0	1657657657245
2386	1169	0	0	0	0	0	0	1657657658265
2384	1170	0	0	0	0	0	0	1657657659285
2384	1170	0	0	0	0	0	0	1657657660305
2381	1170	0	0	0	0	0	0	1657657661325
2375	1169	0	0	0	0	0	0	1657657662345
2370	1167	0	0	0	0	0	0	1657657663365
2367	1167	0	0	0	0	0	0	1657657664385
2364	1170	0	0	0	0	0	0	1657657665405
2362	1167	0	0	0	0	0	0	1657657666425
2360	1166	0	0	0	0	0	0	1657657667445
2359	1165	0	0	0	0	0	0	1657657668465
2359	1165	0	0	0	0	0	0	1657657669485
2359	1164	0	0	0	0	0	0	1657657670505
2359	1164	0	0	0	0	0	0	1657657671525
2359	1164	0	0	0	0	0	0	1657657672545
2359	1164	0	0	0	0	0	0	1657657673565
2359	1163	0	0	0	0	0	0	1657657674585
2359	1166	0	0	0	0	0	0	1657657675605
2359	1165	0	0	0	0	0	0	1657657676625
2359	1165	0	0	0	0	0	0	1657657677645
2359	1164	0	0	0	0	0	0	1657657678665
2359	1163	0	0	0	0	0	0	1657657679685
2359	1163	0	0	0	0	0	0	1657657680705
2359	1163	0	0	0	0	0	0	1657657681725
2359	1163	0	0	0	0	0	0	1657657682745
2359	1163	0	0	0	0	0	0	1657657683765
2359	1163	0	0	0	0	0	0	1657657684785
2359	1163	0	0	0	0	0	0	1657657685805
2359	1163	0	0	0	0	0	0	1657657686825
2359	1163	0	0	0	0	0	0	1657657687845
2359	1163	0	0	0	0	0	0	1657657688865
2359	1163	0	0	0	0	0	0	1657657689885
2358	1163	0	0	0	0	0	0	1657657690905
2358	1163	0	0	0	0	0	0	1657657691925
2358	1163	0	0	0	0	0	0	1657657692945
2358	1163	0	0	0	0	0	0	1657657693965
2358	1163	0	0	0	0	0	0	1657657694985
2358	1163	0	0	0	0	0	0	1657657696005
2358	1163	0	0	0	0	0	0	1657657697025
2358	1163	0	0	0	0	0	0	1657657698045
2358	1163	0	0	0	0	0	0	1657657699065
2358	1163	0	0	0	0	0	0	1657657700085
2358	1163	0	0	0	0	0	0	1657657701105
2358	1163	0	0	0	0	0	0	1657657702125
2357	1163	0	0	0	0	0	0	1657657703145
2355	1163	0	0	0	0	0	0	1657657704165
2352	1163	0	0	0	0	0	0	1657657705185
2350	1163	0	0	0	0	0	0	1657657706205
2348	1163	0	0	0	0	0	0	1657657707225
2344	1163	0	0	0	0	0	0	1657657708245
2341	1163	0	0	0	0	0	0	1657657709265
2338	1163	0	0	0	0	0	0	1657657710285
2336	1163	0	0	0	0	0	0	1657657711305
2334	1163	0	0	0	0	0	0	1657657712325
2332	1163	0	0	0	0	0	0	1657657713345
2332	1163	0	0	0	0	0	0	1657657714365
2332	1163	0	0	0	0	0	0	1657657715385
2332	1163	0	0	0	0	0	0	1657657716405
2331	1163	0	0	0	0	0	0	1657657717425
2331	1163	0	0	0	0	0	0	1657657718445
2331	1163	0	0	0	0	0	0	1657657719465
2331	1163	0	0	0	0	0	0	1657657720485
2331	1163	0	0	0	0	0	0	1657657721505
2331	1163	0	0	0	0	0	0	1657657722525
2331	1163	0	0	0	0	0	0	1657657723545
2331	1163	0	0	0	0	0	0	1657657724565
2330	1163	0	0	0	0	0	0	1657657725585
2330	1163	0	0	0	0	0	0	1657657726605
2330	1163	0	0	0	0	0	0	1657657727625
2330	1163	0	0	0	0	0	0	1657657728645
2331	1163	0	0	0	0	0	0	1657657729665
2331	1163	0	0	0	0	0	0	1657657730685
2330	1163	0	0	0	0	0	0	1657657731705
2330	1163	0	0	0	0	0	0	1657657732725
2330	1163	0	0	0	0	0	0	1657657733745
2330	1163	0	0	0	0	0	0	1657657734765
2330	1163	0	0	0	0	0	0	1657657735785
2330	1163	0	0	0	0	0	0	1657657736805
2330	1163	0	0	0	0	0	0	1657657737825
2330	1163	0	0	0	0	0	0	1657657738845
2330	1163	0	0	0	0	0	0	1657657739865
2330	1163	0	0	0	0	0	0	1657657740885
2330	1163	0	0	0	0	0	0	1657657741905
2330	1163	0	0	0	0	0	0	1657657742925
2330	1163	0	0	0	0	0	0	1657657743945
2330	1163	0	0	0	0	0	0	1657657744965
2330	1163	0	0	0	0	0	0	1657657745985
2330	1163	0	0	0	0	0	0	1657657747005
2330	1163	0	0	0	0	0	0	1657657748025
2330	1163	0	0	0	0	0	0	1657657749045
2330	1163	0	0	0	0	0	0	1657657750065
2330	1163	0	0	0	0	0	0	1657657751085
2329	1163	0	0	0	0	0	0	1657657752105
2329	1163	0	0	0	0	0	0	1657657753125
2327	1163	0	0	0	0	0	0	1657657754145
2324	1163	0	0	0	0	0	0	1657657755165
2322	1163	0	0	0	0	0	0	1657657756185
2319	1163	0	0	0	0	0	0	1657657757205
2314	1163	0	0	0	0	0	0	1657657758225
2311	1163	0	0	0	0	0	0	1657657759245
2309	1163	0	0	0	0	0	0	1657657760265
2307	1163	0	0	0	0	0	0	1657657761285
2305	1163	0	0	0	0	0	0	1657657762305
2304	1163	0	0	0	0	0	0	1657657763325
2303	1163	0	0	0	0	0	0	1657657764345
2303	1163	0	0	0	0	0	0	1657657765365
2303	1163	0	0	0	0	0	0	1657657766385
2303	1163	0	0	0	0	0	0	1657657767405
2303	1163	0	0	0	0	0	0	1657657768425
2303	1163	0	0	0	0	0	0	1657657769445
2303	1163	0	0	0	0	0	0	1657657770465
2303	1163	0	0	0	0	0	0	1657657771485
2303	1163	0	0	0	0	0	0	1657657772505
2303	1163	0	0	0	0	0	0	1657657773525
2303	1163	0	0	0	0	0	0	1657657774545
2303	1163	0	0	0	0	0	0	1657657775565
2303	1163	0	0	0	0	0	0	1657657776585
2303	1163	0	0	0	0	0	0	1657657777605
2303	1163	0	0	0	0	0	0	1657657778625
2303	1163	0	0	0	0	0	0	1657657779645
2302	1163	0	0	0	0	0	0	1657657780665
2302	1163	0	0	0	0	0	0	1657657781685
2302	1163	0	0	0	0	0	0	1657657782705
2302	1163	0	0	0	0	0	0	1657657783725
2302	1163	0	0	0	0	0	0	1657657784745
2302	1163	0	0	0	0	0	0	1657657785765
2302	1163	0	0	0	0	0	0	1657657786785
2302	1163	0	0	0	0	0	0	1657657787805
2302	1163	0	0	0	0	0	0	1657657788825
2302	1163	0	0	0	0	0	0	1657657789845
2302	1163	0	0	0	0	0	0	1657657790865
2302	1163	0	0	0	0	0	0	1657657791885
2302	1163	0	0	0	0	0	0	1657657792905
2302	1163	0	0	0	0	0	0	1657657793925
2302	1163	0	0	0	0	0	0	1657657794945
2302	1163	0	0	0	0	0	0	1657657795965
2302	1163	0	0	0	0	0	0	1657657796985
2302	1163	0	0	0	0	0	0	1657657798005
2302	1163	0	0	0	0	0	0	1657657799025
2302	1163	0	0	0	0	0	0	1657657800045
2302	1163	0	0	0	0	0	0	1657657801065
2303	1163	0	0	0	0	0	0	1657657802085
2303	1163	0	0	0	0	0	0	1657657803105
2302	1163	0	0	0	0	0	0	1657657804125
2301	1163	0	0	0	0	0	0	1657657805145
2301	1163	0	0	0	0	0	0	1657657806165
2301	1163	0	0	0	0	0	0	1657657807185
2301	1163	0	0	0	0	0	0	1657657808205
2299	1163	0	0	0	0	0	0	1657657809225
2298	1163	0	0	0	0	0	0	1657657810245
2296	1163	0	0	0	0	0	0	1657657811265
2292	1163	0	0	0	0	0	0	1657657812285
2290	1163	0	0	0	0	0	0	1657657813305
2287	1163	0	0	0	0	0	0	1657657814325
2284	1163	0	0	0	0	0	0	1657657815345
2282	1163	0	0	0	0	0	0	1657657816365
2280	1162	0	0	0	0	0	0	1657657817385
2278	1162	0	0	0	0	0	0	1657657818405
2277	1162	0	0	0	0	0	0	1657657819425
2277	1161	0	0	0	0	0	0	1657657820445
2276	1161	0	0	0	0	0	0	1657657821465
2275	1161	0	0	0	0	0	0	1657657822485
2275	1159	0	0	0	0	0	0	1657657823505
2275	1157	0	0	0	0	0	0	1657657824525
2274	1157	0	0	0	0	0	0	1657657825545
2274	1153	0	0	0	0	0	0	1657657826565
2274	1149	0	0	0	0	0	0	1657657827585
2274	1145	0	0	0	0	0	0	1657657828605
2274	1143	0	0	0	0	0	0	1657657829625
2274	1141	0	0	0	0	0	0	1657657830645
2274	1139	0	0	0	0	0	0	1657657831665
2274	1138	0	0	0	0	0	0	1657657832685
2274	1137	0	0	0	0	0	0	1657657833705
2274	1136	0	0	0	0	0	0	1657657834725
2274	1135	0	0	0	0	0	0	1657657835745
2274	1136	0	0	0	0	0	0	1657657836765
2274	1136	0	0	0	0	0	0	1657657837785
2274	1136	0	0	0	0	0	0	1657657838805
2274	1135	0	0	0	0	0	0	1657657839825
2274	1135	0	0	0	0	0	0	1657657840845
2274	1135	0	0	0	0	0	0	1657657841865
2274	1135	0	0	0	0	0	0	1657657842885
2274	1135	0	0	0	0	0	0	1657657843905
2274	1135	0	0	0	0	0	0	1657657844925
2274	1135	0	0	0	0	0	0	1657657845945
2274	1135	0	0	0	0	0	0	1657657846965
2274	1135	0	0	0	0	0	0	1657657847985
2274	1135	0	0	0	0	0	0	1657657849005
2274	1135	0	0	0	0	0	0	1657657850025
2274	1135	0	0	0	0	0	0	1657657851045
2274	1135	0	0	0	0	0	0	1657657852065
2274	1135	0	0	0	0	0	0	1657657853085
2274	1135	0	0	0	0	0	0	1657657854105
2274	1135	0	0	0	0	0	0	1657657855125
2274	1135	0	0	0	0	0	0	1657657856145
2274	1135	0	0	0	0	0	0	1657657857165
2274	1135	0	0	0	0	0	0	1657657858185
2274	1135	0	0	0	0	0	0	1657657859205
2274	1135	0	0	0	0	0	0	1657657860225
2274	1135	0	0	0	0	0	0	1657657861245
2274	1135	0	0	0	0	0	0	1657657862265
2274	1135	0	0	0	0	0	0	1657657863285
2274	1135	0	0	0	0	0	0	1657657864305
2274	1135	0	0	0	0	0	0	1657657865325
2274	1135	0	0	0	0	0	0	1657657866345
2274	1135	0	0	0	0	0	0	1657657867365
2274	1135	0	0	0	0	0	0	1657657868385
2274	1135	0	0	0	0	0	0	1657657869405
2274	1135	0	0	0	0	0	0	1657657870425
2274	1135	0	0	0	0	0	0	1657657871445
2274	1135	0	0	0	0	0	0	1657657872465
2274	1135	0	0	0	0	0	0	1657657873485
2274	1135	0	0	0	0	0	0	1657657874505
2274	1135	0	0	0	0	0	0	1657657875525
2274	1135	0	0	0	0	0	0	1657657876545
2271	1135	0	0	0	0	0	0	1657657877565
2268	1135	0	0	0	0	0	0	1657657878585
2269	1135	0	0	0	0	0	0	1657657879605
2267	1135	0	0	0	0	0	0	1657657880625
2265	1135	0	0	0	0	0	0	1657657881645
2264	1135	0	0	0	0	0	0	1657657882665
2264	1135	0	0	0	0	0	0	1657657883685
2260	1135	0	0	0	0	0	0	1657657884705
2257	1135	0	0	0	0	0	0	1657657885725
2256	1135	0	0	0	0	0	0	1657657886745
2252	1135	0	0	0	0	0	0	1657657887765
2250	1135	0	0	0	0	0	0	1657657888785
2249	1135	0	0	0	0	0	0	1657657889805
2249	1135	0	0	0	0	0	0	1657657890825
2248	1135	0	0	0	0	0	0	1657657891845
2248	1135	0	0	0	0	0	0	1657657892865
2248	1135	0	0	0	0	0	0	1657657893885
2248	1135	0	0	0	0	0	0	1657657894905
2247	1135	0	0	0	0	0	0	1657657895925
2247	1135	0	0	0	0	0	0	1657657896945
2247	1135	0	0	0	0	0	0	1657657897965
2246	1135	0	0	0	0	0	0	1657657898985
2246	1135	0	0	0	0	0	0	1657657900005
2246	1135	0	0	0	0	0	0	1657657901025
2246	1135	0	0	0	0	0	0	1657657902045
2246	1135	0	0	0	0	0	0	1657657903065
2246	1135	0	0	0	0	0	0	1657657904085
2246	1135	0	0	0	0	0	0	1657657905105
2246	1135	0	0	0	0	0	0	1657657906125
2246	1135	0	0	0	0	0	0	1657657907145
2246	1135	0	0	0	0	0	0	1657657908165
2246	1135	0	0	0	0	0	0	1657657909185
2246	1135	0	0	0	0	0	0	1657657910205
2246	1135	0	0	0	0	0	0	1657657911225
2246	1135	0	0	0	0	0	0	1657657912245
2246	1135	0	0	0	0	0	0	1657657913265
2246	1135	0	0	0	0	0	0	1657657914285
2246	1135	0	0	0	0	0	0	1657657915305
2246	1135	0	0	0	0	0	0	1657657916325
2246	1135	0	0	0	0	0	0	1657657917345
2246	1135	0	0	0	0	0	0	1657657918365
2246	1135	0	0	0	0	0	0	1657657919385
2246	1135	0	0	0	0	0	0	1657657920405
2246	1135	0	0	0	0	0	0	1657657921425
2246	1135	0	0	0	0	0	0	1657657922445
2246	1135	0	0	0	0	0	0	1657657923465
2246	1135	0	0	0	0	0	0	1657657924485
2246	1133	0	0	0	0	0	0	1657657925505
2246	1134	0	0	0	0	0	0	1657657926525
2246	1134	0	0	0	0	0	0	1657657927545
2246	1134	0	0	0	0	0	0	1657657928565
2246	1134	0	0	0	0	0	0	1657657929585
2246	1134	0	0	0	0	0	0	1657657930605
2246	1134	0	0	0	0	0	0	1657657931625
2246	1134	0	0	0	0	0	0	1657657932645
2246	1135	0	0	0	0	0	0	1657657933665
2246	1135	0	0	0	0	0	0	1657657934685
2247	1135	0	0	0	0	0	0	1657657935705
2247	1135	0	0	0	0	0	0	1657657936725
2247	1135	0	0	0	0	0	0	1657657937745
2247	1135	0	0	0	0	0	0	1657657938765
2247	1135	0	0	0	0	0	0	1657657939785
2247	1135	0	0	0	0	0	0	1657657940805
2247	1135	0	0	0	0	0	0	1657657941825
2247	1135	0	0	0	0	0	0	1657657942845
2247	1135	0	0	0	0	0	0	1657657943865
2247	1135	0	0	0	0	0	0	1657657944885
2247	1135	0	0	0	0	0	0	1657657945905
2246	1135	0	0	0	0	0	0	1657657946925
2246	1135	0	0	0	0	0	0	1657657947945
2246	1135	0	0	0	0	0	0	1657657948965
2246	1135	0	0	0	0	0	0	1657657949985
2246	1135	0	0	0	0	0	0	1657657951005
2246	1135	0	0	0	0	0	0	1657657952025
2246	1135	0	0	0	0	0	0	1657657953045
2246	1135	0	0	0	0	0	0	1657657954065
2246	1135	0	0	0	0	0	0	1657657955085
2246	1135	0	0	0	0	0	0	1657657956105
2246	1135	0	0	0	0	0	0	1657657957125
2246	1135	0	0	0	0	0	0	1657657958145
2245	1135	0	0	0	0	0	0	1657657959165
2245	1135	0	0	0	0	0	0	1657657960185
2245	1135	0	0	0	0	0	0	1657657961205
2245	1135	0	0	0	0	0	0	1657657962225
2244	1135	0	0	0	0	0	0	1657657963245
2243	1135	0	0	0	0	0	0	1657657964265
2242	1134	0	0	0	0	0	0	1657657965285
2241	1134	0	0	0	0	0	0	1657657966305
2241	1134	0	0	0	0	0	0	1657657967325
2241	1134	0	0	0	0	0	0	1657657968345
2240	1134	0	0	0	0	0	0	1657657969365
2240	1134	0	0	0	0	0	0	1657657970385
2239	1134	0	0	0	0	0	0	1657657971405
2238	1134	0	0	0	0	0	0	1657657972425
2236	1134	0	0	0	0	0	0	1657657973445
2235	1134	0	0	0	0	0	0	1657657974465
2235	1134	0	0	0	0	0	0	1657657975485
2233	1134	0	0	0	0	0	0	1657657976505
2232	1134	0	0	0	0	0	0	1657657977525
2230	1134	0	0	0	0	0	0	1657657978545
2227	1134	0	0	0	0	0	0	1657657979565
2225	1134	0	0	0	0	0	0	1657657980585
2226	1134	0	0	0	0	0	0	1657657981605
2226	1134	0	0	0	0	0	0	1657657982625
2225	1134	0	0	0	0	0	0	1657657983645
2224	1133	0	0	0	0	0	0	1657657984665
2222	1132	0	0	0	0	0	0	1657657985685
2221	1133	0	0	0	0	0	0	1657657986705
2220	1134	0	0	0	0	0	0	1657657987725
2220	1134	0	0	0	0	0	0	1657657988745
2219	1134	0	0	0	0	0	0	1657657989765
2219	1133	0	0	0	0	0	0	1657657990785
2219	1133	0	0	0	0	0	0	1657657991805
2219	1132	0	0	0	0	0	0	1657657992825
2219	1132	0	0	0	0	0	0	1657657993845
2219	1133	0	0	0	0	0	0	1657657994865
2219	1132	0	0	0	0	0	0	1657657995885
2219	1132	0	0	0	0	0	0	1657657996905
2219	1132	0	0	0	0	0	0	1657657997925
2219	1131	0	0	0	0	0	0	1657657998945
2219	1131	0	0	0	0	0	0	1657657999965
2219	1131	0	0	0	0	0	0	1657658000985
2218	1131	0	0	0	0	0	0	1657658002005
2218	1132	0	0	0	0	0	0	1657658003025
2218	1133	0	0	0	0	0	0	1657658004045
2218	1133	0	0	0	0	0	0	1657658005065
2218	1132	0	0	0	0	0	0	1657658006085
2218	1132	0	0	0	0	0	0	1657658007105
2218	1132	0	0	0	0	0	0	1657658008125
2218	1131	0	0	0	0	0	0	1657658009145
2218	1130	0	0	0	0	0	0	1657658010165
2218	1129	0	0	0	0	0	0	1657658011185
2218	1130	0	0	0	0	0	0	1657658012205
2218	1131	0	0	0	0	0	0	1657658013225
2218	1130	0	0	0	0	0	0	1657658014245
2218	1128	0	0	0	0	0	0	1657658015265
2218	1129	0	0	0	0	0	0	1657658016285
2218	1128	0	0	0	0	0	0	1657658017305
2218	1129	0	0	0	0	0	0	1657658018325
2218	1127	0	0	0	0	0	0	1657658019345
2218	1126	0	0	0	0	0	0	1657658020365
2218	1125	0	0	0	0	0	0	1657658021385
2218	1123	0	0	0	0	0	0	1657658022405
2218	1123	0	0	0	0	0	0	1657658023425
2218	1122	0	0	0	0	0	0	1657658024445
2219	1124	0	0	0	0	0	0	1657658025465
2219	1125	0	0	0	0	0	0	1657658026485
2219	1126	0	0	0	0	0	0	1657658027505
2219	1125	0	0	0	0	0	0	1657658028525
2219	1124	0	0	0	0	0	0	1657658029545
2219	1122	0	0	0	0	0	0	1657658030565
2219	1122	0	0	0	0	0	0	1657658031585
2219	1120	0	0	0	0	0	0	1657658032605
2219	1120	0	0	0	0	0	0	1657658033625
2219	1120	0	0	0	0	0	0	1657658034645
2219	1118	0	0	0	0	0	0	1657658035665
2219	1117	0	0	0	0	0	0	1657658036685
2219	1119	0	0	0	0	0	0	1657658037705
2219	1119	0	0	0	0	0	0	1657658038725
2219	1120	0	0	0	0	0	0	1657658039745
2219	1121	0	0	0	0	0	0	1657658040765
2219	1120	0	0	0	0	0	0	1657658041785
2219	1121	0	0	0	0	0	0	1657658042805
2219	1120	0	0	0	0	0	0	1657658043825
2219	1122	0	0	0	0	0	0	1657658044845
2219	1122	0	0	0	0	0	0	1657658045865
2219	1122	0	0	0	0	0	0	1657658046885
2219	1121	0	0	0	0	0	0	1657658047905
2219	1119	0	0	0	0	0	0	1657658048925
2219	1118	0	0	0	0	0	0	1657658049945
2219	1116	0	0	0	0	0	0	1657658050965
2219	1117	0	0	0	0	0	0	1657658051985
2219	1117	0	0	0	0	0	0	1657658053005
2219	1117	0	0	0	0	0	0	1657658054025
2219	1115	0	0	0	0	0	0	1657658055045
2219	1114	0	0	0	0	0	0	1657658056065
2219	1114	0	0	0	0	0	0	1657658057085
2219	1115	0	0	0	0	0	0	1657658058105
2219	1117	0	0	0	0	0	0	1657658059125
2219	1117	0	0	0	0	0	0	1657658060145
2219	1117	0	0	0	0	0	0	1657658061165
2219	1115	0	0	0	0	0	0	1657658062185
2219	1115	0	0	0	0	0	0	1657658063205
2219	1116	0	0	0	0	0	0	1657658064225
2219	1116	0	0	0	0	0	0	1657658065245
2219	1116	0	0	0	0	0	0	1657658066265
2219	1116	0	0	0	0	0	0	1657658067285
2219	1116	0	0	0	0	0	0	1657658068305
2218	1117	0	0	0	0	0	0	1657658069325
2218	1115	0	0	0	0	0	0	1657658070345
2218	1114	0	0	0	0	0	0	1657658071365
2218	1114	0	0	0	0	0	0	1657658072385
2218	1113	0	0	0	0	0	0	1657658073405
2218	1112	0	0	0	0	0	0	1657658074425
2218	1113	0	0	0	0	0	0	1657658075445
2218	1113	0	0	0	0	0	0	1657658076465
2218	1113	0	0	0	0	0	0	1657658077485
2218	1112	0	0	0	0	0	0	1657658078505
2218	1111	0	0	0	0	0	0	1657658079525
2218	1110	0	0	0	0	0	0	1657658080545
2218	1109	0	0	0	0	0	0	1657658081565
2219	1109	0	0	0	0	0	0	1657658082585
2219	1111	0	0	0	0	0	0	1657658083605
2219	1111	0	0	0	0	0	0	1657658084625
2219	1111	0	0	0	0	0	0	1657658085645
2219	1111	0	0	0	0	0	0	1657658086665
2219	1110	0	0	0	0	0	0	1657658087685
2219	1109	0	0	0	0	0	0	1657658088705
2219	1110	0	0	0	0	0	0	1657658089725
2219	1110	0	0	0	0	0	0	1657658090745
2219	1109	0	0	0	0	0	0	1657658091765
2219	1109	0	0	0	0	0	0	1657658092785
2219	1109	0	0	0	0	0	0	1657658093805
2219	1109	0	0	0	0	0	0	1657658094825
2219	1109	0	0	0	0	0	0	1657658095845
2219	1109	0	0	0	0	0	0	1657658096865
2219	1109	0	0	0	0	0	0	1657658097885
2219	1109	0	0	0	0	0	0	1657658098905
2219	1109	0	0	0	0	0	0	1657658099925
2219	1109	0	0	0	0	0	0	1657658100945
2219	1108	0	0	0	0	0	0	1657658101965
2219	1108	0	0	0	0	0	0	1657658102985
2219	1108	0	0	0	0	0	0	1657658104005
2219	1108	0	0	0	0	0	0	1657658105025
2219	1108	0	0	0	0	0	0	1657658106045
2219	1108	0	0	0	0	0	0	1657658107065
2219	1108	0	0	0	0	0	0	1657658108085
2218	1107	0	0	0	0	0	0	1657658109105
2218	1107	0	0	0	0	0	0	1657658110125
2218	1107	0	0	0	0	0	0	1657658111145
2218	1107	0	0	0	0	0	0	1657658112165
2218	1107	0	0	0	0	0	0	1657658113185
2218	1108	0	0	0	0	0	0	1657658114205
2218	1108	0	0	0	0	0	0	1657658115225
2218	1108	0	0	0	0	0	0	1657658116245
2218	1108	0	0	0	0	0	0	1657658117265
2218	1108	0	0	0	0	0	0	1657658118285
2217	1108	0	0	0	0	0	0	1657658119305
2217	1107	0	0	0	0	0	0	1657658120325
2217	1107	0	0	0	0	0	0	1657658121345
2217	1107	0	0	0	0	0	0	1657658122365
2217	1107	0	0	0	0	0	0	1657658123385
2216	10664	0	0	0	0	0	0	1657658124405
2215	6841	0	0	0	0	0	0	1657658125425
2216	4548	0	0	0	0	0	0	1657658126445
2215	3172	0	0	0	0	0	0	1657658127465
2215	2347	0	0	0	0	0	0	1657658128485
2214	1851	0	0	0	0	0	0	1657658129505
2212	1553	0	0	0	0	0	0	1657658130525
2211	1375	0	0	0	0	0	0	1657658131545
2212	1268	0	0	0	0	0	0	1657658132565
2210	1204	0	0	0	0	0	0	1657658133585
2209	1165	0	0	0	0	0	0	1657658134605
2209	1142	0	0	0	0	0	0	1657658135625
2207	1128	0	0	0	0	0	0	1657658136645
2205	1120	0	0	0	0	0	0	1657658137665
2206	1115	0	0	0	0	0	0	1657658138685
2204	1112	0	0	0	0	0	0	1657658139705
2203	1110	0	0	0	0	0	0	1657658140725
2203	1109	0	0	0	0	0	0	1657658141745
2202	1108	0	0	0	0	0	0	1657658142765
2202	1108	0	0	0	0	0	0	1657658143785
2201	1108	0	0	0	0	0	0	1657658144805
2199	1108	0	0	0	0	0	0	1657658145825
2199	1108	0	0	0	0	0	0	1657658146845
2197	1108	0	0	0	0	0	0	1657658147865
2196	1107	0	0	0	0	0	0	1657658148885
2196	1107	0	0	0	0	0	0	1657658149905
2195	1107	0	0	0	0	0	0	1657658150925
2195	1107	0	0	0	0	0	0	1657658151945
2195	1107	0	0	0	0	0	0	1657658152965
2194	1107	0	0	0	0	0	0	1657658153985
2194	1107	0	0	0	0	0	0	1657658155005
2194	1107	0	0	0	0	0	0	1657658156025
2193	1107	0	0	0	0	0	0	1657658157045
2194	1107	0	0	0	0	0	0	1657658158065
2193	1107	0	0	0	0	0	0	1657658159085
2192	1107	0	0	0	0	0	0	1657658160105
2192	1107	0	0	0	0	0	0	1657658161125
2192	1107	0	0	0	0	0	0	1657658162145
2192	1107	0	0	0	0	0	0	1657658163165
2191	1107	0	0	0	0	0	0	1657658164185
2191	1107	0	0	0	0	0	0	1657658165205
2191	1107	0	0	0	0	0	0	1657658166225
2191	1107	0	0	0	0	0	0	1657658167245
2190	1107	0	0	0	0	0	0	1657658168265
2190	1107	0	0	0	0	0	0	1657658169285
2190	1107	0	0	0	0	0	0	1657658170305
2191	1107	0	0	0	0	0	0	1657658171325
2191	1107	0	0	0	0	0	0	1657658172345
2191	1107	0	0	0	0	0	0	1657658173365
2191	1107	0	0	0	0	0	0	1657658174385
2191	1107	0	0	0	0	0	0	1657658175405
2191	1107	0	0	0	0	0	0	1657658176425
2191	1107	0	0	0	0	0	0	1657658177445
2190	1107	0	0	0	0	0	0	1657658178465
2190	1107	0	0	0	0	0	0	1657658179485
2190	1107	0	0	0	0	0	0	1657658180505
2190	1107	0	0	0	0	0	0	1657658181525
2190	1107	0	0	0	0	0	0	1657658182545
2190	1107	0	0	0	0	0	0	1657658183565
2190	1107	0	0	0	0	0	0	1657658184585
2190	1107	0	0	0	0	0	0	1657658185605
2190	1107	0	0	0	0	0	0	1657658186625
2190	1107	0	0	0	0	0	0	1657658187645
2190	1107	0	0	0	0	0	0	1657658188665
2190	1107	0	0	0	0	0	0	1657658189685
2190	1107	0	0	0	0	0	0	1657658190705
2190	1107	0	0	0	0	0	0	1657658191725
2190	1107	0	0	0	0	0	0	1657658192745
2190	1107	0	0	0	0	0	0	1657658193765
2190	1107	0	0	0	0	0	0	1657658194785
2190	1107	0	0	0	0	0	0	1657658195805
2191	1107	0	0	0	0	0	0	1657658196825
2191	1107	0	0	0	0	0	0	1657658197845
2191	1107	0	0	0	0	0	0	1657658198865
2191	1116	0	0	0	0	0	0	1657658199885
2191	1124	0	0	0	0	0	0	1657658200905
2191	1128	0	0	0	0	0	0	1657658201925
2191	1131	0	0	0	0	0	0	1657658202945
2191	1132	0	0	0	0	0	0	1657658203965
2190	1133	0	0	0	0	0	0	1657658204985
2190	1134	0	0	0	0	0	0	1657658206005
2190	1134	0	0	0	0	0	0	1657658207025
2190	1134	0	0	0	0	0	0	1657658208045
2190	1134	0	0	0	0	0	0	1657658209065
2190	1134	0	0	0	0	0	0	1657658210085
2190	1134	0	0	0	0	0	0	1657658211105
2190	1134	0	0	0	0	0	0	1657658212125
2190	1134	0	0	0	0	0	0	1657658213145
2190	1133	0	0	0	0	0	0	1657658214165
2191	1134	0	0	0	0	0	0	1657658215185
2191	1134	0	0	0	0	0	0	1657658216205
2191	1134	0	0	0	0	0	0	1657658217225
2191	1134	0	0	0	0	0	0	1657658218245
2191	1134	0	0	0	0	0	0	1657658219265
2191	1134	0	0	0	0	0	0	1657658220285
2191	1134	0	0	0	0	0	0	1657658221305
2191	1134	0	0	0	0	0	0	1657658222325
2191	1134	0	0	0	0	0	0	1657658223345
2191	1134	0	0	0	0	0	0	1657658224365
2191	1134	0	0	0	0	0	0	1657658225385
2191	1134	0	0	0	0	0	0	1657658226405
2191	1134	0	0	0	0	0	0	1657658227425
2191	1134	0	0	0	0	0	0	1657658228445
2191	1134	0	0	0	0	0	0	1657658229465
2191	1134	0	0	0	0	0	0	1657658230485
2191	1134	0	0	0	0	0	0	1657658231505
2191	1135	0	0	0	0	0	0	1657658232525
2191	1135	0	0	0	0	0	0	1657658233545
2191	1135	0	0	0	0	0	0	1657658234565
2191	1135	0	0	0	0	0	0	1657658235585
2191	1135	0	0	0	0	0	0	1657658236605
2191	1134	0	0	0	0	0	0	1657658237625
2191	1134	0	0	0	0	0	0	1657658238645
2191	1134	0	0	0	0	0	0	1657658239665
2191	1134	0	0	0	0	0	0	1657658240685
2191	1134	0	0	0	0	0	0	1657658241705
2191	1134	0	0	0	0	0	0	1657658242725
2191	1134	0	0	0	0	0	0	1657658243745
2191	1135	0	0	0	0	0	0	1657658244765
2191	1134	0	0	0	0	0	0	1657658245785
2191	1134	0	0	0	0	0	0	1657658246805
2191	1134	0	0	0	0	0	0	1657658247825
2191	1134	0	0	0	0	0	0	1657658248845
2191	1134	0	0	0	0	0	0	1657658249865
2191	1134	0	0	0	0	0	0	1657658250885
2191	1134	0	0	0	0	0	0	1657658251905
2191	1134	0	0	0	0	0	0	1657658252925
2191	1134	0	0	0	0	0	0	1657658253945
2191	1134	0	0	0	0	0	0	1657658254965
2191	1134	0	0	0	0	0	0	1657658255985
2191	1134	0	0	0	0	0	0	1657658257005
2191	1135	0	0	0	0	0	0	1657658258025
2191	1135	0	0	0	0	0	0	1657658259045
2191	1134	0	0	0	0	0	0	1657658260065
2191	1132	0	0	0	0	0	0	1657658261085
2191	1131	0	0	0	0	0	0	1657658262105
2191	1132	0	0	0	0	0	0	1657658263125
2191	1132	0	0	0	0	0	0	1657658264145
2191	1133	0	0	0	0	0	0	1657658265165
2191	1134	0	0	0	0	0	0	1657658266185
2191	1134	0	0	0	0	0	0	1657658267205
2191	1135	0	0	0	0	0	0	1657658268225
2191	1134	0	0	0	0	0	0	1657658269245
2191	1134	0	0	0	0	0	0	1657658270265
2191	1134	0	0	0	0	0	0	1657658271285
2191	1134	0	0	0	0	0	0	1657658272305
2191	1134	0	0	0	0	0	0	1657658273325
2191	1134	0	0	0	0	0	0	1657658274345
2191	1134	0	0	0	0	0	0	1657658275365
2191	1134	0	0	0	0	0	0	1657658276385
2191	1134	0	0	0	0	0	0	1657658277405
2191	1134	0	0	0	0	0	0	1657658278425
2191	1134	0	0	0	0	0	0	1657658279445
2191	1134	0	0	0	0	0	0	1657658280465
2191	1134	0	0	0	0	0	0	1657658281485
2191	1134	0	0	0	0	0	0	1657658282505
2191	1134	0	0	0	0	0	0	1657658283525
2191	1135	0	0	0	0	0	0	1657658284545
2191	1135	0	0	0	0	0	0	1657658285565
2191	1135	0	0	0	0	0	0	1657658286585
2191	1135	0	0	0	0	0	0	1657658287605
2191	1135	0	0	0	0	0	0	1657658288625
2191	1135	0	0	0	0	0	0	1657658289645
2191	1135	0	0	0	0	0	0	1657658290665
2191	1135	0	0	0	0	0	0	1657658291685
2191	1135	0	0	0	0	0	0	1657658292705
2191	1135	0	0	0	0	0	0	1657658293725
2191	1135	0	0	0	0	0	0	1657658294745
2191	1135	0	0	0	0	0	0	1657658295765
2191	1135	0	0	0	0	0	0	1657658296785
2191	1135	0	0	0	0	0	0	1657658297805
2191	1135	0	0	0	0	0	0	1657658298825
2191	1134	0	0	0	0	0	0	1657658299845
2191	1134	0	0	0	0	0	0	1657658300865
2191	1134	0	0	0	0	0	0	1657658301885
2191	1135	0	0	0	0	0	0	1657658302905
2191	1135	0	0	0	0	0	0	1657658303925
2191	1135	0	0	0	0	0	0	1657658304945
2190	1135	0	0	0	0	0	0	1657658305965
2190	1135	0	0	0	0	0	0	1657658306985
2190	1135	0	0	0	0	0	0	1657658308005
2190	1135	0	0	0	0	0	0	1657658309025
2190	1135	0	0	0	0	0	0	1657658310045
2190	1135	0	0	0	0	0	0	1657658311065
2190	1135	0	0	0	0	0	0	1657658312085
2190	1135	0	0	0	0	0	0	1657658313105
2190	1135	0	0	0	0	0	0	1657658314125
2190	1135	0	0	0	0	0	0	1657658315145
2190	1135	0	0	0	0	0	0	1657658316165
2190	1135	0	0	0	0	0	0	1657658317185
2190	1135	0	0	0	0	0	0	1657658318205
2190	1135	0	0	0	0	0	0	1657658319225
2190	1135	0	0	0	0	0	0	1657658320245
2190	1135	0	0	0	0	0	0	1657658321265
2190	1135	0	0	0	0	0	0	1657658322285
2190	1135	0	0	0	0	0	0	1657658323305
2190	1135	0	0	0	0	0	0	1657658324325
2190	1135	0	0	0	0	0	0	1657658325345
2190	1134	0	0	0	0	0	0	1657658326365
2190	1133	0	0	0	0	0	0	1657658327385
2190	1133	0	0	0	0	0	0	1657658328405
2190	1132	0	0	0	0	0	0	1657658329425
2190	1132	0	0	0	0	0	0	1657658330445
2190	1130	0	0	0	0	0	0	1657658331465
2190	1131	0	0	0	0	0	0	1657658332485
2190	1132	0	0	0	0	0	0	1657658333505
2190	1131	0	0	0	0	0	0	1657658334525
2190	1129	0	0	0	0	0	0	1657658335545
2190	1131	0	0	0	0	0	0	1657658336565
2190	1133	0	0	0	0	0	0	1657658337585
2190	1133	0	0	0	0	0	0	1657658338605
2190	1134	0	0	0	0	0	0	1657658339625
2190	1134	0	0	0	0	0	0	1657658340645
2190	1134	0	0	0	0	0	0	1657658341665
2190	1134	0	0	0	0	0	0	1657658342685
2190	1134	0	0	0	0	0	0	1657658343705
2190	1134	0	0	0	0	0	0	1657658344725
2190	1134	0	0	0	0	0	0	1657658345745
2190	1134	0	0	0	0	0	0	1657658346765
2190	1134	0	0	0	0	0	0	1657658347785
2190	1134	0	0	0	0	0	0	1657658348805
2190	1134	0	0	0	0	0	0	1657658349825
2190	1134	0	0	0	0	0	0	1657658350845
2190	1133	0	0	0	0	0	0	1657658351865
2189	1133	0	0	0	0	0	0	1657658352885
2190	1133	0	0	0	0	0	0	1657658353905
2190	1133	0	0	0	0	0	0	1657658354925
2189	1133	0	0	0	0	0	0	1657658355945
2189	1134	0	0	0	0	0	0	1657658356965
2189	1133	0	0	0	0	0	0	1657658357985
2189	1134	0	0	0	0	0	0	1657658359005
2189	1132	0	0	0	0	0	0	1657658360025
2189	1132	0	0	0	0	0	0	1657658361045
2189	1132	0	0	0	0	0	0	1657658362065
2189	1131	0	0	0	0	0	0	1657658363085
11313	1131	0	0	0	0	0	0	1657658364105
7664	1130	0	0	0	0	0	0	1657658365125
5473	1129	0	0	0	0	0	0	1657658366145
4160	1128	0	0	0	0	0	0	1657658367165
3371	1131	0	0	0	0	0	0	1657658368185
2897	1131	0	0	0	0	0	0	1657658369205
2614	1130	0	0	0	0	0	0	1657658370225
2443	1130	0	0	0	0	0	0	1657658371245
2341	1129	0	0	0	0	0	0	1657658372265
2280	1130	0	0	0	0	0	0	1657658373285
2244	1130	0	0	0	0	0	0	1657658374305
2221	1128	0	0	0	0	0	0	1657658375325
2207	1127	0	0	0	0	0	0	1657658376345
2199	1126	0	0	0	0	0	0	1657658377365
2195	1128	0	0	0	0	0	0	1657658378385
2193	1129	0	0	0	0	0	0	1657658379405
2191	1129	0	0	0	0	0	0	1657658380425
2190	1127	0	0	0	0	0	0	1657658381445
2190	1124	0	0	0	0	0	0	1657658382465
2188	1122	0	0	0	0	0	0	1657658383485
2189	1121	0	0	0	0	0	0	1657658384505
2188	10672	0	0	0	0	0	0	1657658385525
2187	6855	0	0	0	0	0	0	1657658386545
2187	4564	0	0	0	0	0	0	1657658387565
2187	3189	0	0	0	0	0	0	1657658388585
2187	2364	0	0	0	0	0	0	1657658389605
2187	1868	0	0	0	0	0	0	1657658390625
2185	1570	0	0	0	0	0	0	1657658391645
2185	1392	0	0	0	0	0	0	1657658392665
2185	1285	0	0	0	0	0	0	1657658393685
2184	1219	0	0	0	0	0	0	1657658394705
2184	1184	0	0	0	0	0	0	1657658395725
2185	1161	0	0	0	0	0	0	1657658396745
2184	1145	0	0	0	0	0	0	1657658397765
2186	1132	0	0	0	0	0	0	1657658398785
2185	1127	0	0	0	0	0	0	1657658399805
2185	1124	0	0	0	0	0	0	1657658400825
2184	1121	0	0	0	0	0	0	1657658401845
2184	1120	0	0	0	0	0	0	1657658402865
2184	1120	0	0	0	0	0	0	1657658403885
2184	1118	0	0	0	0	0	0	1657658404905
2184	1117	0	0	0	0	0	0	1657658405925
2184	1117	0	0	0	0	0	0	1657658406945
2183	1116	0	0	0	0	0	0	1657658407965
2183	1117	0	0	0	0	0	0	1657658408985
2181	1118	0	0	0	0	0	0	1657658410005
2180	1119	0	0	0	0	0	0	1657658411025
2180	1118	0	0	0	0	0	0	1657658412045
2180	1119	0	0	0	0	0	0	1657658413065
2179	1119	0	0	0	0	0	0	1657658414085
2180	1118	0	0	0	0	0	0	1657658415105
2180	1118	0	0	0	0	0	0	1657658416125
2180	1116	0	0	0	0	0	0	1657658417145
2180	1116	0	0	0	0	0	0	1657658418165
2180	1116	0	0	0	0	0	0	1657658419185
2180	1116	0	0	0	0	0	0	1657658420205
2179	1117	0	0	0	0	0	0	1657658421225
2177	1115	0	0	0	0	0	0	1657658422245
2176	1114	0	0	0	0	0	0	1657658423265
2174	1114	0	0	0	0	0	0	1657658424285
2172	1114	0	0	0	0	0	0	1657658425305
2171	1114	0	0	0	0	0	0	1657658426325
2171	1113	0	0	0	0	0	0	1657658427345
2169	1112	0	0	0	0	0	0	1657658428365
2168	1110	0	0	0	0	0	0	1657658429385
2168	1111	0	0	0	0	0	0	1657658430405
2167	1111	0	0	0	0	0	0	1657658431425
2167	1111	0	0	0	0	0	0	1657658432445
2166	1110	0	0	0	0	0	0	1657658433465
2167	1109	0	0	0	0	0	0	1657658434485
2169	1109	0	0	0	0	0	0	1657658435505
2168	1108	0	0	0	0	0	0	1657658436525
2168	1108	0	0	0	0	0	0	1657658437545
2169	1108	0	0	0	0	0	0	1657658438565
2169	1108	0	0	0	0	0	0	1657658439585
2168	1108	0	0	0	0	0	0	1657658440605
2168	1108	0	0	0	0	0	0	1657658441625
2167	1108	0	0	0	0	0	0	1657658442645
2167	1108	0	0	0	0	0	0	1657658443665
2167	1108	0	0	0	0	0	0	1657658444685
2167	1108	0	0	0	0	0	0	1657658445705
2166	1107	0	0	0	0	0	0	1657658446725
2167	1107	0	0	0	0	0	0	1657658447745
2166	1107	0	0	0	0	0	0	1657658448765
2166	1107	0	0	0	0	0	0	1657658449785
2166	1107	0	0	0	0	0	0	1657658450805
2165	1107	0	0	0	0	0	0	1657658451825
2165	1107	0	0	0	0	0	0	1657658452845
2166	1107	0	0	0	0	0	0	1657658453865
2168	1107	0	0	0	0	0	0	1657658454885
2167	1107	0	0	0	0	0	0	1657658455905
2168	1107	0	0	0	0	0	0	1657658456925
2167	1107	0	0	0	0	0	0	1657658457945
2166	1108	0	0	0	0	0	0	1657658458965
2167	1108	0	0	0	0	0	0	1657658459985
2167	1108	0	0	0	0	0	0	1657658461005
2167	1108	0	0	0	0	0	0	1657658462025
2167	1108	0	0	0	0	0	0	1657658463045
2169	1108	0	0	0	0	0	0	1657658464065
2169	1109	0	0	0	0	0	0	1657658465085
2167	1109	0	0	0	0	0	0	1657658466105
2166	1108	0	0	0	0	0	0	1657658467125
2167	1109	0	0	0	0	0	0	1657658468145
2167	1109	0	0	0	0	0	0	1657658469165
2167	1109	0	0	0	0	0	0	1657658470185
2166	1108	0	0	0	0	0	0	1657658471205
2165	1108	0	0	0	0	0	0	1657658472225
2165	1108	0	0	0	0	0	0	1657658473245
2165	1108	0	0	0	0	0	0	1657658474265
2164	1108	0	0	0	0	0	0	1657658475285
2164	1108	0	0	0	0	0	0	1657658476305
2164	1108	0	0	0	0	0	0	1657658477325
2164	1108	0	0	0	0	0	0	1657658478345
2164	1108	0	0	0	0	0	0	1657658479365
2164	1108	0	0	0	0	0	0	1657658480385
2163	1108	0	0	0	0	0	0	1657658481405
2164	1108	0	0	0	0	0	0	1657658482425
2164	1108	0	0	0	0	0	0	1657658483445
2164	1107	0	0	0	0	0	0	1657658484465
2164	1107	0	0	0	0	0	0	1657658485485
2164	1107	0	0	0	0	0	0	1657658486505
2163	1107	0	0	0	0	0	0	1657658487525
2163	1107	0	0	0	0	0	0	1657658488545
2163	1107	0	0	0	0	0	0	1657658489565
2163	1107	0	0	0	0	0	0	1657658490585
2163	1108	0	0	0	0	0	0	1657658491605
2163	1108	0	0	0	0	0	0	1657658492625
2164	1108	0	0	0	0	0	0	1657658493645
2164	1108	0	0	0	0	0	0	1657658494665
2163	1108	0	0	0	0	0	0	1657658495685
2164	1109	0	0	0	0	0	0	1657658496705
2164	1110	0	0	0	0	0	0	1657658497725
2164	1110	0	0	0	0	0	0	1657658498745
2164	1109	0	0	0	0	0	0	1657658499765
2164	1108	0	0	0	0	0	0	1657658500785
2163	1108	0	0	0	0	0	0	1657658501805
2163	1108	0	0	0	0	0	0	1657658502825
2163	1108	0	0	0	0	0	0	1657658503845
2163	1108	0	0	0	0	0	0	1657658504865
2163	1107	0	0	0	0	0	0	1657658505885
2163	1107	0	0	0	0	0	0	1657658506905
2163	1107	0	0	0	0	0	0	1657658507925
2163	1107	0	0	0	0	0	0	1657658508945
2163	1107	0	0	0	0	0	0	1657658509965
2163	1107	0	0	0	0	0	0	1657658510985
2163	1107	0	0	0	0	0	0	1657658512005
2163	1107	0	0	0	0	0	0	1657658513025
2163	1107	0	0	0	0	0	0	1657658514045
2163	1107	0	0	0	0	0	0	1657658515065
2163	1107	0	0	0	0	0	0	1657658516085
2163	1107	0	0	0	0	0	0	1657658517105
2163	1107	0	0	0	0	0	0	1657658518125
2163	1107	0	0	0	0	0	0	1657658519145
2163	1107	0	0	0	0	0	0	1657658520165
2163	1107	0	0	0	0	0	0	1657658521185
