2033	979	0	0	0	0	0	0	1660065229096
2027	969	0	0	0	0	0	0	1660065230116
2015	957	0	0	0	0	0	0	1660065231136
2006	947	0	0	0	0	0	0	1660065232156
2001	933	0	0	0	0	0	0	1660065233176
1998	925	0	0	0	0	0	0	1660065234196
1995	913	0	0	0	0	0	0	1660065235216
1985	902	0	0	0	0	0	0	1660065236236
1977	895	0	0	0	0	0	0	1660065237256
1973	890	0	0	0	0	0	0	1660065238276
1970	878	0	0	0	0	0	0	1660065239296
1968	870	0	0	0	0	0	0	1660065240316
1967	865	0	0	0	0	0	0	1660065241336
1966	862	0	0	0	0	0	0	1660065242356
1966	860	0	0	0	0	0	0	1660065243376
1963	856	0	0	0	0	0	0	1660065244396
1957	845	0	0	0	0	0	0	1660065245416
1949	839	0	0	0	0	0	0	1660065246436
1944	835	0	0	0	0	0	0	1660065247456
1942	833	0	0	0	0	0	0	1660065248476
1940	831	0	0	0	0	0	0	1660065249496
1939	830	0	0	0	0	0	0	1660065250516
1939	830	0	0	0	0	0	0	1660065251536
1939	829	0	0	0	0	0	0	1660065252556
1938	827	0	0	0	0	0	0	1660065253576
1938	819	0	0	0	0	0	0	1660065254596
1938	812	0	0	0	0	0	0	1660065255616
1938	808	0	0	0	0	0	0	1660065256636
1938	805	0	0	0	0	0	0	1660065257656
1938	803	0	0	0	0	0	0	1660065258676
1937	802	0	0	0	0	0	0	1660065259696
1936	802	0	0	0	0	0	0	1660065260716
1931	802	0	0	0	0	0	0	1660065261736
1924	802	0	0	0	0	0	0	1660065262756
1918	802	0	0	0	0	0	0	1660065263776
1915	802	0	0	0	0	0	0	1660065264796
1913	802	0	0	0	0	0	0	1660065265816
1912	800	0	0	0	0	0	0	1660065266836
1911	797	0	0	0	0	0	0	1660065267856
1911	790	0	0	0	0	0	0	1660065268876
1911	784	0	0	0	0	0	0	1660065269896
1911	780	0	0	0	0	0	0	1660065270916
1910	777	0	0	0	0	0	0	1660065271936
1910	776	0	0	0	0	0	0	1660065272956
1910	775	0	0	0	0	0	0	1660065273976
1910	774	0	0	0	0	0	0	1660065274996
1910	774	0	0	0	0	0	0	1660065276016
1910	774	0	0	0	0	0	0	1660065277036
1910	774	0	0	0	0	0	0	1660065278056
1910	774	0	0	0	0	0	0	1660065279076
1910	774	0	0	0	0	0	0	1660065280096
1910	774	0	0	0	0	0	0	1660065281116
1910	774	0	0	0	0	0	0	1660065282136
1910	774	0	0	0	0	0	0	1660065283156
1910	774	0	0	0	0	0	0	1660065284176
1910	774	0	0	0	0	0	0	1660065285196
1910	774	0	0	0	0	0	0	1660065286216
1908	773	0	0	0	0	0	0	1660065287236
1904	773	0	0	0	0	0	0	1660065288256
1900	772	0	0	0	0	0	0	1660065289276
1895	768	0	0	0	0	0	0	1660065290296
1891	766	0	0	0	0	0	0	1660065291316
1888	761	0	0	0	0	0	0	1660065292336
1886	757	0	0	0	0	0	0	1660065293356
1884	753	0	0	0	0	0	0	1660065294376
1883	751	0	0	0	0	0	0	1660065295396
1883	749	0	0	0	0	0	0	1660065296416
1882	748	0	0	0	0	0	0	1660065297436
1882	747	0	0	0	0	0	0	1660065298456
1882	747	0	0	0	0	0	0	1660065299476
1882	747	0	0	0	0	0	0	1660065300496
1882	746	0	0	0	0	0	0	1660065301516
1882	746	0	0	0	0	0	0	1660065302536
1882	746	0	0	0	0	0	0	1660065303556
1882	746	0	0	0	0	0	0	1660065304576
1882	746	0	0	0	0	0	0	1660065305596
1882	746	0	0	0	0	0	0	1660065306616
1882	746	0	0	0	0	0	0	1660065307636
1882	746	0	0	0	0	0	0	1660065308656
1882	746	0	0	0	0	0	0	1660065309676
1882	746	0	0	0	0	0	0	1660065310696
1882	746	0	0	0	0	0	0	1660065311716
1882	746	0	0	0	0	0	0	1660065312736
1882	746	0	0	0	0	0	0	1660065313756
1882	746	0	0	0	0	0	0	1660065314776
1882	746	0	0	0	0	0	0	1660065315796
1882	746	0	0	0	0	0	0	1660065316816
1882	746	0	0	0	0	0	0	1660065317836
1882	746	0	0	0	0	0	0	1660065318856
1882	746	0	0	0	0	0	0	1660065319876
1882	746	0	0	0	0	0	0	1660065320896
1882	746	0	0	0	0	0	0	1660065321916
1882	746	0	0	0	0	0	0	1660065322936
1882	746	0	0	0	0	0	0	1660065323956
1882	746	0	0	0	0	0	0	1660065324976
1882	746	0	0	0	0	0	0	1660065325996
1881	746	0	0	0	0	0	0	1660065327016
1880	745	0	0	0	0	0	0	1660065328036
1880	744	0	0	0	0	0	0	1660065329056
1880	742	0	0	0	0	0	0	1660065330076
1879	741	0	0	0	0	0	0	1660065331096
1876	739	0	0	0	0	0	0	1660065332116
1875	736	0	0	0	0	0	0	1660065333136
1872	733	0	0	0	0	0	0	1660065334156
1869	728	0	0	0	0	0	0	1660065335176
1866	725	0	0	0	0	0	0	1660065336196
1862	724	0	0	0	0	0	0	1660065337216
1859	721	0	0	0	0	0	0	1660065338236
1857	720	0	0	0	0	0	0	1660065339256
1856	719	0	0	0	0	0	0	1660065340276
1855	718	0	0	0	0	0	0	1660065341296
1854	718	0	0	0	0	0	0	1660065342316
1854	718	0	0	0	0	0	0	1660065343336
1854	718	0	0	0	0	0	0	1660065344356
1854	718	0	0	0	0	0	0	1660065345376
1854	718	0	0	0	0	0	0	1660065346396
1854	718	0	0	0	0	0	0	1660065347416
1854	718	0	0	0	0	0	0	1660065348436
1854	718	0	0	0	0	0	0	1660065349456
1854	718	0	0	0	0	0	0	1660065350476
1854	718	0	0	0	0	0	0	1660065351496
1854	718	0	0	0	0	0	0	1660065352516
1854	718	0	0	0	0	0	0	1660065353536
1854	718	0	0	0	0	0	0	1660065354556
1854	718	0	0	0	0	0	0	1660065355576
1854	718	0	0	0	0	0	0	1660065356596
1854	718	0	0	0	0	0	0	1660065357616
1854	718	0	0	0	0	0	0	1660065358636
1854	718	0	0	0	0	0	0	1660065359656
1854	718	0	0	0	0	0	0	1660065360676
1854	718	0	0	0	0	0	0	1660065361696
1854	718	0	0	0	0	0	0	1660065362716
1854	718	0	0	0	0	0	0	1660065363736
1854	718	0	0	0	0	0	0	1660065364756
1854	718	0	0	0	0	0	0	1660065365776
1854	718	0	0	0	0	0	0	1660065366796
1854	718	0	0	0	0	0	0	1660065367816
1854	718	0	0	0	0	0	0	1660065368836
1854	718	0	0	0	0	0	0	1660065369856
1854	718	0	0	0	0	0	0	1660065370876
1854	718	0	0	0	0	0	0	1660065371896
1854	718	0	0	0	0	0	0	1660065372916
1854	718	0	0	0	0	0	0	1660065373936
1854	718	0	0	0	0	0	0	1660065374956
1854	718	0	0	0	0	0	0	1660065375976
1854	718	0	0	0	0	0	0	1660065376996
1854	718	0	0	0	0	0	0	1660065378016
1854	718	0	0	0	0	0	0	1660065379036
1854	718	0	0	0	0	0	0	1660065380056
1854	718	0	0	0	0	0	0	1660065381076
1854	718	0	0	0	0	0	0	1660065382096
1854	718	0	0	0	0	0	0	1660065383116
1853	718	0	0	0	0	0	0	1660065384136
1853	718	0	0	0	0	0	0	1660065385156
1853	718	0	0	0	0	0	0	1660065386176
1853	718	0	0	0	0	0	0	1660065387196
1850	718	0	0	0	0	0	0	1660065388216
1849	718	0	0	0	0	0	0	1660065389236
1847	718	0	0	0	0	0	0	1660065390256
1846	718	0	0	0	0	0	0	1660065391276
1843	718	0	0	0	0	0	0	1660065392296
1840	718	0	0	0	0	0	0	1660065393316
1836	718	0	0	0	0	0	0	1660065394336
1833	718	0	0	0	0	0	0	1660065395356
1831	718	0	0	0	0	0	0	1660065396376
1829	718	0	0	0	0	0	0	1660065397396
1828	718	0	0	0	0	0	0	1660065398416
1827	718	0	0	0	0	0	0	1660065399436
1827	718	0	0	0	0	0	0	1660065400456
1826	718	0	0	0	0	0	0	1660065401476
1826	718	0	0	0	0	0	0	1660065402496
1826	718	0	0	0	0	0	0	1660065403516
1826	718	0	0	0	0	0	0	1660065404536
1826	718	0	0	0	0	0	0	1660065405556
1826	718	0	0	0	0	0	0	1660065406576
1826	718	0	0	0	0	0	0	1660065407596
1826	718	0	0	0	0	0	0	1660065408616
1826	718	0	0	0	0	0	0	1660065409636
1826	718	0	0	0	0	0	0	1660065410656
1826	718	0	0	0	0	0	0	1660065411676
1826	717	0	0	0	0	0	0	1660065412696
1826	717	0	0	0	0	0	0	1660065413716
1826	715	0	0	0	0	0	0	1660065414736
1826	715	0	0	0	0	0	0	1660065415756
1826	715	0	0	0	0	0	0	1660065416776
1826	715	0	0	0	0	0	0	1660065417796
1826	713	0	0	0	0	0	0	1660065418816
1826	712	0	0	0	0	0	0	1660065419836
1826	710	0	0	0	0	0	0	1660065420856
1826	711	0	0	0	0	0	0	1660065421876
1826	709	0	0	0	0	0	0	1660065422896
1826	708	0	0	0	0	0	0	1660065423916
1826	706	0	0	0	0	0	0	1660065424936
1826	705	0	0	0	0	0	0	1660065425956
1826	702	0	0	0	0	0	0	1660065426976
1826	701	0	0	0	0	0	0	1660065427996
1826	699	0	0	0	0	0	0	1660065429016
1826	699	0	0	0	0	0	0	1660065430036
1826	699	0	0	0	0	0	0	1660065431056
1826	698	0	0	0	0	0	0	1660065432076
1826	695	0	0	0	0	0	0	1660065433096
1826	695	0	0	0	0	0	0	1660065434116
1826	694	0	0	0	0	0	0	1660065435136
1826	695	0	0	0	0	0	0	1660065436156
1826	694	0	0	0	0	0	0	1660065437176
1826	693	0	0	0	0	0	0	1660065438196
1826	693	0	0	0	0	0	0	1660065439216
1826	692	0	0	0	0	0	0	1660065440236
1826	691	0	0	0	0	0	0	1660065441256
1826	692	0	0	0	0	0	0	1660065442276
1826	691	0	0	0	0	0	0	1660065443296
1826	691	0	0	0	0	0	0	1660065444316
1825	691	0	0	0	0	0	0	1660065445336
1825	691	0	0	0	0	0	0	1660065446356
1823	691	0	0	0	0	0	0	1660065447376
1822	691	0	0	0	0	0	0	1660065448396
1821	691	0	0	0	0	0	0	1660065449416
1818	691	0	0	0	0	0	0	1660065450436
1816	691	0	0	0	0	0	0	1660065451456
1812	691	0	0	0	0	0	0	1660065452476
1810	691	0	0	0	0	0	0	1660065453496
1808	691	0	0	0	0	0	0	1660065454516
1805	691	0	0	0	0	0	0	1660065455536
1804	691	0	0	0	0	0	0	1660065456556
1802	691	0	0	0	0	0	0	1660065457576
1801	691	0	0	0	0	0	0	1660065458596
1800	691	0	0	0	0	0	0	1660065459616
1800	691	0	0	0	0	0	0	1660065460636
1800	691	0	0	0	0	0	0	1660065461656
1799	691	0	0	0	0	0	0	1660065462676
1812	691	0	0	0	0	0	0	1660065463696
1807	691	0	0	0	0	0	0	1660065464716
1803	691	0	0	0	0	0	0	1660065465736
1801	691	0	0	0	0	0	0	1660065466756
1800	691	0	0	0	0	0	0	1660065467776
1799	691	0	0	0	0	0	0	1660065468796
1799	691	0	0	0	0	0	0	1660065469816
1798	691	0	0	0	0	0	0	1660065470836
1798	691	0	0	0	0	0	0	1660065471856
1798	691	0	0	0	0	0	0	1660065472876
1798	691	0	0	0	0	0	0	1660065473896
1798	691	0	0	0	0	0	0	1660065474916
1798	691	0	0	0	0	0	0	1660065475936
1798	691	0	0	0	0	0	0	1660065476956
1798	691	0	0	0	0	0	0	1660065477976
1798	691	0	0	0	0	0	0	1660065478996
1798	691	0	0	0	0	0	0	1660065480016
1798	691	0	0	0	0	0	0	1660065481036
1798	691	0	0	0	0	0	0	1660065482056
1798	691	0	0	0	0	0	0	1660065483076
1798	691	0	0	0	0	0	0	1660065484096
1798	691	0	0	0	0	0	0	1660065485116
1798	691	0	0	0	0	0	0	1660065486136
1798	691	0	0	0	0	0	0	1660065487156
1798	691	0	0	0	0	0	0	1660065488176
1798	691	0	0	0	0	0	0	1660065489196
1798	691	0	0	0	0	0	0	1660065490216
1798	691	0	0	0	0	0	0	1660065491236
1798	691	0	0	0	0	0	0	1660065492256
1798	691	0	0	0	0	0	0	1660065493276
1798	691	0	0	0	0	0	0	1660065494296
1798	691	0	0	0	0	0	0	1660065495316
1798	691	0	0	0	0	0	0	1660065496336
1798	691	0	0	0	0	0	0	1660065497356
1798	691	0	0	0	0	0	0	1660065498376
1798	691	0	0	0	0	0	0	1660065499396
1798	691	0	0	0	0	0	0	1660065500416
1798	691	0	0	0	0	0	0	1660065501436
1798	691	0	0	0	0	0	0	1660065502456
1798	691	0	0	0	0	0	0	1660065503476
1798	691	0	0	0	0	0	0	1660065504496
1798	691	0	0	0	0	0	0	1660065505516
1798	691	0	0	0	0	0	0	1660065506536
1798	691	0	0	0	0	0	0	1660065507556
1798	691	0	0	0	0	0	0	1660065508576
1798	691	0	0	0	0	0	0	1660065509596
1798	691	0	0	0	0	0	0	1660065510616
1798	691	0	0	0	0	0	0	1660065511636
1798	691	0	0	0	0	0	0	1660065512656
1798	691	0	0	0	0	0	0	1660065513676
1798	691	0	0	0	0	0	0	1660065514696
1798	691	0	0	0	0	0	0	1660065515716
1798	691	0	0	0	0	0	0	1660065516736
1798	691	0	0	0	0	0	0	1660065517756
1798	691	0	0	0	0	0	0	1660065518776
1798	691	0	0	0	0	0	0	1660065519796
1798	691	0	0	0	0	0	0	1660065520816
1798	691	0	0	0	0	0	0	1660065521836
1797	691	0	0	0	0	0	0	1660065522856
1797	691	0	0	0	0	0	0	1660065523876
1797	691	0	0	0	0	0	0	1660065524896
1797	691	0	0	0	0	0	0	1660065525916
1795	691	0	0	0	0	0	0	1660065526936
1795	691	0	0	0	0	0	0	1660065527956
1795	691	0	0	0	0	0	0	1660065528976
1793	691	0	0	0	0	0	0	1660065529996
1789	691	0	0	0	0	0	0	1660065531016
1787	691	0	0	0	0	0	0	1660065532036
1785	691	0	0	0	0	0	0	1660065533056
1783	691	0	0	0	0	0	0	1660065534076
1782	691	0	0	0	0	0	0	1660065535096
1781	691	0	0	0	0	0	0	1660065536116
1779	691	0	0	0	0	0	0	1660065537136
1777	691	0	0	0	0	0	0	1660065538156
1775	691	0	0	0	0	0	0	1660065539176
1774	691	0	0	0	0	0	0	1660065540196
1773	691	0	0	0	0	0	0	1660065541216
1772	691	0	0	0	0	0	0	1660065542236
1771	691	0	0	0	0	0	0	1660065543256
1771	691	0	0	0	0	0	0	1660065544276
1771	691	0	0	0	0	0	0	1660065545296
1771	691	0	0	0	0	0	0	1660065546316
1771	691	0	0	0	0	0	0	1660065547336
1771	691	0	0	0	0	0	0	1660065548356
1771	691	0	0	0	0	0	0	1660065549376
1771	691	0	0	0	0	0	0	1660065550396
1771	691	0	0	0	0	0	0	1660065551416
1771	691	0	0	0	0	0	0	1660065552436
1771	691	0	0	0	0	0	0	1660065553456
1771	691	0	0	0	0	0	0	1660065554476
1771	691	0	0	0	0	0	0	1660065555496
1770	691	0	0	0	0	0	0	1660065556516
1770	691	0	0	0	0	0	0	1660065557536
1770	691	0	0	0	0	0	0	1660065558556
1770	691	0	0	0	0	0	0	1660065559576
1770	691	0	0	0	0	0	0	1660065560596
1770	691	0	0	0	0	0	0	1660065561616
1770	691	0	0	0	0	0	0	1660065562636
1770	691	0	0	0	0	0	0	1660065563656
1770	691	0	0	0	0	0	0	1660065564676
1770	691	0	0	0	0	0	0	1660065565696
1770	691	0	0	0	0	0	0	1660065566716
1770	691	0	0	0	0	0	0	1660065567736
1770	691	0	0	0	0	0	0	1660065568756
1770	691	0	0	0	0	0	0	1660065569776
1770	691	0	0	0	0	0	0	1660065570796
1770	691	0	0	0	0	0	0	1660065571816
1770	691	0	0	0	0	0	0	1660065572836
1770	691	0	0	0	0	0	0	1660065573856
1770	691	0	0	0	0	0	0	1660065574876
1770	691	0	0	0	0	0	0	1660065575896
1770	691	0	0	0	0	0	0	1660065576916
1770	691	0	0	0	0	0	0	1660065577936
1770	691	0	0	0	0	0	0	1660065578956
1770	691	0	0	0	0	0	0	1660065579976
1770	691	0	0	0	0	0	0	1660065580996
1770	691	0	0	0	0	0	0	1660065582016
1770	691	0	0	0	0	0	0	1660065583036
1770	691	0	0	0	0	0	0	1660065584056
1770	691	0	0	0	0	0	0	1660065585076
1770	691	0	0	0	0	0	0	1660065586096
1770	691	0	0	0	0	0	0	1660065587116
1770	691	0	0	0	0	0	0	1660065588136
1770	691	0	0	0	0	0	0	1660065589156
1770	691	0	0	0	0	0	0	1660065590176
1770	691	0	0	0	0	0	0	1660065591196
1770	691	0	0	0	0	0	0	1660065592216
1770	691	0	0	0	0	0	0	1660065593236
1770	691	0	0	0	0	0	0	1660065594256
1770	691	0	0	0	0	0	0	1660065595276
1770	691	0	0	0	0	0	0	1660065596296
1770	691	0	0	0	0	0	0	1660065597316
1770	691	0	0	0	0	0	0	1660065598336
1770	691	0	0	0	0	0	0	1660065599356
1770	691	0	0	0	0	0	0	1660065600376
1770	691	0	0	0	0	0	0	1660065601396
1770	691	0	0	0	0	0	0	1660065602416
1770	691	0	0	0	0	0	0	1660065603436
1770	691	0	0	0	0	0	0	1660065604456
1770	691	0	0	0	0	0	0	1660065605476
1770	691	0	0	0	0	0	0	1660065606496
1770	691	0	0	0	0	0	0	1660065607516
1770	691	0	0	0	0	0	0	1660065608536
1770	691	0	0	0	0	0	0	1660065609556
1770	691	0	0	0	0	0	0	1660065610576
1770	691	0	0	0	0	0	0	1660065611596
1770	691	0	0	0	0	0	0	1660065612616
1770	691	0	0	0	0	0	0	1660065613636
1770	691	0	0	0	0	0	0	1660065614656
1770	691	0	0	0	0	0	0	1660065615676
1770	691	0	0	0	0	0	0	1660065616696
1770	691	0	0	0	0	0	0	1660065617716
1770	691	0	0	0	0	0	0	1660065618736
1770	691	0	0	0	0	0	0	1660065619756
1770	691	0	0	0	0	0	0	1660065620776
1770	691	0	0	0	0	0	0	1660065621796
1770	691	0	0	0	0	0	0	1660065622816
1770	691	0	0	0	0	0	0	1660065623836
1770	691	0	0	0	0	0	0	1660065624856
1770	690	0	0	0	0	0	0	1660065625876
1770	690	0	0	0	0	0	0	1660065626896
1770	690	0	0	0	0	0	0	1660065627916
1770	690	0	0	0	0	0	0	1660065628936
1770	690	0	0	0	0	0	0	1660065629956
1768	690	0	0	0	0	0	0	1660065630976
1768	690	0	0	0	0	0	0	1660065631996
1768	690	0	0	0	0	0	0	1660065633016
1767	690	0	0	0	0	0	0	1660065634036
1766	690	0	0	0	0	0	0	1660065635056
1767	690	0	0	0	0	0	0	1660065636076
1768	690	0	0	0	0	0	0	1660065637096
1766	690	0	0	0	0	0	0	1660065638116
1765	690	0	0	0	0	0	0	1660065639136
1763	690	0	0	0	0	0	0	1660065640156
1762	690	0	0	0	0	0	0	1660065641176
1761	690	0	0	0	0	0	0	1660065642196
1759	690	0	0	0	0	0	0	1660065643216
1758	690	0	0	0	0	0	0	1660065644236
1754	688	0	0	0	0	0	0	1660065645256
1754	689	0	0	0	0	0	0	1660065646276
1753	689	0	0	0	0	0	0	1660065647296
1751	688	0	0	0	0	0	0	1660065648316
1750	688	0	0	0	0	0	0	1660065649336
1750	688	0	0	0	0	0	0	1660065650356
1750	688	0	0	0	0	0	0	1660065651376
1748	687	0	0	0	0	0	0	1660065652396
1747	687	0	0	0	0	0	0	1660065653416
1745	686	0	0	0	0	0	0	1660065654436
1745	685	0	0	0	0	0	0	1660065655456
1746	685	0	0	0	0	0	0	1660065656476
1745	685	0	0	0	0	0	0	1660065657496
1744	685	0	0	0	0	0	0	1660065658516
1744	685	0	0	0	0	0	0	1660065659536
1744	686	0	0	0	0	0	0	1660065660556
1743	685	0	0	0	0	0	0	1660065661576
1744	685	0	0	0	0	0	0	1660065662596
1743	686	0	0	0	0	0	0	1660065663616
1743	686	0	0	0	0	0	0	1660065664636
1743	685	0	0	0	0	0	0	1660065665656
1743	684	0	0	0	0	0	0	1660065666676
1743	682	0	0	0	0	0	0	1660065667696
1743	681	0	0	0	0	0	0	1660065668716
1743	679	0	0	0	0	0	0	1660065669736
1743	679	0	0	0	0	0	0	1660065670756
1743	676	0	0	0	0	0	0	1660065671776
1743	677	0	0	0	0	0	0	1660065672796
1743	677	0	0	0	0	0	0	1660065673816
1743	676	0	0	0	0	0	0	1660065674836
1743	678	0	0	0	0	0	0	1660065675856
1743	677	0	0	0	0	0	0	1660065676876
1743	676	0	0	0	0	0	0	1660065677896
1743	675	0	0	0	0	0	0	1660065678916
1743	676	0	0	0	0	0	0	1660065679936
1743	676	0	0	0	0	0	0	1660065680956
1743	676	0	0	0	0	0	0	1660065681976
1743	675	0	0	0	0	0	0	1660065682996
1743	677	0	0	0	0	0	0	1660065684016
1743	676	0	0	0	0	0	0	1660065685036
1743	676	0	0	0	0	0	0	1660065686056
1743	676	0	0	0	0	0	0	1660065687076
1743	675	0	0	0	0	0	0	1660065688096
1743	673	0	0	0	0	0	0	1660065689116
1743	671	0	0	0	0	0	0	1660065690136
1743	673	0	0	0	0	0	0	1660065691156
1743	672	0	0	0	0	0	0	1660065692176
1743	671	0	0	0	0	0	0	1660065693196
1743	672	0	0	0	0	0	0	1660065694216
1743	671	0	0	0	0	0	0	1660065695236
1743	672	0	0	0	0	0	0	1660065696256
1743	671	0	0	0	0	0	0	1660065697276
1743	670	0	0	0	0	0	0	1660065698296
1743	669	0	0	0	0	0	0	1660065699316
1743	667	0	0	0	0	0	0	1660065700336
1743	667	0	0	0	0	0	0	1660065701356
1743	669	0	0	0	0	0	0	1660065702376
1743	669	0	0	0	0	0	0	1660065703396
1743	670	0	0	0	0	0	0	1660065704416
1743	668	0	0	0	0	0	0	1660065705436
1743	667	0	0	0	0	0	0	1660065706456
1743	666	0	0	0	0	0	0	1660065707476
1743	666	0	0	0	0	0	0	1660065708496
1743	666	0	0	0	0	0	0	1660065709516
1743	666	0	0	0	0	0	0	1660065710536
1743	665	0	0	0	0	0	0	1660065711556
1743	665	0	0	0	0	0	0	1660065712576
1743	665	0	0	0	0	0	0	1660065713596
1743	665	0	0	0	0	0	0	1660065714616
1743	665	0	0	0	0	0	0	1660065715636
1743	665	0	0	0	0	0	0	1660065716656
1743	665	0	0	0	0	0	0	1660065717676
1743	664	0	0	0	0	0	0	1660065718696
1743	664	0	0	0	0	0	0	1660065719716
1743	664	0	0	0	0	0	0	1660065720736
1743	663	0	0	0	0	0	0	1660065721756
1743	663	0	0	0	0	0	0	1660065722776
1743	664	0	0	0	0	0	0	1660065723796
1743	664	0	0	0	0	0	0	1660065724816
1743	664	0	0	0	0	0	0	1660065725836
1743	664	0	0	0	0	0	0	1660065726856
1743	664	0	0	0	0	0	0	1660065727876
1743	664	0	0	0	0	0	0	1660065728896
1743	663	0	0	0	0	0	0	1660065729916
1743	663	0	0	0	0	0	0	1660065730936
1743	663	0	0	0	0	0	0	1660065731956
1743	663	0	0	0	0	0	0	1660065732976
1743	663	0	0	0	0	0	0	1660065733996
1743	663	0	0	0	0	0	0	1660065735016
1743	663	0	0	0	0	0	0	1660065736036
1743	663	0	0	0	0	0	0	1660065737056
1743	663	0	0	0	0	0	0	1660065738076
1743	663	0	0	0	0	0	0	1660065739096
1743	663	0	0	0	0	0	0	1660065740116
1743	663	0	0	0	0	0	0	1660065741136
1743	663	0	0	0	0	0	0	1660065742156
1743	663	0	0	0	0	0	0	1660065743176
1743	663	0	0	0	0	0	0	1660065744196
1743	663	0	0	0	0	0	0	1660065745216
1743	663	0	0	0	0	0	0	1660065746236
1743	663	0	0	0	0	0	0	1660065747256
1743	663	0	0	0	0	0	0	1660065748276
1743	663	0	0	0	0	0	0	1660065749296
1743	663	0	0	0	0	0	0	1660065750316
1743	663	0	0	0	0	0	0	1660065751336
1743	663	0	0	0	0	0	0	1660065752356
1743	663	0	0	0	0	0	0	1660065753376
1743	663	0	0	0	0	0	0	1660065754396
1743	663	0	0	0	0	0	0	1660065755416
1743	663	0	0	0	0	0	0	1660065756436
1743	663	0	0	0	0	0	0	1660065757456
1743	663	0	0	0	0	0	0	1660065758476
1743	663	0	0	0	0	0	0	1660065759496
1743	663	0	0	0	0	0	0	1660065760516
1743	663	0	0	0	0	0	0	1660065761536
1743	663	0	0	0	0	0	0	1660065762556
1743	663	0	0	0	0	0	0	1660065763576
1743	663	0	0	0	0	0	0	1660065764596
1743	663	0	0	0	0	0	0	1660065765616
1743	663	0	0	0	0	0	0	1660065766636
1743	663	0	0	0	0	0	0	1660065767656
1743	663	0	0	0	0	0	0	1660065768676
1743	663	0	0	0	0	0	0	1660065769696
1743	663	0	0	0	0	0	0	1660065770716
1743	663	0	0	0	0	0	0	1660065771736
1743	663	0	0	0	0	0	0	1660065772756
1743	663	0	0	0	0	0	0	1660065773776
1743	663	0	0	0	0	0	0	1660065774796
1743	663	0	0	0	0	0	0	1660065775816
1743	663	0	0	0	0	0	0	1660065776836
1743	663	0	0	0	0	0	0	1660065777856
1743	663	0	0	0	0	0	0	1660065778876
1743	663	0	0	0	0	0	0	1660065779896
1743	663	0	0	0	0	0	0	1660065780916
1743	663	0	0	0	0	0	0	1660065781936
1743	663	0	0	0	0	0	0	1660065782956
1743	663	0	0	0	0	0	0	1660065783976
1743	663	0	0	0	0	0	0	1660065784996
1743	663	0	0	0	0	0	0	1660065786016
1743	663	0	0	0	0	0	0	1660065787036
1743	663	0	0	0	0	0	0	1660065788056
1743	663	0	0	0	0	0	0	1660065789076
1742	663	0	0	0	0	0	0	1660065790096
1742	663	0	0	0	0	0	0	1660065791116
1742	663	0	0	0	0	0	0	1660065792136
1742	663	0	0	0	0	0	0	1660065793156
1742	663	0	0	0	0	0	0	1660065794176
1742	663	0	0	0	0	0	0	1660065795196
1742	663	0	0	0	0	0	0	1660065796216
1742	663	0	0	0	0	0	0	1660065797236
1742	663	0	0	0	0	0	0	1660065798256
1743	663	0	0	0	0	0	0	1660065799276
1743	663	0	0	0	0	0	0	1660065800296
1742	663	0	0	0	0	0	0	1660065801316
1742	663	0	0	0	0	0	0	1660065802336
1742	663	0	0	0	0	0	0	1660065803356
1742	663	0	0	0	0	0	0	1660065804376
1742	663	0	0	0	0	0	0	1660065805396
1742	663	0	0	0	0	0	0	1660065806416
1742	663	0	0	0	0	0	0	1660065807436
1742	663	0	0	0	0	0	0	1660065808456
1742	663	0	0	0	0	0	0	1660065809476
1742	663	0	0	0	0	0	0	1660065810496
1742	663	0	0	0	0	0	0	1660065811516
1742	663	0	0	0	0	0	0	1660065812536
1742	663	0	0	0	0	0	0	1660065813556
1742	663	0	0	0	0	0	0	1660065814576
1741	663	0	0	0	0	0	0	1660065815596
1741	663	0	0	0	0	0	0	1660065816616
1741	663	0	0	0	0	0	0	1660065817636
1741	663	0	0	0	0	0	0	1660065818656
1741	663	0	0	0	0	0	0	1660065819676
1741	663	0	0	0	0	0	0	1660065820696
1741	663	0	0	0	0	0	0	1660065821716
1740	663	0	0	0	0	0	0	1660065822736
1740	663	0	0	0	0	0	0	1660065823756
1740	663	0	0	0	0	0	0	1660065824776
1740	663	0	0	0	0	0	0	1660065825796
1739	663	0	0	0	0	0	0	1660065826816
1739	663	0	0	0	0	0	0	1660065827836
1738	663	0	0	0	0	0	0	1660065828856
1738	663	0	0	0	0	0	0	1660065829876
1738	663	0	0	0	0	0	0	1660065830896
1738	663	0	0	0	0	0	0	1660065831916
1736	663	0	0	0	0	0	0	1660065832936
1736	663	0	0	0	0	0	0	1660065833956
1736	663	0	0	0	0	0	0	1660065834976
1735	663	0	0	0	0	0	0	1660065835996
1734	663	0	0	0	0	0	0	1660065837016
1733	663	0	0	0	0	0	0	1660065838036
1732	663	0	0	0	0	0	0	1660065839056
1731	663	0	0	0	0	0	0	1660065840076
1729	663	0	0	0	0	0	0	1660065841096
1729	663	0	0	0	0	0	0	1660065842116
1728	663	0	0	0	0	0	0	1660065843136
1728	663	0	0	0	0	0	0	1660065844156
1726	663	0	0	0	0	0	0	1660065845176
1726	663	0	0	0	0	0	0	1660065846196
1725	663	0	0	0	0	0	0	1660065847216
1726	663	0	0	0	0	0	0	1660065848236
1724	663	0	0	0	0	0	0	1660065849256
1724	663	0	0	0	0	0	0	1660065850276
1724	663	0	0	0	0	0	0	1660065851296
1724	663	0	0	0	0	0	0	1660065852316
1723	663	0	0	0	0	0	0	1660065853336
1721	663	0	0	0	0	0	0	1660065854356
1721	663	0	0	0	0	0	0	1660065855376
1719	663	0	0	0	0	0	0	1660065856396
1719	663	0	0	0	0	0	0	1660065857416
1718	663	0	0	0	0	0	0	1660065858436
1719	663	0	0	0	0	0	0	1660065859456
1720	663	0	0	0	0	0	0	1660065860476
1719	663	0	0	0	0	0	0	1660065861496
1718	663	0	0	0	0	0	0	1660065862516
1718	663	0	0	0	0	0	0	1660065863536
1718	663	0	0	0	0	0	0	1660065864556
1718	663	0	0	0	0	0	0	1660065865576
1718	663	0	0	0	0	0	0	1660065866596
1718	663	0	0	0	0	0	0	1660065867616
1718	663	0	0	0	0	0	0	1660065868636
1718	663	0	0	0	0	0	0	1660065869656
1717	663	0	0	0	0	0	0	1660065870676
1717	663	0	0	0	0	0	0	1660065871696
1716	663	0	0	0	0	0	0	1660065872716
1716	663	0	0	0	0	0	0	1660065873736
1716	663	0	0	0	0	0	0	1660065874756
1715	663	0	0	0	0	0	0	1660065875776
1715	663	0	0	0	0	0	0	1660065876796
1715	663	0	0	0	0	0	0	1660065877816
1715	663	0	0	0	0	0	0	1660065878836
1715	663	0	0	0	0	0	0	1660065879856
1715	663	0	0	0	0	0	0	1660065880876
1715	663	0	0	0	0	0	0	1660065881896
1715	663	0	0	0	0	0	0	1660065882916
1715	663	0	0	0	0	0	0	1660065883936
1715	663	0	0	0	0	0	0	1660065884956
1715	663	0	0	0	0	0	0	1660065885976
1715	663	0	0	0	0	0	0	1660065886996
1715	663	0	0	0	0	0	0	1660065888016
1715	663	0	0	0	0	0	0	1660065889036
1715	663	0	0	0	0	0	0	1660065890056
1715	663	0	0	0	0	0	0	1660065891076
1715	663	0	0	0	0	0	0	1660065892096
1715	663	0	0	0	0	0	0	1660065893116
1715	663	0	0	0	0	0	0	1660065894136
1715	663	0	0	0	0	0	0	1660065895156
1715	663	0	0	0	0	0	0	1660065896176
1715	663	0	0	0	0	0	0	1660065897196
1715	663	0	0	0	0	0	0	1660065898216
1715	663	0	0	0	0	0	0	1660065899236
1715	663	0	0	0	0	0	0	1660065900256
1715	663	0	0	0	0	0	0	1660065901276
1715	663	0	0	0	0	0	0	1660065902296
1715	663	0	0	0	0	0	0	1660065903316
1715	663	0	0	0	0	0	0	1660065904336
1715	663	0	0	0	0	0	0	1660065905356
1715	663	0	0	0	0	0	0	1660065906376
1715	663	0	0	0	0	0	0	1660065907396
1715	663	0	0	0	0	0	0	1660065908416
1715	663	0	0	0	0	0	0	1660065909436
1715	663	0	0	0	0	0	0	1660065910456
1715	663	0	0	0	0	0	0	1660065911476
1715	663	0	0	0	0	0	0	1660065912496
1715	663	0	0	0	0	0	0	1660065913516
1715	663	0	0	0	0	0	0	1660065914536
1715	663	0	0	0	0	0	0	1660065915556
1715	663	0	0	0	0	0	0	1660065916576
1715	663	0	0	0	0	0	0	1660065917596
1715	663	0	0	0	0	0	0	1660065918616
1715	663	0	0	0	0	0	0	1660065919636
1715	663	0	0	0	0	0	0	1660065920656
1715	663	0	0	0	0	0	0	1660065921676
1715	663	0	0	0	0	0	0	1660065922696
1715	663	0	0	0	0	0	0	1660065923716
1715	663	0	0	0	0	0	0	1660065924736
1715	663	0	0	0	0	0	0	1660065925756
1715	663	0	0	0	0	0	0	1660065926776
1715	663	0	0	0	0	0	0	1660065927796
1715	663	0	0	0	0	0	0	1660065928816
1715	663	0	0	0	0	0	0	1660065929836
1715	663	0	0	0	0	0	0	1660065930856
1715	663	0	0	0	0	0	0	1660065931876
1715	663	0	0	0	0	0	0	1660065932896
1715	663	0	0	0	0	0	0	1660065933916
1715	663	0	0	0	0	0	0	1660065934936
1715	663	0	0	0	0	0	0	1660065935956
1715	663	0	0	0	0	0	0	1660065936976
1715	663	0	0	0	0	0	0	1660065937996
1715	663	0	0	0	0	0	0	1660065939016
1715	663	0	0	0	0	0	0	1660065940036
1711	10397	0	0	0	0	0	0	1660065941056
1713	6503	0	0	0	0	0	0	1660065942076
1714	4167	0	0	0	0	0	0	1660065943096
1715	2765	0	0	0	0	0	0	1660065944116
1715	1924	0	0	0	0	0	0	1660065945136
1715	1419	0	0	0	0	0	0	1660065946156
1715	1116	0	0	0	0	0	0	1660065947176
1715	935	0	0	0	0	0	0	1660065948196
1715	826	0	0	0	0	0	0	1660065949216
1715	761	0	0	0	0	0	0	1660065950236
1715	722	0	0	0	0	0	0	1660065951256
1715	698	0	0	0	0	0	0	1660065952276
1715	684	0	0	0	0	0	0	1660065953296
1715	676	0	0	0	0	0	0	1660065954316
1715	671	0	0	0	0	0	0	1660065955336
1715	668	0	0	0	0	0	0	1660065956356
1715	666	0	0	0	0	0	0	1660065957376
1715	665	0	0	0	0	0	0	1660065958396
1715	664	0	0	0	0	0	0	1660065959416
1715	663	0	0	0	0	0	0	1660065960436
1715	663	0	0	0	0	0	0	1660065961456
1715	663	0	0	0	0	0	0	1660065962476
1715	663	0	0	0	0	0	0	1660065963496
1715	663	0	0	0	0	0	0	1660065964516
1715	663	0	0	0	0	0	0	1660065965536
1715	663	0	0	0	0	0	0	1660065966556
1715	663	0	0	0	0	0	0	1660065967576
1715	663	0	0	0	0	0	0	1660065968596
1715	663	0	0	0	0	0	0	1660065969616
1715	663	0	0	0	0	0	0	1660065970636
1715	663	0	0	0	0	0	0	1660065971656
1715	663	0	0	0	0	0	0	1660065972676
1715	663	0	0	0	0	0	0	1660065973696
1715	663	0	0	0	0	0	0	1660065974716
1715	663	0	0	0	0	0	0	1660065975736
1715	663	0	0	0	0	0	0	1660065976756
1715	663	0	0	0	0	0	0	1660065977776
1715	663	0	0	0	0	0	0	1660065978796
1715	663	0	0	0	0	0	0	1660065979816
1715	663	0	0	0	0	0	0	1660065980836
1715	663	0	0	0	0	0	0	1660065981856
1715	663	0	0	0	0	0	0	1660065982876
1715	663	0	0	0	0	0	0	1660065983896
1715	663	0	0	0	0	0	0	1660065984916
1715	663	0	0	0	0	0	0	1660065985936
1715	663	0	0	0	0	0	0	1660065986956
1715	663	0	0	0	0	0	0	1660065987976
1715	663	0	0	0	0	0	0	1660065988996
1715	663	0	0	0	0	0	0	1660065990016
1715	663	0	0	0	0	0	0	1660065991036
1715	663	0	0	0	0	0	0	1660065992056
1715	663	0	0	0	0	0	0	1660065993076
1715	663	0	0	0	0	0	0	1660065994096
1715	663	0	0	0	0	0	0	1660065995116
1715	663	0	0	0	0	0	0	1660065996136
1715	663	0	0	0	0	0	0	1660065997156
1715	663	0	0	0	0	0	0	1660065998176
1715	663	0	0	0	0	0	0	1660065999196
1715	663	0	0	0	0	0	0	1660066000216
1715	663	0	0	0	0	0	0	1660066001236
1715	663	0	0	0	0	0	0	1660066002256
1715	663	0	0	0	0	0	0	1660066003276
1715	663	0	0	0	0	0	0	1660066004296
1715	663	0	0	0	0	0	0	1660066005316
1715	663	0	0	0	0	0	0	1660066006336
1715	663	0	0	0	0	0	0	1660066007356
1715	663	0	0	0	0	0	0	1660066008376
1715	663	0	0	0	0	0	0	1660066009396
1715	663	0	0	0	0	0	0	1660066010416
1715	663	0	0	0	0	0	0	1660066011436
1715	663	0	0	0	0	0	0	1660066012456
1715	663	0	0	0	0	0	0	1660066013476
1715	663	0	0	0	0	0	0	1660066014496
1715	663	0	0	0	0	0	0	1660066015516
1715	663	0	0	0	0	0	0	1660066016536
1715	663	0	0	0	0	0	0	1660066017556
1715	663	0	0	0	0	0	0	1660066018576
1715	663	0	0	0	0	0	0	1660066019596
1715	663	0	0	0	0	0	0	1660066020616
1715	663	0	0	0	0	0	0	1660066021636
1715	663	0	0	0	0	0	0	1660066022656
1715	663	0	0	0	0	0	0	1660066023676
1715	663	0	0	0	0	0	0	1660066024696
1715	663	0	0	0	0	0	0	1660066025716
1715	663	0	0	0	0	0	0	1660066026736
1715	663	0	0	0	0	0	0	1660066027756
1715	663	0	0	0	0	0	0	1660066028776
1715	663	0	0	0	0	0	0	1660066029796
1715	663	0	0	0	0	0	0	1660066030816
1715	663	0	0	0	0	0	0	1660066031836
1715	663	0	0	0	0	0	0	1660066032856
1715	663	0	0	0	0	0	0	1660066033876
1715	663	0	0	0	0	0	0	1660066034896
1715	663	0	0	0	0	0	0	1660066035916
1715	663	0	0	0	0	0	0	1660066036936
1715	663	0	0	0	0	0	0	1660066037956
1715	663	0	0	0	0	0	0	1660066038976
1715	663	0	0	0	0	0	0	1660066039996
1715	663	0	0	0	0	0	0	1660066041016
1715	663	0	0	0	0	0	0	1660066042036
1715	663	0	0	0	0	0	0	1660066043056
1715	663	0	0	0	0	0	0	1660066044076
1715	663	0	0	0	0	0	0	1660066045096
1715	663	0	0	0	0	0	0	1660066046116
1715	663	0	0	0	0	0	0	1660066047136
1715	663	0	0	0	0	0	0	1660066048156
1715	663	0	0	0	0	0	0	1660066049176
1715	663	0	0	0	0	0	0	1660066050196
1715	663	0	0	0	0	0	0	1660066051216
1715	663	0	0	0	0	0	0	1660066052236
1715	663	0	0	0	0	0	0	1660066053256
1715	663	0	0	0	0	0	0	1660066054276
1715	663	0	0	0	0	0	0	1660066055296
1715	663	0	0	0	0	0	0	1660066056316
1715	663	0	0	0	0	0	0	1660066057336
1715	663	0	0	0	0	0	0	1660066058356
1715	663	0	0	0	0	0	0	1660066059376
1715	663	0	0	0	0	0	0	1660066060396
1715	663	0	0	0	0	0	0	1660066061416
1715	663	0	0	0	0	0	0	1660066062436
1715	663	0	0	0	0	0	0	1660066063456
1715	663	0	0	0	0	0	0	1660066064476
1715	663	0	0	0	0	0	0	1660066065496
1715	663	0	0	0	0	0	0	1660066066516
1715	663	0	0	0	0	0	0	1660066067536
1715	663	0	0	0	0	0	0	1660066068556
1715	663	0	0	0	0	0	0	1660066069576
1715	663	0	0	0	0	0	0	1660066070596
1715	663	0	0	0	0	0	0	1660066071616
1715	663	0	0	0	0	0	0	1660066072636
1715	663	0	0	0	0	0	0	1660066073656
1715	663	0	0	0	0	0	0	1660066074676
1715	663	0	0	0	0	0	0	1660066075696
1715	663	0	0	0	0	0	0	1660066076716
1715	663	0	0	0	0	0	0	1660066077736
1715	663	0	0	0	0	0	0	1660066078756
1715	663	0	0	0	0	0	0	1660066079776
1715	663	0	0	0	0	0	0	1660066080796
1715	663	0	0	0	0	0	0	1660066081816
1715	663	0	0	0	0	0	0	1660066082836
1715	663	0	0	0	0	0	0	1660066083856
1715	663	0	0	0	0	0	0	1660066084876
1715	663	0	0	0	0	0	0	1660066085896
1715	663	0	0	0	0	0	0	1660066086916
1715	663	0	0	0	0	0	0	1660066087936
1715	663	0	0	0	0	0	0	1660066088956
1715	663	0	0	0	0	0	0	1660066089976
1715	663	0	0	0	0	0	0	1660066090996
1715	663	0	0	0	0	0	0	1660066092016
1715	663	0	0	0	0	0	0	1660066093036
1715	663	0	0	0	0	0	0	1660066094056
1715	663	0	0	0	0	0	0	1660066095076
1715	663	0	0	0	0	0	0	1660066096096
1715	663	0	0	0	0	0	0	1660066097116
1715	663	0	0	0	0	0	0	1660066098136
1715	663	0	0	0	0	0	0	1660066099156
1715	663	0	0	0	0	0	0	1660066100176
1715	663	0	0	0	0	0	0	1660066101196
1715	663	0	0	0	0	0	0	1660066102216
1715	663	0	0	0	0	0	0	1660066103236
1715	663	0	0	0	0	0	0	1660066104256
1715	663	0	0	0	0	0	0	1660066105276
1715	663	0	0	0	0	0	0	1660066106296
1715	663	0	0	0	0	0	0	1660066107316
1715	663	0	0	0	0	0	0	1660066108336
1715	663	0	0	0	0	0	0	1660066109356
1715	663	0	0	0	0	0	0	1660066110376
1715	663	0	0	0	0	0	0	1660066111396
1715	663	0	0	0	0	0	0	1660066112416
1715	663	0	0	0	0	0	0	1660066113436
1715	663	0	0	0	0	0	0	1660066114456
1715	663	0	0	0	0	0	0	1660066115476
1715	663	0	0	0	0	0	0	1660066116496
1715	663	0	0	0	0	0	0	1660066117516
1715	663	0	0	0	0	0	0	1660066118536
1715	663	0	0	0	0	0	0	1660066119556
1715	663	0	0	0	0	0	0	1660066120576
1715	663	0	0	0	0	0	0	1660066121596
1715	663	0	0	0	0	0	0	1660066122616
1715	663	0	0	0	0	0	0	1660066123636
1715	663	0	0	0	0	0	0	1660066124656
1715	663	0	0	0	0	0	0	1660066125676
1715	663	0	0	0	0	0	0	1660066126696
1715	663	0	0	0	0	0	0	1660066127716
1715	663	0	0	0	0	0	0	1660066128736
1715	663	0	0	0	0	0	0	1660066129756
1715	663	0	0	0	0	0	0	1660066130776
1715	663	0	0	0	0	0	0	1660066131796
1715	663	0	0	0	0	0	0	1660066132816
1715	663	0	0	0	0	0	0	1660066133836
1715	663	0	0	0	0	0	0	1660066134856
1715	663	0	0	0	0	0	0	1660066135876
1715	663	0	0	0	0	0	0	1660066136896
1715	663	0	0	0	0	0	0	1660066137916
1715	663	0	0	0	0	0	0	1660066138936
1715	663	0	0	0	0	0	0	1660066139956
1715	663	0	0	0	0	0	0	1660066140976
1715	663	0	0	0	0	0	0	1660066141996
1715	663	0	0	0	0	0	0	1660066143016
1715	663	0	0	0	0	0	0	1660066144036
1715	663	0	0	0	0	0	0	1660066145056
1715	663	0	0	0	0	0	0	1660066146076
1715	663	0	0	0	0	0	0	1660066147096
1715	663	0	0	0	0	0	0	1660066148116
1715	663	0	0	0	0	0	0	1660066149136
1715	663	0	0	0	0	0	0	1660066150156
1715	663	0	0	0	0	0	0	1660066151176
1715	663	0	0	0	0	0	0	1660066152196
1715	663	0	0	0	0	0	0	1660066153216
1715	663	0	0	0	0	0	0	1660066154236
1715	663	0	0	0	0	0	0	1660066155256
1715	663	0	0	0	0	0	0	1660066156276
1715	663	0	0	0	0	0	0	1660066157296
1715	663	0	0	0	0	0	0	1660066158316
1715	663	0	0	0	0	0	0	1660066159336
1715	663	0	0	0	0	0	0	1660066160356
1715	663	0	0	0	0	0	0	1660066161376
1715	663	0	0	0	0	0	0	1660066162396
1715	663	0	0	0	0	0	0	1660066163416
1715	663	0	0	0	0	0	0	1660066164436
1715	663	0	0	0	0	0	0	1660066165456
1715	663	0	0	0	0	0	0	1660066166476
1715	663	0	0	0	0	0	0	1660066167496
1715	663	0	0	0	0	0	0	1660066168516
1715	663	0	0	0	0	0	0	1660066169536
1715	663	0	0	0	0	0	0	1660066170556
1715	663	0	0	0	0	0	0	1660066171576
1715	663	0	0	0	0	0	0	1660066172596
1715	663	0	0	0	0	0	0	1660066173616
1715	663	0	0	0	0	0	0	1660066174636
1715	663	0	0	0	0	0	0	1660066175656
1715	663	0	0	0	0	0	0	1660066176676
1715	663	0	0	0	0	0	0	1660066177696
1715	663	0	0	0	0	0	0	1660066178716
1715	663	0	0	0	0	0	0	1660066179736
1715	663	0	0	0	0	0	0	1660066180756
1715	663	0	0	0	0	0	0	1660066181776
1715	663	0	0	0	0	0	0	1660066182796
1715	663	0	0	0	0	0	0	1660066183816
1715	663	0	0	0	0	0	0	1660066184836
1715	663	0	0	0	0	0	0	1660066185856
1715	663	0	0	0	0	0	0	1660066186876
1715	663	0	0	0	0	0	0	1660066187896
1715	663	0	0	0	0	0	0	1660066188916
1715	663	0	0	0	0	0	0	1660066189936
1715	663	0	0	0	0	0	0	1660066190956
1715	663	0	0	0	0	0	0	1660066191976
1715	663	0	0	0	0	0	0	1660066192996
1715	663	0	0	0	0	0	0	1660066194016
1715	663	0	0	0	0	0	0	1660066195036
1715	663	0	0	0	0	0	0	1660066196056
1715	663	0	0	0	0	0	0	1660066197076
1715	663	0	0	0	0	0	0	1660066198096
1715	663	0	0	0	0	0	0	1660066199116
1715	663	0	0	0	0	0	0	1660066200136
1715	663	0	0	0	0	0	0	1660066201156
1715	663	0	0	0	0	0	0	1660066202176
1715	662	0	0	0	0	0	0	1660066203196
1715	662	0	0	0	0	0	0	1660066204216
1715	662	0	0	0	0	0	0	1660066205236
1715	662	0	0	0	0	0	0	1660066206256
1715	662	0	0	0	0	0	0	1660066207276
1715	662	0	0	0	0	0	0	1660066208296
1715	662	0	0	0	0	0	0	1660066209316
1715	662	0	0	0	0	0	0	1660066210336
1715	662	0	0	0	0	0	0	1660066211356
1715	662	0	0	0	0	0	0	1660066212376
1715	662	0	0	0	0	0	0	1660066213396
1715	662	0	0	0	0	0	0	1660066214416
1715	662	0	0	0	0	0	0	1660066215436
1715	662	0	0	0	0	0	0	1660066216456
1715	662	0	0	0	0	0	0	1660066217476
1715	662	0	0	0	0	0	0	1660066218496
1715	662	0	0	0	0	0	0	1660066219516
1715	662	0	0	0	0	0	0	1660066220536
1715	662	0	0	0	0	0	0	1660066221556
1715	662	0	0	0	0	0	0	1660066222576
1715	662	0	0	0	0	0	0	1660066223596
1715	662	0	0	0	0	0	0	1660066224616
1715	662	0	0	0	0	0	0	1660066225636
1715	662	0	0	0	0	0	0	1660066226656
1715	662	0	0	0	0	0	0	1660066227676
1715	662	0	0	0	0	0	0	1660066228696
1715	662	0	0	0	0	0	0	1660066229716
1715	662	0	0	0	0	0	0	1660066230736
1715	662	0	0	0	0	0	0	1660066231756
1715	662	0	0	0	0	0	0	1660066232776
1715	662	0	0	0	0	0	0	1660066233796
1715	662	0	0	0	0	0	0	1660066234816
1715	662	0	0	0	0	0	0	1660066235836
1715	662	0	0	0	0	0	0	1660066236856
1715	662	0	0	0	0	0	0	1660066237876
1715	662	0	0	0	0	0	0	1660066238896
1715	662	0	0	0	0	0	0	1660066239916
1715	662	0	0	0	0	0	0	1660066240936
1715	662	0	0	0	0	0	0	1660066241956
1715	662	0	0	0	0	0	0	1660066242976
1715	662	0	0	0	0	0	0	1660066243996
1715	662	0	0	0	0	0	0	1660066245016
1715	662	0	0	0	0	0	0	1660066246036
1715	662	0	0	0	0	0	0	1660066247056
1715	662	0	0	0	0	0	0	1660066248076
1715	662	0	0	0	0	0	0	1660066249096
1715	662	0	0	0	0	0	0	1660066250116
1715	662	0	0	0	0	0	0	1660066251136
1715	662	0	0	0	0	0	0	1660066252156
1715	662	0	0	0	0	0	0	1660066253176
1715	662	0	0	0	0	0	0	1660066254196
1715	662	0	0	0	0	0	0	1660066255216
1715	662	0	0	0	0	0	0	1660066256236
1715	662	0	0	0	0	0	0	1660066257256
1715	662	0	0	0	0	0	0	1660066258276
1715	662	0	0	0	0	0	0	1660066259296
1715	662	0	0	0	0	0	0	1660066260316
1715	662	0	0	0	0	0	0	1660066261336
1715	662	0	0	0	0	0	0	1660066262356
1715	662	0	0	0	0	0	0	1660066263376
1715	662	0	0	0	0	0	0	1660066264396
1715	662	0	0	0	0	0	0	1660066265416
1715	662	0	0	0	0	0	0	1660066266436
1715	662	0	0	0	0	0	0	1660066267456
1715	662	0	0	0	0	0	0	1660066268476
1715	662	0	0	0	0	0	0	1660066269496
1715	662	0	0	0	0	0	0	1660066270516
1715	662	0	0	0	0	0	0	1660066271536
1715	662	0	0	0	0	0	0	1660066272556
1715	662	0	0	0	0	0	0	1660066273576
1715	662	0	0	0	0	0	0	1660066274596
1715	662	0	0	0	0	0	0	1660066275616
1715	662	0	0	0	0	0	0	1660066276636
1715	662	0	0	0	0	0	0	1660066277656
1715	662	0	0	0	0	0	0	1660066278676
1715	662	0	0	0	0	0	0	1660066279696
1715	662	0	0	0	0	0	0	1660066280716
1715	662	0	0	0	0	0	0	1660066281736
1715	662	0	0	0	0	0	0	1660066282756
1715	662	0	0	0	0	0	0	1660066283776
1715	662	0	0	0	0	0	0	1660066284796
1715	662	0	0	0	0	0	0	1660066285816
1715	662	0	0	0	0	0	0	1660066286836
1715	662	0	0	0	0	0	0	1660066287856
1715	662	0	0	0	0	0	0	1660066288876
1714	662	0	0	0	0	0	0	1660066289896
1714	662	0	0	0	0	0	0	1660066290916
1714	662	0	0	0	0	0	0	1660066291936
1714	662	0	0	0	0	0	0	1660066292956
1714	662	0	0	0	0	0	0	1660066293976
1714	662	0	0	0	0	0	0	1660066294996
1714	661	0	0	0	0	0	0	1660066296016
1714	662	0	0	0	0	0	0	1660066297036
1714	662	0	0	0	0	0	0	1660066298056
1714	662	0	0	0	0	0	0	1660066299076
1714	662	0	0	0	0	0	0	1660066300096
1714	662	0	0	0	0	0	0	1660066301116
1714	662	0	0	0	0	0	0	1660066302136
1714	662	0	0	0	0	0	0	1660066303156
1714	662	0	0	0	0	0	0	1660066304176
1714	662	0	0	0	0	0	0	1660066305196
1714	662	0	0	0	0	0	0	1660066306216
1714	662	0	0	0	0	0	0	1660066307236
1714	662	0	0	0	0	0	0	1660066308256
1714	662	0	0	0	0	0	0	1660066309276
1714	662	0	0	0	0	0	0	1660066310296
1714	662	0	0	0	0	0	0	1660066311316
1714	662	0	0	0	0	0	0	1660066312336
1714	662	0	0	0	0	0	0	1660066313356
1714	662	0	0	0	0	0	0	1660066314376
1714	662	0	0	0	0	0	0	1660066315396
1714	662	0	0	0	0	0	0	1660066316416
1714	662	0	0	0	0	0	0	1660066317436
1714	662	0	0	0	0	0	0	1660066318456
1714	662	0	0	0	0	0	0	1660066319476
1714	662	0	0	0	0	0	0	1660066320496
1714	662	0	0	0	0	0	0	1660066321516
1714	662	0	0	0	0	0	0	1660066322536
1715	662	0	0	0	0	0	0	1660066323556
1715	662	0	0	0	0	0	0	1660066324576
1715	662	0	0	0	0	0	0	1660066325596
1715	662	0	0	0	0	0	0	1660066326616
1715	662	0	0	0	0	0	0	1660066327636
1715	662	0	0	0	0	0	0	1660066328656
1715	662	0	0	0	0	0	0	1660066329676
1715	662	0	0	0	0	0	0	1660066330696
1715	662	0	0	0	0	0	0	1660066331716
1714	662	0	0	0	0	0	0	1660066332736
1714	662	0	0	0	0	0	0	1660066333756
1714	662	0	0	0	0	0	0	1660066334776
1714	662	0	0	0	0	0	0	1660066335796
1714	662	0	0	0	0	0	0	1660066336816
1714	662	0	0	0	0	0	0	1660066337836
1714	662	0	0	0	0	0	0	1660066338856
1714	662	0	0	0	0	0	0	1660066339876
1714	662	0	0	0	0	0	0	1660066340896
1714	662	0	0	0	0	0	0	1660066341916
1714	662	0	0	0	0	0	0	1660066342936
1714	662	0	0	0	0	0	0	1660066343956
1714	662	0	0	0	0	0	0	1660066344976
1714	662	0	0	0	0	0	0	1660066345996
1714	662	0	0	0	0	0	0	1660066347016
1714	662	0	0	0	0	0	0	1660066348036
1714	662	0	0	0	0	0	0	1660066349056
1714	662	0	0	0	0	0	0	1660066350076
1714	662	0	0	0	0	0	0	1660066351096
1714	662	0	0	0	0	0	0	1660066352116
1714	662	0	0	0	0	0	0	1660066353136
1714	662	0	0	0	0	0	0	1660066354156
1714	662	0	0	0	0	0	0	1660066355176
1714	662	0	0	0	0	0	0	1660066356196
1714	662	0	0	0	0	0	0	1660066357216
1714	662	0	0	0	0	0	0	1660066358236
1714	662	0	0	0	0	0	0	1660066359256
1714	662	0	0	0	0	0	0	1660066360276
1714	662	0	0	0	0	0	0	1660066361296
1714	662	0	0	0	0	0	0	1660066362316
1715	662	0	0	0	0	0	0	1660066363336
1715	662	0	0	0	0	0	0	1660066364356
1715	662	0	0	0	0	0	0	1660066365376
1715	662	0	0	0	0	0	0	1660066366396
1715	662	0	0	0	0	0	0	1660066367416
1715	662	0	0	0	0	0	0	1660066368436
1715	662	0	0	0	0	0	0	1660066369456
1715	662	0	0	0	0	0	0	1660066370476
1715	662	0	0	0	0	0	0	1660066371496
1715	662	0	0	0	0	0	0	1660066372516
1715	662	0	0	0	0	0	0	1660066373536
1715	662	0	0	0	0	0	0	1660066374556
1715	662	0	0	0	0	0	0	1660066375576
1715	662	0	0	0	0	0	0	1660066376596
1715	662	0	0	0	0	0	0	1660066377616
1715	662	0	0	0	0	0	0	1660066378636
1715	662	0	0	0	0	0	0	1660066379656
1715	662	0	0	0	0	0	0	1660066380676
1715	662	0	0	0	0	0	0	1660066381696
1715	662	0	0	0	0	0	0	1660066382716
1715	662	0	0	0	0	0	0	1660066383736
1715	662	0	0	0	0	0	0	1660066384756
1715	662	0	0	0	0	0	0	1660066385776
1715	662	0	0	0	0	0	0	1660066386796
1715	662	0	0	0	0	0	0	1660066387816
1715	662	0	0	0	0	0	0	1660066388836
1715	662	0	0	0	0	0	0	1660066389856
1715	662	0	0	0	0	0	0	1660066390876
1715	662	0	0	0	0	0	0	1660066391896
1715	662	0	0	0	0	0	0	1660066392916
1715	662	0	0	0	0	0	0	1660066393936
1715	662	0	0	0	0	0	0	1660066394956
1715	662	0	0	0	0	0	0	1660066395976
1715	662	0	0	0	0	0	0	1660066396996
1715	662	0	0	0	0	0	0	1660066398016
1715	662	0	0	0	0	0	0	1660066399036
1715	662	0	0	0	0	0	0	1660066400056
1715	662	0	0	0	0	0	0	1660066401076
1715	662	0	0	0	0	0	0	1660066402096
1715	662	0	0	0	0	0	0	1660066403116
1715	662	0	0	0	0	0	0	1660066404136
1715	662	0	0	0	0	0	0	1660066405156
1715	662	0	0	0	0	0	0	1660066406176
1715	662	0	0	0	0	0	0	1660066407196
1715	662	0	0	0	0	0	0	1660066408216
1715	662	0	0	0	0	0	0	1660066409236
1715	662	0	0	0	0	0	0	1660066410256
1715	662	0	0	0	0	0	0	1660066411276
1715	662	0	0	0	0	0	0	1660066412296
1715	662	0	0	0	0	0	0	1660066413316
1715	662	0	0	0	0	0	0	1660066414336
1715	662	0	0	0	0	0	0	1660066415356
1715	662	0	0	0	0	0	0	1660066416376
1715	662	0	0	0	0	0	0	1660066417396
1715	662	0	0	0	0	0	0	1660066418416
1715	662	0	0	0	0	0	0	1660066419436
1715	662	0	0	0	0	0	0	1660066420456
1715	662	0	0	0	0	0	0	1660066421476
1715	662	0	0	0	0	0	0	1660066422496
1715	662	0	0	0	0	0	0	1660066423516
1715	662	0	0	0	0	0	0	1660066424536
1715	662	0	0	0	0	0	0	1660066425556
1715	662	0	0	0	0	0	0	1660066426576
1715	662	0	0	0	0	0	0	1660066427596
1715	662	0	0	0	0	0	0	1660066428616
