1353	1770	0	0	0	0	0	0	1658323977771
1343	1759	0	0	0	0	0	0	1658323978791
1335	1753	0	0	0	0	0	0	1658323979811
1321	1749	0	0	0	0	0	0	1658323980831
1313	1747	0	0	0	0	0	0	1658323981851
1299	1746	0	0	0	0	0	0	1658323982871
1288	1744	0	0	0	0	0	0	1658323983891
1282	1738	0	0	0	0	0	0	1658323984911
1276	1730	0	0	0	0	0	0	1658323985931
1264	1724	0	0	0	0	0	0	1658323986951
1256	1721	0	0	0	0	0	0	1658323987971
1251	1719	0	0	0	0	0	0	1658323988991
1248	1718	0	0	0	0	0	0	1658323990011
1243	1717	0	0	0	0	0	0	1658323991031
1232	1717	0	0	0	0	0	0	1658323992051
1226	1717	0	0	0	0	0	0	1658323993071
1222	1716	0	0	0	0	0	0	1658323994091
1220	1716	0	0	0	0	0	0	1658323995111
1218	1716	0	0	0	0	0	0	1658323996131
1216	1716	0	0	0	0	0	0	1658323997151
1209	1716	0	0	0	0	0	0	1658323998171
1201	1716	0	0	0	0	0	0	1658323999191
1196	1716	0	0	0	0	0	0	1658324000211
1193	1716	0	0	0	0	0	0	1658324001231
1191	1716	0	0	0	0	0	0	1658324002251
1190	1716	0	0	0	0	0	0	1658324003271
1189	1716	0	0	0	0	0	0	1658324004291
1189	1716	0	0	0	0	0	0	1658324005311
1189	1715	0	0	0	0	0	0	1658324006331
1189	1715	0	0	0	0	0	0	1658324007351
1184	1714	0	0	0	0	0	0	1658324008371
1178	1711	0	0	0	0	0	0	1658324009391
1171	1709	0	0	0	0	0	0	1658324010411
1167	1705	0	0	0	0	0	0	1658324011431
1165	1700	0	0	0	0	0	0	1658324012451
1163	1696	0	0	0	0	0	0	1658324013471
1162	1694	0	0	0	0	0	0	1658324014491
1162	1691	0	0	0	0	0	0	1658324015511
1162	1690	0	0	0	0	0	0	1658324016531
1162	1689	0	0	0	0	0	0	1658324017551
1162	1689	0	0	0	0	0	0	1658324018571
1162	1689	0	0	0	0	0	0	1658324019591
1162	1689	0	0	0	0	0	0	1658324020611
1162	1689	0	0	0	0	0	0	1658324021631
1161	1689	0	0	0	0	0	0	1658324022651
1160	1689	0	0	0	0	0	0	1658324023671
1160	1689	0	0	0	0	0	0	1658324024691
1157	1689	0	0	0	0	0	0	1658324025711
1151	1689	0	0	0	0	0	0	1658324026731
1146	1689	0	0	0	0	0	0	1658324027751
1141	1689	0	0	0	0	0	0	1658324028771
1138	1689	0	0	0	0	0	0	1658324029791
1136	1689	0	0	0	0	0	0	1658324030811
1135	1689	0	0	0	0	0	0	1658324031831
1134	1689	0	0	0	0	0	0	1658324032851
1134	1689	0	0	0	0	0	0	1658324033871
1134	1689	0	0	0	0	0	0	1658324034891
1134	1689	0	0	0	0	0	0	1658324035911
1134	1689	0	0	0	0	0	0	1658324036931
1133	1689	0	0	0	0	0	0	1658324037951
1133	1689	0	0	0	0	0	0	1658324038971
1133	1688	0	0	0	0	0	0	1658324039991
1133	1688	0	0	0	0	0	0	1658324041011
1133	1688	0	0	0	0	0	0	1658324042031
1133	1688	0	0	0	0	0	0	1658324043051
1133	1688	0	0	0	0	0	0	1658324044071
1133	1688	0	0	0	0	0	0	1658324045091
1133	1688	0	0	0	0	0	0	1658324046111
1133	1688	0	0	0	0	0	0	1658324047131
1133	1688	0	0	0	0	0	0	1658324048151
1133	1688	0	0	0	0	0	0	1658324049171
1133	1688	0	0	0	0	0	0	1658324050191
1133	1688	0	0	0	0	0	0	1658324051211
1133	1688	0	0	0	0	0	0	1658324052231
1132	1688	0	0	0	0	0	0	1658324053251
1130	1688	0	0	0	0	0	0	1658324054271
1126	1688	0	0	0	0	0	0	1658324055291
1123	1688	0	0	0	0	0	0	1658324056311
1119	1688	0	0	0	0	0	0	1658324057331
1114	1688	0	0	0	0	0	0	1658324058351
1111	1688	0	0	0	0	0	0	1658324059371
1109	1688	0	0	0	0	0	0	1658324060391
1108	1688	0	0	0	0	0	0	1658324061411
1107	1688	0	0	0	0	0	0	1658324062431
1107	1688	0	0	0	0	0	0	1658324063451
1106	1687	0	0	0	0	0	0	1658324064471
1106	1687	0	0	0	0	0	0	1658324065491
1106	1687	0	0	0	0	0	0	1658324066511
1106	1687	0	0	0	0	0	0	1658324067531
1106	1687	0	0	0	0	0	0	1658324068551
1106	1686	0	0	0	0	0	0	1658324069571
1106	1686	0	0	0	0	0	0	1658324070591
1106	1686	0	0	0	0	0	0	1658324071611
1106	1686	0	0	0	0	0	0	1658324072631
1106	1685	0	0	0	0	0	0	1658324073651
1106	1686	0	0	0	0	0	0	1658324074671
1106	1685	0	0	0	0	0	0	1658324075691
1106	1683	0	0	0	0	0	0	1658324076711
1106	1680	0	0	0	0	0	0	1658324077731
1106	1678	0	0	0	0	0	0	1658324078751
1106	1677	0	0	0	0	0	0	1658324079771
1106	1675	0	0	0	0	0	0	1658324080791
1106	1673	0	0	0	0	0	0	1658324081811
1106	1670	0	0	0	0	0	0	1658324082831
1106	1668	0	0	0	0	0	0	1658324083851
1106	1667	0	0	0	0	0	0	1658324084871
1106	1664	0	0	0	0	0	0	1658324085891
1106	1663	0	0	0	0	0	0	1658324086911
1104	1663	0	0	0	0	0	0	1658324087931
1103	1662	0	0	0	0	0	0	1658324088951
1100	1662	0	0	0	0	0	0	1658324089971
1099	1661	0	0	0	0	0	0	1658324090991
1096	1661	0	0	0	0	0	0	1658324092011
1092	1661	0	0	0	0	0	0	1658324093031
1089	1661	0	0	0	0	0	0	1658324094051
1086	1661	0	0	0	0	0	0	1658324095071
1084	1661	0	0	0	0	0	0	1658324096091
1082	1661	0	0	0	0	0	0	1658324097111
1080	1661	0	0	0	0	0	0	1658324098131
1079	1661	0	0	0	0	0	0	1658324099151
1079	1661	0	0	0	0	0	0	1658324100171
1079	1661	0	0	0	0	0	0	1658324101191
1079	1661	0	0	0	0	0	0	1658324102211
1078	1661	0	0	0	0	0	0	1658324103231
1078	1661	0	0	0	0	0	0	1658324104251
1078	1661	0	0	0	0	0	0	1658324105271
1078	1661	0	0	0	0	0	0	1658324106291
1078	1661	0	0	0	0	0	0	1658324107311
1078	1661	0	0	0	0	0	0	1658324108331
1078	1661	0	0	0	0	0	0	1658324109351
1078	1661	0	0	0	0	0	0	1658324110371
1078	1661	0	0	0	0	0	0	1658324111391
1078	1661	0	0	0	0	0	0	1658324112411
1078	1661	0	0	0	0	0	0	1658324113431
1078	1660	0	0	0	0	0	0	1658324114451
1078	1660	0	0	0	0	0	0	1658324115471
1078	1660	0	0	0	0	0	0	1658324116491
1078	1660	0	0	0	0	0	0	1658324117511
1078	1660	0	0	0	0	0	0	1658324118531
1078	1660	0	0	0	0	0	0	1658324119551
1078	1660	0	0	0	0	0	0	1658324120571
1078	1660	0	0	0	0	0	0	1658324121591
1078	1660	0	0	0	0	0	0	1658324122611
1078	1660	0	0	0	0	0	0	1658324123631
1078	1660	0	0	0	0	0	0	1658324124651
1078	1660	0	0	0	0	0	0	1658324125671
1078	1660	0	0	0	0	0	0	1658324126691
1078	1660	0	0	0	0	0	0	1658324127711
1078	1660	0	0	0	0	0	0	1658324128731
1078	1660	0	0	0	0	0	0	1658324129751
1078	1660	0	0	0	0	0	0	1658324130771
1078	1660	0	0	0	0	0	0	1658324131791
1078	1660	0	0	0	0	0	0	1658324132811
1078	1660	0	0	0	0	0	0	1658324133831
1078	1660	0	0	0	0	0	0	1658324134851
1078	1660	0	0	0	0	0	0	1658324135871
1078	1660	0	0	0	0	0	0	1658324136891
1078	1660	0	0	0	0	0	0	1658324137911
1078	1660	0	0	0	0	0	0	1658324138931
1077	1660	0	0	0	0	0	0	1658324139951
1076	1660	0	0	0	0	0	0	1658324140971
1076	1660	0	0	0	0	0	0	1658324141991
1074	1660	0	0	0	0	0	0	1658324143011
1071	1660	0	0	0	0	0	0	1658324144031
1070	1660	0	0	0	0	0	0	1658324145051
1069	1660	0	0	0	0	0	0	1658324146071
1067	1660	0	0	0	0	0	0	1658324147091
1064	1660	0	0	0	0	0	0	1658324148111
1061	1660	0	0	0	0	0	0	1658324149131
1059	1660	0	0	0	0	0	0	1658324150151
1057	1660	0	0	0	0	0	0	1658324151171
1055	10996	0	0	0	0	0	0	1658324152191
1056	7262	0	0	0	0	0	0	1658324153211
1059	5021	0	0	0	0	0	0	1658324154231
1060	3677	0	0	0	0	0	0	1658324155251
1059	2870	0	0	0	0	0	0	1658324156271
1057	2386	0	0	0	0	0	0	1658324157291
1055	2096	0	0	0	0	0	0	1658324158311
1054	1921	0	0	0	0	0	0	1658324159331
1053	1817	0	0	0	0	0	0	1658324160351
1052	1754	0	0	0	0	0	0	1658324161371
1052	1716	0	0	0	0	0	0	1658324162391
1051	1694	0	0	0	0	0	0	1658324163411
1051	1680	0	0	0	0	0	0	1658324164431
1051	1672	0	0	0	0	0	0	1658324165451
1050	1667	0	0	0	0	0	0	1658324166471
1050	1664	0	0	0	0	0	0	1658324167491
1050	1663	0	0	0	0	0	0	1658324168511
1050	1662	0	0	0	0	0	0	1658324169531
1050	1661	0	0	0	0	0	0	1658324170551
1050	1661	0	0	0	0	0	0	1658324171571
1050	1661	0	0	0	0	0	0	1658324172591
1050	1661	0	0	0	0	0	0	1658324173611
1050	1661	0	0	0	0	0	0	1658324174631
1050	1661	0	0	0	0	0	0	1658324175651
1050	1661	0	0	0	0	0	0	1658324176671
1050	1661	0	0	0	0	0	0	1658324177691
1050	1661	0	0	0	0	0	0	1658324178711
1050	1661	0	0	0	0	0	0	1658324179731
1050	1661	0	0	0	0	0	0	1658324180751
1050	1661	0	0	0	0	0	0	1658324181771
1050	1661	0	0	0	0	0	0	1658324182791
1050	1661	0	0	0	0	0	0	1658324183811
1050	1660	0	0	0	0	0	0	1658324184831
1050	1660	0	0	0	0	0	0	1658324185851
1050	1660	0	0	0	0	0	0	1658324186871
1050	1660	0	0	0	0	0	0	1658324187891
1050	1660	0	0	0	0	0	0	1658324188911
1050	1660	0	0	0	0	0	0	1658324189931
1050	1660	0	0	0	0	0	0	1658324190951
1050	1660	0	0	0	0	0	0	1658324191971
1050	1660	0	0	0	0	0	0	1658324192991
1050	1660	0	0	0	0	0	0	1658324194011
1050	1660	0	0	0	0	0	0	1658324195031
1050	1660	0	0	0	0	0	0	1658324196051
1050	1660	0	0	0	0	0	0	1658324197071
1050	1660	0	0	0	0	0	0	1658324198091
1050	1660	0	0	0	0	0	0	1658324199111
1050	1660	0	0	0	0	0	0	1658324200131
1050	1660	0	0	0	0	0	0	1658324201151
1050	1660	0	0	0	0	0	0	1658324202171
1050	1660	0	0	0	0	0	0	1658324203191
1050	1660	0	0	0	0	0	0	1658324204211
1050	1660	0	0	0	0	0	0	1658324205231
1050	1660	0	0	0	0	0	0	1658324206251
1050	1660	0	0	0	0	0	0	1658324207271
1050	1660	0	0	0	0	0	0	1658324208291
1050	1660	0	0	0	0	0	0	1658324209311
1050	1660	0	0	0	0	0	0	1658324210331
1050	1660	0	0	0	0	0	0	1658324211351
1050	1660	0	0	0	0	0	0	1658324212371
1050	1660	0	0	0	0	0	0	1658324213391
1050	1660	0	0	0	0	0	0	1658324214411
1050	1660	0	0	0	0	0	0	1658324215431
1050	1660	0	0	0	0	0	0	1658324216451
1050	1660	0	0	0	0	0	0	1658324217471
1050	1660	0	0	0	0	0	0	1658324218491
1050	1660	0	0	0	0	0	0	1658324219511
1050	1660	0	0	0	0	0	0	1658324220531
1050	1660	0	0	0	0	0	0	1658324221551
1050	1660	0	0	0	0	0	0	1658324222571
1050	1660	0	0	0	0	0	0	1658324223591
1050	1660	0	0	0	0	0	0	1658324224611
1050	1660	0	0	0	0	0	0	1658324225631
1050	1660	0	0	0	0	0	0	1658324226651
1050	1660	0	0	0	0	0	0	1658324227671
1050	1660	0	0	0	0	0	0	1658324228691
1050	1660	0	0	0	0	0	0	1658324229711
1050	1660	0	0	0	0	0	0	1658324230731
1050	1660	0	0	0	0	0	0	1658324231751
1050	1660	0	0	0	0	0	0	1658324232771
1050	1660	0	0	0	0	0	0	1658324233791
1050	1660	0	0	0	0	0	0	1658324234811
1050	1660	0	0	0	0	0	0	1658324235831
1050	1660	0	0	0	0	0	0	1658324236851
1050	1660	0	0	0	0	0	0	1658324237871
1050	10996	0	0	0	0	0	0	1658324238891
1049	7262	0	0	0	0	0	0	1658324239911
1049	5021	0	0	0	0	0	0	1658324240931
1049	3677	0	0	0	0	0	0	1658324241951
1048	2870	0	0	0	0	0	0	1658324242971
1047	2386	0	0	0	0	0	0	1658324243991
1045	2096	0	0	0	0	0	0	1658324245011
1045	1922	0	0	0	0	0	0	1658324246031
1044	1817	0	0	0	0	0	0	1658324247051
1041	1754	0	0	0	0	0	0	1658324248071
1040	1717	0	0	0	0	0	0	1658324249091
1038	1694	0	0	0	0	0	0	1658324250111
1037	1680	0	0	0	0	0	0	1658324251131
1036	1672	0	0	0	0	0	0	1658324252151
1034	1667	0	0	0	0	0	0	1658324253171
1034	1664	0	0	0	0	0	0	1658324254191
1032	1662	0	0	0	0	0	0	1658324255211
1032	1662	0	0	0	0	0	0	1658324256231
1031	1661	0	0	0	0	0	0	1658324257251
1031	1661	0	0	0	0	0	0	1658324258271
1029	1661	0	0	0	0	0	0	1658324259291
1028	1661	0	0	0	0	0	0	1658324260311
1027	1661	0	0	0	0	0	0	1658324261331
1027	1661	0	0	0	0	0	0	1658324262351
1027	1661	0	0	0	0	0	0	1658324263371
1026	1661	0	0	0	0	0	0	1658324264391
1025	1660	0	0	0	0	0	0	1658324265411
1025	1660	0	0	0	0	0	0	1658324266431
1024	1660	0	0	0	0	0	0	1658324267451
1024	1660	0	0	0	0	0	0	1658324268471
1024	1660	0	0	0	0	0	0	1658324269491
1023	1660	0	0	0	0	0	0	1658324270511
1023	1659	0	0	0	0	0	0	1658324271531
1023	1660	0	0	0	0	0	0	1658324272551
1023	1660	0	0	0	0	0	0	1658324273571
1023	1660	0	0	0	0	0	0	1658324274591
1023	1660	0	0	0	0	0	0	1658324275611
1023	1660	0	0	0	0	0	0	1658324276631
1023	1660	0	0	0	0	0	0	1658324277651
1023	1660	0	0	0	0	0	0	1658324278671
1023	1660	0	0	0	0	0	0	1658324279691
1023	1660	0	0	0	0	0	0	1658324280711
1023	1660	0	0	0	0	0	0	1658324281731
1023	1659	0	0	0	0	0	0	1658324282751
1023	1660	0	0	0	0	0	0	1658324283771
1023	1660	0	0	0	0	0	0	1658324284791
1023	1660	0	0	0	0	0	0	1658324285811
1023	1660	0	0	0	0	0	0	1658324286831
1023	1660	0	0	0	0	0	0	1658324287851
1023	1660	0	0	0	0	0	0	1658324288871
1023	1660	0	0	0	0	0	0	1658324289891
1023	1660	0	0	0	0	0	0	1658324290911
1023	1660	0	0	0	0	0	0	1658324291931
1023	1660	0	0	0	0	0	0	1658324292951
1023	1659	0	0	0	0	0	0	1658324293971
1023	1659	0	0	0	0	0	0	1658324294991
1023	1659	0	0	0	0	0	0	1658324296011
1023	1659	0	0	0	0	0	0	1658324297031
1023	1659	0	0	0	0	0	0	1658324298051
1023	1660	0	0	0	0	0	0	1658324299071
1023	1660	0	0	0	0	0	0	1658324300091
1023	1660	0	0	0	0	0	0	1658324301111
1023	1659	0	0	0	0	0	0	1658324302131
1023	1659	0	0	0	0	0	0	1658324303151
1023	1659	0	0	0	0	0	0	1658324304171
1023	1659	0	0	0	0	0	0	1658324305191
1023	1659	0	0	0	0	0	0	1658324306211
1023	1658	0	0	0	0	0	0	1658324307231
1023	1657	0	0	0	0	0	0	1658324308251
1022	1658	0	0	0	0	0	0	1658324309271
1022	1658	0	0	0	0	0	0	1658324310291
1022	1659	0	0	0	0	0	0	1658324311311
1022	1659	0	0	0	0	0	0	1658324312331
1022	1658	0	0	0	0	0	0	1658324313351
1022	1657	0	0	0	0	0	0	1658324314371
1022	1656	0	0	0	0	0	0	1658324315391
1022	1656	0	0	0	0	0	0	1658324316411
1022	1656	0	0	0	0	0	0	1658324317431
1022	1655	0	0	0	0	0	0	1658324318451
1022	1656	0	0	0	0	0	0	1658324319471
1022	1656	0	0	0	0	0	0	1658324320491
1022	1655	0	0	0	0	0	0	1658324321511
1022	1656	0	0	0	0	0	0	1658324322531
1022	1657	0	0	0	0	0	0	1658324323551
1022	1656	0	0	0	0	0	0	1658324324571
1022	1655	0	0	0	0	0	0	1658324325591
1022	1653	0	0	0	0	0	0	1658324326611
1022	1653	0	0	0	0	0	0	1658324327631
1022	1654	0	0	0	0	0	0	1658324328651
1022	1653	0	0	0	0	0	0	1658324329671
1022	1652	0	0	0	0	0	0	1658324330691
1022	1652	0	0	0	0	0	0	1658324331711
1022	1652	0	0	0	0	0	0	1658324332731
1022	1652	0	0	0	0	0	0	1658324333751
1022	1653	0	0	0	0	0	0	1658324334771
1022	1651	0	0	0	0	0	0	1658324335791
1022	1652	0	0	0	0	0	0	1658324336811
1022	1650	0	0	0	0	0	0	1658324337831
1022	1650	0	0	0	0	0	0	1658324338851
1022	1651	0	0	0	0	0	0	1658324339871
1022	1650	0	0	0	0	0	0	1658324340891
1022	1649	0	0	0	0	0	0	1658324341911
1022	1647	0	0	0	0	0	0	1658324342931
1022	1646	0	0	0	0	0	0	1658324343951
1022	1645	0	0	0	0	0	0	1658324344971
1022	1647	0	0	0	0	0	0	1658324345991
1022	1646	0	0	0	0	0	0	1658324347011
1022	1646	0	0	0	0	0	0	1658324348031
1022	1645	0	0	0	0	0	0	1658324349051
1022	1646	0	0	0	0	0	0	1658324350071
1022	1644	0	0	0	0	0	0	1658324351091
1022	1640	0	0	0	0	0	0	1658324352111
1022	1637	0	0	0	0	0	0	1658324353131
1022	1636	0	0	0	0	0	0	1658324354151
1022	1636	0	0	0	0	0	0	1658324355171
1022	1636	0	0	0	0	0	0	1658324356191
1022	1638	0	0	0	0	0	0	1658324357211
1022	1638	0	0	0	0	0	0	1658324358231
1022	1641	0	0	0	0	0	0	1658324359251
1022	1641	0	0	0	0	0	0	1658324360271
1022	1642	0	0	0	0	0	0	1658324361291
1022	1642	0	0	0	0	0	0	1658324362311
1022	1641	0	0	0	0	0	0	1658324363331
1022	1642	0	0	0	0	0	0	1658324364351
1022	1641	0	0	0	0	0	0	1658324365371
1022	1640	0	0	0	0	0	0	1658324366391
1022	1641	0	0	0	0	0	0	1658324367411
10613	1640	0	0	0	0	0	0	1658324368431
6777	1640	0	0	0	0	0	0	1658324369451
4475	1642	0	0	0	0	0	0	1658324370471
3094	1640	0	0	0	0	0	0	1658324371491
2265	1640	0	0	0	0	0	0	1658324372511
1768	1640	0	0	0	0	0	0	1658324373531
1470	1638	0	0	0	0	0	0	1658324374551
1291	1639	0	0	0	0	0	0	1658324375571
1183	1641	0	0	0	0	0	0	1658324376591
1119	1640	0	0	0	0	0	0	1658324377611
1080	1640	0	0	0	0	0	0	1658324378631
1057	1639	0	0	0	0	0	0	1658324379651
1043	1640	0	0	0	0	0	0	1658324380671
1035	1638	0	0	0	0	0	0	1658324381691
1030	1639	0	0	0	0	0	0	1658324382711
1027	1638	0	0	0	0	0	0	1658324383731
1025	1638	0	0	0	0	0	0	1658324384751
1024	1637	0	0	0	0	0	0	1658324385771
1023	1636	0	0	0	0	0	0	1658324386791
1023	1636	0	0	0	0	0	0	1658324387811
1023	1637	0	0	0	0	0	0	1658324388831
1023	1636	0	0	0	0	0	0	1658324389851
1023	1637	0	0	0	0	0	0	1658324390871
1023	1637	0	0	0	0	0	0	1658324391921
1023	1637	0	0	0	0	0	0	1658324392941
1023	1636	0	0	0	0	0	0	1658324393961
1023	1636	0	0	0	0	0	0	1658324394981
1023	1636	0	0	0	0	0	0	1658324396001
1023	1635	0	0	0	0	0	0	1658324397021
1023	1635	0	0	0	0	0	0	1658324398041
1023	1636	0	0	0	0	0	0	1658324399061
1023	1636	0	0	0	0	0	0	1658324400081
1023	1635	0	0	0	0	0	0	1658324401101
1023	1635	0	0	0	0	0	0	1658324402121
1023	1634	0	0	0	0	0	0	1658324403141
1023	1634	0	0	0	0	0	0	1658324404161
1023	1634	0	0	0	0	0	0	1658324405181
1023	1633	0	0	0	0	0	0	1658324406201
1023	1634	0	0	0	0	0	0	1658324407221
1023	1635	0	0	0	0	0	0	1658324408241
1023	1634	0	0	0	0	0	0	1658324409261
1023	1635	0	0	0	0	0	0	1658324410281
1023	1635	0	0	0	0	0	0	1658324411301
1023	1635	0	0	0	0	0	0	1658324412321
1023	1634	0	0	0	0	0	0	1658324413341
1023	1634	0	0	0	0	0	0	1658324414361
1023	1634	0	0	0	0	0	0	1658324415381
1023	1634	0	0	0	0	0	0	1658324416401
1023	1634	0	0	0	0	0	0	1658324417421
1023	1634	0	0	0	0	0	0	1658324418441
1023	1634	0	0	0	0	0	0	1658324419461
1023	1634	0	0	0	0	0	0	1658324420481
1023	1634	0	0	0	0	0	0	1658324421501
1023	1634	0	0	0	0	0	0	1658324422521
1023	1634	0	0	0	0	0	0	1658324423541
1023	1634	0	0	0	0	0	0	1658324424561
1023	1634	0	0	0	0	0	0	1658324425581
1023	1634	0	0	0	0	0	0	1658324426601
1023	1634	0	0	0	0	0	0	1658324427621
1023	1634	0	0	0	0	0	0	1658324428641
1023	1634	0	0	0	0	0	0	1658324429661
1023	1634	0	0	0	0	0	0	1658324430681
1023	1633	0	0	0	0	0	0	1658324431701
1023	1633	0	0	0	0	0	0	1658324432721
1023	1633	0	0	0	0	0	0	1658324433741
1023	1633	0	0	0	0	0	0	1658324434761
1023	1633	0	0	0	0	0	0	1658324435781
1023	1633	0	0	0	0	0	0	1658324436801
1023	1633	0	0	0	0	0	0	1658324437821
1023	1633	0	0	0	0	0	0	1658324438841
1023	1633	0	0	0	0	0	0	1658324439861
1023	1633	0	0	0	0	0	0	1658324440881
1023	1633	0	0	0	0	0	0	1658324441901
1023	1633	0	0	0	0	0	0	1658324442921
1023	1633	0	0	0	0	0	0	1658324443941
1023	1633	0	0	0	0	0	0	1658324444961
1023	1633	0	0	0	0	0	0	1658324445981
1023	1633	0	0	0	0	0	0	1658324447001
1023	1633	0	0	0	0	0	0	1658324448021
1023	1633	0	0	0	0	0	0	1658324449041
1023	1633	0	0	0	0	0	0	1658324450061
1023	1633	0	0	0	0	0	0	1658324451081
1023	1633	0	0	0	0	0	0	1658324452101
1023	1633	0	0	0	0	0	0	1658324453121
1023	1633	0	0	0	0	0	0	1658324454141
1023	1633	0	0	0	0	0	0	1658324455161
1023	1633	0	0	0	0	0	0	1658324456181
1023	1633	0	0	0	0	0	0	1658324457201
1023	1633	0	0	0	0	0	0	1658324458221
1023	1633	0	0	0	0	0	0	1658324459241
1023	1633	0	0	0	0	0	0	1658324460261
1023	1633	0	0	0	0	0	0	1658324461281
1023	1633	0	0	0	0	0	0	1658324462301
1023	1633	0	0	0	0	0	0	1658324463321
1023	1633	0	0	0	0	0	0	1658324464341
1023	1633	0	0	0	0	0	0	1658324465361
1023	1633	0	0	0	0	0	0	1658324466381
1023	1633	0	0	0	0	0	0	1658324467401
1023	1633	0	0	0	0	0	0	1658324468421
1023	1633	0	0	0	0	0	0	1658324469441
1023	1633	0	0	0	0	0	0	1658324470461
1023	1633	0	0	0	0	0	0	1658324471481
1022	1633	0	0	0	0	0	0	1658324472501
1022	1633	0	0	0	0	0	0	1658324473521
1022	1633	0	0	0	0	0	0	1658324474541
1022	1633	0	0	0	0	0	0	1658324475561
1022	1633	0	0	0	0	0	0	1658324476581
1022	1633	0	0	0	0	0	0	1658324477601
1022	1633	0	0	0	0	0	0	1658324478621
1022	1633	0	0	0	0	0	0	1658324479641
1022	1633	0	0	0	0	0	0	1658324480661
1022	1633	0	0	0	0	0	0	1658324481681
1022	1633	0	0	0	0	0	0	1658324482701
1022	1633	0	0	0	0	0	0	1658324483721
1022	1633	0	0	0	0	0	0	1658324484741
1022	1633	0	0	0	0	0	0	1658324485761
1022	1633	0	0	0	0	0	0	1658324486781
1022	1633	0	0	0	0	0	0	1658324487801
1022	1633	0	0	0	0	0	0	1658324488821
1022	1633	0	0	0	0	0	0	1658324489841
1022	1633	0	0	0	0	0	0	1658324490861
1022	1633	0	0	0	0	0	0	1658324491881
1022	1633	0	0	0	0	0	0	1658324492901
1022	1633	0	0	0	0	0	0	1658324493921
1022	1633	0	0	0	0	0	0	1658324494941
1022	1633	0	0	0	0	0	0	1658324495961
1022	1633	0	0	0	0	0	0	1658324496981
1022	1633	0	0	0	0	0	0	1658324498001
1022	1633	0	0	0	0	0	0	1658324499021
1022	1633	0	0	0	0	0	0	1658324500041
1022	1633	0	0	0	0	0	0	1658324501061
1022	1633	0	0	0	0	0	0	1658324502081
1022	1633	0	0	0	0	0	0	1658324503101
1022	1633	0	0	0	0	0	0	1658324504121
1022	1633	0	0	0	0	0	0	1658324505141
1022	1633	0	0	0	0	0	0	1658324506161
1022	1633	0	0	0	0	0	0	1658324507181
1022	1633	0	0	0	0	0	0	1658324508201
1022	1633	0	0	0	0	0	0	1658324509221
1022	1633	0	0	0	0	0	0	1658324510241
1022	1633	0	0	0	0	0	0	1658324511261
1022	1633	0	0	0	0	0	0	1658324512281
1022	1633	0	0	0	0	0	0	1658324513301
1022	1633	0	0	0	0	0	0	1658324514321
1022	1633	0	0	0	0	0	0	1658324515341
1022	1633	0	0	0	0	0	0	1658324516361
1022	1633	0	0	0	0	0	0	1658324517381
1022	1633	0	0	0	0	0	0	1658324518401
1022	1633	0	0	0	0	0	0	1658324519421
1022	1633	0	0	0	0	0	0	1658324520441
1022	1633	0	0	0	0	0	0	1658324521461
1022	1633	0	0	0	0	0	0	1658324522481
1022	1633	0	0	0	0	0	0	1658324523501
1022	1633	0	0	0	0	0	0	1658324524521
1022	1633	0	0	0	0	0	0	1658324525541
1022	1633	0	0	0	0	0	0	1658324526561
1022	1633	0	0	0	0	0	0	1658324527581
1022	1633	0	0	0	0	0	0	1658324528601
1022	1633	0	0	0	0	0	0	1658324529621
1022	1633	0	0	0	0	0	0	1658324530641
1022	1633	0	0	0	0	0	0	1658324531661
1022	1633	0	0	0	0	0	0	1658324532681
1022	1633	0	0	0	0	0	0	1658324533701
1022	1633	0	0	0	0	0	0	1658324534721
1022	1633	0	0	0	0	0	0	1658324535741
1022	1633	0	0	0	0	0	0	1658324536761
1022	1633	0	0	0	0	0	0	1658324537781
1022	1633	0	0	0	0	0	0	1658324538801
1022	1633	0	0	0	0	0	0	1658324539821
1022	1633	0	0	0	0	0	0	1658324540841
1022	1633	0	0	0	0	0	0	1658324541861
1022	1633	0	0	0	0	0	0	1658324542881
1022	1633	0	0	0	0	0	0	1658324543901
1022	1633	0	0	0	0	0	0	1658324544921
1022	1633	0	0	0	0	0	0	1658324545941
1022	1633	0	0	0	0	0	0	1658324546961
1022	1633	0	0	0	0	0	0	1658324547981
1022	1633	0	0	0	0	0	0	1658324549001
1022	1633	0	0	0	0	0	0	1658324550021
1022	1633	0	0	0	0	0	0	1658324551041
1022	1633	0	0	0	0	0	0	1658324552061
1022	1633	0	0	0	0	0	0	1658324553081
1022	1633	0	0	0	0	0	0	1658324554101
1022	1633	0	0	0	0	0	0	1658324555121
1022	1633	0	0	0	0	0	0	1658324556141
1022	1633	0	0	0	0	0	0	1658324557161
1022	1633	0	0	0	0	0	0	1658324558181
1022	1633	0	0	0	0	0	0	1658324559201
1022	1633	0	0	0	0	0	0	1658324560221
1022	1633	0	0	0	0	0	0	1658324561241
1022	1633	0	0	0	0	0	0	1658324562261
1022	1633	0	0	0	0	0	0	1658324563281
1022	1633	0	0	0	0	0	0	1658324564301
1022	1633	0	0	0	0	0	0	1658324565321
1022	1633	0	0	0	0	0	0	1658324566341
1022	1633	0	0	0	0	0	0	1658324567361
1022	1633	0	0	0	0	0	0	1658324568381
1022	1633	0	0	0	0	0	0	1658324569401
1022	1633	0	0	0	0	0	0	1658324570421
1022	1633	0	0	0	0	0	0	1658324571441
1022	1633	0	0	0	0	0	0	1658324572461
1022	1633	0	0	0	0	0	0	1658324573481
1022	1633	0	0	0	0	0	0	1658324574501
1022	1633	0	0	0	0	0	0	1658324575521
1022	1633	0	0	0	0	0	0	1658324576541
1022	1633	0	0	0	0	0	0	1658324577561
1022	1633	0	0	0	0	0	0	1658324578581
1022	1633	0	0	0	0	0	0	1658324579601
1022	1633	0	0	0	0	0	0	1658324580621
1022	1633	0	0	0	0	0	0	1658324581641
1022	1633	0	0	0	0	0	0	1658324582661
1022	1633	0	0	0	0	0	0	1658324583681
1022	1633	0	0	0	0	0	0	1658324584701
1022	1633	0	0	0	0	0	0	1658324585721
1022	1633	0	0	0	0	0	0	1658324586741
1022	1633	0	0	0	0	0	0	1658324587761
1022	1633	0	0	0	0	0	0	1658324588781
1022	1633	0	0	0	0	0	0	1658324589801
1022	1633	0	0	0	0	0	0	1658324590821
1022	1633	0	0	0	0	0	0	1658324591841
1022	1633	0	0	0	0	0	0	1658324592861
1022	1633	0	0	0	0	0	0	1658324593881
1022	1633	0	0	0	0	0	0	1658324594901
1022	1633	0	0	0	0	0	0	1658324595921
1022	1633	0	0	0	0	0	0	1658324596941
1022	1633	0	0	0	0	0	0	1658324597961
1022	1633	0	0	0	0	0	0	1658324598981
1022	1633	0	0	0	0	0	0	1658324600001
1022	1633	0	0	0	0	0	0	1658324601021
1022	1633	0	0	0	0	0	0	1658324602041
1022	1633	0	0	0	0	0	0	1658324603061
1022	1633	0	0	0	0	0	0	1658324604081
1022	1633	0	0	0	0	0	0	1658324605101
1022	1633	0	0	0	0	0	0	1658324606121
1022	1633	0	0	0	0	0	0	1658324607141
1022	1633	0	0	0	0	0	0	1658324608161
1022	1633	0	0	0	0	0	0	1658324609181
1022	1633	0	0	0	0	0	0	1658324610201
1022	1633	0	0	0	0	0	0	1658324611221
1022	1633	0	0	0	0	0	0	1658324612241
1022	1633	0	0	0	0	0	0	1658324613261
1022	1633	0	0	0	0	0	0	1658324614281
1022	1633	0	0	0	0	0	0	1658324615301
1022	1633	0	0	0	0	0	0	1658324616321
1022	1633	0	0	0	0	0	0	1658324617341
1022	1633	0	0	0	0	0	0	1658324618361
1022	1633	0	0	0	0	0	0	1658324619381
1022	1633	0	0	0	0	0	0	1658324620401
1022	1633	0	0	0	0	0	0	1658324621421
1022	1633	0	0	0	0	0	0	1658324622441
1022	1633	0	0	0	0	0	0	1658324623461
1022	1633	0	0	0	0	0	0	1658324624481
1022	1633	0	0	0	0	0	0	1658324625501
1022	1633	0	0	0	0	0	0	1658324626521
1022	1633	0	0	0	0	0	0	1658324627541
1022	1633	0	0	0	0	0	0	1658324628561
1022	1633	0	0	0	0	0	0	1658324629581
1022	1633	0	0	0	0	0	0	1658324630601
1022	1633	0	0	0	0	0	0	1658324631621
1022	1633	0	0	0	0	0	0	1658324632641
1022	1633	0	0	0	0	0	0	1658324633661
1022	1633	0	0	0	0	0	0	1658324634681
1022	1633	0	0	0	0	0	0	1658324635701
1022	1633	0	0	0	0	0	0	1658324636721
1022	1633	0	0	0	0	0	0	1658324637741
1022	1633	0	0	0	0	0	0	1658324638761
1022	1633	0	0	0	0	0	0	1658324639781
1022	1633	0	0	0	0	0	0	1658324640801
1022	1633	0	0	0	0	0	0	1658324641821
1022	1633	0	0	0	0	0	0	1658324642841
1022	1633	0	0	0	0	0	0	1658324643861
1022	1633	0	0	0	0	0	0	1658324644881
1022	1633	0	0	0	0	0	0	1658324645901
1022	1633	0	0	0	0	0	0	1658324646921
1022	1633	0	0	0	0	0	0	1658324647941
1022	1633	0	0	0	0	0	0	1658324648961
1022	1633	0	0	0	0	0	0	1658324649981
1022	1633	0	0	0	0	0	0	1658324651001
1022	1633	0	0	0	0	0	0	1658324652021
1022	1633	0	0	0	0	0	0	1658324653041
1022	1633	0	0	0	0	0	0	1658324654061
1022	1633	0	0	0	0	0	0	1658324655081
1022	1633	0	0	0	0	0	0	1658324656101
1022	1633	0	0	0	0	0	0	1658324657121
1022	1633	0	0	0	0	0	0	1658324658141
1022	1633	0	0	0	0	0	0	1658324659161
1022	1633	0	0	0	0	0	0	1658324660181
1022	1633	0	0	0	0	0	0	1658324661201
1022	1633	0	0	0	0	0	0	1658324662221
1022	1633	0	0	0	0	0	0	1658324663241
1022	1633	0	0	0	0	0	0	1658324664261
1022	1633	0	0	0	0	0	0	1658324665281
1022	1633	0	0	0	0	0	0	1658324666301
1022	1633	0	0	0	0	0	0	1658324667321
1022	1633	0	0	0	0	0	0	1658324668341
1022	1633	0	0	0	0	0	0	1658324669361
1022	1633	0	0	0	0	0	0	1658324670381
1022	1633	0	0	0	0	0	0	1658324671401
1022	1633	0	0	0	0	0	0	1658324672421
1022	1633	0	0	0	0	0	0	1658324673441
1022	1633	0	0	0	0	0	0	1658324674461
1022	1633	0	0	0	0	0	0	1658324675481
1022	1633	0	0	0	0	0	0	1658324676501
1022	1633	0	0	0	0	0	0	1658324677521
1022	1633	0	0	0	0	0	0	1658324678541
1022	1633	0	0	0	0	0	0	1658324679561
1022	1633	0	0	0	0	0	0	1658324680581
1022	1633	0	0	0	0	0	0	1658324681601
1022	1633	0	0	0	0	0	0	1658324682621
1022	1633	0	0	0	0	0	0	1658324683641
1022	1633	0	0	0	0	0	0	1658324684661
1022	1633	0	0	0	0	0	0	1658324685681
1022	1633	0	0	0	0	0	0	1658324686701
1022	1633	0	0	0	0	0	0	1658324687721
1022	1633	0	0	0	0	0	0	1658324688741
1022	1633	0	0	0	0	0	0	1658324689761
1022	1633	0	0	0	0	0	0	1658324690781
1022	1633	0	0	0	0	0	0	1658324691801
1022	1633	0	0	0	0	0	0	1658324692821
1022	1633	0	0	0	0	0	0	1658324693841
1022	1633	0	0	0	0	0	0	1658324694861
1022	1633	0	0	0	0	0	0	1658324695881
1022	1633	0	0	0	0	0	0	1658324696901
1022	1633	0	0	0	0	0	0	1658324697921
1022	1633	0	0	0	0	0	0	1658324698941
1022	1633	0	0	0	0	0	0	1658324699961
1022	1633	0	0	0	0	0	0	1658324700981
1022	1633	0	0	0	0	0	0	1658324702001
1022	1633	0	0	0	0	0	0	1658324703021
1022	1633	0	0	0	0	0	0	1658324704041
1022	1633	0	0	0	0	0	0	1658324705061
1022	1633	0	0	0	0	0	0	1658324706081
1022	1633	0	0	0	0	0	0	1658324707101
1022	1633	0	0	0	0	0	0	1658324708121
1022	1633	0	0	0	0	0	0	1658324709141
1022	1633	0	0	0	0	0	0	1658324710161
1022	1633	0	0	0	0	0	0	1658324711181
1022	1633	0	0	0	0	0	0	1658324712201
1022	1633	0	0	0	0	0	0	1658324713221
1022	1633	0	0	0	0	0	0	1658324714241
1022	1633	0	0	0	0	0	0	1658324715261
1022	1633	0	0	0	0	0	0	1658324716281
1022	1633	0	0	0	0	0	0	1658324717301
1022	1633	0	0	0	0	0	0	1658324718321
1022	1633	0	0	0	0	0	0	1658324719341
1022	1633	0	0	0	0	0	0	1658324720361
1022	1633	0	0	0	0	0	0	1658324721381
1022	1633	0	0	0	0	0	0	1658324722401
1022	1633	0	0	0	0	0	0	1658324723421
1022	1633	0	0	0	0	0	0	1658324724441
1022	1633	0	0	0	0	0	0	1658324725461
1022	1633	0	0	0	0	0	0	1658324726481
1022	1633	0	0	0	0	0	0	1658324727501
1022	1633	0	0	0	0	0	0	1658324728521
1022	1633	0	0	0	0	0	0	1658324729541
1022	1633	0	0	0	0	0	0	1658324730561
1022	1633	0	0	0	0	0	0	1658324731581
1022	1633	0	0	0	0	0	0	1658324732601
1022	1633	0	0	0	0	0	0	1658324733621
1022	1630	0	0	0	0	0	0	1658324734641
1022	1631	0	0	0	0	0	0	1658324735661
1022	1632	0	0	0	0	0	0	1658324736681
10613	1632	0	0	0	0	0	0	1658324737701
6777	1632	0	0	0	0	0	0	1658324738721
4475	1632	0	0	0	0	0	0	1658324739741
3094	1632	0	0	0	0	0	0	1658324740761
2265	1632	0	0	0	0	0	0	1658324741781
1768	1632	0	0	0	0	0	0	1658324742801
1470	1632	0	0	0	0	0	0	1658324743821
1291	1632	0	0	0	0	0	0	1658324744841
1184	1632	0	0	0	0	0	0	1658324745861
1119	1632	0	0	0	0	0	0	1658324746881
1080	1632	0	0	0	0	0	0	1658324747901
1057	1632	0	0	0	0	0	0	1658324748921
1043	1633	0	0	0	0	0	0	1658324749941
1035	1633	0	0	0	0	0	0	1658324750961
1030	1633	0	0	0	0	0	0	1658324751981
1027	1633	0	0	0	0	0	0	1658324753001
1025	1633	0	0	0	0	0	0	1658324754021
1024	1633	0	0	0	0	0	0	1658324755041
1023	1633	0	0	0	0	0	0	1658324756061
1023	1633	0	0	0	0	0	0	1658324757081
1023	1633	0	0	0	0	0	0	1658324758101
1023	1633	0	0	0	0	0	0	1658324759121
1023	1633	0	0	0	0	0	0	1658324760141
1023	1633	0	0	0	0	0	0	1658324761161
1023	1633	0	0	0	0	0	0	1658324762181
1022	1633	0	0	0	0	0	0	1658324763201
1022	1633	0	0	0	0	0	0	1658324764221
1022	1633	0	0	0	0	0	0	1658324765241
1022	1633	0	0	0	0	0	0	1658324766261
1022	1633	0	0	0	0	0	0	1658324767281
1022	1633	0	0	0	0	0	0	1658324768301
1022	1633	0	0	0	0	0	0	1658324769321
1022	1633	0	0	0	0	0	0	1658324770341
1022	1633	0	0	0	0	0	0	1658324771361
1022	1633	0	0	0	0	0	0	1658324772381
1022	1633	0	0	0	0	0	0	1658324773401
1022	1633	0	0	0	0	0	0	1658324774421
1022	1633	0	0	0	0	0	0	1658324775441
1022	1633	0	0	0	0	0	0	1658324776461
1022	1633	0	0	0	0	0	0	1658324777481
1022	1633	0	0	0	0	0	0	1658324778501
1022	1633	0	0	0	0	0	0	1658324779521
1022	1633	0	0	0	0	0	0	1658324780541
1022	1633	0	0	0	0	0	0	1658324781561
1022	1633	0	0	0	0	0	0	1658324782581
1022	1633	0	0	0	0	0	0	1658324783601
1022	1633	0	0	0	0	0	0	1658324784621
1022	1633	0	0	0	0	0	0	1658324785641
1022	1633	0	0	0	0	0	0	1658324786661
1022	1633	0	0	0	0	0	0	1658324787681
1022	1633	0	0	0	0	0	0	1658324788701
1022	1633	0	0	0	0	0	0	1658324789721
1022	1633	0	0	0	0	0	0	1658324790741
1022	1633	0	0	0	0	0	0	1658324791761
1022	1633	0	0	0	0	0	0	1658324792781
1022	1633	0	0	0	0	0	0	1658324793801
1022	1633	0	0	0	0	0	0	1658324794821
1022	1633	0	0	0	0	0	0	1658324795841
1022	1633	0	0	0	0	0	0	1658324796861
1022	1633	0	0	0	0	0	0	1658324797881
1022	1633	0	0	0	0	0	0	1658324798901
1022	1633	0	0	0	0	0	0	1658324799921
1022	1633	0	0	0	0	0	0	1658324800941
1022	1633	0	0	0	0	0	0	1658324801961
1022	1633	0	0	0	0	0	0	1658324802981
1022	1633	0	0	0	0	0	0	1658324804001
1022	1633	0	0	0	0	0	0	1658324805021
1022	1633	0	0	0	0	0	0	1658324806041
1022	1633	0	0	0	0	0	0	1658324807061
1022	1633	0	0	0	0	0	0	1658324808081
1022	1633	0	0	0	0	0	0	1658324809101
1022	1633	0	0	0	0	0	0	1658324810121
1022	1633	0	0	0	0	0	0	1658324811141
1022	1633	0	0	0	0	0	0	1658324812161
1022	1633	0	0	0	0	0	0	1658324813181
1022	1633	0	0	0	0	0	0	1658324814201
1022	1633	0	0	0	0	0	0	1658324815221
1022	1633	0	0	0	0	0	0	1658324816241
1022	1633	0	0	0	0	0	0	1658324817261
1022	1633	0	0	0	0	0	0	1658324818281
1022	1633	0	0	0	0	0	0	1658324819301
1022	1633	0	0	0	0	0	0	1658324820321
1022	1633	0	0	0	0	0	0	1658324821341
1022	1633	0	0	0	0	0	0	1658324822361
1022	1633	0	0	0	0	0	0	1658324823381
1022	1633	0	0	0	0	0	0	1658324824401
1022	1633	0	0	0	0	0	0	1658324825421
1022	1633	0	0	0	0	0	0	1658324826441
1022	1633	0	0	0	0	0	0	1658324827461
1022	1633	0	0	0	0	0	0	1658324828481
1022	1633	0	0	0	0	0	0	1658324829501
1022	1633	0	0	0	0	0	0	1658324830521
1022	1633	0	0	0	0	0	0	1658324831541
1022	1633	0	0	0	0	0	0	1658324832561
1022	1633	0	0	0	0	0	0	1658324833581
1022	1633	0	0	0	0	0	0	1658324834601
1022	1633	0	0	0	0	0	0	1658324835621
1022	1633	0	0	0	0	0	0	1658324836641
1022	1633	0	0	0	0	0	0	1658324837661
1022	1633	0	0	0	0	0	0	1658324838681
1022	1633	0	0	0	0	0	0	1658324839701
1022	1633	0	0	0	0	0	0	1658324840721
1022	1633	0	0	0	0	0	0	1658324841741
1022	1633	0	0	0	0	0	0	1658324842761
1022	1633	0	0	0	0	0	0	1658324843781
1022	1633	0	0	0	0	0	0	1658324844801
1022	1633	0	0	0	0	0	0	1658324845821
1022	1633	0	0	0	0	0	0	1658324846841
1022	1633	0	0	0	0	0	0	1658324847861
1022	1633	0	0	0	0	0	0	1658324848881
1022	1633	0	0	0	0	0	0	1658324849901
1022	1633	0	0	0	0	0	0	1658324850921
1022	1633	0	0	0	0	0	0	1658324851941
1022	1633	0	0	0	0	0	0	1658324852961
1022	1633	0	0	0	0	0	0	1658324853981
1022	1633	0	0	0	0	0	0	1658324855001
1022	1633	0	0	0	0	0	0	1658324856021
1022	1633	0	0	0	0	0	0	1658324857041
1022	1633	0	0	0	0	0	0	1658324858061
1022	1633	0	0	0	0	0	0	1658324859081
1022	1633	0	0	0	0	0	0	1658324860101
1022	1633	0	0	0	0	0	0	1658324861121
1022	1633	0	0	0	0	0	0	1658324862141
1022	1633	0	0	0	0	0	0	1658324863161
1022	1633	0	0	0	0	0	0	1658324864181
1022	1633	0	0	0	0	0	0	1658324865201
1022	1633	0	0	0	0	0	0	1658324866221
1022	1633	0	0	0	0	0	0	1658324867241
1022	1633	0	0	0	0	0	0	1658324868261
1022	1633	0	0	0	0	0	0	1658324869281
1022	1633	0	0	0	0	0	0	1658324870301
1022	1633	0	0	0	0	0	0	1658324871321
1022	1633	0	0	0	0	0	0	1658324872341
1022	1633	0	0	0	0	0	0	1658324873361
1022	1633	0	0	0	0	0	0	1658324874381
1022	1633	0	0	0	0	0	0	1658324875401
1022	1633	0	0	0	0	0	0	1658324876421
1022	1633	0	0	0	0	0	0	1658324877441
1022	1633	0	0	0	0	0	0	1658324878461
1022	1633	0	0	0	0	0	0	1658324879481
1022	1633	0	0	0	0	0	0	1658324880501
1022	1633	0	0	0	0	0	0	1658324881521
1022	1633	0	0	0	0	0	0	1658324882541
1022	1633	0	0	0	0	0	0	1658324883561
1022	1633	0	0	0	0	0	0	1658324884581
1022	1633	0	0	0	0	0	0	1658324885601
1022	1633	0	0	0	0	0	0	1658324886621
1022	1633	0	0	0	0	0	0	1658324887641
1022	1633	0	0	0	0	0	0	1658324888661
1022	1633	0	0	0	0	0	0	1658324889681
1022	1633	0	0	0	0	0	0	1658324890701
1022	1633	0	0	0	0	0	0	1658324891721
1022	1633	0	0	0	0	0	0	1658324892741
1022	1633	0	0	0	0	0	0	1658324893761
1022	1633	0	0	0	0	0	0	1658324894781
1022	1633	0	0	0	0	0	0	1658324895801
1022	1633	0	0	0	0	0	0	1658324896821
1022	1633	0	0	0	0	0	0	1658324897841
1022	1633	0	0	0	0	0	0	1658324898861
1022	1633	0	0	0	0	0	0	1658324899881
1022	1633	0	0	0	0	0	0	1658324900901
1022	1633	0	0	0	0	0	0	1658324901921
1022	1633	0	0	0	0	0	0	1658324902941
1022	1633	0	0	0	0	0	0	1658324903961
1022	1633	0	0	0	0	0	0	1658324904981
1022	1633	0	0	0	0	0	0	1658324906001
1022	1633	0	0	0	0	0	0	1658324907021
1022	1633	0	0	0	0	0	0	1658324908041
1022	1633	0	0	0	0	0	0	1658324909061
1022	1633	0	0	0	0	0	0	1658324910081
1022	1633	0	0	0	0	0	0	1658324911101
1022	1633	0	0	0	0	0	0	1658324912121
1022	1633	0	0	0	0	0	0	1658324913141
1022	1633	0	0	0	0	0	0	1658324914161
1022	1633	0	0	0	0	0	0	1658324915181
1022	1633	0	0	0	0	0	0	1658324916201
1022	1633	0	0	0	0	0	0	1658324917221
1022	1633	0	0	0	0	0	0	1658324918241
1022	1633	0	0	0	0	0	0	1658324919261
1022	1633	0	0	0	0	0	0	1658324920281
1022	1633	0	0	0	0	0	0	1658324921301
1022	1633	0	0	0	0	0	0	1658324922321
1022	1633	0	0	0	0	0	0	1658324923341
1022	1633	0	0	0	0	0	0	1658324924361
1022	1633	0	0	0	0	0	0	1658324925381
1022	1633	0	0	0	0	0	0	1658324926401
1022	1633	0	0	0	0	0	0	1658324927421
1022	1633	0	0	0	0	0	0	1658324928441
1022	1633	0	0	0	0	0	0	1658324929461
1022	1633	0	0	0	0	0	0	1658324930481
1022	1633	0	0	0	0	0	0	1658324931501
1022	1633	0	0	0	0	0	0	1658324932521
1022	1633	0	0	0	0	0	0	1658324933541
1022	1633	0	0	0	0	0	0	1658324934561
1022	1633	0	0	0	0	0	0	1658324935581
1022	1633	0	0	0	0	0	0	1658324936601
1022	1633	0	0	0	0	0	0	1658324937621
1022	1633	0	0	0	0	0	0	1658324938641
1022	1633	0	0	0	0	0	0	1658324939661
1022	1633	0	0	0	0	0	0	1658324940681
1022	1633	0	0	0	0	0	0	1658324941701
1022	1633	0	0	0	0	0	0	1658324942721
1022	1633	0	0	0	0	0	0	1658324943741
1022	1633	0	0	0	0	0	0	1658324944761
1022	1633	0	0	0	0	0	0	1658324945781
1022	1633	0	0	0	0	0	0	1658324946801
1022	1633	0	0	0	0	0	0	1658324947821
1022	1633	0	0	0	0	0	0	1658324948841
1022	1633	0	0	0	0	0	0	1658324949861
1022	1633	0	0	0	0	0	0	1658324950881
1022	1633	0	0	0	0	0	0	1658324951901
1022	1633	0	0	0	0	0	0	1658324952921
1022	1633	0	0	0	0	0	0	1658324953941
1022	1633	0	0	0	0	0	0	1658324954961
1022	1633	0	0	0	0	0	0	1658324955981
1022	1633	0	0	0	0	0	0	1658324957001
1022	1633	0	0	0	0	0	0	1658324958021
1022	1633	0	0	0	0	0	0	1658324959041
1022	1633	0	0	0	0	0	0	1658324960061
1022	1633	0	0	0	0	0	0	1658324961081
1022	1633	0	0	0	0	0	0	1658324962101
1022	1633	0	0	0	0	0	0	1658324963121
1022	1633	0	0	0	0	0	0	1658324964141
1022	1633	0	0	0	0	0	0	1658324965161
1022	1633	0	0	0	0	0	0	1658324966181
1022	1633	0	0	0	0	0	0	1658324967201
1022	1630	0	0	0	0	0	0	1658324968221
1022	1631	0	0	0	0	0	0	1658324969241
1022	1632	0	0	0	0	0	0	1658324970261
1022	1632	0	0	0	0	0	0	1658324971281
1022	1632	0	0	0	0	0	0	1658324972301
1022	1632	0	0	0	0	0	0	1658324973321
1022	1632	0	0	0	0	0	0	1658324974341
1022	1632	0	0	0	0	0	0	1658324975361
1022	1633	0	0	0	0	0	0	1658324976381
1022	1633	0	0	0	0	0	0	1658324977401
1022	1633	0	0	0	0	0	0	1658324978421
1022	1633	0	0	0	0	0	0	1658324979441
1022	1633	0	0	0	0	0	0	1658324980461
1022	1633	0	0	0	0	0	0	1658324981481
1022	1633	0	0	0	0	0	0	1658324982501
1022	1633	0	0	0	0	0	0	1658324983521
1022	1633	0	0	0	0	0	0	1658324984541
1022	1633	0	0	0	0	0	0	1658324985561
1022	1633	0	0	0	0	0	0	1658324986581
1022	1633	0	0	0	0	0	0	1658324987601
1022	1633	0	0	0	0	0	0	1658324988621
1023	1633	0	0	0	0	0	0	1658324989641
1023	1633	0	0	0	0	0	0	1658324990661
1023	1633	0	0	0	0	0	0	1658324991681
1023	1633	0	0	0	0	0	0	1658324992701
1023	1633	0	0	0	0	0	0	1658324993721
1023	1633	0	0	0	0	0	0	1658324994741
1023	10979	0	0	0	0	0	0	1658324995761
1023	7241	0	0	0	0	0	0	1658324996781
1023	4998	0	0	0	0	0	0	1658324997801
1023	3652	0	0	0	0	0	0	1658324998821
1023	2844	0	0	0	0	0	0	1658324999841
1025	2360	0	0	0	0	0	0	1658325000861
1029	2069	0	0	0	0	0	0	1658325001881
1028	1895	0	0	0	0	0	0	1658325002901
1031	1790	0	0	0	0	0	0	1658325003921
1033	1727	0	0	0	0	0	0	1658325004941
1037	1690	0	0	0	0	0	0	1658325005961
1039	1668	0	0	0	0	0	0	1658325006981
1040	1654	0	0	0	0	0	0	1658325008001
1042	1646	0	0	0	0	0	0	1658325009021
1041	1641	0	0	0	0	0	0	1658325010041
1041	1638	0	0	0	0	0	0	1658325011061
1041	1636	0	0	0	0	0	0	1658325012081
1042	1635	0	0	0	0	0	0	1658325013101
1042	1634	0	0	0	0	0	0	1658325014121
1042	1634	0	0	0	0	0	0	1658325015141
1041	1634	0	0	0	0	0	0	1658325016161
1042	1633	0	0	0	0	0	0	1658325017181
1043	1633	0	0	0	0	0	0	1658325018201
1040	1633	0	0	0	0	0	0	1658325019221
1041	1633	0	0	0	0	0	0	1658325020241
1042	1633	0	0	0	0	0	0	1658325021261
1043	1633	0	0	0	0	0	0	1658325022281
1044	1633	0	0	0	0	0	0	1658325023301
1045	1633	0	0	0	0	0	0	1658325024321
1046	1633	0	0	0	0	0	0	1658325025341
1047	1633	0	0	0	0	0	0	1658325026361
1048	1633	0	0	0	0	0	0	1658325027381
1048	1633	0	0	0	0	0	0	1658325028401
1048	1633	0	0	0	0	0	0	1658325029421
1048	1633	0	0	0	0	0	0	1658325030441
1049	1633	0	0	0	0	0	0	1658325031461
1049	1633	0	0	0	0	0	0	1658325032481
1048	1633	0	0	0	0	0	0	1658325033501
1049	1633	0	0	0	0	0	0	1658325034521
1048	1633	0	0	0	0	0	0	1658325035541
1047	1633	0	0	0	0	0	0	1658325036561
1048	1633	0	0	0	0	0	0	1658325037581
1049	1633	0	0	0	0	0	0	1658325038601
1049	1633	0	0	0	0	0	0	1658325039621
1048	1633	0	0	0	0	0	0	1658325040641
1048	1633	0	0	0	0	0	0	1658325041661
1048	1633	0	0	0	0	0	0	1658325042681
1049	1633	0	0	0	0	0	0	1658325043701
1049	1633	0	0	0	0	0	0	1658325044721
1050	1633	0	0	0	0	0	0	1658325045741
1050	1633	0	0	0	0	0	0	1658325046761
1050	1633	0	0	0	0	0	0	1658325047781
1050	1633	0	0	0	0	0	0	1658325048801
1050	1633	0	0	0	0	0	0	1658325049821
1050	1633	0	0	0	0	0	0	1658325050841
1050	1633	0	0	0	0	0	0	1658325051861
1049	1633	0	0	0	0	0	0	1658325052881
1048	1633	0	0	0	0	0	0	1658325053901
1048	1633	0	0	0	0	0	0	1658325054921
1049	1633	0	0	0	0	0	0	1658325055941
1049	1633	0	0	0	0	0	0	1658325056961
1049	1633	0	0	0	0	0	0	1658325057981
1049	1633	0	0	0	0	0	0	1658325059001
1049	1633	0	0	0	0	0	0	1658325060021
1049	1633	0	0	0	0	0	0	1658325061041
1049	1633	0	0	0	0	0	0	1658325062061
1049	1633	0	0	0	0	0	0	1658325063081
1049	1633	0	0	0	0	0	0	1658325064101
1049	1633	0	0	0	0	0	0	1658325065121
1050	1633	0	0	0	0	0	0	1658325066141
1050	1633	0	0	0	0	0	0	1658325067161
1050	1633	0	0	0	0	0	0	1658325068181
1050	1633	0	0	0	0	0	0	1658325069201
1050	1633	0	0	0	0	0	0	1658325070221
1050	1633	0	0	0	0	0	0	1658325071241
1050	1633	0	0	0	0	0	0	1658325072261
1050	1633	0	0	0	0	0	0	1658325073281
1050	1633	0	0	0	0	0	0	1658325074301
1050	1633	0	0	0	0	0	0	1658325075321
1050	1633	0	0	0	0	0	0	1658325076341
1049	1633	0	0	0	0	0	0	1658325077361
1049	1633	0	0	0	0	0	0	1658325078381
1049	1633	0	0	0	0	0	0	1658325079401
1049	1633	0	0	0	0	0	0	1658325080421
1050	1633	0	0	0	0	0	0	1658325081441
1049	1633	0	0	0	0	0	0	1658325082461
1049	1633	0	0	0	0	0	0	1658325083481
1049	1633	0	0	0	0	0	0	1658325084501
1049	1633	0	0	0	0	0	0	1658325085521
1049	1633	0	0	0	0	0	0	1658325086541
1049	1633	0	0	0	0	0	0	1658325087561
1049	1633	0	0	0	0	0	0	1658325088581
1049	1633	0	0	0	0	0	0	1658325089601
1049	1633	0	0	0	0	0	0	1658325090621
1049	1633	0	0	0	0	0	0	1658325091641
1049	1633	0	0	0	0	0	0	1658325092661
1049	1633	0	0	0	0	0	0	1658325093681
1049	1633	0	0	0	0	0	0	1658325094701
1049	1633	0	0	0	0	0	0	1658325095721
1050	1633	0	0	0	0	0	0	1658325096741
1050	1633	0	0	0	0	0	0	1658325097761
1050	1633	0	0	0	0	0	0	1658325098781
1050	1633	0	0	0	0	0	0	1658325099801
1050	1633	0	0	0	0	0	0	1658325100821
1050	1633	0	0	0	0	0	0	1658325101841
1050	1633	0	0	0	0	0	0	1658325102861
1050	1633	0	0	0	0	0	0	1658325103881
1050	1633	0	0	0	0	0	0	1658325104901
1050	1633	0	0	0	0	0	0	1658325105921
1050	1633	0	0	0	0	0	0	1658325106941
1050	1633	0	0	0	0	0	0	1658325107961
1050	1633	0	0	0	0	0	0	1658325108981
1050	1633	0	0	0	0	0	0	1658325110001
1050	1633	0	0	0	0	0	0	1658325111021
1050	1633	0	0	0	0	0	0	1658325112041
1050	1633	0	0	0	0	0	0	1658325113061
1050	1633	0	0	0	0	0	0	1658325114081
1050	1633	0	0	0	0	0	0	1658325115101
1050	1633	0	0	0	0	0	0	1658325116121
1050	1633	0	0	0	0	0	0	1658325117141
1050	1633	0	0	0	0	0	0	1658325118161
1050	1633	0	0	0	0	0	0	1658325119181
1050	1633	0	0	0	0	0	0	1658325120201
1050	1633	0	0	0	0	0	0	1658325121221
1050	1633	0	0	0	0	0	0	1658325122241
1050	1633	0	0	0	0	0	0	1658325123261
1050	1633	0	0	0	0	0	0	1658325124281
1050	1633	0	0	0	0	0	0	1658325125301
1050	1633	0	0	0	0	0	0	1658325126321
1050	1633	0	0	0	0	0	0	1658325127341
1050	1633	0	0	0	0	0	0	1658325128361
1050	1633	0	0	0	0	0	0	1658325129381
1050	1633	0	0	0	0	0	0	1658325130401
1050	1633	0	0	0	0	0	0	1658325131421
1050	1633	0	0	0	0	0	0	1658325132441
1050	1633	0	0	0	0	0	0	1658325133461
1050	1633	0	0	0	0	0	0	1658325134481
1050	1633	0	0	0	0	0	0	1658325135501
1050	1633	0	0	0	0	0	0	1658325136521
1050	1633	0	0	0	0	0	0	1658325137541
1050	1633	0	0	0	0	0	0	1658325138561
1050	1633	0	0	0	0	0	0	1658325139581
1050	1633	0	0	0	0	0	0	1658325140601
1050	1633	0	0	0	0	0	0	1658325141621
1050	1633	0	0	0	0	0	0	1658325142641
1050	1633	0	0	0	0	0	0	1658325143661
1050	1633	0	0	0	0	0	0	1658325144681
1050	1633	0	0	0	0	0	0	1658325145701
1050	1633	0	0	0	0	0	0	1658325146721
1050	1633	0	0	0	0	0	0	1658325147741
1050	1633	0	0	0	0	0	0	1658325148761
1050	1633	0	0	0	0	0	0	1658325149781
1050	1633	0	0	0	0	0	0	1658325150801
1050	1633	0	0	0	0	0	0	1658325151821
1050	1633	0	0	0	0	0	0	1658325152841
1050	1633	0	0	0	0	0	0	1658325153861
1050	1633	0	0	0	0	0	0	1658325154881
1050	1633	0	0	0	0	0	0	1658325155901
1050	1633	0	0	0	0	0	0	1658325156921
1050	1633	0	0	0	0	0	0	1658325157941
1050	1633	0	0	0	0	0	0	1658325158961
1050	1633	0	0	0	0	0	0	1658325159981
1050	1633	0	0	0	0	0	0	1658325161001
1050	1633	0	0	0	0	0	0	1658325162021
1050	1633	0	0	0	0	0	0	1658325163041
1050	1633	0	0	0	0	0	0	1658325164061
1050	1633	0	0	0	0	0	0	1658325165081
1050	1633	0	0	0	0	0	0	1658325166101
1050	1633	0	0	0	0	0	0	1658325167121
1050	1633	0	0	0	0	0	0	1658325168141
1050	1633	0	0	0	0	0	0	1658325169161
1050	1633	0	0	0	0	0	0	1658325170181
1050	1633	0	0	0	0	0	0	1658325171201
1050	1633	0	0	0	0	0	0	1658325172221
1050	1633	0	0	0	0	0	0	1658325173241
1050	1633	0	0	0	0	0	0	1658325174261
1050	1633	0	0	0	0	0	0	1658325175281
1050	1633	0	0	0	0	0	0	1658325176301
