3238	1066	0	0	0	0	0	0	1659044319303
3220	1060	0	0	0	0	0	0	1659044320323
3200	1057	0	0	0	0	0	0	1659044321343
3179	1051	0	0	0	0	0	0	1659044322363
3161	1040	0	0	0	0	0	0	1659044323383
3144	1033	0	0	0	0	0	0	1659044324403
3130	1029	0	0	0	0	0	0	1659044325423
3114	1027	0	0	0	0	0	0	1659044326443
3104	1025	0	0	0	0	0	0	1659044327463
3090	1017	0	0	0	0	0	0	1659044328483
3078	1009	0	0	0	0	0	0	1659044329503
3071	1003	0	0	0	0	0	0	1659044330523
3059	1000	0	0	0	0	0	0	1659044331543
3049	998	0	0	0	0	0	0	1659044332563
3043	997	0	0	0	0	0	0	1659044333583
3033	996	0	0	0	0	0	0	1659044334603
3022	996	0	0	0	0	0	0	1659044335623
3015	996	0	0	0	0	0	0	1659044336643
3011	994	0	0	0	0	0	0	1659044337663
3003	988	0	0	0	0	0	0	1659044338683
2992	981	0	0	0	0	0	0	1659044339703
2986	976	0	0	0	0	0	0	1659044340723
2982	973	0	0	0	0	0	0	1659044341743
2980	971	0	0	0	0	0	0	1659044342763
2973	970	0	0	0	0	0	0	1659044343783
2963	969	0	0	0	0	0	0	1659044344803
2957	969	0	0	0	0	0	0	1659044345823
2953	969	0	0	0	0	0	0	1659044346843
2951	968	0	0	0	0	0	0	1659044347863
2949	968	0	0	0	0	0	0	1659044348883
2942	968	0	0	0	0	0	0	1659044349903
2933	968	0	0	0	0	0	0	1659044350923
2928	968	0	0	0	0	0	0	1659044351943
2925	968	0	0	0	0	0	0	1659044352963
2923	968	0	0	0	0	0	0	1659044353983
2922	968	0	0	0	0	0	0	1659044355003
2921	968	0	0	0	0	0	0	1659044356023
2914	968	0	0	0	0	0	0	1659044357043
2905	968	0	0	0	0	0	0	1659044358063
2900	967	0	0	0	0	0	0	1659044359083
2896	966	0	0	0	0	0	0	1659044360103
2894	965	0	0	0	0	0	0	1659044361123
2893	964	0	0	0	0	0	0	1659044362143
2892	960	0	0	0	0	0	0	1659044363163
2892	955	0	0	0	0	0	0	1659044364183
2890	950	0	0	0	0	0	0	1659044365203
2883	947	0	0	0	0	0	0	1659044366223
2875	945	0	0	0	0	0	0	1659044367243
2870	944	0	0	0	0	0	0	1659044368263
2867	942	0	0	0	0	0	0	1659044369283
2866	941	0	0	0	0	0	0	1659044370303
2865	941	0	0	0	0	0	0	1659044371323
2863	941	0	0	0	0	0	0	1659044372343
2854	941	0	0	0	0	0	0	1659044373363
2847	941	0	0	0	0	0	0	1659044374383
2842	941	0	0	0	0	0	0	1659044375403
2839	941	0	0	0	0	0	0	1659044376423
2838	941	0	0	0	0	0	0	1659044377443
2837	940	0	0	0	0	0	0	1659044378463
2836	940	0	0	0	0	0	0	1659044379483
2835	940	0	0	0	0	0	0	1659044380503
2834	940	0	0	0	0	0	0	1659044381523
2827	940	0	0	0	0	0	0	1659044382543
2820	940	0	0	0	0	0	0	1659044383563
2815	940	0	0	0	0	0	0	1659044384583
2812	940	0	0	0	0	0	0	1659044385603
2810	934	0	0	0	0	0	0	1659044386623
2809	936	0	0	0	0	0	0	1659044387643
2808	938	0	0	0	0	0	0	1659044388663
2807	939	0	0	0	0	0	0	1659044389683
2805	939	0	0	0	0	0	0	1659044390703
2799	939	0	0	0	0	0	0	1659044391723
2791	939	0	0	0	0	0	0	1659044392743
2786	939	0	0	0	0	0	0	1659044393763
2783	939	0	0	0	0	0	0	1659044394783
2781	939	0	0	0	0	0	0	1659044395803
2780	939	0	0	0	0	0	0	1659044396823
2780	939	0	0	0	0	0	0	1659044397843
2780	940	0	0	0	0	0	0	1659044398863
2779	940	0	0	0	0	0	0	1659044399883
2779	940	0	0	0	0	0	0	1659044400903
2779	940	0	0	0	0	0	0	1659044401923
2777	940	0	0	0	0	0	0	1659044402943
2767	940	0	0	0	0	0	0	1659044403963
2761	940	0	0	0	0	0	0	1659044404983
2757	940	0	0	0	0	0	0	1659044406003
2755	940	0	0	0	0	0	0	1659044407023
2753	940	0	0	0	0	0	0	1659044408043
2752	940	0	0	0	0	0	0	1659044409063
2752	940	0	0	0	0	0	0	1659044410083
2752	940	0	0	0	0	0	0	1659044411103
2752	940	0	0	0	0	0	0	1659044412123
2751	940	0	0	0	0	0	0	1659044413143
2746	940	0	0	0	0	0	0	1659044414163
2738	940	0	0	0	0	0	0	1659044415183
2732	939	0	0	0	0	0	0	1659044416203
2728	936	0	0	0	0	0	0	1659044417223
2726	936	0	0	0	0	0	0	1659044418243
2725	933	0	0	0	0	0	0	1659044419263
2724	935	0	0	0	0	0	0	1659044420283
2724	936	0	0	0	0	0	0	1659044421303
2723	937	0	0	0	0	0	0	1659044422323
2723	935	0	0	0	0	0	0	1659044423343
2723	932	0	0	0	0	0	0	1659044424363
2723	928	0	0	0	0	0	0	1659044425383
2723	924	0	0	0	0	0	0	1659044426403
2723	921	0	0	0	0	0	0	1659044427423
2722	919	0	0	0	0	0	0	1659044428443
2717	917	0	0	0	0	0	0	1659044429463
2709	916	0	0	0	0	0	0	1659044430483
2704	916	0	0	0	0	0	0	1659044431503
2700	915	0	0	0	0	0	0	1659044432523
2698	914	0	0	0	0	0	0	1659044433543
2697	915	0	0	0	0	0	0	1659044434563
2696	914	0	0	0	0	0	0	1659044435583
2696	914	0	0	0	0	0	0	1659044436603
2696	914	0	0	0	0	0	0	1659044437623
2696	913	0	0	0	0	0	0	1659044438643
2696	913	0	0	0	0	0	0	1659044439663
2695	913	0	0	0	0	0	0	1659044440683
2695	913	0	0	0	0	0	0	1659044441703
2695	913	0	0	0	0	0	0	1659044442723
2695	913	0	0	0	0	0	0	1659044443743
2695	913	0	0	0	0	0	0	1659044444763
2694	913	0	0	0	0	0	0	1659044445783
2691	913	0	0	0	0	0	0	1659044446803
2683	913	0	0	0	0	0	0	1659044447823
2677	913	0	0	0	0	0	0	1659044448843
2673	913	0	0	0	0	0	0	1659044449863
2671	913	0	0	0	0	0	0	1659044450883
2669	913	0	0	0	0	0	0	1659044451903
2668	913	0	0	0	0	0	0	1659044452923
2667	913	0	0	0	0	0	0	1659044453943
2663	913	0	0	0	0	0	0	1659044454963
2657	913	0	0	0	0	0	0	1659044455983
2652	913	0	0	0	0	0	0	1659044457003
2647	913	0	0	0	0	0	0	1659044458023
2644	913	0	0	0	0	0	0	1659044459043
2642	913	0	0	0	0	0	0	1659044460063
2641	913	0	0	0	0	0	0	1659044461083
2640	913	0	0	0	0	0	0	1659044462103
2640	913	0	0	0	0	0	0	1659044463123
2640	913	0	0	0	0	0	0	1659044464143
2639	913	0	0	0	0	0	0	1659044465163
2639	913	0	0	0	0	0	0	1659044466183
2639	913	0	0	0	0	0	0	1659044467203
2639	913	0	0	0	0	0	0	1659044468223
2639	913	0	0	0	0	0	0	1659044469243
2639	913	0	0	0	0	0	0	1659044470263
2639	913	0	0	0	0	0	0	1659044471283
2639	913	0	0	0	0	0	0	1659044472303
2639	913	0	0	0	0	0	0	1659044473323
2639	913	0	0	0	0	0	0	1659044474343
2639	913	0	0	0	0	0	0	1659044475363
2638	913	0	0	0	0	0	0	1659044476383
2636	913	0	0	0	0	0	0	1659044477403
2629	913	0	0	0	0	0	0	1659044478423
2624	913	0	0	0	0	0	0	1659044479443
2619	913	0	0	0	0	0	0	1659044480463
2616	913	0	0	0	0	0	0	1659044481483
2614	913	0	0	0	0	0	0	1659044482503
2613	913	0	0	0	0	0	0	1659044483523
2612	913	0	0	0	0	0	0	1659044484543
2612	913	0	0	0	0	0	0	1659044485563
2612	913	0	0	0	0	0	0	1659044486583
2611	913	0	0	0	0	0	0	1659044487603
2611	913	0	0	0	0	0	0	1659044488623
2611	913	0	0	0	0	0	0	1659044489643
2611	913	0	0	0	0	0	0	1659044490663
2611	913	0	0	0	0	0	0	1659044491683
2611	913	0	0	0	0	0	0	1659044492703
2611	913	0	0	0	0	0	0	1659044493723
2611	913	0	0	0	0	0	0	1659044494743
2611	913	0	0	0	0	0	0	1659044495763
2611	913	0	0	0	0	0	0	1659044496783
2610	913	0	0	0	0	0	0	1659044497803
2607	913	0	0	0	0	0	0	1659044498823
2602	913	0	0	0	0	0	0	1659044499843
2597	913	0	0	0	0	0	0	1659044500863
2592	913	0	0	0	0	0	0	1659044501883
2589	913	0	0	0	0	0	0	1659044502903
2587	913	0	0	0	0	0	0	1659044503923
2586	913	0	0	0	0	0	0	1659044504943
2585	913	0	0	0	0	0	0	1659044505963
2584	913	0	0	0	0	0	0	1659044506983
2584	913	0	0	0	0	0	0	1659044508003
2584	913	0	0	0	0	0	0	1659044509023
2584	913	0	0	0	0	0	0	1659044510043
2584	913	0	0	0	0	0	0	1659044511063
2584	913	0	0	0	0	0	0	1659044512083
2583	913	0	0	0	0	0	0	1659044513103
2583	913	0	0	0	0	0	0	1659044514123
2583	913	0	0	0	0	0	0	1659044515143
2583	913	0	0	0	0	0	0	1659044516163
2583	913	0	0	0	0	0	0	1659044517183
2583	913	0	0	0	0	0	0	1659044518203
2583	913	0	0	0	0	0	0	1659044519223
2583	913	0	0	0	0	0	0	1659044520243
2583	913	0	0	0	0	0	0	1659044521263
2582	913	0	0	0	0	0	0	1659044522283
2576	913	0	0	0	0	0	0	1659044523303
2569	913	0	0	0	0	0	0	1659044524323
2565	913	0	0	0	0	0	0	1659044525343
2561	913	0	0	0	0	0	0	1659044526363
2559	913	0	0	0	0	0	0	1659044527383
2557	913	0	0	0	0	0	0	1659044528403
2556	913	0	0	0	0	0	0	1659044529423
2556	913	0	0	0	0	0	0	1659044530443
2556	913	0	0	0	0	0	0	1659044531463
2556	913	0	0	0	0	0	0	1659044532483
2556	913	0	0	0	0	0	0	1659044533503
2556	913	0	0	0	0	0	0	1659044534523
2555	913	0	0	0	0	0	0	1659044535543
2555	913	0	0	0	0	0	0	1659044536563
2555	913	0	0	0	0	0	0	1659044537583
2555	913	0	0	0	0	0	0	1659044538603
2555	913	0	0	0	0	0	0	1659044539623
2555	913	0	0	0	0	0	0	1659044540643
2555	913	0	0	0	0	0	0	1659044541663
2555	913	0	0	0	0	0	0	1659044542683
2554	913	0	0	0	0	0	0	1659044543703
2554	913	0	0	0	0	0	0	1659044544723
2554	913	0	0	0	0	0	0	1659044545743
2554	913	0	0	0	0	0	0	1659044546763
2554	912	0	0	0	0	0	0	1659044547783
2550	912	0	0	0	0	0	0	1659044548803
2542	912	0	0	0	0	0	0	1659044549823
2536	912	0	0	0	0	0	0	1659044550843
2532	912	0	0	0	0	0	0	1659044551863
2530	912	0	0	0	0	0	0	1659044552883
2529	912	0	0	0	0	0	0	1659044553903
2528	912	0	0	0	0	0	0	1659044554923
2528	912	0	0	0	0	0	0	1659044555943
2528	911	0	0	0	0	0	0	1659044556963
2528	911	0	0	0	0	0	0	1659044557983
2527	910	0	0	0	0	0	0	1659044559003
2527	910	0	0	0	0	0	0	1659044560023
2527	911	0	0	0	0	0	0	1659044561043
2527	911	0	0	0	0	0	0	1659044562063
2527	910	0	0	0	0	0	0	1659044563083
2527	909	0	0	0	0	0	0	1659044564103
2527	908	0	0	0	0	0	0	1659044565123
2527	908	0	0	0	0	0	0	1659044566143
2527	908	0	0	0	0	0	0	1659044567163
2527	908	0	0	0	0	0	0	1659044568183
2527	907	0	0	0	0	0	0	1659044569203
2527	906	0	0	0	0	0	0	1659044570223
2527	906	0	0	0	0	0	0	1659044571243
2527	905	0	0	0	0	0	0	1659044572263
2527	905	0	0	0	0	0	0	1659044573283
2525	904	0	0	0	0	0	0	1659044574303
2522	903	0	0	0	0	0	0	1659044575323
2514	903	0	0	0	0	0	0	1659044576343
2510	902	0	0	0	0	0	0	1659044577363
2506	903	0	0	0	0	0	0	1659044578383
2504	904	0	0	0	0	0	0	1659044579403
2502	902	0	0	0	0	0	0	1659044580423
2501	900	0	0	0	0	0	0	1659044581443
2500	900	0	0	0	0	0	0	1659044582463
2499	900	0	0	0	0	0	0	1659044583483
2499	897	0	0	0	0	0	0	1659044584503
2499	898	0	0	0	0	0	0	1659044585523
2499	899	0	0	0	0	0	0	1659044586543
2499	896	0	0	0	0	0	0	1659044587563
2499	893	0	0	0	0	0	0	1659044588583
2499	893	0	0	0	0	0	0	1659044589603
2499	893	0	0	0	0	0	0	1659044590623
2499	893	0	0	0	0	0	0	1659044591643
2499	893	0	0	0	0	0	0	1659044592663
2499	891	0	0	0	0	0	0	1659044593683
2499	891	0	0	0	0	0	0	1659044594703
2498	891	0	0	0	0	0	0	1659044595723
2498	892	0	0	0	0	0	0	1659044596743
2499	892	0	0	0	0	0	0	1659044597763
2499	891	0	0	0	0	0	0	1659044598783
2499	890	0	0	0	0	0	0	1659044599803
2498	890	0	0	0	0	0	0	1659044600823
11498	891	0	0	0	0	0	0	1659044601843
7897	889	0	0	0	0	0	0	1659044602863
5735	889	0	0	0	0	0	0	1659044603883
4438	889	0	0	0	0	0	0	1659044604903
3657	888	0	0	0	0	0	0	1659044605923
3184	889	0	0	0	0	0	0	1659044606943
2900	888	0	0	0	0	0	0	1659044607963
2730	887	0	0	0	0	0	0	1659044608983
2627	887	0	0	0	0	0	0	1659044610003
2565	887	0	0	0	0	0	0	1659044611023
2527	887	0	0	0	0	0	0	1659044612043
2504	887	0	0	0	0	0	0	1659044613063
2491	887	0	0	0	0	0	0	1659044614083
2483	886	0	0	0	0	0	0	1659044615103
2478	886	0	0	0	0	0	0	1659044616123
2475	885	0	0	0	0	0	0	1659044617143
2473	885	0	0	0	0	0	0	1659044618163
2472	885	0	0	0	0	0	0	1659044619183
2471	885	0	0	0	0	0	0	1659044620203
2471	885	0	0	0	0	0	0	1659044621223
2471	885	0	0	0	0	0	0	1659044622243
2471	885	0	0	0	0	0	0	1659044623263
2471	885	0	0	0	0	0	0	1659044624283
2470	885	0	0	0	0	0	0	1659044625303
2470	885	0	0	0	0	0	0	1659044626323
2470	886	0	0	0	0	0	0	1659044627343
2471	886	0	0	0	0	0	0	1659044628363
2471	886	0	0	0	0	0	0	1659044629383
2471	885	0	0	0	0	0	0	1659044630403
2471	885	0	0	0	0	0	0	1659044631423
2471	885	0	0	0	0	0	0	1659044632443
2471	885	0	0	0	0	0	0	1659044633463
2470	885	0	0	0	0	0	0	1659044634483
2470	885	0	0	0	0	0	0	1659044635503
2471	885	0	0	0	0	0	0	1659044636523
2470	885	0	0	0	0	0	0	1659044637543
2469	885	0	0	0	0	0	0	1659044638563
2469	885	0	0	0	0	0	0	1659044639583
2468	885	0	0	0	0	0	0	1659044640603
2467	885	0	0	0	0	0	0	1659044641623
2464	885	0	0	0	0	0	0	1659044642643
2458	885	0	0	0	0	0	0	1659044643663
2454	885	0	0	0	0	0	0	1659044644683
2451	885	0	0	0	0	0	0	1659044645703
2447	885	0	0	0	0	0	0	1659044646723
2446	885	0	0	0	0	0	0	1659044647743
2445	885	0	0	0	0	0	0	1659044648763
2444	885	0	0	0	0	0	0	1659044649783
2444	885	0	0	0	0	0	0	1659044650803
2443	885	0	0	0	0	0	0	1659044651823
2443	885	0	0	0	0	0	0	1659044652843
2443	885	0	0	0	0	0	0	1659044653863
2443	885	0	0	0	0	0	0	1659044654883
2443	885	0	0	0	0	0	0	1659044655903
2443	885	0	0	0	0	0	0	1659044656923
2443	885	0	0	0	0	0	0	1659044657943
2443	885	0	0	0	0	0	0	1659044658963
2443	885	0	0	0	0	0	0	1659044659983
2443	885	0	0	0	0	0	0	1659044661003
2443	885	0	0	0	0	0	0	1659044662023
2443	885	0	0	0	0	0	0	1659044663043
2443	885	0	0	0	0	0	0	1659044664063
2443	885	0	0	0	0	0	0	1659044665083
2443	885	0	0	0	0	0	0	1659044666103
2443	885	0	0	0	0	0	0	1659044667123
2443	885	0	0	0	0	0	0	1659044668143
2443	885	0	0	0	0	0	0	1659044669163
2443	885	0	0	0	0	0	0	1659044670183
2443	885	0	0	0	0	0	0	1659044671203
2443	885	0	0	0	0	0	0	1659044672223
2443	885	0	0	0	0	0	0	1659044673243
2443	885	0	0	0	0	0	0	1659044674263
2443	885	0	0	0	0	0	0	1659044675283
2443	885	0	0	0	0	0	0	1659044676303
2443	885	0	0	0	0	0	0	1659044677323
2443	885	0	0	0	0	0	0	1659044678343
2443	885	0	0	0	0	0	0	1659044679363
2443	885	0	0	0	0	0	0	1659044680383
2442	885	0	0	0	0	0	0	1659044681403
2441	885	0	0	0	0	0	0	1659044682423
2440	885	0	0	0	0	0	0	1659044683443
2438	885	0	0	0	0	0	0	1659044684463
2435	885	0	0	0	0	0	0	1659044685483
2430	885	0	0	0	0	0	0	1659044686503
2426	885	0	0	0	0	0	0	1659044687523
2423	885	0	0	0	0	0	0	1659044688543
2420	885	0	0	0	0	0	0	1659044689563
2418	885	0	0	0	0	0	0	1659044690583
2416	885	0	0	0	0	0	0	1659044691603
2415	885	0	0	0	0	0	0	1659044692623
2415	885	0	0	0	0	0	0	1659044693643
2415	885	0	0	0	0	0	0	1659044694663
2415	885	0	0	0	0	0	0	1659044695683
2415	885	0	0	0	0	0	0	1659044696703
2415	885	0	0	0	0	0	0	1659044697723
2415	885	0	0	0	0	0	0	1659044698743
2415	885	0	0	0	0	0	0	1659044699763
2415	885	0	0	0	0	0	0	1659044700783
2415	885	0	0	0	0	0	0	1659044701803
2415	885	0	0	0	0	0	0	1659044702823
2415	885	0	0	0	0	0	0	1659044703843
2415	885	0	0	0	0	0	0	1659044704863
2414	885	0	0	0	0	0	0	1659044705883
2414	885	0	0	0	0	0	0	1659044706903
2414	885	0	0	0	0	0	0	1659044707923
2414	885	0	0	0	0	0	0	1659044708943
2414	885	0	0	0	0	0	0	1659044709963
2414	885	0	0	0	0	0	0	1659044710983
2414	885	0	0	0	0	0	0	1659044712003
2414	885	0	0	0	0	0	0	1659044713023
2414	885	0	0	0	0	0	0	1659044714043
2414	885	0	0	0	0	0	0	1659044715063
2414	885	0	0	0	0	0	0	1659044716083
2414	885	0	0	0	0	0	0	1659044717103
2414	885	0	0	0	0	0	0	1659044718123
2414	885	0	0	0	0	0	0	1659044719143
2414	885	0	0	0	0	0	0	1659044720163
2414	885	0	0	0	0	0	0	1659044721183
2414	885	0	0	0	0	0	0	1659044722203
2414	885	0	0	0	0	0	0	1659044723223
2413	885	0	0	0	0	0	0	1659044724243
2413	885	0	0	0	0	0	0	1659044725263
2411	885	0	0	0	0	0	0	1659044726283
2411	885	0	0	0	0	0	0	1659044727303
2408	885	0	0	0	0	0	0	1659044728323
2407	885	0	0	0	0	0	0	1659044729343
2404	885	0	0	0	0	0	0	1659044730363
2399	885	0	0	0	0	0	0	1659044731383
2395	885	0	0	0	0	0	0	1659044732403
2392	885	0	0	0	0	0	0	1659044733423
2390	885	0	0	0	0	0	0	1659044734443
2389	885	0	0	0	0	0	0	1659044735463
2388	885	0	0	0	0	0	0	1659044736483
2388	885	0	0	0	0	0	0	1659044737503
2387	885	0	0	0	0	0	0	1659044738523
2387	885	0	0	0	0	0	0	1659044739543
2387	885	0	0	0	0	0	0	1659044740563
2387	885	0	0	0	0	0	0	1659044741583
2387	885	0	0	0	0	0	0	1659044742603
2386	885	0	0	0	0	0	0	1659044743623
2386	885	0	0	0	0	0	0	1659044744643
2386	885	0	0	0	0	0	0	1659044745663
2386	885	0	0	0	0	0	0	1659044746683
2386	885	0	0	0	0	0	0	1659044747703
2386	885	0	0	0	0	0	0	1659044748723
2386	885	0	0	0	0	0	0	1659044749743
2386	885	0	0	0	0	0	0	1659044750763
2386	885	0	0	0	0	0	0	1659044751783
2386	885	0	0	0	0	0	0	1659044752803
2386	885	0	0	0	0	0	0	1659044753823
2386	885	0	0	0	0	0	0	1659044754843
2386	885	0	0	0	0	0	0	1659044755863
2386	885	0	0	0	0	0	0	1659044756883
2386	885	0	0	0	0	0	0	1659044757903
2386	885	0	0	0	0	0	0	1659044758923
2386	885	0	0	0	0	0	0	1659044759943
2386	885	0	0	0	0	0	0	1659044760963
2386	885	0	0	0	0	0	0	1659044761983
2386	885	0	0	0	0	0	0	1659044763003
2386	885	0	0	0	0	0	0	1659044764023
2386	885	0	0	0	0	0	0	1659044765043
2386	885	0	0	0	0	0	0	1659044766063
2386	885	0	0	0	0	0	0	1659044767083
2386	885	0	0	0	0	0	0	1659044768103
2386	885	0	0	0	0	0	0	1659044769123
2386	885	0	0	0	0	0	0	1659044770143
2386	885	0	0	0	0	0	0	1659044771163
2386	885	0	0	0	0	0	0	1659044772183
2386	885	0	0	0	0	0	0	1659044773203
2386	885	0	0	0	0	0	0	1659044774223
2386	885	0	0	0	0	0	0	1659044775243
2385	885	0	0	0	0	0	0	1659044776263
2385	885	0	0	0	0	0	0	1659044777283
2384	885	0	0	0	0	0	0	1659044778303
2384	885	0	0	0	0	0	0	1659044779323
2382	885	0	0	0	0	0	0	1659044780343
2381	885	0	0	0	0	0	0	1659044781363
2380	885	0	0	0	0	0	0	1659044782383
2375	885	0	0	0	0	0	0	1659044783403
2373	885	0	0	0	0	0	0	1659044784423
2369	885	0	0	0	0	0	0	1659044785443
2365	885	0	0	0	0	0	0	1659044786463
2363	885	0	0	0	0	0	0	1659044787483
2361	885	0	0	0	0	0	0	1659044788503
2360	885	0	0	0	0	0	0	1659044789523
2359	885	0	0	0	0	0	0	1659044790543
2359	885	0	0	0	0	0	0	1659044791563
2359	885	0	0	0	0	0	0	1659044792583
2359	885	0	0	0	0	0	0	1659044793603
2359	885	0	0	0	0	0	0	1659044794623
2359	885	0	0	0	0	0	0	1659044795643
2359	885	0	0	0	0	0	0	1659044796663
2359	885	0	0	0	0	0	0	1659044797683
2359	885	0	0	0	0	0	0	1659044798703
2359	885	0	0	0	0	0	0	1659044799723
2359	885	0	0	0	0	0	0	1659044800743
2358	885	0	0	0	0	0	0	1659044801763
2358	885	0	0	0	0	0	0	1659044802783
2358	885	0	0	0	0	0	0	1659044803803
2358	885	0	0	0	0	0	0	1659044804823
2358	885	0	0	0	0	0	0	1659044805843
2358	885	0	0	0	0	0	0	1659044806863
2358	885	0	0	0	0	0	0	1659044807883
2358	885	0	0	0	0	0	0	1659044808903
2358	885	0	0	0	0	0	0	1659044809923
2358	885	0	0	0	0	0	0	1659044810943
2358	885	0	0	0	0	0	0	1659044811963
2358	885	0	0	0	0	0	0	1659044812983
2358	885	0	0	0	0	0	0	1659044814003
2358	885	0	0	0	0	0	0	1659044815023
2358	885	0	0	0	0	0	0	1659044816043
2358	885	0	0	0	0	0	0	1659044817063
2358	885	0	0	0	0	0	0	1659044818083
2358	885	0	0	0	0	0	0	1659044819103
2358	885	0	0	0	0	0	0	1659044820123
2358	885	0	0	0	0	0	0	1659044821143
2358	885	0	0	0	0	0	0	1659044822163
2358	885	0	0	0	0	0	0	1659044823183
2358	885	0	0	0	0	0	0	1659044824203
2358	885	0	0	0	0	0	0	1659044825223
2358	885	0	0	0	0	0	0	1659044826243
2358	885	0	0	0	0	0	0	1659044827263
2358	885	0	0	0	0	0	0	1659044828283
2358	885	0	0	0	0	0	0	1659044829303
2358	885	0	0	0	0	0	0	1659044830323
2358	885	0	0	0	0	0	0	1659044831343
2358	885	0	0	0	0	0	0	1659044832363
2358	885	0	0	0	0	0	0	1659044833383
2358	885	0	0	0	0	0	0	1659044834403
2358	885	0	0	0	0	0	0	1659044835423
2358	885	0	0	0	0	0	0	1659044836443
2357	885	0	0	0	0	0	0	1659044837463
2356	885	0	0	0	0	0	0	1659044838483
2356	885	0	0	0	0	0	0	1659044839503
2356	885	0	0	0	0	0	0	1659044840523
2356	885	0	0	0	0	0	0	1659044841543
2356	885	0	0	0	0	0	0	1659044842563
2355	885	0	0	0	0	0	0	1659044843583
2354	885	0	0	0	0	0	0	1659044844603
2351	885	0	0	0	0	0	0	1659044845623
2347	885	0	0	0	0	0	0	1659044846643
2344	885	0	0	0	0	0	0	1659044847663
2340	885	0	0	0	0	0	0	1659044848683
2338	885	0	0	0	0	0	0	1659044849703
2335	885	0	0	0	0	0	0	1659044850723
2334	885	0	0	0	0	0	0	1659044851743
2334	885	0	0	0	0	0	0	1659044852763
2333	885	0	0	0	0	0	0	1659044853783
2332	885	0	0	0	0	0	0	1659044854803
2332	885	0	0	0	0	0	0	1659044855823
2331	885	0	0	0	0	0	0	1659044856843
2331	885	0	0	0	0	0	0	1659044857863
2331	885	0	0	0	0	0	0	1659044858883
2331	885	0	0	0	0	0	0	1659044859903
2331	885	0	0	0	0	0	0	1659044860923
2331	885	0	0	0	0	0	0	1659044861943
2331	885	0	0	0	0	0	0	1659044862963
2331	885	0	0	0	0	0	0	1659044863983
2331	885	0	0	0	0	0	0	1659044865003
2330	885	0	0	0	0	0	0	1659044866023
2330	885	0	0	0	0	0	0	1659044867043
2330	885	0	0	0	0	0	0	1659044868063
2330	885	0	0	0	0	0	0	1659044869083
2330	885	0	0	0	0	0	0	1659044870103
2330	885	0	0	0	0	0	0	1659044871123
2330	885	0	0	0	0	0	0	1659044872143
2330	885	0	0	0	0	0	0	1659044873163
2330	885	0	0	0	0	0	0	1659044874183
2330	885	0	0	0	0	0	0	1659044875203
2330	885	0	0	0	0	0	0	1659044876223
2330	885	0	0	0	0	0	0	1659044877243
2330	885	0	0	0	0	0	0	1659044878263
2330	885	0	0	0	0	0	0	1659044879283
2330	885	0	0	0	0	0	0	1659044880303
2330	885	0	0	0	0	0	0	1659044881323
2330	885	0	0	0	0	0	0	1659044882343
2330	885	0	0	0	0	0	0	1659044883363
2330	885	0	0	0	0	0	0	1659044884383
2330	885	0	0	0	0	0	0	1659044885403
2330	885	0	0	0	0	0	0	1659044886423
2330	885	0	0	0	0	0	0	1659044887443
2330	885	0	0	0	0	0	0	1659044888463
2330	885	0	0	0	0	0	0	1659044889483
2330	885	0	0	0	0	0	0	1659044890503
2330	885	0	0	0	0	0	0	1659044891523
2330	885	0	0	0	0	0	0	1659044892543
2330	885	0	0	0	0	0	0	1659044893563
2330	885	0	0	0	0	0	0	1659044894583
2330	885	0	0	0	0	0	0	1659044895603
2330	885	0	0	0	0	0	0	1659044896623
2330	885	0	0	0	0	0	0	1659044897643
2330	885	0	0	0	0	0	0	1659044898663
2330	885	0	0	0	0	0	0	1659044899683
2330	885	0	0	0	0	0	0	1659044900703
2330	885	0	0	0	0	0	0	1659044901723
2330	885	0	0	0	0	0	0	1659044902743
2330	885	0	0	0	0	0	0	1659044903763
2330	885	0	0	0	0	0	0	1659044904783
2330	885	0	0	0	0	0	0	1659044905803
2330	885	0	0	0	0	0	0	1659044906823
2330	885	0	0	0	0	0	0	1659044907843
2330	885	0	0	0	0	0	0	1659044908863
2330	885	0	0	0	0	0	0	1659044909883
2329	885	0	0	0	0	0	0	1659044910903
2330	885	0	0	0	0	0	0	1659044911923
2330	885	0	0	0	0	0	0	1659044912943
2330	885	0	0	0	0	0	0	1659044913963
2330	885	0	0	0	0	0	0	1659044914983
2330	885	0	0	0	0	0	0	1659044916003
2329	885	0	0	0	0	0	0	1659044917023
2328	885	0	0	0	0	0	0	1659044918043
2326	885	0	0	0	0	0	0	1659044919063
2325	885	0	0	0	0	0	0	1659044920083
2323	885	0	0	0	0	0	0	1659044921103
2320	885	0	0	0	0	0	0	1659044922123
2317	885	0	0	0	0	0	0	1659044923143
2315	885	0	0	0	0	0	0	1659044924163
2312	885	0	0	0	0	0	0	1659044925183
2309	885	0	0	0	0	0	0	1659044926203
2307	884	0	0	0	0	0	0	1659044927223
2306	884	0	0	0	0	0	0	1659044928243
2305	884	0	0	0	0	0	0	1659044929263
2304	884	0	0	0	0	0	0	1659044930283
2303	884	0	0	0	0	0	0	1659044931303
2303	884	0	0	0	0	0	0	1659044932323
2303	883	0	0	0	0	0	0	1659044933343
2303	883	0	0	0	0	0	0	1659044934363
2303	882	0	0	0	0	0	0	1659044935383
2303	882	0	0	0	0	0	0	1659044936403
2303	882	0	0	0	0	0	0	1659044937423
2303	883	0	0	0	0	0	0	1659044938443
2303	882	0	0	0	0	0	0	1659044939463
2303	889	0	0	0	0	0	0	1659044940483
2303	885	0	0	0	0	0	0	1659044941503
2303	883	0	0	0	0	0	0	1659044942523
2303	882	0	0	0	0	0	0	1659044943543
2303	881	0	0	0	0	0	0	1659044944563
2303	880	0	0	0	0	0	0	1659044945583
2303	878	0	0	0	0	0	0	1659044946603
2303	879	0	0	0	0	0	0	1659044947623
2303	879	0	0	0	0	0	0	1659044948643
2303	878	0	0	0	0	0	0	1659044949663
2303	877	0	0	0	0	0	0	1659044950683
2303	876	0	0	0	0	0	0	1659044951703
2303	874	0	0	0	0	0	0	1659044952723
2303	873	0	0	0	0	0	0	1659044953743
2303	872	0	0	0	0	0	0	1659044954763
2303	872	0	0	0	0	0	0	1659044955783
2303	872	0	0	0	0	0	0	1659044956803
2303	870	0	0	0	0	0	0	1659044957823
2303	870	0	0	0	0	0	0	1659044958843
2303	869	0	0	0	0	0	0	1659044959863
2303	869	0	0	0	0	0	0	1659044960883
2303	869	0	0	0	0	0	0	1659044961903
2303	869	0	0	0	0	0	0	1659044962923
2303	869	0	0	0	0	0	0	1659044963943
2303	868	0	0	0	0	0	0	1659044964963
2303	868	0	0	0	0	0	0	1659044965983
2302	869	0	0	0	0	0	0	1659044967003
2302	10521	0	0	0	0	0	0	1659044968023
2302	6660	0	0	0	0	0	0	1659044969043
2302	4341	0	0	0	0	0	0	1659044970063
2302	2949	0	0	0	0	0	0	1659044971083
2302	2114	0	0	0	0	0	0	1659044972103
2302	1614	0	0	0	0	0	0	1659044973123
2302	1315	0	0	0	0	0	0	1659044974143
2302	1133	0	0	0	0	0	0	1659044975163
2302	1024	0	0	0	0	0	0	1659044976183
2302	959	0	0	0	0	0	0	1659044977203
2303	921	0	0	0	0	0	0	1659044978223
2303	898	0	0	0	0	0	0	1659044979243
2303	882	0	0	0	0	0	0	1659044980263
2303	873	0	0	0	0	0	0	1659044981283
2303	867	0	0	0	0	0	0	1659044982303
2303	864	0	0	0	0	0	0	1659044983323
2303	862	0	0	0	0	0	0	1659044984343
2303	861	0	0	0	0	0	0	1659044985363
2303	861	0	0	0	0	0	0	1659044986383
2303	859	0	0	0	0	0	0	1659044987403
2303	858	0	0	0	0	0	0	1659044988423
2303	858	0	0	0	0	0	0	1659044989443
2303	858	0	0	0	0	0	0	1659044990463
2302	859	0	0	0	0	0	0	1659044991483
2302	858	0	0	0	0	0	0	1659044992503
2302	858	0	0	0	0	0	0	1659044993523
2302	858	0	0	0	0	0	0	1659044994543
2302	858	0	0	0	0	0	0	1659044995563
2302	858	0	0	0	0	0	0	1659044996583
2302	857	0	0	0	0	0	0	1659044997603
2302	857	0	0	0	0	0	0	1659044998623
2302	857	0	0	0	0	0	0	1659044999643
2301	857	0	0	0	0	0	0	1659045000663
2301	858	0	0	0	0	0	0	1659045001683
2300	857	0	0	0	0	0	0	1659045002703
2299	857	0	0	0	0	0	0	1659045003723
2297	857	0	0	0	0	0	0	1659045004743
2296	857	0	0	0	0	0	0	1659045005763
2293	857	0	0	0	0	0	0	1659045006783
2291	857	0	0	0	0	0	0	1659045007803
2287	857	0	0	0	0	0	0	1659045008823
2284	857	0	0	0	0	0	0	1659045009843
2282	857	0	0	0	0	0	0	1659045010863
2279	857	0	0	0	0	0	0	1659045011883
2278	857	0	0	0	0	0	0	1659045012903
2277	857	0	0	0	0	0	0	1659045013923
2277	857	0	0	0	0	0	0	1659045014943
2276	857	0	0	0	0	0	0	1659045015963
2275	857	0	0	0	0	0	0	1659045016983
2275	857	0	0	0	0	0	0	1659045018003
2275	857	0	0	0	0	0	0	1659045019023
2275	857	0	0	0	0	0	0	1659045020043
2275	857	0	0	0	0	0	0	1659045021063
2275	857	0	0	0	0	0	0	1659045022083
2275	857	0	0	0	0	0	0	1659045023103
2275	857	0	0	0	0	0	0	1659045024123
2275	857	0	0	0	0	0	0	1659045025143
2275	857	0	0	0	0	0	0	1659045026163
2274	857	0	0	0	0	0	0	1659045027183
2274	857	0	0	0	0	0	0	1659045028203
2274	857	0	0	0	0	0	0	1659045029223
2274	857	0	0	0	0	0	0	1659045030243
2274	857	0	0	0	0	0	0	1659045031263
2274	857	0	0	0	0	0	0	1659045032283
2274	857	0	0	0	0	0	0	1659045033303
2274	857	0	0	0	0	0	0	1659045034323
2274	857	0	0	0	0	0	0	1659045035343
2274	857	0	0	0	0	0	0	1659045036363
2274	857	0	0	0	0	0	0	1659045037383
2274	857	0	0	0	0	0	0	1659045038403
2274	857	0	0	0	0	0	0	1659045039423
2274	857	0	0	0	0	0	0	1659045040443
2274	857	0	0	0	0	0	0	1659045041463
2274	857	0	0	0	0	0	0	1659045042483
2274	857	0	0	0	0	0	0	1659045043503
2274	857	0	0	0	0	0	0	1659045044523
2274	857	0	0	0	0	0	0	1659045045543
2274	857	0	0	0	0	0	0	1659045046563
2274	857	0	0	0	0	0	0	1659045047583
2274	857	0	0	0	0	0	0	1659045048603
2274	857	0	0	0	0	0	0	1659045049623
2274	857	0	0	0	0	0	0	1659045050643
2274	857	0	0	0	0	0	0	1659045051663
2274	857	0	0	0	0	0	0	1659045052683
2274	857	0	0	0	0	0	0	1659045053703
2275	857	0	0	0	0	0	0	1659045054723
2275	857	0	0	0	0	0	0	1659045055743
2275	857	0	0	0	0	0	0	1659045056763
2275	857	0	0	0	0	0	0	1659045057783
2274	857	0	0	0	0	0	0	1659045058803
2274	857	0	0	0	0	0	0	1659045059823
2274	857	0	0	0	0	0	0	1659045060843
2274	857	0	0	0	0	0	0	1659045061863
2274	857	0	0	0	0	0	0	1659045062883
2274	857	0	0	0	0	0	0	1659045063903
2274	857	0	0	0	0	0	0	1659045064923
2274	857	0	0	0	0	0	0	1659045065943
2274	857	0	0	0	0	0	0	1659045066963
2274	857	0	0	0	0	0	0	1659045067983
2274	857	0	0	0	0	0	0	1659045069003
2274	857	0	0	0	0	0	0	1659045070023
2274	857	0	0	0	0	0	0	1659045071043
2274	857	0	0	0	0	0	0	1659045072063
2274	857	0	0	0	0	0	0	1659045073083
2274	857	0	0	0	0	0	0	1659045074103
2274	857	0	0	0	0	0	0	1659045075123
2274	857	0	0	0	0	0	0	1659045076143
2274	857	0	0	0	0	0	0	1659045077163
2274	857	0	0	0	0	0	0	1659045078183
2274	857	0	0	0	0	0	0	1659045079203
2274	857	0	0	0	0	0	0	1659045080223
2274	857	0	0	0	0	0	0	1659045081243
2274	857	0	0	0	0	0	0	1659045082263
2274	857	0	0	0	0	0	0	1659045083283
2274	857	0	0	0	0	0	0	1659045084303
2274	857	0	0	0	0	0	0	1659045085323
2274	857	0	0	0	0	0	0	1659045086343
2274	857	0	0	0	0	0	0	1659045087363
2274	857	0	0	0	0	0	0	1659045088383
2274	857	0	0	0	0	0	0	1659045089403
2274	857	0	0	0	0	0	0	1659045090423
2274	857	0	0	0	0	0	0	1659045091443
2274	857	0	0	0	0	0	0	1659045092463
2274	857	0	0	0	0	0	0	1659045093483
2274	857	0	0	0	0	0	0	1659045094503
2274	857	0	0	0	0	0	0	1659045095523
2274	857	0	0	0	0	0	0	1659045096543
2274	857	0	0	0	0	0	0	1659045097563
2274	857	0	0	0	0	0	0	1659045098583
2274	857	0	0	0	0	0	0	1659045099603
2274	857	0	0	0	0	0	0	1659045100623
2274	857	0	0	0	0	0	0	1659045101643
2274	857	0	0	0	0	0	0	1659045102663
2274	857	0	0	0	0	0	0	1659045103683
2274	857	0	0	0	0	0	0	1659045104703
2274	857	0	0	0	0	0	0	1659045105723
2274	857	0	0	0	0	0	0	1659045106743
2274	857	0	0	0	0	0	0	1659045107763
2274	857	0	0	0	0	0	0	1659045108783
2273	857	0	0	0	0	0	0	1659045109803
2274	857	0	0	0	0	0	0	1659045110823
2274	857	0	0	0	0	0	0	1659045111843
2273	857	0	0	0	0	0	0	1659045112863
2273	857	0	0	0	0	0	0	1659045113883
2272	857	0	0	0	0	0	0	1659045114903
2271	857	0	0	0	0	0	0	1659045115923
2271	857	0	0	0	0	0	0	1659045116943
2271	857	0	0	0	0	0	0	1659045117963
2268	857	0	0	0	0	0	0	1659045118983
2265	857	0	0	0	0	0	0	1659045120003
2262	857	0	0	0	0	0	0	1659045121023
2261	857	0	0	0	0	0	0	1659045122043
2259	857	0	0	0	0	0	0	1659045123063
2257	857	0	0	0	0	0	0	1659045124083
2256	857	0	0	0	0	0	0	1659045125103
2254	857	0	0	0	0	0	0	1659045126123
2255	857	0	0	0	0	0	0	1659045127143
2255	857	0	0	0	0	0	0	1659045128163
2252	857	0	0	0	0	0	0	1659045129183
2251	857	0	0	0	0	0	0	1659045130203
2251	857	0	0	0	0	0	0	1659045131223
2249	857	0	0	0	0	0	0	1659045132243
2248	857	0	0	0	0	0	0	1659045133263
2248	857	0	0	0	0	0	0	1659045134283
2248	857	0	0	0	0	0	0	1659045135303
2248	857	0	0	0	0	0	0	1659045136323
2247	857	0	0	0	0	0	0	1659045137343
2247	857	0	0	0	0	0	0	1659045138363
2246	857	0	0	0	0	0	0	1659045139383
2246	857	0	0	0	0	0	0	1659045140403
2246	857	0	0	0	0	0	0	1659045141423
2246	857	0	0	0	0	0	0	1659045142443
2246	857	0	0	0	0	0	0	1659045143463
2246	857	0	0	0	0	0	0	1659045144483
2246	857	0	0	0	0	0	0	1659045145503
2246	857	0	0	0	0	0	0	1659045146523
2246	857	0	0	0	0	0	0	1659045147543
2246	857	0	0	0	0	0	0	1659045148563
2246	857	0	0	0	0	0	0	1659045149583
2246	857	0	0	0	0	0	0	1659045150603
2247	857	0	0	0	0	0	0	1659045151623
2247	857	0	0	0	0	0	0	1659045152643
2247	857	0	0	0	0	0	0	1659045153663
2247	857	0	0	0	0	0	0	1659045154683
2247	857	0	0	0	0	0	0	1659045155703
2247	857	0	0	0	0	0	0	1659045156723
2247	857	0	0	0	0	0	0	1659045157743
2247	857	0	0	0	0	0	0	1659045158763
2247	857	0	0	0	0	0	0	1659045159783
2247	857	0	0	0	0	0	0	1659045160803
2247	857	0	0	0	0	0	0	1659045161823
2247	857	0	0	0	0	0	0	1659045162843
2247	857	0	0	0	0	0	0	1659045163863
2247	857	0	0	0	0	0	0	1659045164883
2247	857	0	0	0	0	0	0	1659045165903
2247	857	0	0	0	0	0	0	1659045166923
2247	857	0	0	0	0	0	0	1659045167943
2247	857	0	0	0	0	0	0	1659045168963
2247	857	0	0	0	0	0	0	1659045169983
2247	857	0	0	0	0	0	0	1659045171003
2247	857	0	0	0	0	0	0	1659045172023
2247	857	0	0	0	0	0	0	1659045173043
2247	857	0	0	0	0	0	0	1659045174063
2247	857	0	0	0	0	0	0	1659045175083
2247	857	0	0	0	0	0	0	1659045176103
2247	857	0	0	0	0	0	0	1659045177123
2247	857	0	0	0	0	0	0	1659045178143
2247	857	0	0	0	0	0	0	1659045179163
2247	857	0	0	0	0	0	0	1659045180183
2247	857	0	0	0	0	0	0	1659045181203
2247	857	0	0	0	0	0	0	1659045182223
2247	857	0	0	0	0	0	0	1659045183243
2246	857	0	0	0	0	0	0	1659045184263
2246	857	0	0	0	0	0	0	1659045185283
2246	857	0	0	0	0	0	0	1659045186303
2246	857	0	0	0	0	0	0	1659045187323
2246	857	0	0	0	0	0	0	1659045188343
2247	857	0	0	0	0	0	0	1659045189363
2247	857	0	0	0	0	0	0	1659045190383
2247	857	0	0	0	0	0	0	1659045191403
2247	857	0	0	0	0	0	0	1659045192423
2247	857	0	0	0	0	0	0	1659045193443
2247	857	0	0	0	0	0	0	1659045194463
2246	857	0	0	0	0	0	0	1659045195483
2246	857	0	0	0	0	0	0	1659045196503
2246	857	0	0	0	0	0	0	1659045197523
2246	857	0	0	0	0	0	0	1659045198543
2246	857	0	0	0	0	0	0	1659045199563
2246	857	0	0	0	0	0	0	1659045200583
2246	857	0	0	0	0	0	0	1659045201603
2246	857	0	0	0	0	0	0	1659045202623
2246	857	0	0	0	0	0	0	1659045203643
2246	857	0	0	0	0	0	0	1659045204663
2246	857	0	0	0	0	0	0	1659045205683
2246	857	0	0	0	0	0	0	1659045206703
2246	857	0	0	0	0	0	0	1659045207723
2246	857	0	0	0	0	0	0	1659045208743
2246	857	0	0	0	0	0	0	1659045209763
2246	857	0	0	0	0	0	0	1659045210783
2246	857	0	0	0	0	0	0	1659045211803
2246	857	0	0	0	0	0	0	1659045212823
2246	857	0	0	0	0	0	0	1659045213843
2246	857	0	0	0	0	0	0	1659045214863
2246	857	0	0	0	0	0	0	1659045215883
2246	857	0	0	0	0	0	0	1659045216903
2246	857	0	0	0	0	0	0	1659045217923
2246	857	0	0	0	0	0	0	1659045218943
2246	857	0	0	0	0	0	0	1659045219963
2246	857	0	0	0	0	0	0	1659045220983
2246	857	0	0	0	0	0	0	1659045222003
2246	857	0	0	0	0	0	0	1659045223023
2246	857	0	0	0	0	0	0	1659045224043
2246	857	0	0	0	0	0	0	1659045225063
2246	857	0	0	0	0	0	0	1659045226083
2246	857	0	0	0	0	0	0	1659045227103
2246	857	0	0	0	0	0	0	1659045228123
2246	857	0	0	0	0	0	0	1659045229143
2246	857	0	0	0	0	0	0	1659045230163
2246	857	0	0	0	0	0	0	1659045231183
2246	857	0	0	0	0	0	0	1659045232203
2246	857	0	0	0	0	0	0	1659045233223
2246	857	0	0	0	0	0	0	1659045234243
2246	857	0	0	0	0	0	0	1659045235263
2246	857	0	0	0	0	0	0	1659045236283
2246	857	0	0	0	0	0	0	1659045237303
2246	857	0	0	0	0	0	0	1659045238323
2246	857	0	0	0	0	0	0	1659045239343
2246	857	0	0	0	0	0	0	1659045240363
2246	857	0	0	0	0	0	0	1659045241383
2246	857	0	0	0	0	0	0	1659045242403
2246	857	0	0	0	0	0	0	1659045243423
2246	857	0	0	0	0	0	0	1659045244443
2246	857	0	0	0	0	0	0	1659045245463
2246	857	0	0	0	0	0	0	1659045246483
2246	857	0	0	0	0	0	0	1659045247503
2246	857	0	0	0	0	0	0	1659045248523
2246	857	0	0	0	0	0	0	1659045249543
2246	857	0	0	0	0	0	0	1659045250563
2246	857	0	0	0	0	0	0	1659045251583
2246	857	0	0	0	0	0	0	1659045252603
2245	857	0	0	0	0	0	0	1659045253623
2245	857	0	0	0	0	0	0	1659045254643
2245	857	0	0	0	0	0	0	1659045255663
2245	857	0	0	0	0	0	0	1659045256683
2244	857	0	0	0	0	0	0	1659045257703
2245	857	0	0	0	0	0	0	1659045258723
2245	857	0	0	0	0	0	0	1659045259743
2244	857	0	0	0	0	0	0	1659045260763
2245	857	0	0	0	0	0	0	1659045261783
2244	857	0	0	0	0	0	0	1659045262803
2243	857	0	0	0	0	0	0	1659045263823
2242	857	0	0	0	0	0	0	1659045264843
2243	857	0	0	0	0	0	0	1659045265863
2244	857	0	0	0	0	0	0	1659045266883
2244	857	0	0	0	0	0	0	1659045267903
2240	857	0	0	0	0	0	0	1659045268923
2236	857	0	0	0	0	0	0	1659045269943
2236	857	0	0	0	0	0	0	1659045270963
2232	857	0	0	0	0	0	0	1659045271983
2229	857	0	0	0	0	0	0	1659045273003
2228	857	0	0	0	0	0	0	1659045274023
2226	857	0	0	0	0	0	0	1659045275043
2225	857	0	0	0	0	0	0	1659045276063
2225	857	0	0	0	0	0	0	1659045277083
2223	857	0	0	0	0	0	0	1659045278103
2223	857	0	0	0	0	0	0	1659045279123
2222	857	0	0	0	0	0	0	1659045280143
2221	857	0	0	0	0	0	0	1659045281163
2220	857	0	0	0	0	0	0	1659045282183
2220	857	0	0	0	0	0	0	1659045283203
2220	857	0	0	0	0	0	0	1659045284223
2219	857	0	0	0	0	0	0	1659045285243
2219	857	0	0	0	0	0	0	1659045286263
2219	857	0	0	0	0	0	0	1659045287283
2219	857	0	0	0	0	0	0	1659045288303
2219	857	0	0	0	0	0	0	1659045289323
2219	857	0	0	0	0	0	0	1659045290343
2219	857	0	0	0	0	0	0	1659045291363
2219	857	0	0	0	0	0	0	1659045292383
2219	857	0	0	0	0	0	0	1659045293403
2219	857	0	0	0	0	0	0	1659045294423
2219	857	0	0	0	0	0	0	1659045295443
2219	857	0	0	0	0	0	0	1659045296463
2219	857	0	0	0	0	0	0	1659045297483
2219	857	0	0	0	0	0	0	1659045298503
2219	857	0	0	0	0	0	0	1659045299523
2219	857	0	0	0	0	0	0	1659045300543
2219	857	0	0	0	0	0	0	1659045301563
2219	857	0	0	0	0	0	0	1659045302583
2219	857	0	0	0	0	0	0	1659045303603
2219	857	0	0	0	0	0	0	1659045304623
2219	857	0	0	0	0	0	0	1659045305643
2219	857	0	0	0	0	0	0	1659045306663
2219	857	0	0	0	0	0	0	1659045307683
2219	857	0	0	0	0	0	0	1659045308703
2219	857	0	0	0	0	0	0	1659045309723
2219	857	0	0	0	0	0	0	1659045310743
2219	857	0	0	0	0	0	0	1659045311763
2219	858	0	0	0	0	0	0	1659045312783
2219	858	0	0	0	0	0	0	1659045313803
2219	857	0	0	0	0	0	0	1659045314823
2219	857	0	0	0	0	0	0	1659045315843
2219	857	0	0	0	0	0	0	1659045316863
2219	857	0	0	0	0	0	0	1659045317883
2219	857	0	0	0	0	0	0	1659045318903
2219	857	0	0	0	0	0	0	1659045319923
2219	857	0	0	0	0	0	0	1659045320943
2219	857	0	0	0	0	0	0	1659045321963
2219	863	0	0	0	0	0	0	1659045322983
2219	871	0	0	0	0	0	0	1659045324003
2219	876	0	0	0	0	0	0	1659045325023
2219	879	0	0	0	0	0	0	1659045326043
2219	881	0	0	0	0	0	0	1659045327063
2219	882	0	0	0	0	0	0	1659045328083
2219	883	0	0	0	0	0	0	1659045329103
2219	884	0	0	0	0	0	0	1659045330123
2219	884	0	0	0	0	0	0	1659045331143
2219	884	0	0	0	0	0	0	1659045332163
2219	884	0	0	0	0	0	0	1659045333183
2219	884	0	0	0	0	0	0	1659045334203
2219	884	0	0	0	0	0	0	1659045335223
2219	884	0	0	0	0	0	0	1659045336243
2219	884	0	0	0	0	0	0	1659045337263
2219	884	0	0	0	0	0	0	1659045338283
2219	884	0	0	0	0	0	0	1659045339303
2219	884	0	0	0	0	0	0	1659045340323
2219	884	0	0	0	0	0	0	1659045341343
2219	884	0	0	0	0	0	0	1659045342363
2219	884	0	0	0	0	0	0	1659045343383
2219	883	0	0	0	0	0	0	1659045344403
2219	883	0	0	0	0	0	0	1659045345423
2219	882	0	0	0	0	0	0	1659045346443
2219	882	0	0	0	0	0	0	1659045347463
2219	882	0	0	0	0	0	0	1659045348483
2219	882	0	0	0	0	0	0	1659045349503
2219	882	0	0	0	0	0	0	1659045350523
2219	882	0	0	0	0	0	0	1659045351543
2219	881	0	0	0	0	0	0	1659045352563
2219	880	0	0	0	0	0	0	1659045353583
2219	878	0	0	0	0	0	0	1659045354603
2219	878	0	0	0	0	0	0	1659045355623
2219	879	0	0	0	0	0	0	1659045356643
2219	879	0	0	0	0	0	0	1659045357663
2219	879	0	0	0	0	0	0	1659045358683
2219	878	0	0	0	0	0	0	1659045359703
2219	879	0	0	0	0	0	0	1659045360723
2219	877	0	0	0	0	0	0	1659045361743
2219	875	0	0	0	0	0	0	1659045362763
2219	875	0	0	0	0	0	0	1659045363783
2219	874	0	0	0	0	0	0	1659045364803
2218	873	0	0	0	0	0	0	1659045365823
2218	872	0	0	0	0	0	0	1659045366843
2218	872	0	0	0	0	0	0	1659045367863
2218	871	0	0	0	0	0	0	1659045368883
2218	867	0	0	0	0	0	0	1659045369903
2218	866	0	0	0	0	0	0	1659045370923
2218	866	0	0	0	0	0	0	1659045371943
2218	865	0	0	0	0	0	0	1659045372963
2218	867	0	0	0	0	0	0	1659045373983
2218	867	0	0	0	0	0	0	1659045375003
2218	867	0	0	0	0	0	0	1659045376023
2218	868	0	0	0	0	0	0	1659045377043
2218	868	0	0	0	0	0	0	1659045378063
2218	867	0	0	0	0	0	0	1659045379083
2218	868	0	0	0	0	0	0	1659045380103
2218	867	0	0	0	0	0	0	1659045381123
2218	865	0	0	0	0	0	0	1659045382143
2218	863	0	0	0	0	0	0	1659045383163
2218	862	0	0	0	0	0	0	1659045384183
2218	863	0	0	0	0	0	0	1659045385203
2218	863	0	0	0	0	0	0	1659045386223
2218	863	0	0	0	0	0	0	1659045387243
2218	862	0	0	0	0	0	0	1659045388263
2218	860	0	0	0	0	0	0	1659045389283
2218	859	0	0	0	0	0	0	1659045390303
2218	858	0	0	0	0	0	0	1659045391323
2218	858	0	0	0	0	0	0	1659045392343
2218	858	0	0	0	0	0	0	1659045393363
2218	858	0	0	0	0	0	0	1659045394383
2218	858	0	0	0	0	0	0	1659045395403
2218	858	0	0	0	0	0	0	1659045396423
2218	858	0	0	0	0	0	0	1659045397443
2218	858	0	0	0	0	0	0	1659045398463
2218	858	0	0	0	0	0	0	1659045399483
2218	858	0	0	0	0	0	0	1659045400503
2218	858	0	0	0	0	0	0	1659045401523
2218	858	0	0	0	0	0	0	1659045402543
2218	858	0	0	0	0	0	0	1659045403563
2218	858	0	0	0	0	0	0	1659045404583
2218	858	0	0	0	0	0	0	1659045405603
2218	857	0	0	0	0	0	0	1659045406623
2218	858	0	0	0	0	0	0	1659045407643
2218	858	0	0	0	0	0	0	1659045408663
2218	857	0	0	0	0	0	0	1659045409683
2218	857	0	0	0	0	0	0	1659045410703
2218	858	0	0	0	0	0	0	1659045411723
2218	858	0	0	0	0	0	0	1659045412743
2218	857	0	0	0	0	0	0	1659045413763
2218	857	0	0	0	0	0	0	1659045414783
2218	857	0	0	0	0	0	0	1659045415803
2218	857	0	0	0	0	0	0	1659045416823
2218	857	0	0	0	0	0	0	1659045417843
2218	857	0	0	0	0	0	0	1659045418863
2218	857	0	0	0	0	0	0	1659045419883
2218	857	0	0	0	0	0	0	1659045420903
2218	857	0	0	0	0	0	0	1659045421923
2218	857	0	0	0	0	0	0	1659045422943
2218	857	0	0	0	0	0	0	1659045423963
2218	857	0	0	0	0	0	0	1659045424983
2218	857	0	0	0	0	0	0	1659045426003
2218	857	0	0	0	0	0	0	1659045427023
2218	857	0	0	0	0	0	0	1659045428043
2218	857	0	0	0	0	0	0	1659045429063
2218	857	0	0	0	0	0	0	1659045430083
2218	857	0	0	0	0	0	0	1659045431103
2218	857	0	0	0	0	0	0	1659045432123
2218	857	0	0	0	0	0	0	1659045433143
2218	857	0	0	0	0	0	0	1659045434163
2218	857	0	0	0	0	0	0	1659045435183
2217	857	0	0	0	0	0	0	1659045436203
2217	857	0	0	0	0	0	0	1659045437223
2217	857	0	0	0	0	0	0	1659045438243
2217	857	0	0	0	0	0	0	1659045439263
2217	857	0	0	0	0	0	0	1659045440283
2217	857	0	0	0	0	0	0	1659045441303
2217	857	0	0	0	0	0	0	1659045442323
2217	857	0	0	0	0	0	0	1659045443343
2217	857	0	0	0	0	0	0	1659045444363
2218	857	0	0	0	0	0	0	1659045445383
2216	857	0	0	0	0	0	0	1659045446403
2216	857	0	0	0	0	0	0	1659045447423
2215	857	0	0	0	0	0	0	1659045448443
2215	857	0	0	0	0	0	0	1659045449463
2213	857	0	0	0	0	0	0	1659045450483
2213	857	0	0	0	0	0	0	1659045451503
2213	857	0	0	0	0	0	0	1659045452523
2213	857	0	0	0	0	0	0	1659045453543
2213	857	0	0	0	0	0	0	1659045454563
2212	857	0	0	0	0	0	0	1659045455583
2212	857	0	0	0	0	0	0	1659045456603
2211	857	0	0	0	0	0	0	1659045457623
2209	857	0	0	0	0	0	0	1659045458643
2208	857	0	0	0	0	0	0	1659045459663
2209	857	0	0	0	0	0	0	1659045460683
2209	857	0	0	0	0	0	0	1659045461703
2207	857	0	0	0	0	0	0	1659045462723
2207	857	0	0	0	0	0	0	1659045463743
2206	857	0	0	0	0	0	0	1659045464763
2206	857	0	0	0	0	0	0	1659045465783
2207	857	0	0	0	0	0	0	1659045466803
2207	857	0	0	0	0	0	0	1659045467823
2204	857	0	0	0	0	0	0	1659045468843
2203	857	0	0	0	0	0	0	1659045469863
2202	857	0	0	0	0	0	0	1659045470883
2201	857	0	0	0	0	0	0	1659045471903
2201	857	0	0	0	0	0	0	1659045472923
2201	857	0	0	0	0	0	0	1659045473943
2201	857	0	0	0	0	0	0	1659045474963
2200	857	0	0	0	0	0	0	1659045475983
2200	857	0	0	0	0	0	0	1659045477003
2199	857	0	0	0	0	0	0	1659045478023
2198	857	0	0	0	0	0	0	1659045479043
2198	857	0	0	0	0	0	0	1659045480063
2196	857	0	0	0	0	0	0	1659045481083
2195	857	0	0	0	0	0	0	1659045482103
2193	857	0	0	0	0	0	0	1659045483123
2193	857	0	0	0	0	0	0	1659045484143
2192	857	0	0	0	0	0	0	1659045485163
2192	857	0	0	0	0	0	0	1659045486183
2192	857	0	0	0	0	0	0	1659045487203
2192	857	0	0	0	0	0	0	1659045488223
2191	857	0	0	0	0	0	0	1659045489243
2190	857	0	0	0	0	0	0	1659045490263
2191	857	0	0	0	0	0	0	1659045491283
2191	857	0	0	0	0	0	0	1659045492303
2191	857	0	0	0	0	0	0	1659045493323
2191	857	0	0	0	0	0	0	1659045494343
2191	857	0	0	0	0	0	0	1659045495363
2191	857	0	0	0	0	0	0	1659045496383
2192	857	0	0	0	0	0	0	1659045497403
2191	857	0	0	0	0	0	0	1659045498423
2191	857	0	0	0	0	0	0	1659045499443
2191	857	0	0	0	0	0	0	1659045500463
2191	857	0	0	0	0	0	0	1659045501483
2191	857	0	0	0	0	0	0	1659045502503
2191	857	0	0	0	0	0	0	1659045503523
2191	857	0	0	0	0	0	0	1659045504543
2191	857	0	0	0	0	0	0	1659045505563
2191	857	0	0	0	0	0	0	1659045506583
2191	857	0	0	0	0	0	0	1659045507603
2191	857	0	0	0	0	0	0	1659045508623
2191	857	0	0	0	0	0	0	1659045509643
2191	857	0	0	0	0	0	0	1659045510663
2191	857	0	0	0	0	0	0	1659045511683
2191	857	0	0	0	0	0	0	1659045512703
2191	857	0	0	0	0	0	0	1659045513723
2191	857	0	0	0	0	0	0	1659045514743
2191	857	0	0	0	0	0	0	1659045515763
2191	857	0	0	0	0	0	0	1659045516783
2190	857	0	0	0	0	0	0	1659045517803
2190	857	0	0	0	0	0	0	1659045518823
