1568	1509	0	0	0	0	0	0	1661539212616
1555	1502	0	0	0	0	0	0	1661539213636
1541	1498	0	0	0	0	0	0	1661539214656
1523	1496	0	0	0	0	0	0	1661539215676
1508	1495	0	0	0	0	0	0	1661539216696
1492	1494	0	0	0	0	0	0	1661539217716
1480	1493	0	0	0	0	0	0	1661539218736
1465	1493	0	0	0	0	0	0	1661539219756
1455	1493	0	0	0	0	0	0	1661539220776
1444	10895	0	0	0	0	0	0	1661539221796
1431	7134	0	0	0	0	0	0	1661539222816
1423	4877	0	0	0	0	0	0	1661539223836
1417	3523	0	0	0	0	0	0	1661539224856
1404	2711	0	0	0	0	0	0	1661539225876
1396	2224	0	0	0	0	0	0	1661539226896
1391	1932	0	0	0	0	0	0	1661539227916
1388	1756	0	0	0	0	0	0	1661539228936
1386	1651	0	0	0	0	0	0	1661539229956
1376	1588	0	0	0	0	0	0	1661539230976
1368	1550	0	0	0	0	0	0	1661539231996
1363	1527	0	0	0	0	0	0	1661539233016
1360	1513	0	0	0	0	0	0	1661539234036
1358	1505	0	0	0	0	0	0	1661539235056
1356	1500	0	0	0	0	0	0	1661539236076
1349	1497	0	0	0	0	0	0	1661539237096
1342	1494	0	0	0	0	0	0	1661539238116
1337	1493	0	0	0	0	0	0	1661539239136
1333	1493	0	0	0	0	0	0	1661539240156
1331	1493	0	0	0	0	0	0	1661539241176
1330	1493	0	0	0	0	0	0	1661539242196
1329	1493	0	0	0	0	0	0	1661539243216
1328	1493	0	0	0	0	0	0	1661539244236
1325	1494	0	0	0	0	0	0	1661539245256
1316	1495	0	0	0	0	0	0	1661539246276
1309	1496	0	0	0	0	0	0	1661539247296
1306	1499	0	0	0	0	0	0	1661539248316
1304	1502	0	0	0	0	0	0	1661539249336
1302	1508	0	0	0	0	0	0	1661539250356
1301	1512	0	0	0	0	0	0	1661539251376
1301	1514	0	0	0	0	0	0	1661539252396
1301	1516	0	0	0	0	0	0	1661539253416
1300	1518	0	0	0	0	0	0	1661539254436
1294	1519	0	0	0	0	0	0	1661539255456
1286	1520	0	0	0	0	0	0	1661539256476
1281	1520	0	0	0	0	0	0	1661539257496
1278	1520	0	0	0	0	0	0	1661539258516
1276	1520	0	0	0	0	0	0	1661539259536
1274	1520	0	0	0	0	0	0	1661539260556
1273	1520	0	0	0	0	0	0	1661539261576
1273	1520	0	0	0	0	0	0	1661539262596
1273	1520	0	0	0	0	0	0	1661539263616
1273	1520	0	0	0	0	0	0	1661539264636
1273	1520	0	0	0	0	0	0	1661539265656
1273	1520	0	0	0	0	0	0	1661539266676
1272	1521	0	0	0	0	0	0	1661539267696
1265	1521	0	0	0	0	0	0	1661539268716
1264	1521	0	0	0	0	0	0	1661539269736
1266	1521	0	0	0	0	0	0	1661539270756
1259	1521	0	0	0	0	0	0	1661539271776
1256	1521	0	0	0	0	0	0	1661539272796
1251	1521	0	0	0	0	0	0	1661539273816
1249	1521	0	0	0	0	0	0	1661539274836
1247	1521	0	0	0	0	0	0	1661539275856
1246	1521	0	0	0	0	0	0	1661539276876
1246	1521	0	0	0	0	0	0	1661539277896
1245	1521	0	0	0	0	0	0	1661539278916
1245	1521	0	0	0	0	0	0	1661539279936
1245	1521	0	0	0	0	0	0	1661539280956
1245	1521	0	0	0	0	0	0	1661539281976
1245	1522	0	0	0	0	0	0	1661539282996
1245	1522	0	0	0	0	0	0	1661539284016
1245	1522	0	0	0	0	0	0	1661539285036
1245	1524	0	0	0	0	0	0	1661539286056
1245	1527	0	0	0	0	0	0	1661539287076
1245	1531	0	0	0	0	0	0	1661539288096
1245	1535	0	0	0	0	0	0	1661539289116
1245	1539	0	0	0	0	0	0	1661539290136
1245	1542	0	0	0	0	0	0	1661539291156
1245	1545	0	0	0	0	0	0	1661539292176
1244	1547	0	0	0	0	0	0	1661539293196
1243	1548	0	0	0	0	0	0	1661539294216
1239	1548	0	0	0	0	0	0	1661539295236
1234	1548	0	0	0	0	0	0	1661539296256
1229	1548	0	0	0	0	0	0	1661539297276
1224	1548	0	0	0	0	0	0	1661539298296
1221	1548	0	0	0	0	0	0	1661539299316
1219	1548	0	0	0	0	0	0	1661539300336
1218	1548	0	0	0	0	0	0	1661539301356
1218	1548	0	0	0	0	0	0	1661539302376
1218	1548	0	0	0	0	0	0	1661539303396
1217	1548	0	0	0	0	0	0	1661539304416
1217	1548	0	0	0	0	0	0	1661539305436
1217	1548	0	0	0	0	0	0	1661539306456
1217	1548	0	0	0	0	0	0	1661539307476
1217	1548	0	0	0	0	0	0	1661539308496
1217	1548	0	0	0	0	0	0	1661539309516
1217	1548	0	0	0	0	0	0	1661539310536
1217	1548	0	0	0	0	0	0	1661539311556
1217	1548	0	0	0	0	0	0	1661539312576
1217	1548	0	0	0	0	0	0	1661539313596
1217	1548	0	0	0	0	0	0	1661539314616
1217	1548	0	0	0	0	0	0	1661539315636
1217	1548	0	0	0	0	0	0	1661539316656
1217	1548	0	0	0	0	0	0	1661539317676
1217	1548	0	0	0	0	0	0	1661539318696
1217	1548	0	0	0	0	0	0	1661539319716
1217	1548	0	0	0	0	0	0	1661539320736
1217	1548	0	0	0	0	0	0	1661539321756
1217	1548	0	0	0	0	0	0	1661539322776
1217	1548	0	0	0	0	0	0	1661539323796
1217	1548	0	0	0	0	0	0	1661539324816
1217	1548	0	0	0	0	0	0	1661539325836
1216	1548	0	0	0	0	0	0	1661539326856
1215	1548	0	0	0	0	0	0	1661539327876
1210	1548	0	0	0	0	0	0	1661539328896
1207	1548	0	0	0	0	0	0	1661539329916
1203	1548	0	0	0	0	0	0	1661539330936
1199	1548	0	0	0	0	0	0	1661539331956
1196	1548	0	0	0	0	0	0	1661539332976
1193	1548	0	0	0	0	0	0	1661539333996
1191	1549	0	0	0	0	0	0	1661539335016
1190	1549	0	0	0	0	0	0	1661539336036
1190	1549	0	0	0	0	0	0	1661539337056
1190	1549	0	0	0	0	0	0	1661539338076
1190	1549	0	0	0	0	0	0	1661539339096
1190	1549	0	0	0	0	0	0	1661539340116
1190	1549	0	0	0	0	0	0	1661539341136
1189	1549	0	0	0	0	0	0	1661539342156
1189	1549	0	0	0	0	0	0	1661539343176
1189	1549	0	0	0	0	0	0	1661539344196
1189	1549	0	0	0	0	0	0	1661539345216
1189	1549	0	0	0	0	0	0	1661539346236
1189	1549	0	0	0	0	0	0	1661539347256
1189	1549	0	0	0	0	0	0	1661539348276
1189	1549	0	0	0	0	0	0	1661539349296
1189	1549	0	0	0	0	0	0	1661539350316
1189	1549	0	0	0	0	0	0	1661539351336
1189	1549	0	0	0	0	0	0	1661539352356
1189	1551	0	0	0	0	0	0	1661539353376
1189	1555	0	0	0	0	0	0	1661539354396
1189	1559	0	0	0	0	0	0	1661539355416
1189	1564	0	0	0	0	0	0	1661539356436
1189	1567	0	0	0	0	0	0	1661539357456
1189	1569	0	0	0	0	0	0	1661539358476
1189	1571	0	0	0	0	0	0	1661539359496
1189	1572	0	0	0	0	0	0	1661539360516
1189	1573	0	0	0	0	0	0	1661539361536
1189	1574	0	0	0	0	0	0	1661539362556
1189	1574	0	0	0	0	0	0	1661539363576
1189	1574	0	0	0	0	0	0	1661539364596
1189	1575	0	0	0	0	0	0	1661539365616
1189	1575	0	0	0	0	0	0	1661539366636
1189	1575	0	0	0	0	0	0	1661539367656
1189	1575	0	0	0	0	0	0	1661539368676
1189	1575	0	0	0	0	0	0	1661539369696
1189	1575	0	0	0	0	0	0	1661539370716
1189	1575	0	0	0	0	0	0	1661539371736
1189	1575	0	0	0	0	0	0	1661539372756
1189	1575	0	0	0	0	0	0	1661539373776
1189	1575	0	0	0	0	0	0	1661539374796
1189	1575	0	0	0	0	0	0	1661539375816
1188	1575	0	0	0	0	0	0	1661539376836
1188	1575	0	0	0	0	0	0	1661539377856
1188	1575	0	0	0	0	0	0	1661539378876
1188	1575	0	0	0	0	0	0	1661539379896
1187	1573	0	0	0	0	0	0	1661539380916
1184	1574	0	0	0	0	0	0	1661539381936
1181	1573	0	0	0	0	0	0	1661539382956
1179	1573	0	0	0	0	0	0	1661539383976
1176	1573	0	0	0	0	0	0	1661539384996
1173	1573	0	0	0	0	0	0	1661539386016
1171	1571	0	0	0	0	0	0	1661539387036
1167	1571	0	0	0	0	0	0	1661539388056
1166	1571	0	0	0	0	0	0	1661539389076
1166	1569	0	0	0	0	0	0	1661539390096
1164	1569	0	0	0	0	0	0	1661539391116
1163	1567	0	0	0	0	0	0	1661539392136
1162	1566	0	0	0	0	0	0	1661539393156
1162	1566	0	0	0	0	0	0	1661539394176
1162	1564	0	0	0	0	0	0	1661539395196
1162	1564	0	0	0	0	0	0	1661539396216
1162	1563	0	0	0	0	0	0	1661539397236
1162	1562	0	0	0	0	0	0	1661539398256
1162	1561	0	0	0	0	0	0	1661539399276
1162	1560	0	0	0	0	0	0	1661539400296
1162	1560	0	0	0	0	0	0	1661539401316
1162	1560	0	0	0	0	0	0	1661539402336
1162	1558	0	0	0	0	0	0	1661539403356
1162	1556	0	0	0	0	0	0	1661539404376
1162	1556	0	0	0	0	0	0	1661539405396
1162	1555	0	0	0	0	0	0	1661539406416
1162	1554	0	0	0	0	0	0	1661539407436
1162	1554	0	0	0	0	0	0	1661539408456
1162	1553	0	0	0	0	0	0	1661539409476
1162	1553	0	0	0	0	0	0	1661539410496
1162	1552	0	0	0	0	0	0	1661539411516
1162	1552	0	0	0	0	0	0	1661539412536
1162	1551	0	0	0	0	0	0	1661539413556
1162	1550	0	0	0	0	0	0	1661539414576
1162	1550	0	0	0	0	0	0	1661539415596
1161	1550	0	0	0	0	0	0	1661539416616
1161	1550	0	0	0	0	0	0	1661539417636
1161	1549	0	0	0	0	0	0	1661539418656
1161	1550	0	0	0	0	0	0	1661539419676
1161	1550	0	0	0	0	0	0	1661539420696
1161	1550	0	0	0	0	0	0	1661539421716
1161	1550	0	0	0	0	0	0	1661539422736
1161	1550	0	0	0	0	0	0	1661539423756
1161	1550	0	0	0	0	0	0	1661539424776
1161	1550	0	0	0	0	0	0	1661539425796
1161	1550	0	0	0	0	0	0	1661539426816
1161	1550	0	0	0	0	0	0	1661539427836
1161	1549	0	0	0	0	0	0	1661539428856
1161	1549	0	0	0	0	0	0	1661539429876
1161	1549	0	0	0	0	0	0	1661539430896
1161	1549	0	0	0	0	0	0	1661539431916
1161	1549	0	0	0	0	0	0	1661539432936
1161	1549	0	0	0	0	0	0	1661539433956
1161	1549	0	0	0	0	0	0	1661539434976
1161	1549	0	0	0	0	0	0	1661539435996
1161	1549	0	0	0	0	0	0	1661539437016
1161	1549	0	0	0	0	0	0	1661539438036
1161	1549	0	0	0	0	0	0	1661539439056
1161	1549	0	0	0	0	0	0	1661539440076
1161	1549	0	0	0	0	0	0	1661539441096
1161	1549	0	0	0	0	0	0	1661539442116
1161	1549	0	0	0	0	0	0	1661539443136
1161	1549	0	0	0	0	0	0	1661539444156
1161	1549	0	0	0	0	0	0	1661539445176
1161	1549	0	0	0	0	0	0	1661539446196
1161	1549	0	0	0	0	0	0	1661539447216
1161	1549	0	0	0	0	0	0	1661539448236
1161	1549	0	0	0	0	0	0	1661539449256
1161	1549	0	0	0	0	0	0	1661539450276
1161	1549	0	0	0	0	0	0	1661539451296
1161	1549	0	0	0	0	0	0	1661539452316
1161	1549	0	0	0	0	0	0	1661539453336
1161	1549	0	0	0	0	0	0	1661539454356
1161	1549	0	0	0	0	0	0	1661539455376
1159	1549	0	0	0	0	0	0	1661539456396
1159	1549	0	0	0	0	0	0	1661539457416
1159	1549	0	0	0	0	0	0	1661539458436
1158	1549	0	0	0	0	0	0	1661539459456
1156	1549	0	0	0	0	0	0	1661539460476
1155	1549	0	0	0	0	0	0	1661539461496
1153	1549	0	0	0	0	0	0	1661539462516
1150	1549	0	0	0	0	0	0	1661539463536
1148	1549	0	0	0	0	0	0	1661539464556
1146	1549	0	0	0	0	0	0	1661539465576
1144	1549	0	0	0	0	0	0	1661539466596
1144	1549	0	0	0	0	0	0	1661539467616
1142	1549	0	0	0	0	0	0	1661539468636
1140	1549	0	0	0	0	0	0	1661539469656
1138	1549	0	0	0	0	0	0	1661539470676
1138	1549	0	0	0	0	0	0	1661539471696
1136	1549	0	0	0	0	0	0	1661539472716
1135	1549	0	0	0	0	0	0	1661539473736
1134	1549	0	0	0	0	0	0	1661539474756
1134	1549	0	0	0	0	0	0	1661539475776
1134	1549	0	0	0	0	0	0	1661539476796
1134	1549	0	0	0	0	0	0	1661539477816
1134	1549	0	0	0	0	0	0	1661539478836
1134	1549	0	0	0	0	0	0	1661539479856
1134	1549	0	0	0	0	0	0	1661539480876
1134	1549	0	0	0	0	0	0	1661539481896
1134	1549	0	0	0	0	0	0	1661539482916
1134	1549	0	0	0	0	0	0	1661539483936
1134	1549	0	0	0	0	0	0	1661539484956
1134	1549	0	0	0	0	0	0	1661539485976
1134	1549	0	0	0	0	0	0	1661539486996
1134	1549	0	0	0	0	0	0	1661539488016
1134	1549	0	0	0	0	0	0	1661539489036
1134	1549	0	0	0	0	0	0	1661539490056
1134	1549	0	0	0	0	0	0	1661539491076
1134	1549	0	0	0	0	0	0	1661539492096
1134	1549	0	0	0	0	0	0	1661539493116
1134	1549	0	0	0	0	0	0	1661539494136
1134	1549	0	0	0	0	0	0	1661539495156
1134	1549	0	0	0	0	0	0	1661539496176
1134	1549	0	0	0	0	0	0	1661539497196
1134	1549	0	0	0	0	0	0	1661539498216
1134	1549	0	0	0	0	0	0	1661539499236
1134	1549	0	0	0	0	0	0	1661539500256
1134	1549	0	0	0	0	0	0	1661539501276
1134	1549	0	0	0	0	0	0	1661539502296
1134	1549	0	0	0	0	0	0	1661539503316
1134	1549	0	0	0	0	0	0	1661539504336
1134	1549	0	0	0	0	0	0	1661539505356
1134	1548	0	0	0	0	0	0	1661539506376
1134	1548	0	0	0	0	0	0	1661539507396
1134	1548	0	0	0	0	0	0	1661539508416
1134	1548	0	0	0	0	0	0	1661539509436
1134	1548	0	0	0	0	0	0	1661539510456
1134	1548	0	0	0	0	0	0	1661539511476
1134	1547	0	0	0	0	0	0	1661539512496
1134	1547	0	0	0	0	0	0	1661539513516
1134	1545	0	0	0	0	0	0	1661539514536
1134	1543	0	0	0	0	0	0	1661539515556
1134	1544	0	0	0	0	0	0	1661539516576
1134	1543	0	0	0	0	0	0	1661539517596
1134	1543	0	0	0	0	0	0	1661539518616
1134	1542	0	0	0	0	0	0	1661539519636
1134	1540	0	0	0	0	0	0	1661539520656
1134	1537	0	0	0	0	0	0	1661539521676
1134	1537	0	0	0	0	0	0	1661539522696
1134	1534	0	0	0	0	0	0	1661539523716
1134	1532	0	0	0	0	0	0	1661539524736
1134	1530	0	0	0	0	0	0	1661539525756
1134	1530	0	0	0	0	0	0	1661539526776
1134	1529	0	0	0	0	0	0	1661539527796
1134	1527	0	0	0	0	0	0	1661539528816
1134	1528	0	0	0	0	0	0	1661539529836
1134	1526	0	0	0	0	0	0	1661539530856
1134	1525	0	0	0	0	0	0	1661539531876
1134	1525	0	0	0	0	0	0	1661539532896
1134	1523	0	0	0	0	0	0	1661539533916
1134	1522	0	0	0	0	0	0	1661539534936
1134	1522	0	0	0	0	0	0	1661539535956
1134	1522	0	0	0	0	0	0	1661539536976
1134	1522	0	0	0	0	0	0	1661539537996
1134	1522	0	0	0	0	0	0	1661539539016
1134	1522	0	0	0	0	0	0	1661539540036
1134	1521	0	0	0	0	0	0	1661539541056
1134	1521	0	0	0	0	0	0	1661539542076
1134	1521	0	0	0	0	0	0	1661539543096
1134	1521	0	0	0	0	0	0	1661539544116
1134	1521	0	0	0	0	0	0	1661539545136
1134	1521	0	0	0	0	0	0	1661539546156
1134	1521	0	0	0	0	0	0	1661539547176
1134	1521	0	0	0	0	0	0	1661539548196
1134	1521	0	0	0	0	0	0	1661539549216
1134	1521	0	0	0	0	0	0	1661539550236
1134	1521	0	0	0	0	0	0	1661539551256
1134	1521	0	0	0	0	0	0	1661539552276
1134	1521	0	0	0	0	0	0	1661539553296
1134	1521	0	0	0	0	0	0	1661539554316
1134	1521	0	0	0	0	0	0	1661539555336
1134	1521	0	0	0	0	0	0	1661539556356
1134	1521	0	0	0	0	0	0	1661539557376
1134	1521	0	0	0	0	0	0	1661539558396
1134	1521	0	0	0	0	0	0	1661539559416
1134	1521	0	0	0	0	0	0	1661539560436
1134	1521	0	0	0	0	0	0	1661539561456
1134	1521	0	0	0	0	0	0	1661539562476
1134	1521	0	0	0	0	0	0	1661539563496
1134	1521	0	0	0	0	0	0	1661539564516
1134	1521	0	0	0	0	0	0	1661539565536
1134	1521	0	0	0	0	0	0	1661539566556
1134	1521	0	0	0	0	0	0	1661539567576
1134	1521	0	0	0	0	0	0	1661539568596
1134	1521	0	0	0	0	0	0	1661539569616
1134	1521	0	0	0	0	0	0	1661539570636
1134	1521	0	0	0	0	0	0	1661539571656
1134	1521	0	0	0	0	0	0	1661539572676
1134	1521	0	0	0	0	0	0	1661539573696
1133	1521	0	0	0	0	0	0	1661539574716
1133	1521	0	0	0	0	0	0	1661539575736
1133	1521	0	0	0	0	0	0	1661539576756
1133	1521	0	0	0	0	0	0	1661539577776
1133	1521	0	0	0	0	0	0	1661539578796
1133	1521	0	0	0	0	0	0	1661539579816
1133	1521	0	0	0	0	0	0	1661539580836
1133	1521	0	0	0	0	0	0	1661539581856
1133	1521	0	0	0	0	0	0	1661539582876
1133	1521	0	0	0	0	0	0	1661539583896
1133	1521	0	0	0	0	0	0	1661539584916
1133	1521	0	0	0	0	0	0	1661539585936
1133	1521	0	0	0	0	0	0	1661539586956
1132	1521	0	0	0	0	0	0	1661539587976
1133	1521	0	0	0	0	0	0	1661539588996
1133	1521	0	0	0	0	0	0	1661539590016
1133	1521	0	0	0	0	0	0	1661539591036
1133	1521	0	0	0	0	0	0	1661539592056
1133	1521	0	0	0	0	0	0	1661539593076
1133	1521	0	0	0	0	0	0	1661539594096
1132	1521	0	0	0	0	0	0	1661539595116
1132	1521	0	0	0	0	0	0	1661539596136
1131	1521	0	0	0	0	0	0	1661539597156
1130	1521	0	0	0	0	0	0	1661539598176
1130	1521	0	0	0	0	0	0	1661539599196
1129	1521	0	0	0	0	0	0	1661539600216
1128	1521	0	0	0	0	0	0	1661539601236
1128	1521	0	0	0	0	0	0	1661539602256
1128	1521	0	0	0	0	0	0	1661539603276
1128	1521	0	0	0	0	0	0	1661539604296
1128	1521	0	0	0	0	0	0	1661539605316
1127	1521	0	0	0	0	0	0	1661539606336
1127	1521	0	0	0	0	0	0	1661539607356
1125	1521	0	0	0	0	0	0	1661539608376
1125	1521	0	0	0	0	0	0	1661539609396
1124	1521	0	0	0	0	0	0	1661539610416
1122	1521	0	0	0	0	0	0	1661539611436
1117	1521	0	0	0	0	0	0	1661539612456
1115	1521	0	0	0	0	0	0	1661539613476
1116	1521	0	0	0	0	0	0	1661539614496
1120	1521	0	0	0	0	0	0	1661539615516
1122	1521	0	0	0	0	0	0	1661539616536
1121	1521	0	0	0	0	0	0	1661539617556
1121	1520	0	0	0	0	0	0	1661539618576
1121	1520	0	0	0	0	0	0	1661539619596
1122	1519	0	0	0	0	0	0	1661539620616
1121	1520	0	0	0	0	0	0	1661539621636
1121	1520	0	0	0	0	0	0	1661539622656
1121	1519	0	0	0	0	0	0	1661539623676
1121	1518	0	0	0	0	0	0	1661539624696
1120	1518	0	0	0	0	0	0	1661539625716
1117	1516	0	0	0	0	0	0	1661539626736
1116	1515	0	0	0	0	0	0	1661539627756
1114	1514	0	0	0	0	0	0	1661539628776
1114	1513	0	0	0	0	0	0	1661539629796
1112	1512	0	0	0	0	0	0	1661539630816
1110	1509	0	0	0	0	0	0	1661539631836
1110	1507	0	0	0	0	0	0	1661539632856
1110	1506	0	0	0	0	0	0	1661539633876
1109	1505	0	0	0	0	0	0	1661539634896
1109	1504	0	0	0	0	0	0	1661539635916
1109	1503	0	0	0	0	0	0	1661539636936
1108	1501	0	0	0	0	0	0	1661539637956
1108	1499	0	0	0	0	0	0	1661539638976
1107	1499	0	0	0	0	0	0	1661539639996
1107	1498	0	0	0	0	0	0	1661539641016
1107	1496	0	0	0	0	0	0	1661539642036
1107	1496	0	0	0	0	0	0	1661539643056
1107	1495	0	0	0	0	0	0	1661539644076
1106	1495	0	0	0	0	0	0	1661539645096
1106	1494	0	0	0	0	0	0	1661539646116
1106	1494	0	0	0	0	0	0	1661539647136
1106	1494	0	0	0	0	0	0	1661539648156
1106	1494	0	0	0	0	0	0	1661539649176
1106	1494	0	0	0	0	0	0	1661539650196
1106	1494	0	0	0	0	0	0	1661539651216
1106	1494	0	0	0	0	0	0	1661539652236
1106	1494	0	0	0	0	0	0	1661539653256
1106	1494	0	0	0	0	0	0	1661539654276
1106	1494	0	0	0	0	0	0	1661539655296
1106	1494	0	0	0	0	0	0	1661539656316
1106	1494	0	0	0	0	0	0	1661539657336
1106	1494	0	0	0	0	0	0	1661539658356
1106	1494	0	0	0	0	0	0	1661539659376
1106	1494	0	0	0	0	0	0	1661539660396
1106	1494	0	0	0	0	0	0	1661539661416
1106	1494	0	0	0	0	0	0	1661539662436
1106	1494	0	0	0	0	0	0	1661539663456
1106	1494	0	0	0	0	0	0	1661539664476
1106	1494	0	0	0	0	0	0	1661539665496
1106	1494	0	0	0	0	0	0	1661539666516
1106	1494	0	0	0	0	0	0	1661539667536
1106	1494	0	0	0	0	0	0	1661539668556
1106	1494	0	0	0	0	0	0	1661539669576
1106	1494	0	0	0	0	0	0	1661539670596
1106	1494	0	0	0	0	0	0	1661539671616
1106	1494	0	0	0	0	0	0	1661539672636
1106	1494	0	0	0	0	0	0	1661539673656
1106	1494	0	0	0	0	0	0	1661539674676
1106	1494	0	0	0	0	0	0	1661539675696
1106	1494	0	0	0	0	0	0	1661539676716
1106	1496	0	0	0	0	0	0	1661539677736
1106	1495	0	0	0	0	0	0	1661539678756
1106	1494	0	0	0	0	0	0	1661539679776
1106	1494	0	0	0	0	0	0	1661539680796
1106	1494	0	0	0	0	0	0	1661539681816
1106	1494	0	0	0	0	0	0	1661539682836
1106	1494	0	0	0	0	0	0	1661539683856
1106	1494	0	0	0	0	0	0	1661539684876
1106	1494	0	0	0	0	0	0	1661539685896
1106	1494	0	0	0	0	0	0	1661539686916
1106	1494	0	0	0	0	0	0	1661539687936
1106	1494	0	0	0	0	0	0	1661539688956
1106	1494	0	0	0	0	0	0	1661539689976
1106	1494	0	0	0	0	0	0	1661539690996
1106	1494	0	0	0	0	0	0	1661539692016
1106	1494	0	0	0	0	0	0	1661539693036
1106	1494	0	0	0	0	0	0	1661539694056
1106	1494	0	0	0	0	0	0	1661539695076
1106	1494	0	0	0	0	0	0	1661539696096
1106	1494	0	0	0	0	0	0	1661539697116
1106	1494	0	0	0	0	0	0	1661539698136
1106	1494	0	0	0	0	0	0	1661539699156
1106	1494	0	0	0	0	0	0	1661539700176
1106	1494	0	0	0	0	0	0	1661539701196
1106	1494	0	0	0	0	0	0	1661539702216
1106	1494	0	0	0	0	0	0	1661539703236
1106	1494	0	0	0	0	0	0	1661539704256
1106	1494	0	0	0	0	0	0	1661539705276
1106	1494	0	0	0	0	0	0	1661539706296
1106	1494	0	0	0	0	0	0	1661539707316
1106	1494	0	0	0	0	0	0	1661539708336
1106	1494	0	0	0	0	0	0	1661539709356
1106	1494	0	0	0	0	0	0	1661539710376
1106	1494	0	0	0	0	0	0	1661539711396
1106	1494	0	0	0	0	0	0	1661539712416
1106	1494	0	0	0	0	0	0	1661539713436
1106	1494	0	0	0	0	0	0	1661539714456
1106	1494	0	0	0	0	0	0	1661539715476
1106	1494	0	0	0	0	0	0	1661539716496
1106	1494	0	0	0	0	0	0	1661539717516
1106	1494	0	0	0	0	0	0	1661539718536
1106	1494	0	0	0	0	0	0	1661539719556
1106	1494	0	0	0	0	0	0	1661539720576
1106	1494	0	0	0	0	0	0	1661539721596
1106	1494	0	0	0	0	0	0	1661539722616
1106	1494	0	0	0	0	0	0	1661539723636
1106	1494	0	0	0	0	0	0	1661539724656
1106	1494	0	0	0	0	0	0	1661539725676
1106	1494	0	0	0	0	0	0	1661539726696
1106	1494	0	0	0	0	0	0	1661539727716
1106	1494	0	0	0	0	0	0	1661539728736
1106	1494	0	0	0	0	0	0	1661539729756
1106	1494	0	0	0	0	0	0	1661539730776
1106	1494	0	0	0	0	0	0	1661539731796
1106	1494	0	0	0	0	0	0	1661539732816
1106	1494	0	0	0	0	0	0	1661539733836
1106	1494	0	0	0	0	0	0	1661539734856
1106	1494	0	0	0	0	0	0	1661539735876
1106	1494	0	0	0	0	0	0	1661539736896
1106	1494	0	0	0	0	0	0	1661539737916
1106	1494	0	0	0	0	0	0	1661539738936
1106	1494	0	0	0	0	0	0	1661539739956
1106	1494	0	0	0	0	0	0	1661539740976
1106	1494	0	0	0	0	0	0	1661539741996
1106	1494	0	0	0	0	0	0	1661539743016
1106	1494	0	0	0	0	0	0	1661539744036
1106	1494	0	0	0	0	0	0	1661539745056
1106	1494	0	0	0	0	0	0	1661539746076
1106	1494	0	0	0	0	0	0	1661539747096
1106	1494	0	0	0	0	0	0	1661539748116
1106	1492	0	0	0	0	0	0	1661539749136
1106	1493	0	0	0	0	0	0	1661539750156
1106	1493	0	0	0	0	0	0	1661539751176
1106	1493	0	0	0	0	0	0	1661539752196
1106	1493	0	0	0	0	0	0	1661539753216
1106	1493	0	0	0	0	0	0	1661539754236
1106	1493	0	0	0	0	0	0	1661539755256
1106	1493	0	0	0	0	0	0	1661539756276
1106	1493	0	0	0	0	0	0	1661539757296
1106	1493	0	0	0	0	0	0	1661539758316
1106	1493	0	0	0	0	0	0	1661539759336
1106	1493	0	0	0	0	0	0	1661539760356
1106	1493	0	0	0	0	0	0	1661539761376
1106	1493	0	0	0	0	0	0	1661539762396
1106	1493	0	0	0	0	0	0	1661539763416
1106	1493	0	0	0	0	0	0	1661539764436
1106	1493	0	0	0	0	0	0	1661539765456
1106	1493	0	0	0	0	0	0	1661539766476
1106	1493	0	0	0	0	0	0	1661539767496
1106	1493	0	0	0	0	0	0	1661539768516
1106	1493	0	0	0	0	0	0	1661539769536
1106	1493	0	0	0	0	0	0	1661539770556
1106	1493	0	0	0	0	0	0	1661539771576
1106	1493	0	0	0	0	0	0	1661539772596
1106	1493	0	0	0	0	0	0	1661539773616
1106	1492	0	0	0	0	0	0	1661539774636
1106	1492	0	0	0	0	0	0	1661539775656
1106	1492	0	0	0	0	0	0	1661539776676
1106	1492	0	0	0	0	0	0	1661539777696
1106	1492	0	0	0	0	0	0	1661539778716
1106	1493	0	0	0	0	0	0	1661539779736
1106	1493	0	0	0	0	0	0	1661539780756
1106	1490	0	0	0	0	0	0	1661539781776
1106	1487	0	0	0	0	0	0	1661539782796
1106	1487	0	0	0	0	0	0	1661539783816
1106	1487	0	0	0	0	0	0	1661539784836
1106	1486	0	0	0	0	0	0	1661539785856
1106	1484	0	0	0	0	0	0	1661539786876
1106	1483	0	0	0	0	0	0	1661539787896
1106	1482	0	0	0	0	0	0	1661539788916
1106	1481	0	0	0	0	0	0	1661539789936
1106	1480	0	0	0	0	0	0	1661539790956
1106	1476	0	0	0	0	0	0	1661539791976
1106	1477	0	0	0	0	0	0	1661539792996
1106	1475	0	0	0	0	0	0	1661539794016
1106	1474	0	0	0	0	0	0	1661539795036
1106	1473	0	0	0	0	0	0	1661539796056
1106	1473	0	0	0	0	0	0	1661539797076
1106	1473	0	0	0	0	0	0	1661539798096
1106	1471	0	0	0	0	0	0	1661539799116
1106	1471	0	0	0	0	0	0	1661539800136
1106	1471	0	0	0	0	0	0	1661539801156
1106	1470	0	0	0	0	0	0	1661539802176
1106	1469	0	0	0	0	0	0	1661539803196
1106	1468	0	0	0	0	0	0	1661539804216
1106	1469	0	0	0	0	0	0	1661539805236
1106	1468	0	0	0	0	0	0	1661539806256
1106	1467	0	0	0	0	0	0	1661539807276
1106	1467	0	0	0	0	0	0	1661539808296
1106	1467	0	0	0	0	0	0	1661539809316
1106	1467	0	0	0	0	0	0	1661539810336
1106	1466	0	0	0	0	0	0	1661539811356
1106	1466	0	0	0	0	0	0	1661539812376
1106	1466	0	0	0	0	0	0	1661539813396
1106	1466	0	0	0	0	0	0	1661539814416
1106	1466	0	0	0	0	0	0	1661539815436
1106	1466	0	0	0	0	0	0	1661539816456
1106	1466	0	0	0	0	0	0	1661539817476
1106	1466	0	0	0	0	0	0	1661539818496
1106	1466	0	0	0	0	0	0	1661539819516
1106	1477	0	0	0	0	0	0	1661539820536
1106	1472	0	0	0	0	0	0	1661539821556
1106	1470	0	0	0	0	0	0	1661539822576
1106	1468	0	0	0	0	0	0	1661539823596
1106	1467	0	0	0	0	0	0	1661539824616
1106	1467	0	0	0	0	0	0	1661539825636
1106	1466	0	0	0	0	0	0	1661539826656
1106	1466	0	0	0	0	0	0	1661539827676
1106	1466	0	0	0	0	0	0	1661539828696
1106	1466	0	0	0	0	0	0	1661539829716
1106	1466	0	0	0	0	0	0	1661539830736
1106	1466	0	0	0	0	0	0	1661539831756
1106	1466	0	0	0	0	0	0	1661539832776
1106	1466	0	0	0	0	0	0	1661539833796
1105	1466	0	0	0	0	0	0	1661539834816
1105	1466	0	0	0	0	0	0	1661539835836
1105	1466	0	0	0	0	0	0	1661539836856
1105	1466	0	0	0	0	0	0	1661539837876
1105	1466	0	0	0	0	0	0	1661539838896
1104	1466	0	0	0	0	0	0	1661539839916
1099	1466	0	0	0	0	0	0	1661539840936
1095	1466	0	0	0	0	0	0	1661539841956
1097	1466	0	0	0	0	0	0	1661539842976
1100	1466	0	0	0	0	0	0	1661539843996
1102	1466	0	0	0	0	0	0	1661539845016
1103	1466	0	0	0	0	0	0	1661539846036
1104	1466	0	0	0	0	0	0	1661539847056
1104	1466	0	0	0	0	0	0	1661539848076
1105	1466	0	0	0	0	0	0	1661539849096
1105	1466	0	0	0	0	0	0	1661539850116
1105	1468	0	0	0	0	0	0	1661539851136
1104	1468	0	0	0	0	0	0	1661539852156
1105	1467	0	0	0	0	0	0	1661539853176
1105	1466	0	0	0	0	0	0	1661539854196
1105	1466	0	0	0	0	0	0	1661539855216
1105	1466	0	0	0	0	0	0	1661539856236
1105	1466	0	0	0	0	0	0	1661539857256
1105	1466	0	0	0	0	0	0	1661539858276
1105	1466	0	0	0	0	0	0	1661539859296
1105	1466	0	0	0	0	0	0	1661539860316
1105	1466	0	0	0	0	0	0	1661539861336
1105	1466	0	0	0	0	0	0	1661539862356
1105	1466	0	0	0	0	0	0	1661539863376
1105	1466	0	0	0	0	0	0	1661539864396
1105	1466	0	0	0	0	0	0	1661539865416
1105	1466	0	0	0	0	0	0	1661539866436
1105	1466	0	0	0	0	0	0	1661539867456
1105	1466	0	0	0	0	0	0	1661539868476
1105	1466	0	0	0	0	0	0	1661539869496
1105	1466	0	0	0	0	0	0	1661539870516
1105	1466	0	0	0	0	0	0	1661539871536
1105	1466	0	0	0	0	0	0	1661539872556
1105	1466	0	0	0	0	0	0	1661539873576
1105	1466	0	0	0	0	0	0	1661539874596
1105	1466	0	0	0	0	0	0	1661539875616
1105	1466	0	0	0	0	0	0	1661539876636
1105	1466	0	0	0	0	0	0	1661539877656
1105	1466	0	0	0	0	0	0	1661539878676
1105	1466	0	0	0	0	0	0	1661539879696
1105	1466	0	0	0	0	0	0	1661539880716
1105	1466	0	0	0	0	0	0	1661539881736
1105	1466	0	0	0	0	0	0	1661539882756
1105	1466	0	0	0	0	0	0	1661539883776
1105	1466	0	0	0	0	0	0	1661539884796
1105	1466	0	0	0	0	0	0	1661539885816
1105	1466	0	0	0	0	0	0	1661539886836
1105	1466	0	0	0	0	0	0	1661539887856
1105	1466	0	0	0	0	0	0	1661539888876
1105	1466	0	0	0	0	0	0	1661539889896
1104	1466	0	0	0	0	0	0	1661539890916
1103	1466	0	0	0	0	0	0	1661539891936
1103	1466	0	0	0	0	0	0	1661539892956
1103	1466	0	0	0	0	0	0	1661539893976
1103	1466	0	0	0	0	0	0	1661539894996
1104	1466	0	0	0	0	0	0	1661539896016
1105	1466	0	0	0	0	0	0	1661539897036
1105	1466	0	0	0	0	0	0	1661539898056
1105	1466	0	0	0	0	0	0	1661539899076
1105	1466	0	0	0	0	0	0	1661539900096
1105	1466	0	0	0	0	0	0	1661539901116
1105	1466	0	0	0	0	0	0	1661539902136
1105	1466	0	0	0	0	0	0	1661539903156
1105	1466	0	0	0	0	0	0	1661539904176
1105	1466	0	0	0	0	0	0	1661539905196
1105	1466	0	0	0	0	0	0	1661539906216
1105	1466	0	0	0	0	0	0	1661539907236
1105	1466	0	0	0	0	0	0	1661539908256
1105	1466	0	0	0	0	0	0	1661539909276
1105	1466	0	0	0	0	0	0	1661539910296
1105	1466	0	0	0	0	0	0	1661539911316
1105	1466	0	0	0	0	0	0	1661539912336
1105	1466	0	0	0	0	0	0	1661539913356
1105	1466	0	0	0	0	0	0	1661539914376
1105	1466	0	0	0	0	0	0	1661539915396
1105	1466	0	0	0	0	0	0	1661539916416
1105	1466	0	0	0	0	0	0	1661539917436
1105	1466	0	0	0	0	0	0	1661539918456
1105	1466	0	0	0	0	0	0	1661539919476
1105	1466	0	0	0	0	0	0	1661539920496
1105	1466	0	0	0	0	0	0	1661539921516
1105	1466	0	0	0	0	0	0	1661539922536
1105	1466	0	0	0	0	0	0	1661539923556
1105	1466	0	0	0	0	0	0	1661539924576
1105	1449	0	0	0	0	0	0	1661539925596
1104	1456	0	0	0	0	0	0	1661539926616
1102	1460	0	0	0	0	0	0	1661539927636
1102	1462	0	0	0	0	0	0	1661539928656
1102	1463	0	0	0	0	0	0	1661539929676
1102	1464	0	0	0	0	0	0	1661539930696
1102	1465	0	0	0	0	0	0	1661539931716
1102	1465	0	0	0	0	0	0	1661539932736
1100	1465	0	0	0	0	0	0	1661539933756
1098	1465	0	0	0	0	0	0	1661539934776
1099	1465	0	0	0	0	0	0	1661539935796
1101	1465	0	0	0	0	0	0	1661539936816
1102	1465	0	0	0	0	0	0	1661539937836
1103	1465	0	0	0	0	0	0	1661539938856
1103	1465	0	0	0	0	0	0	1661539939876
1103	1465	0	0	0	0	0	0	1661539940896
1103	1465	0	0	0	0	0	0	1661539941916
1103	1465	0	0	0	0	0	0	1661539942936
1102	1465	0	0	0	0	0	0	1661539943956
1101	1465	0	0	0	0	0	0	1661539944976
1102	1465	0	0	0	0	0	0	1661539945996
1103	1465	0	0	0	0	0	0	1661539947016
1101	1465	0	0	0	0	0	0	1661539948036
1102	1465	0	0	0	0	0	0	1661539949056
1101	1465	0	0	0	0	0	0	1661539950076
1100	1465	0	0	0	0	0	0	1661539951096
1100	1465	0	0	0	0	0	0	1661539952116
1099	1465	0	0	0	0	0	0	1661539953136
1100	1465	0	0	0	0	0	0	1661539954156
1099	1465	0	0	0	0	0	0	1661539955176
1099	1465	0	0	0	0	0	0	1661539956196
1100	1465	0	0	0	0	0	0	1661539957216
1101	1465	0	0	0	0	0	0	1661539958236
1099	1465	0	0	0	0	0	0	1661539959256
1098	1465	0	0	0	0	0	0	1661539960276
1098	1465	0	0	0	0	0	0	1661539961296
1099	1465	0	0	0	0	0	0	1661539962316
1095	1465	0	0	0	0	0	0	1661539963336
1094	1465	0	0	0	0	0	0	1661539964356
1093	1465	0	0	0	0	0	0	1661539965376
1093	1465	0	0	0	0	0	0	1661539966396
1090	1465	0	0	0	0	0	0	1661539967416
1089	1465	0	0	0	0	0	0	1661539968436
1088	1465	0	0	0	0	0	0	1661539969456
1084	1465	0	0	0	0	0	0	1661539970476
1082	1466	0	0	0	0	0	0	1661539971496
1080	1466	0	0	0	0	0	0	1661539972516
1079	1466	0	0	0	0	0	0	1661539973536
1078	1466	0	0	0	0	0	0	1661539974556
1078	1466	0	0	0	0	0	0	1661539975576
1078	1466	0	0	0	0	0	0	1661539976596
1078	1466	0	0	0	0	0	0	1661539977616
1078	1466	0	0	0	0	0	0	1661539978636
1078	1466	0	0	0	0	0	0	1661539979656
1078	1466	0	0	0	0	0	0	1661539980676
1078	1466	0	0	0	0	0	0	1661539981696
1078	1466	0	0	0	0	0	0	1661539982716
1078	1466	0	0	0	0	0	0	1661539983736
1078	1466	0	0	0	0	0	0	1661539984756
1078	1466	0	0	0	0	0	0	1661539985776
1078	1466	0	0	0	0	0	0	1661539986796
1078	1466	0	0	0	0	0	0	1661539987816
1078	1466	0	0	0	0	0	0	1661539988836
1078	1466	0	0	0	0	0	0	1661539989856
1078	1466	0	0	0	0	0	0	1661539990876
1078	1466	0	0	0	0	0	0	1661539991896
1078	1466	0	0	0	0	0	0	1661539992916
1078	1466	0	0	0	0	0	0	1661539993936
1078	1466	0	0	0	0	0	0	1661539994956
1078	1466	0	0	0	0	0	0	1661539995976
1078	1466	0	0	0	0	0	0	1661539996996
1078	1466	0	0	0	0	0	0	1661539998016
1078	1466	0	0	0	0	0	0	1661539999036
1078	1466	0	0	0	0	0	0	1661540000056
1078	1466	0	0	0	0	0	0	1661540001076
1078	1466	0	0	0	0	0	0	1661540002096
1078	1466	0	0	0	0	0	0	1661540003116
1078	1464	0	0	0	0	0	0	1661540004136
1078	1465	0	0	0	0	0	0	1661540005156
1078	1465	0	0	0	0	0	0	1661540006176
1078	1465	0	0	0	0	0	0	1661540007196
1078	1465	0	0	0	0	0	0	1661540008216
1078	1465	0	0	0	0	0	0	1661540009236
1078	1465	0	0	0	0	0	0	1661540010256
1078	1465	0	0	0	0	0	0	1661540011276
1078	1465	0	0	0	0	0	0	1661540012296
1078	1465	0	0	0	0	0	0	1661540013316
1078	1465	0	0	0	0	0	0	1661540014336
1078	1465	0	0	0	0	0	0	1661540015356
1078	1465	0	0	0	0	0	0	1661540016376
1078	1465	0	0	0	0	0	0	1661540017396
1078	1465	0	0	0	0	0	0	1661540018416
1078	1465	0	0	0	0	0	0	1661540019436
1078	1465	0	0	0	0	0	0	1661540020456
1078	1465	0	0	0	0	0	0	1661540021476
1078	1465	0	0	0	0	0	0	1661540022496
1078	1465	0	0	0	0	0	0	1661540023516
1078	1465	0	0	0	0	0	0	1661540024536
1078	1465	0	0	0	0	0	0	1661540025556
1078	1465	0	0	0	0	0	0	1661540026576
1078	1465	0	0	0	0	0	0	1661540027596
1078	1465	0	0	0	0	0	0	1661540028616
1078	1465	0	0	0	0	0	0	1661540029636
1078	1465	0	0	0	0	0	0	1661540030656
1078	1465	0	0	0	0	0	0	1661540031676
1078	1465	0	0	0	0	0	0	1661540032696
1078	1465	0	0	0	0	0	0	1661540033716
1078	1465	0	0	0	0	0	0	1661540034736
1078	1465	0	0	0	0	0	0	1661540035756
1078	1465	0	0	0	0	0	0	1661540036776
1078	1465	0	0	0	0	0	0	1661540037796
1078	1465	0	0	0	0	0	0	1661540038816
1078	1464	0	0	0	0	0	0	1661540039836
1078	1464	0	0	0	0	0	0	1661540040856
1078	1464	0	0	0	0	0	0	1661540041876
1078	1465	0	0	0	0	0	0	1661540042896
1078	1465	0	0	0	0	0	0	1661540043916
1078	1465	0	0	0	0	0	0	1661540044936
1078	1465	0	0	0	0	0	0	1661540045956
1078	1465	0	0	0	0	0	0	1661540046976
1078	1465	0	0	0	0	0	0	1661540047996
1078	1465	0	0	0	0	0	0	1661540049016
1078	1464	0	0	0	0	0	0	1661540050036
1078	1463	0	0	0	0	0	0	1661540051056
1078	1464	0	0	0	0	0	0	1661540052076
1078	1465	0	0	0	0	0	0	1661540053096
1078	1465	0	0	0	0	0	0	1661540054116
1078	1464	0	0	0	0	0	0	1661540055136
1078	1464	0	0	0	0	0	0	1661540056156
1078	1463	0	0	0	0	0	0	1661540057176
1078	1462	0	0	0	0	0	0	1661540058196
1078	1463	0	0	0	0	0	0	1661540059216
1078	1462	0	0	0	0	0	0	1661540060236
1078	1462	0	0	0	0	0	0	1661540061256
1078	1460	0	0	0	0	0	0	1661540062276
1078	1460	0	0	0	0	0	0	1661540063296
1078	1461	0	0	0	0	0	0	1661540064316
1078	1460	0	0	0	0	0	0	1661540065336
1078	1460	0	0	0	0	0	0	1661540066356
1078	1460	0	0	0	0	0	0	1661540067376
1078	1459	0	0	0	0	0	0	1661540068396
1078	1459	0	0	0	0	0	0	1661540069416
1078	1459	0	0	0	0	0	0	1661540070436
1078	1458	0	0	0	0	0	0	1661540071456
1078	1456	0	0	0	0	0	0	1661540072476
1078	1457	0	0	0	0	0	0	1661540073496
1078	1457	0	0	0	0	0	0	1661540074516
1087	1456	0	0	0	0	0	0	1661540075536
1083	1456	0	0	0	0	0	0	1661540076556
1081	1456	0	0	0	0	0	0	1661540077576
1080	1456	0	0	0	0	0	0	1661540078596
1079	1454	0	0	0	0	0	0	1661540079616
1079	1452	0	0	0	0	0	0	1661540080636
1079	1451	0	0	0	0	0	0	1661540081656
1079	1449	0	0	0	0	0	0	1661540082676
1079	1449	0	0	0	0	0	0	1661540083696
1078	1449	0	0	0	0	0	0	1661540084716
1078	1449	0	0	0	0	0	0	1661540085736
1078	1448	0	0	0	0	0	0	1661540086756
1078	1448	0	0	0	0	0	0	1661540087776
1078	1448	0	0	0	0	0	0	1661540088796
1078	1447	0	0	0	0	0	0	1661540089816
1078	1445	0	0	0	0	0	0	1661540090836
1078	1446	0	0	0	0	0	0	1661540091856
1078	1446	0	0	0	0	0	0	1661540092876
1078	1444	0	0	0	0	0	0	1661540093896
1078	1443	0	0	0	0	0	0	1661540094916
1078	1442	0	0	0	0	0	0	1661540095936
1078	1443	0	0	0	0	0	0	1661540096956
1078	1443	0	0	0	0	0	0	1661540097976
1078	1443	0	0	0	0	0	0	1661540098996
1078	1443	0	0	0	0	0	0	1661540100016
1078	1443	0	0	0	0	0	0	1661540101036
1078	1443	0	0	0	0	0	0	1661540102056
1078	1443	0	0	0	0	0	0	1661540103076
1078	1441	0	0	0	0	0	0	1661540104096
1078	1441	0	0	0	0	0	0	1661540105116
1078	1441	0	0	0	0	0	0	1661540106136
1078	1441	0	0	0	0	0	0	1661540107156
1078	1441	0	0	0	0	0	0	1661540108176
1078	1440	0	0	0	0	0	0	1661540109196
1078	1440	0	0	0	0	0	0	1661540110216
1078	1440	0	0	0	0	0	0	1661540111236
1078	1439	0	0	0	0	0	0	1661540112256
1078	1439	0	0	0	0	0	0	1661540113276
1078	1440	0	0	0	0	0	0	1661540114296
1078	1440	0	0	0	0	0	0	1661540115316
1078	1439	0	0	0	0	0	0	1661540116336
1078	1439	0	0	0	0	0	0	1661540117356
1078	1439	0	0	0	0	0	0	1661540118376
1078	1438	0	0	0	0	0	0	1661540119396
1078	1438	0	0	0	0	0	0	1661540120416
1078	1438	0	0	0	0	0	0	1661540121436
1078	1438	0	0	0	0	0	0	1661540122456
1078	1438	0	0	0	0	0	0	1661540123476
1078	1438	0	0	0	0	0	0	1661540124496
1078	1438	0	0	0	0	0	0	1661540125516
1078	1438	0	0	0	0	0	0	1661540126536
1078	1438	0	0	0	0	0	0	1661540127556
1078	1438	0	0	0	0	0	0	1661540128576
1078	1438	0	0	0	0	0	0	1661540129596
1078	1438	0	0	0	0	0	0	1661540130616
1078	1438	0	0	0	0	0	0	1661540131636
1078	1438	0	0	0	0	0	0	1661540132656
1078	1438	0	0	0	0	0	0	1661540133676
1078	1438	0	0	0	0	0	0	1661540134696
1078	1438	0	0	0	0	0	0	1661540135716
1078	1438	0	0	0	0	0	0	1661540136736
1078	1438	0	0	0	0	0	0	1661540137756
1078	1438	0	0	0	0	0	0	1661540138776
1078	1438	0	0	0	0	0	0	1661540139796
1078	1438	0	0	0	0	0	0	1661540140816
1078	1438	0	0	0	0	0	0	1661540141836
1078	1438	0	0	0	0	0	0	1661540142856
1078	1438	0	0	0	0	0	0	1661540143876
1078	1438	0	0	0	0	0	0	1661540144896
1078	1438	0	0	0	0	0	0	1661540145916
1078	1438	0	0	0	0	0	0	1661540146936
1078	1438	0	0	0	0	0	0	1661540147956
1078	1438	0	0	0	0	0	0	1661540148976
1078	1438	0	0	0	0	0	0	1661540149996
1078	1438	0	0	0	0	0	0	1661540151016
1078	1438	0	0	0	0	0	0	1661540152036
1078	1438	0	0	0	0	0	0	1661540153056
1078	1438	0	0	0	0	0	0	1661540154076
1078	1438	0	0	0	0	0	0	1661540155096
1078	1438	0	0	0	0	0	0	1661540156116
1078	1438	0	0	0	0	0	0	1661540157136
1078	1438	0	0	0	0	0	0	1661540158156
1078	1438	0	0	0	0	0	0	1661540159176
1078	1438	0	0	0	0	0	0	1661540160196
1078	1438	0	0	0	0	0	0	1661540161216
1078	1438	0	0	0	0	0	0	1661540162236
1078	1438	0	0	0	0	0	0	1661540163256
1078	1438	0	0	0	0	0	0	1661540164276
1078	1438	0	0	0	0	0	0	1661540165296
1078	1438	0	0	0	0	0	0	1661540166316
1078	1438	0	0	0	0	0	0	1661540167336
1078	1438	0	0	0	0	0	0	1661540168356
1078	1438	0	0	0	0	0	0	1661540169376
1078	1438	0	0	0	0	0	0	1661540170396
1078	1438	0	0	0	0	0	0	1661540171416
1078	1438	0	0	0	0	0	0	1661540172436
1078	1438	0	0	0	0	0	0	1661540173456
1078	1438	0	0	0	0	0	0	1661540174476
1078	1438	0	0	0	0	0	0	1661540175496
1078	1438	0	0	0	0	0	0	1661540176516
1078	1438	0	0	0	0	0	0	1661540177536
1078	1438	0	0	0	0	0	0	1661540178556
1078	1438	0	0	0	0	0	0	1661540179576
1078	1438	0	0	0	0	0	0	1661540180596
1078	1438	0	0	0	0	0	0	1661540181616
1078	1438	0	0	0	0	0	0	1661540182636
1078	1438	0	0	0	0	0	0	1661540183656
1078	1438	0	0	0	0	0	0	1661540184676
1078	1438	0	0	0	0	0	0	1661540185696
1078	1438	0	0	0	0	0	0	1661540186716
1078	1438	0	0	0	0	0	0	1661540187736
1078	1438	0	0	0	0	0	0	1661540188756
1078	1438	0	0	0	0	0	0	1661540189776
1078	1438	0	0	0	0	0	0	1661540190796
1078	1438	0	0	0	0	0	0	1661540191816
1078	1438	0	0	0	0	0	0	1661540192836
1078	1438	0	0	0	0	0	0	1661540193856
1078	1438	0	0	0	0	0	0	1661540194876
1078	1438	0	0	0	0	0	0	1661540195896
1078	1438	0	0	0	0	0	0	1661540196916
1078	1438	0	0	0	0	0	0	1661540197936
1078	1438	0	0	0	0	0	0	1661540198956
1078	1438	0	0	0	0	0	0	1661540199976
1078	1438	0	0	0	0	0	0	1661540200996
1078	1438	0	0	0	0	0	0	1661540202016
1078	1438	0	0	0	0	0	0	1661540203036
1078	1438	0	0	0	0	0	0	1661540204056
1078	1438	0	0	0	0	0	0	1661540205076
1078	1438	0	0	0	0	0	0	1661540206096
1078	1438	0	0	0	0	0	0	1661540207116
1078	1438	0	0	0	0	0	0	1661540208136
1078	1438	0	0	0	0	0	0	1661540209156
1078	1438	0	0	0	0	0	0	1661540210176
1078	1438	0	0	0	0	0	0	1661540211196
1078	1438	0	0	0	0	0	0	1661540212216
1078	1438	0	0	0	0	0	0	1661540213236
1078	1438	0	0	0	0	0	0	1661540214256
1078	1438	0	0	0	0	0	0	1661540215276
1078	1438	0	0	0	0	0	0	1661540216296
1078	1438	0	0	0	0	0	0	1661540217316
1078	1438	0	0	0	0	0	0	1661540218336
1078	1438	0	0	0	0	0	0	1661540219356
1078	1438	0	0	0	0	0	0	1661540220376
1078	1438	0	0	0	0	0	0	1661540221396
1078	1438	0	0	0	0	0	0	1661540222416
1078	1438	0	0	0	0	0	0	1661540223436
1078	1438	0	0	0	0	0	0	1661540224456
1078	1438	0	0	0	0	0	0	1661540225476
1078	1438	0	0	0	0	0	0	1661540226496
1078	1438	0	0	0	0	0	0	1661540227516
1078	1438	0	0	0	0	0	0	1661540228536
1078	1438	0	0	0	0	0	0	1661540229556
1078	1438	0	0	0	0	0	0	1661540230576
1078	1438	0	0	0	0	0	0	1661540231596
1078	1438	0	0	0	0	0	0	1661540232616
1078	1438	0	0	0	0	0	0	1661540233636
1078	1438	0	0	0	0	0	0	1661540234656
1078	1438	0	0	0	0	0	0	1661540235676
1078	1438	0	0	0	0	0	0	1661540236696
1078	1438	0	0	0	0	0	0	1661540237716
1078	1438	0	0	0	0	0	0	1661540238736
1078	1438	0	0	0	0	0	0	1661540239756
1078	1438	0	0	0	0	0	0	1661540240776
1078	1438	0	0	0	0	0	0	1661540241796
1078	1438	0	0	0	0	0	0	1661540242816
1078	1438	0	0	0	0	0	0	1661540243836
1078	1438	0	0	0	0	0	0	1661540244856
1078	1438	0	0	0	0	0	0	1661540245876
1078	1438	0	0	0	0	0	0	1661540246896
1078	1438	0	0	0	0	0	0	1661540247916
1078	1438	0	0	0	0	0	0	1661540248936
1078	1438	0	0	0	0	0	0	1661540249956
1078	1438	0	0	0	0	0	0	1661540250976
1078	1438	0	0	0	0	0	0	1661540251996
1078	1438	0	0	0	0	0	0	1661540253016
1078	1438	0	0	0	0	0	0	1661540254036
1078	1438	0	0	0	0	0	0	1661540255056
1078	1438	0	0	0	0	0	0	1661540256076
1078	1438	0	0	0	0	0	0	1661540257096
1078	1438	0	0	0	0	0	0	1661540258116
1078	1438	0	0	0	0	0	0	1661540259136
1078	1438	0	0	0	0	0	0	1661540260156
1078	1438	0	0	0	0	0	0	1661540261176
1078	1438	0	0	0	0	0	0	1661540262196
1078	1438	0	0	0	0	0	0	1661540263216
1078	1438	0	0	0	0	0	0	1661540264236
1078	1438	0	0	0	0	0	0	1661540265256
1078	1438	0	0	0	0	0	0	1661540266276
1078	1438	0	0	0	0	0	0	1661540267296
1078	1438	0	0	0	0	0	0	1661540268316
1078	1438	0	0	0	0	0	0	1661540269336
1078	1438	0	0	0	0	0	0	1661540270356
1078	1438	0	0	0	0	0	0	1661540271376
1078	1438	0	0	0	0	0	0	1661540272396
1078	1438	0	0	0	0	0	0	1661540273416
1078	1438	0	0	0	0	0	0	1661540274436
1078	1438	0	0	0	0	0	0	1661540275456
1078	1438	0	0	0	0	0	0	1661540276476
1078	1438	0	0	0	0	0	0	1661540277496
1078	1438	0	0	0	0	0	0	1661540278516
1078	1438	0	0	0	0	0	0	1661540279536
1078	1438	0	0	0	0	0	0	1661540280556
1078	1438	0	0	0	0	0	0	1661540281576
1078	1438	0	0	0	0	0	0	1661540282596
1078	1438	0	0	0	0	0	0	1661540283616
1078	1438	0	0	0	0	0	0	1661540284636
1078	1438	0	0	0	0	0	0	1661540285656
1078	1438	0	0	0	0	0	0	1661540286676
1078	1438	0	0	0	0	0	0	1661540287696
1078	1438	0	0	0	0	0	0	1661540288716
1078	1438	0	0	0	0	0	0	1661540289736
1078	1438	0	0	0	0	0	0	1661540290756
1078	1438	0	0	0	0	0	0	1661540291776
1078	1438	0	0	0	0	0	0	1661540292796
1078	1438	0	0	0	0	0	0	1661540293816
1078	1438	0	0	0	0	0	0	1661540294836
1078	1438	0	0	0	0	0	0	1661540295856
1078	1438	0	0	0	0	0	0	1661540296876
1078	1438	0	0	0	0	0	0	1661540297896
1078	1438	0	0	0	0	0	0	1661540298916
1078	1438	0	0	0	0	0	0	1661540299936
1078	1438	0	0	0	0	0	0	1661540300956
1078	1438	0	0	0	0	0	0	1661540301976
1078	1438	0	0	0	0	0	0	1661540302996
1078	1438	0	0	0	0	0	0	1661540304016
1078	1438	0	0	0	0	0	0	1661540305036
1078	1438	0	0	0	0	0	0	1661540306056
1078	1438	0	0	0	0	0	0	1661540307076
1078	1438	0	0	0	0	0	0	1661540308096
1078	1438	0	0	0	0	0	0	1661540309116
1078	1438	0	0	0	0	0	0	1661540310136
1078	1438	0	0	0	0	0	0	1661540311156
1078	1438	0	0	0	0	0	0	1661540312176
1078	1438	0	0	0	0	0	0	1661540313196
1078	1438	0	0	0	0	0	0	1661540314216
1078	1438	0	0	0	0	0	0	1661540315236
1078	1438	0	0	0	0	0	0	1661540316256
1078	1438	0	0	0	0	0	0	1661540317276
1078	1438	0	0	0	0	0	0	1661540318296
1078	1438	0	0	0	0	0	0	1661540319316
1078	1438	0	0	0	0	0	0	1661540320336
1078	1438	0	0	0	0	0	0	1661540321356
1078	1438	0	0	0	0	0	0	1661540322376
1078	1438	0	0	0	0	0	0	1661540323396
1078	1438	0	0	0	0	0	0	1661540324416
1078	1438	0	0	0	0	0	0	1661540325436
1078	1438	0	0	0	0	0	0	1661540326456
1078	1438	0	0	0	0	0	0	1661540327476
1078	1438	0	0	0	0	0	0	1661540328496
1078	1438	0	0	0	0	0	0	1661540329516
1078	1438	0	0	0	0	0	0	1661540330536
1078	1438	0	0	0	0	0	0	1661540331556
1078	1438	0	0	0	0	0	0	1661540332576
1078	1438	0	0	0	0	0	0	1661540333596
1078	1438	0	0	0	0	0	0	1661540334616
1078	1438	0	0	0	0	0	0	1661540335636
1078	1438	0	0	0	0	0	0	1661540336656
1078	1438	0	0	0	0	0	0	1661540337676
1078	1438	0	0	0	0	0	0	1661540338696
1078	1438	0	0	0	0	0	0	1661540339716
1078	1438	0	0	0	0	0	0	1661540340736
1078	1438	0	0	0	0	0	0	1661540341756
1078	1438	0	0	0	0	0	0	1661540342776
1078	1438	0	0	0	0	0	0	1661540343796
1078	1438	0	0	0	0	0	0	1661540344816
1078	1438	0	0	0	0	0	0	1661540345836
1078	1438	0	0	0	0	0	0	1661540346856
1078	1438	0	0	0	0	0	0	1661540347876
1078	1438	0	0	0	0	0	0	1661540348896
1078	1438	0	0	0	0	0	0	1661540349916
1078	1438	0	0	0	0	0	0	1661540350936
1078	1438	0	0	0	0	0	0	1661540351956
1078	1438	0	0	0	0	0	0	1661540352976
1078	1438	0	0	0	0	0	0	1661540353996
1078	1438	0	0	0	0	0	0	1661540355016
1078	1438	0	0	0	0	0	0	1661540356036
1078	1438	0	0	0	0	0	0	1661540357056
1078	1438	0	0	0	0	0	0	1661540358076
1078	1438	0	0	0	0	0	0	1661540359096
1078	1438	0	0	0	0	0	0	1661540360116
1078	1438	0	0	0	0	0	0	1661540361136
1078	1438	0	0	0	0	0	0	1661540362156
1078	1438	0	0	0	0	0	0	1661540363176
1078	1438	0	0	0	0	0	0	1661540364196
1078	1438	0	0	0	0	0	0	1661540365216
1078	1438	0	0	0	0	0	0	1661540366236
1078	1438	0	0	0	0	0	0	1661540367256
1078	1438	0	0	0	0	0	0	1661540368276
1078	1438	0	0	0	0	0	0	1661540369296
1078	1438	0	0	0	0	0	0	1661540370316
1078	1438	0	0	0	0	0	0	1661540371336
1078	1438	0	0	0	0	0	0	1661540372356
1078	1438	0	0	0	0	0	0	1661540373376
1078	1438	0	0	0	0	0	0	1661540374396
1078	1438	0	0	0	0	0	0	1661540375416
1078	1438	0	0	0	0	0	0	1661540376436
1078	1438	0	0	0	0	0	0	1661540377456
1078	1438	0	0	0	0	0	0	1661540378476
1078	1438	0	0	0	0	0	0	1661540379496
1078	1438	0	0	0	0	0	0	1661540380516
1078	1438	0	0	0	0	0	0	1661540381536
1078	1438	0	0	0	0	0	0	1661540382556
1078	1438	0	0	0	0	0	0	1661540383576
1078	1438	0	0	0	0	0	0	1661540384596
1078	1438	0	0	0	0	0	0	1661540385616
1078	1438	0	0	0	0	0	0	1661540386636
1078	1438	0	0	0	0	0	0	1661540387656
1078	1438	0	0	0	0	0	0	1661540388676
1078	1438	0	0	0	0	0	0	1661540389696
1078	1438	0	0	0	0	0	0	1661540390716
1078	1438	0	0	0	0	0	0	1661540391736
1078	1438	0	0	0	0	0	0	1661540392756
1078	1438	0	0	0	0	0	0	1661540393776
1078	1438	0	0	0	0	0	0	1661540394796
1078	1438	0	0	0	0	0	0	1661540395816
1078	1438	0	0	0	0	0	0	1661540396836
1078	1438	0	0	0	0	0	0	1661540397856
1078	1438	0	0	0	0	0	0	1661540398876
1078	1438	0	0	0	0	0	0	1661540399896
1078	1438	0	0	0	0	0	0	1661540400916
1078	1438	0	0	0	0	0	0	1661540401936
1078	1438	0	0	0	0	0	0	1661540402956
1078	1438	0	0	0	0	0	0	1661540403976
1078	1438	0	0	0	0	0	0	1661540404996
1078	1438	0	0	0	0	0	0	1661540406016
1078	1438	0	0	0	0	0	0	1661540407036
1078	1438	0	0	0	0	0	0	1661540408056
1078	1438	0	0	0	0	0	0	1661540409076
1078	1438	0	0	0	0	0	0	1661540410096
1078	1438	0	0	0	0	0	0	1661540411116
