1092	1763	0	0	0	0	0	0	1657740751569
1083	1755	0	0	0	0	0	0	1657740752589
1070	1750	0	0	0	0	0	0	1657740753609
1057	1747	0	0	0	0	0	0	1657740754629
1043	1746	0	0	0	0	0	0	1657740755649
1034	1745	0	0	0	0	0	0	1657740756669
1019	1744	0	0	0	0	0	0	1657740757689
1009	1744	0	0	0	0	0	0	1657740758709
1000	1744	0	0	0	0	0	0	1657740759729
987	1744	0	0	0	0	0	0	1657740760749
979	1744	0	0	0	0	0	0	1657740761769
974	1744	0	0	0	0	0	0	1657740762789
971	1744	0	0	0	0	0	0	1657740763809
963	1743	0	0	0	0	0	0	1657740764829
953	1743	0	0	0	0	0	0	1657740765849
947	1743	0	0	0	0	0	0	1657740766869
944	1743	0	0	0	0	0	0	1657740767889
941	1743	0	0	0	0	0	0	1657740768909
940	1743	0	0	0	0	0	0	1657740769929
939	1743	0	0	0	0	0	0	1657740770949
939	1743	0	0	0	0	0	0	1657740771969
932	1743	0	0	0	0	0	0	1657740772989
924	1743	0	0	0	0	0	0	1657740774009
919	1743	0	0	0	0	0	0	1657740775029
916	1743	0	0	0	0	0	0	1657740776049
914	1743	0	0	0	0	0	0	1657740777069
913	1743	0	0	0	0	0	0	1657740778089
912	1739	0	0	0	0	0	0	1657740779109
912	1730	0	0	0	0	0	0	1657740780129
912	1724	0	0	0	0	0	0	1657740781149
912	1721	0	0	0	0	0	0	1657740782169
912	1719	0	0	0	0	0	0	1657740783189
912	1718	0	0	0	0	0	0	1657740784209
911	1717	0	0	0	0	0	0	1657740785229
910	1716	0	0	0	0	0	0	1657740786249
907	1716	0	0	0	0	0	0	1657740787269
899	1716	0	0	0	0	0	0	1657740788289
894	1716	0	0	0	0	0	0	1657740789309
890	1716	0	0	0	0	0	0	1657740790329
887	1716	0	0	0	0	0	0	1657740791349
885	1716	0	0	0	0	0	0	1657740792369
884	1716	0	0	0	0	0	0	1657740793389
884	1716	0	0	0	0	0	0	1657740794409
884	1716	0	0	0	0	0	0	1657740795429
884	1716	0	0	0	0	0	0	1657740796449
884	1716	0	0	0	0	0	0	1657740797469
884	1716	0	0	0	0	0	0	1657740798489
884	1716	0	0	0	0	0	0	1657740799509
884	1716	0	0	0	0	0	0	1657740800529
884	1716	0	0	0	0	0	0	1657740801549
883	1716	0	0	0	0	0	0	1657740802569
883	1716	0	0	0	0	0	0	1657740803589
883	1716	0	0	0	0	0	0	1657740804609
883	1715	0	0	0	0	0	0	1657740805629
883	1715	0	0	0	0	0	0	1657740806649
883	1715	0	0	0	0	0	0	1657740807669
883	1715	0	0	0	0	0	0	1657740808689
883	1715	0	0	0	0	0	0	1657740809709
882	1715	0	0	0	0	0	0	1657740810729
878	1712	0	0	0	0	0	0	1657740811749
871	1702	0	0	0	0	0	0	1657740812769
867	1694	0	0	0	0	0	0	1657740813789
863	1691	0	0	0	0	0	0	1657740814809
861	1690	0	0	0	0	0	0	1657740815829
859	1689	0	0	0	0	0	0	1657740816849
858	1689	0	0	0	0	0	0	1657740817869
857	1688	0	0	0	0	0	0	1657740818889
856	1681	0	0	0	0	0	0	1657740819909
856	1676	0	0	0	0	0	0	1657740820929
856	1681	0	0	0	0	0	0	1657740821949
856	1684	0	0	0	0	0	0	1657740822969
856	1685	0	0	0	0	0	0	1657740823989
856	1686	0	0	0	0	0	0	1657740825009
856	1687	0	0	0	0	0	0	1657740826029
856	1687	0	0	0	0	0	0	1657740827049
856	1687	0	0	0	0	0	0	1657740828069
856	1687	0	0	0	0	0	0	1657740829089
856	1687	0	0	0	0	0	0	1657740830109
856	1687	0	0	0	0	0	0	1657740831129
856	1687	0	0	0	0	0	0	1657740832149
856	1687	0	0	0	0	0	0	1657740833169
856	1687	0	0	0	0	0	0	1657740834189
856	1687	0	0	0	0	0	0	1657740835209
856	1687	0	0	0	0	0	0	1657740836229
856	1687	0	0	0	0	0	0	1657740837249
856	1687	0	0	0	0	0	0	1657740838269
856	1687	0	0	0	0	0	0	1657740839289
856	1687	0	0	0	0	0	0	1657740840309
856	1687	0	0	0	0	0	0	1657740841329
856	1687	0	0	0	0	0	0	1657740842349
856	1687	0	0	0	0	0	0	1657740843369
856	1687	0	0	0	0	0	0	1657740844389
856	1687	0	0	0	0	0	0	1657740845409
856	1687	0	0	0	0	0	0	1657740846429
856	1687	0	0	0	0	0	0	1657740847449
856	1688	0	0	0	0	0	0	1657740848469
856	1688	0	0	0	0	0	0	1657740849489
856	1688	0	0	0	0	0	0	1657740850509
856	1688	0	0	0	0	0	0	1657740851529
856	1688	0	0	0	0	0	0	1657740852549
856	1688	0	0	0	0	0	0	1657740853569
856	1688	0	0	0	0	0	0	1657740854589
856	1688	0	0	0	0	0	0	1657740855609
855	1688	0	0	0	0	0	0	1657740856629
855	1688	0	0	0	0	0	0	1657740857649
855	1688	0	0	0	0	0	0	1657740858669
854	1688	0	0	0	0	0	0	1657740859689
853	1688	0	0	0	0	0	0	1657740860709
852	1688	0	0	0	0	0	0	1657740861729
851	1688	0	0	0	0	0	0	1657740862749
847	1688	0	0	0	0	0	0	1657740863769
842	1687	0	0	0	0	0	0	1657740864789
839	1687	0	0	0	0	0	0	1657740865809
837	1687	0	0	0	0	0	0	1657740866829
835	1687	0	0	0	0	0	0	1657740867849
833	1687	0	0	0	0	0	0	1657740868869
832	1687	0	0	0	0	0	0	1657740869889
832	1687	0	0	0	0	0	0	1657740870909
832	1687	0	0	0	0	0	0	1657740871929
831	1687	0	0	0	0	0	0	1657740872949
830	1688	0	0	0	0	0	0	1657740873969
829	1688	0	0	0	0	0	0	1657740874989
829	1688	0	0	0	0	0	0	1657740876009
829	1688	0	0	0	0	0	0	1657740877029
829	1688	0	0	0	0	0	0	1657740878049
829	1688	0	0	0	0	0	0	1657740879069
828	1688	0	0	0	0	0	0	1657740880089
828	1688	0	0	0	0	0	0	1657740881109
828	1688	0	0	0	0	0	0	1657740882129
828	1688	0	0	0	0	0	0	1657740883149
828	1688	0	0	0	0	0	0	1657740884169
828	1688	0	0	0	0	0	0	1657740885189
828	1688	0	0	0	0	0	0	1657740886209
828	1688	0	0	0	0	0	0	1657740887229
828	1688	0	0	0	0	0	0	1657740888249
828	1688	0	0	0	0	0	0	1657740889269
828	1688	0	0	0	0	0	0	1657740890289
828	1688	0	0	0	0	0	0	1657740891309
828	1688	0	0	0	0	0	0	1657740892329
828	1688	0	0	0	0	0	0	1657740893349
828	1688	0	0	0	0	0	0	1657740894369
828	1688	0	0	0	0	0	0	1657740895389
828	1688	0	0	0	0	0	0	1657740896409
828	1688	0	0	0	0	0	0	1657740897429
828	1688	0	0	0	0	0	0	1657740898449
828	1688	0	0	0	0	0	0	1657740899469
828	1688	0	0	0	0	0	0	1657740900489
828	1688	0	0	0	0	0	0	1657740901509
828	1688	0	0	0	0	0	0	1657740902529
828	1688	0	0	0	0	0	0	1657740903549
828	1688	0	0	0	0	0	0	1657740904569
828	1688	0	0	0	0	0	0	1657740905589
828	1688	0	0	0	0	0	0	1657740906609
828	1688	0	0	0	0	0	0	1657740907629
828	1688	0	0	0	0	0	0	1657740908649
828	1688	0	0	0	0	0	0	1657740909669
828	1684	0	0	0	0	0	0	1657740910689
828	1674	0	0	0	0	0	0	1657740911709
828	1668	0	0	0	0	0	0	1657740912729
828	1665	0	0	0	0	0	0	1657740913749
828	1664	0	0	0	0	0	0	1657740914769
828	1664	0	0	0	0	0	0	1657740915789
828	1666	0	0	0	0	0	0	1657740916809
828	1668	0	0	0	0	0	0	1657740917829
828	1666	0	0	0	0	0	0	1657740918849
828	1664	0	0	0	0	0	0	1657740919869
828	1665	0	0	0	0	0	0	1657740920889
828	1664	0	0	0	0	0	0	1657740921909
828	1662	0	0	0	0	0	0	1657740922929
828	1661	0	0	0	0	0	0	1657740923949
828	1661	0	0	0	0	0	0	1657740924969
828	1661	0	0	0	0	0	0	1657740925989
828	1661	0	0	0	0	0	0	1657740927009
828	1661	0	0	0	0	0	0	1657740928029
828	1661	0	0	0	0	0	0	1657740929049
828	1661	0	0	0	0	0	0	1657740930069
828	1660	0	0	0	0	0	0	1657740931089
828	1660	0	0	0	0	0	0	1657740932109
828	1660	0	0	0	0	0	0	1657740933129
828	1660	0	0	0	0	0	0	1657740934149
828	1660	0	0	0	0	0	0	1657740935169
828	1660	0	0	0	0	0	0	1657740936189
828	1660	0	0	0	0	0	0	1657740937209
828	1660	0	0	0	0	0	0	1657740938229
828	1660	0	0	0	0	0	0	1657740939249
828	1660	0	0	0	0	0	0	1657740940269
828	1660	0	0	0	0	0	0	1657740941289
828	1661	0	0	0	0	0	0	1657740942309
828	1662	0	0	0	0	0	0	1657740943329
828	1663	0	0	0	0	0	0	1657740944349
828	1664	0	0	0	0	0	0	1657740945369
828	1666	0	0	0	0	0	0	1657740946389
828	1669	0	0	0	0	0	0	1657740947409
828	1672	0	0	0	0	0	0	1657740948429
828	1673	0	0	0	0	0	0	1657740949449
828	1673	0	0	0	0	0	0	1657740950469
828	1674	0	0	0	0	0	0	1657740951489
828	1675	0	0	0	0	0	0	1657740952509
828	1677	0	0	0	0	0	0	1657740953529
828	1679	0	0	0	0	0	0	1657740954549
828	1680	0	0	0	0	0	0	1657740955569
828	1682	0	0	0	0	0	0	1657740956589
828	1684	0	0	0	0	0	0	1657740957609
827	1684	0	0	0	0	0	0	1657740958629
827	1685	0	0	0	0	0	0	1657740959649
827	1686	0	0	0	0	0	0	1657740960669
826	1686	0	0	0	0	0	0	1657740961689
826	1687	0	0	0	0	0	0	1657740962709
826	1687	0	0	0	0	0	0	1657740963729
825	1686	0	0	0	0	0	0	1657740964749
822	1687	0	0	0	0	0	0	1657740965769
819	1684	0	0	0	0	0	0	1657740966789
817	1674	0	0	0	0	0	0	1657740967809
814	1668	0	0	0	0	0	0	1657740968829
815	1665	0	0	0	0	0	0	1657740969849
815	1663	0	0	0	0	0	0	1657740970869
815	1662	0	0	0	0	0	0	1657740971889
814	1661	0	0	0	0	0	0	1657740972909
812	1661	0	0	0	0	0	0	1657740973929
812	1662	0	0	0	0	0	0	1657740974949
810	1662	0	0	0	0	0	0	1657740975969
808	1665	0	0	0	0	0	0	1657740976989
809	1668	0	0	0	0	0	0	1657740978009
810	1671	0	0	0	0	0	0	1657740979029
810	1674	0	0	0	0	0	0	1657740980049
809	1675	0	0	0	0	0	0	1657740981069
808	1678	0	0	0	0	0	0	1657740982089
807	1680	0	0	0	0	0	0	1657740983109
806	1681	0	0	0	0	0	0	1657740984129
806	1681	0	0	0	0	0	0	1657740985149
805	1683	0	0	0	0	0	0	1657740986169
804	1685	0	0	0	0	0	0	1657740987189
804	1686	0	0	0	0	0	0	1657740988209
803	1687	0	0	0	0	0	0	1657740989229
802	1687	0	0	0	0	0	0	1657740990249
803	1687	0	0	0	0	0	0	1657740991269
802	1687	0	0	0	0	0	0	1657740992289
802	1687	0	0	0	0	0	0	1657740993309
801	1687	0	0	0	0	0	0	1657740994329
801	1688	0	0	0	0	0	0	1657740995349
802	1688	0	0	0	0	0	0	1657740996369
802	1688	0	0	0	0	0	0	1657740997389
802	1688	0	0	0	0	0	0	1657740998409
802	1688	0	0	0	0	0	0	1657740999429
801	1688	0	0	0	0	0	0	1657741000449
801	1688	0	0	0	0	0	0	1657741001469
801	1688	0	0	0	0	0	0	1657741002489
801	1688	0	0	0	0	0	0	1657741003509
801	1688	0	0	0	0	0	0	1657741004529
801	1688	0	0	0	0	0	0	1657741005549
801	1688	0	0	0	0	0	0	1657741006569
801	1688	0	0	0	0	0	0	1657741007589
801	1688	0	0	0	0	0	0	1657741008609
801	1688	0	0	0	0	0	0	1657741009629
801	1688	0	0	0	0	0	0	1657741010649
801	1688	0	0	0	0	0	0	1657741011669
801	1688	0	0	0	0	0	0	1657741012689
801	1688	0	0	0	0	0	0	1657741013709
801	1688	0	0	0	0	0	0	1657741014729
800	1688	0	0	0	0	0	0	1657741015749
800	1688	0	0	0	0	0	0	1657741016769
800	1688	0	0	0	0	0	0	1657741017789
800	1688	0	0	0	0	0	0	1657741018809
800	1688	0	0	0	0	0	0	1657741019829
800	1688	0	0	0	0	0	0	1657741020849
800	1688	0	0	0	0	0	0	1657741021869
800	1688	0	0	0	0	0	0	1657741022889
800	1688	0	0	0	0	0	0	1657741023909
800	1688	0	0	0	0	0	0	1657741024929
800	1688	0	0	0	0	0	0	1657741025949
800	1688	0	0	0	0	0	0	1657741026969
800	1688	0	0	0	0	0	0	1657741027989
800	1688	0	0	0	0	0	0	1657741029009
800	1688	0	0	0	0	0	0	1657741030029
800	1688	0	0	0	0	0	0	1657741031049
800	1688	0	0	0	0	0	0	1657741032069
800	1688	0	0	0	0	0	0	1657741033089
800	1688	0	0	0	0	0	0	1657741034109
800	1688	0	0	0	0	0	0	1657741035129
800	1688	0	0	0	0	0	0	1657741036149
800	1688	0	0	0	0	0	0	1657741037169
800	1688	0	0	0	0	0	0	1657741038189
800	1688	0	0	0	0	0	0	1657741039209
800	1688	0	0	0	0	0	0	1657741040229
800	1688	0	0	0	0	0	0	1657741041249
800	1688	0	0	0	0	0	0	1657741042269
800	1688	0	0	0	0	0	0	1657741043289
800	1688	0	0	0	0	0	0	1657741044309
800	1688	0	0	0	0	0	0	1657741045329
800	1688	0	0	0	0	0	0	1657741046349
800	1688	0	0	0	0	0	0	1657741047369
800	1688	0	0	0	0	0	0	1657741048389
800	1688	0	0	0	0	0	0	1657741049409
800	1688	0	0	0	0	0	0	1657741050429
800	1688	0	0	0	0	0	0	1657741051449
800	1688	0	0	0	0	0	0	1657741052469
800	1688	0	0	0	0	0	0	1657741053489
800	1688	0	0	0	0	0	0	1657741054509
800	1688	0	0	0	0	0	0	1657741055529
800	1688	0	0	0	0	0	0	1657741056549
800	1688	0	0	0	0	0	0	1657741057569
800	1688	0	0	0	0	0	0	1657741058589
800	1688	0	0	0	0	0	0	1657741059609
800	1688	0	0	0	0	0	0	1657741060629
800	1688	0	0	0	0	0	0	1657741061649
800	1688	0	0	0	0	0	0	1657741062669
800	1688	0	0	0	0	0	0	1657741063689
800	1688	0	0	0	0	0	0	1657741064709
800	1688	0	0	0	0	0	0	1657741065729
800	1688	0	0	0	0	0	0	1657741066749
800	1688	0	0	0	0	0	0	1657741067769
800	1688	0	0	0	0	0	0	1657741068789
800	1688	0	0	0	0	0	0	1657741069809
800	1688	0	0	0	0	0	0	1657741070829
800	1688	0	0	0	0	0	0	1657741071849
800	1688	0	0	0	0	0	0	1657741072869
800	1688	0	0	0	0	0	0	1657741073889
800	1688	0	0	0	0	0	0	1657741074909
800	1688	0	0	0	0	0	0	1657741075929
800	1688	0	0	0	0	0	0	1657741076949
800	1688	0	0	0	0	0	0	1657741077969
800	1688	0	0	0	0	0	0	1657741078989
800	1688	0	0	0	0	0	0	1657741080009
800	1688	0	0	0	0	0	0	1657741081029
800	1688	0	0	0	0	0	0	1657741082049
800	1688	0	0	0	0	0	0	1657741083069
800	1688	0	0	0	0	0	0	1657741084089
800	1688	0	0	0	0	0	0	1657741085109
800	1688	0	0	0	0	0	0	1657741086129
800	1688	0	0	0	0	0	0	1657741087149
800	1688	0	0	0	0	0	0	1657741088169
800	1688	0	0	0	0	0	0	1657741089189
800	1688	0	0	0	0	0	0	1657741090209
800	1688	0	0	0	0	0	0	1657741091229
800	1688	0	0	0	0	0	0	1657741092249
800	1688	0	0	0	0	0	0	1657741093269
800	1688	0	0	0	0	0	0	1657741094289
800	1688	0	0	0	0	0	0	1657741095309
800	1688	0	0	0	0	0	0	1657741096329
800	1688	0	0	0	0	0	0	1657741097349
800	1688	0	0	0	0	0	0	1657741098369
800	1688	0	0	0	0	0	0	1657741099389
800	1688	0	0	0	0	0	0	1657741100409
800	1688	0	0	0	0	0	0	1657741101429
800	1688	0	0	0	0	0	0	1657741102449
800	1688	0	0	0	0	0	0	1657741103469
800	1688	0	0	0	0	0	0	1657741104489
800	1688	0	0	0	0	0	0	1657741105509
800	1688	0	0	0	0	0	0	1657741106529
800	1688	0	0	0	0	0	0	1657741107549
800	1688	0	0	0	0	0	0	1657741108569
800	1688	0	0	0	0	0	0	1657741109589
800	1688	0	0	0	0	0	0	1657741110609
800	1688	0	0	0	0	0	0	1657741111629
800	1684	0	0	0	0	0	0	1657741112649
800	1675	0	0	0	0	0	0	1657741113669
800	1669	0	0	0	0	0	0	1657741114689
800	1665	0	0	0	0	0	0	1657741115709
800	1663	0	0	0	0	0	0	1657741116729
800	1662	0	0	0	0	0	0	1657741117749
800	1659	0	0	0	0	0	0	1657741118769
800	1659	0	0	0	0	0	0	1657741119789
800	1659	0	0	0	0	0	0	1657741120809
800	1659	0	0	0	0	0	0	1657741121829
800	1660	0	0	0	0	0	0	1657741122849
800	1660	0	0	0	0	0	0	1657741123869
800	1660	0	0	0	0	0	0	1657741124889
800	1660	0	0	0	0	0	0	1657741125909
800	1660	0	0	0	0	0	0	1657741126929
800	1660	0	0	0	0	0	0	1657741127949
800	1660	0	0	0	0	0	0	1657741128969
800	1660	0	0	0	0	0	0	1657741129989
800	1660	0	0	0	0	0	0	1657741131009
800	1660	0	0	0	0	0	0	1657741132029
800	1660	0	0	0	0	0	0	1657741133049
800	1660	0	0	0	0	0	0	1657741134069
800	1660	0	0	0	0	0	0	1657741135089
800	1660	0	0	0	0	0	0	1657741136109
800	1660	0	0	0	0	0	0	1657741137129
800	1660	0	0	0	0	0	0	1657741138149
800	1660	0	0	0	0	0	0	1657741139169
800	1654	0	0	0	0	0	0	1657741140189
800	1648	0	0	0	0	0	0	1657741141209
800	1649	0	0	0	0	0	0	1657741142229
800	1652	0	0	0	0	0	0	1657741143249
800	1655	0	0	0	0	0	0	1657741144269
800	1655	0	0	0	0	0	0	1657741145289
800	1657	0	0	0	0	0	0	1657741146309
800	1657	0	0	0	0	0	0	1657741147329
800	1658	0	0	0	0	0	0	1657741148349
800	1659	0	0	0	0	0	0	1657741149369
800	1657	0	0	0	0	0	0	1657741150389
800	1654	0	0	0	0	0	0	1657741151409
800	1655	0	0	0	0	0	0	1657741152429
800	1656	0	0	0	0	0	0	1657741153449
800	1656	0	0	0	0	0	0	1657741154469
800	1657	0	0	0	0	0	0	1657741155489
800	1656	0	0	0	0	0	0	1657741156509
800	1655	0	0	0	0	0	0	1657741157529
800	1655	0	0	0	0	0	0	1657741158549
800	1656	0	0	0	0	0	0	1657741159569
800	1650	0	0	0	0	0	0	1657741160589
800	1644	0	0	0	0	0	0	1657741161609
800	1639	0	0	0	0	0	0	1657741162629
800	1636	0	0	0	0	0	0	1657741163649
800	1634	0	0	0	0	0	0	1657741164669
800	1633	0	0	0	0	0	0	1657741165689
800	1633	0	0	0	0	0	0	1657741166709
800	1633	0	0	0	0	0	0	1657741167729
800	1633	0	0	0	0	0	0	1657741168749
800	1633	0	0	0	0	0	0	1657741169769
800	1633	0	0	0	0	0	0	1657741170789
800	1633	0	0	0	0	0	0	1657741171809
800	1633	0	0	0	0	0	0	1657741172829
800	1633	0	0	0	0	0	0	1657741173849
800	1633	0	0	0	0	0	0	1657741174869
800	1633	0	0	0	0	0	0	1657741175889
800	1633	0	0	0	0	0	0	1657741176909
800	1633	0	0	0	0	0	0	1657741177929
800	1633	0	0	0	0	0	0	1657741178949
800	1633	0	0	0	0	0	0	1657741179969
800	1633	0	0	0	0	0	0	1657741180989
800	1632	0	0	0	0	0	0	1657741182009
800	1632	0	0	0	0	0	0	1657741183029
800	1632	0	0	0	0	0	0	1657741184049
800	1632	0	0	0	0	0	0	1657741185069
800	1632	0	0	0	0	0	0	1657741186089
800	1630	0	0	0	0	0	0	1657741187109
800	1625	0	0	0	0	0	0	1657741188129
800	1620	0	0	0	0	0	0	1657741189149
800	1614	0	0	0	0	0	0	1657741190169
800	1611	0	0	0	0	0	0	1657741191189
800	1617	0	0	0	0	0	0	1657741192209
800	1623	0	0	0	0	0	0	1657741193229
800	1627	0	0	0	0	0	0	1657741194249
800	1620	0	0	0	0	0	0	1657741195269
800	1614	0	0	0	0	0	0	1657741196289
800	1610	0	0	0	0	0	0	1657741197309
800	1608	0	0	0	0	0	0	1657741198329
800	1607	0	0	0	0	0	0	1657741199349
800	1606	0	0	0	0	0	0	1657741200369
800	1605	0	0	0	0	0	0	1657741201389
800	1604	0	0	0	0	0	0	1657741202409
800	1602	0	0	0	0	0	0	1657741203429
800	1592	0	0	0	0	0	0	1657741204449
800	1594	0	0	0	0	0	0	1657741205469
800	1598	0	0	0	0	0	0	1657741206489
800	1601	0	0	0	0	0	0	1657741207509
800	1602	0	0	0	0	0	0	1657741208529
800	1603	0	0	0	0	0	0	1657741209549
800	1604	0	0	0	0	0	0	1657741210569
800	1604	0	0	0	0	0	0	1657741211589
800	1601	0	0	0	0	0	0	1657741212609
800	1591	0	0	0	0	0	0	1657741213629
800	1585	0	0	0	0	0	0	1657741214649
800	1582	0	0	0	0	0	0	1657741215669
800	1580	0	0	0	0	0	0	1657741216689
800	1579	0	0	0	0	0	0	1657741217709
800	1578	0	0	0	0	0	0	1657741218729
800	1578	0	0	0	0	0	0	1657741219749
800	1579	0	0	0	0	0	0	1657741220769
800	1583	0	0	0	0	0	0	1657741221789
800	1588	0	0	0	0	0	0	1657741222809
800	1592	0	0	0	0	0	0	1657741223829
800	1586	0	0	0	0	0	0	1657741224849
800	1583	0	0	0	0	0	0	1657741225869
800	1582	0	0	0	0	0	0	1657741226889
800	1583	0	0	0	0	0	0	1657741227909
800	1586	0	0	0	0	0	0	1657741228929
800	1590	0	0	0	0	0	0	1657741229949
800	1595	0	0	0	0	0	0	1657741230969
800	1592	0	0	0	0	0	0	1657741231989
800	1586	0	0	0	0	0	0	1657741233009
800	1582	0	0	0	0	0	0	1657741234029
800	1580	0	0	0	0	0	0	1657741235049
800	1579	0	0	0	0	0	0	1657741236069
800	1578	0	0	0	0	0	0	1657741237089
800	1578	0	0	0	0	0	0	1657741238109
800	1578	0	0	0	0	0	0	1657741239129
800	1578	0	0	0	0	0	0	1657741240149
800	1578	0	0	0	0	0	0	1657741241169
800	1578	0	0	0	0	0	0	1657741242189
800	1579	0	0	0	0	0	0	1657741243209
800	1581	0	0	0	0	0	0	1657741244229
800	1580	0	0	0	0	0	0	1657741245249
800	1579	0	0	0	0	0	0	1657741246269
800	1578	0	0	0	0	0	0	1657741247289
800	1577	0	0	0	0	0	0	1657741248309
800	1577	0	0	0	0	0	0	1657741249329
800	1577	0	0	0	0	0	0	1657741250349
800	1577	0	0	0	0	0	0	1657741251369
800	1577	0	0	0	0	0	0	1657741252389
800	1577	0	0	0	0	0	0	1657741253409
800	1577	0	0	0	0	0	0	1657741254429
800	1577	0	0	0	0	0	0	1657741255449
800	1577	0	0	0	0	0	0	1657741256469
800	1577	0	0	0	0	0	0	1657741257489
800	1577	0	0	0	0	0	0	1657741258509
800	1577	0	0	0	0	0	0	1657741259529
800	1577	0	0	0	0	0	0	1657741260549
800	1577	0	0	0	0	0	0	1657741261569
800	1577	0	0	0	0	0	0	1657741262589
800	1577	0	0	0	0	0	0	1657741263609
800	1577	0	0	0	0	0	0	1657741264629
800	1577	0	0	0	0	0	0	1657741265649
800	1577	0	0	0	0	0	0	1657741266669
800	1577	0	0	0	0	0	0	1657741267689
800	1577	0	0	0	0	0	0	1657741268709
800	1577	0	0	0	0	0	0	1657741269729
800	1577	0	0	0	0	0	0	1657741270749
800	1577	0	0	0	0	0	0	1657741271769
800	1577	0	0	0	0	0	0	1657741272789
800	1577	0	0	0	0	0	0	1657741273809
800	1577	0	0	0	0	0	0	1657741274829
800	1577	0	0	0	0	0	0	1657741275849
800	1577	0	0	0	0	0	0	1657741276869
800	1577	0	0	0	0	0	0	1657741277889
800	1577	0	0	0	0	0	0	1657741278909
800	1577	0	0	0	0	0	0	1657741279929
800	1577	0	0	0	0	0	0	1657741280949
800	1577	0	0	0	0	0	0	1657741281969
800	1577	0	0	0	0	0	0	1657741282989
800	1579	0	0	0	0	0	0	1657741284009
800	1581	0	0	0	0	0	0	1657741285029
800	1582	0	0	0	0	0	0	1657741286049
800	1585	0	0	0	0	0	0	1657741287069
800	1588	0	0	0	0	0	0	1657741288089
800	1590	0	0	0	0	0	0	1657741289109
800	1592	0	0	0	0	0	0	1657741290129
800	1595	0	0	0	0	0	0	1657741291149
800	1598	0	0	0	0	0	0	1657741292169
800	1600	0	0	0	0	0	0	1657741293189
800	1602	0	0	0	0	0	0	1657741294209
800	1603	0	0	0	0	0	0	1657741295229
800	1603	0	0	0	0	0	0	1657741296249
800	1604	0	0	0	0	0	0	1657741297269
800	1604	0	0	0	0	0	0	1657741298289
800	1604	0	0	0	0	0	0	1657741299309
800	1604	0	0	0	0	0	0	1657741300329
800	1604	0	0	0	0	0	0	1657741301349
800	1604	0	0	0	0	0	0	1657741302369
800	1604	0	0	0	0	0	0	1657741303389
800	1604	0	0	0	0	0	0	1657741304409
800	1604	0	0	0	0	0	0	1657741305429
800	1604	0	0	0	0	0	0	1657741306449
800	1604	0	0	0	0	0	0	1657741307469
800	1604	0	0	0	0	0	0	1657741308489
800	1604	0	0	0	0	0	0	1657741309509
800	1604	0	0	0	0	0	0	1657741310529
800	1604	0	0	0	0	0	0	1657741311549
800	1604	0	0	0	0	0	0	1657741312569
800	1604	0	0	0	0	0	0	1657741313589
800	1604	0	0	0	0	0	0	1657741314609
800	1604	0	0	0	0	0	0	1657741315629
800	1604	0	0	0	0	0	0	1657741316649
800	1604	0	0	0	0	0	0	1657741317669
800	1604	0	0	0	0	0	0	1657741318689
800	1604	0	0	0	0	0	0	1657741319709
800	1604	0	0	0	0	0	0	1657741320729
800	1604	0	0	0	0	0	0	1657741321749
800	1604	0	0	0	0	0	0	1657741322769
800	1604	0	0	0	0	0	0	1657741323789
800	1604	0	0	0	0	0	0	1657741324809
800	1604	0	0	0	0	0	0	1657741325829
800	1604	0	0	0	0	0	0	1657741326849
800	1604	0	0	0	0	0	0	1657741327869
800	1604	0	0	0	0	0	0	1657741328889
800	1604	0	0	0	0	0	0	1657741329909
800	1604	0	0	0	0	0	0	1657741330929
800	1604	0	0	0	0	0	0	1657741331949
800	1604	0	0	0	0	0	0	1657741332969
800	1604	0	0	0	0	0	0	1657741333989
800	1604	0	0	0	0	0	0	1657741335009
800	1604	0	0	0	0	0	0	1657741336029
800	1604	0	0	0	0	0	0	1657741337049
800	1604	0	0	0	0	0	0	1657741338069
800	1604	0	0	0	0	0	0	1657741339089
800	1604	0	0	0	0	0	0	1657741340109
800	1604	0	0	0	0	0	0	1657741341129
800	1604	0	0	0	0	0	0	1657741342149
800	1604	0	0	0	0	0	0	1657741343169
800	1604	0	0	0	0	0	0	1657741344189
800	1604	0	0	0	0	0	0	1657741345209
800	1604	0	0	0	0	0	0	1657741346229
800	1604	0	0	0	0	0	0	1657741347249
800	1604	0	0	0	0	0	0	1657741348269
800	1604	0	0	0	0	0	0	1657741349289
800	1604	0	0	0	0	0	0	1657741350309
800	1604	0	0	0	0	0	0	1657741351329
800	1605	0	0	0	0	0	0	1657741352349
800	1605	0	0	0	0	0	0	1657741353369
800	1605	0	0	0	0	0	0	1657741354389
800	1605	0	0	0	0	0	0	1657741355409
800	1607	0	0	0	0	0	0	1657741356429
800	1607	0	0	0	0	0	0	1657741357449
800	1608	0	0	0	0	0	0	1657741358469
800	1607	0	0	0	0	0	0	1657741359489
800	1610	0	0	0	0	0	0	1657741360509
800	1611	0	0	0	0	0	0	1657741361529
800	1611	0	0	0	0	0	0	1657741362549
800	1614	0	0	0	0	0	0	1657741363569
800	1614	0	0	0	0	0	0	1657741364589
800	1615	0	0	0	0	0	0	1657741365609
800	1619	0	0	0	0	0	0	1657741366629
800	1620	0	0	0	0	0	0	1657741367649
800	1621	0	0	0	0	0	0	1657741368669
800	1622	0	0	0	0	0	0	1657741369689
800	1623	0	0	0	0	0	0	1657741370709
800	1623	0	0	0	0	0	0	1657741371729
800	1623	0	0	0	0	0	0	1657741372749
800	1625	0	0	0	0	0	0	1657741373769
800	1627	0	0	0	0	0	0	1657741374789
800	1629	0	0	0	0	0	0	1657741375809
800	1630	0	0	0	0	0	0	1657741376829
800	1630	0	0	0	0	0	0	1657741377849
800	1630	0	0	0	0	0	0	1657741378869
800	1631	0	0	0	0	0	0	1657741379889
800	1632	0	0	0	0	0	0	1657741380909
800	1632	0	0	0	0	0	0	1657741381929
800	1632	0	0	0	0	0	0	1657741382949
800	1632	0	0	0	0	0	0	1657741383969
800	1632	0	0	0	0	0	0	1657741384989
800	1632	0	0	0	0	0	0	1657741386009
800	1632	0	0	0	0	0	0	1657741387029
800	1632	0	0	0	0	0	0	1657741388049
800	1632	0	0	0	0	0	0	1657741389069
800	1632	0	0	0	0	0	0	1657741390089
800	1632	0	0	0	0	0	0	1657741391109
800	1632	0	0	0	0	0	0	1657741392129
800	1632	0	0	0	0	0	0	1657741393149
800	1632	0	0	0	0	0	0	1657741394169
800	1632	0	0	0	0	0	0	1657741395189
800	1632	0	0	0	0	0	0	1657741396209
800	1632	0	0	0	0	0	0	1657741397229
800	1632	0	0	0	0	0	0	1657741398249
800	1632	0	0	0	0	0	0	1657741399269
800	1632	0	0	0	0	0	0	1657741400289
800	1632	0	0	0	0	0	0	1657741401309
800	1632	0	0	0	0	0	0	1657741402329
800	1632	0	0	0	0	0	0	1657741403349
800	1632	0	0	0	0	0	0	1657741404369
800	1632	0	0	0	0	0	0	1657741405389
800	1632	0	0	0	0	0	0	1657741406409
800	1632	0	0	0	0	0	0	1657741407429
800	1632	0	0	0	0	0	0	1657741408449
800	1632	0	0	0	0	0	0	1657741409469
800	1632	0	0	0	0	0	0	1657741410489
800	1632	0	0	0	0	0	0	1657741411509
800	1632	0	0	0	0	0	0	1657741412529
800	1632	0	0	0	0	0	0	1657741413549
10480	1632	0	0	0	0	0	0	1657741414569
6608	1632	0	0	0	0	0	0	1657741415589
4285	1632	0	0	0	0	0	0	1657741416609
2891	1632	0	0	0	0	0	0	1657741417629
2055	1632	0	0	0	0	0	0	1657741418649
1553	1632	0	0	0	0	0	0	1657741419669
1252	1632	0	0	0	0	0	0	1657741420689
1071	1632	0	0	0	0	0	0	1657741421709
963	1632	0	0	0	0	0	0	1657741422729
898	1632	0	0	0	0	0	0	1657741423749
859	1632	0	0	0	0	0	0	1657741424769
835	1632	0	0	0	0	0	0	1657741425789
821	1632	0	0	0	0	0	0	1657741426809
813	1632	0	0	0	0	0	0	1657741427829
808	1632	0	0	0	0	0	0	1657741428849
805	1632	0	0	0	0	0	0	1657741429869
803	1632	0	0	0	0	0	0	1657741430889
802	1632	0	0	0	0	0	0	1657741431909
801	1632	0	0	0	0	0	0	1657741432929
801	1632	0	0	0	0	0	0	1657741433949
801	1632	0	0	0	0	0	0	1657741434969
801	1632	0	0	0	0	0	0	1657741435989
801	1632	0	0	0	0	0	0	1657741437009
801	1632	0	0	0	0	0	0	1657741438029
801	1632	0	0	0	0	0	0	1657741439049
801	1632	0	0	0	0	0	0	1657741440069
801	1632	0	0	0	0	0	0	1657741441089
801	1632	0	0	0	0	0	0	1657741442109
801	1632	0	0	0	0	0	0	1657741443129
801	1632	0	0	0	0	0	0	1657741444149
801	1632	0	0	0	0	0	0	1657741445169
801	1632	0	0	0	0	0	0	1657741446189
801	1632	0	0	0	0	0	0	1657741447209
801	1632	0	0	0	0	0	0	1657741448229
801	1632	0	0	0	0	0	0	1657741449249
801	1632	0	0	0	0	0	0	1657741450269
801	1632	0	0	0	0	0	0	1657741451289
801	1632	0	0	0	0	0	0	1657741452309
801	1632	0	0	0	0	0	0	1657741453329
801	1632	0	0	0	0	0	0	1657741454349
801	1632	0	0	0	0	0	0	1657741455369
801	1632	0	0	0	0	0	0	1657741456389
801	1632	0	0	0	0	0	0	1657741457409
801	1632	0	0	0	0	0	0	1657741458429
801	1632	0	0	0	0	0	0	1657741459449
801	1632	0	0	0	0	0	0	1657741460469
801	1632	0	0	0	0	0	0	1657741461489
801	1632	0	0	0	0	0	0	1657741462509
801	1632	0	0	0	0	0	0	1657741463529
801	1632	0	0	0	0	0	0	1657741464549
801	1632	0	0	0	0	0	0	1657741465569
801	1632	0	0	0	0	0	0	1657741466589
801	1632	0	0	0	0	0	0	1657741467609
801	1632	0	0	0	0	0	0	1657741468629
801	1632	0	0	0	0	0	0	1657741469649
801	1632	0	0	0	0	0	0	1657741470669
801	1632	0	0	0	0	0	0	1657741471689
801	1632	0	0	0	0	0	0	1657741472709
801	1632	0	0	0	0	0	0	1657741473729
801	1632	0	0	0	0	0	0	1657741474749
801	1632	0	0	0	0	0	0	1657741475769
801	1632	0	0	0	0	0	0	1657741476789
801	1632	0	0	0	0	0	0	1657741477809
801	1632	0	0	0	0	0	0	1657741478829
801	1632	0	0	0	0	0	0	1657741479849
801	1632	0	0	0	0	0	0	1657741480869
801	1632	0	0	0	0	0	0	1657741481889
801	1632	0	0	0	0	0	0	1657741482909
801	1632	0	0	0	0	0	0	1657741483929
801	1633	0	0	0	0	0	0	1657741484949
801	1633	0	0	0	0	0	0	1657741485969
801	1633	0	0	0	0	0	0	1657741486989
801	1633	0	0	0	0	0	0	1657741488009
801	1633	0	0	0	0	0	0	1657741489029
801	1633	0	0	0	0	0	0	1657741490049
801	1633	0	0	0	0	0	0	1657741491069
801	1633	0	0	0	0	0	0	1657741492089
801	1633	0	0	0	0	0	0	1657741493109
801	1633	0	0	0	0	0	0	1657741494129
801	1633	0	0	0	0	0	0	1657741495149
801	1633	0	0	0	0	0	0	1657741496169
801	1633	0	0	0	0	0	0	1657741497189
801	1633	0	0	0	0	0	0	1657741498209
801	1633	0	0	0	0	0	0	1657741499229
801	1633	0	0	0	0	0	0	1657741500249
801	1633	0	0	0	0	0	0	1657741501269
801	1633	0	0	0	0	0	0	1657741502289
801	1633	0	0	0	0	0	0	1657741503309
801	1633	0	0	0	0	0	0	1657741504329
801	1633	0	0	0	0	0	0	1657741505349
801	1633	0	0	0	0	0	0	1657741506369
801	1633	0	0	0	0	0	0	1657741507389
801	1633	0	0	0	0	0	0	1657741508409
801	1633	0	0	0	0	0	0	1657741509429
801	1633	0	0	0	0	0	0	1657741510449
801	1633	0	0	0	0	0	0	1657741511469
801	1633	0	0	0	0	0	0	1657741512489
801	1633	0	0	0	0	0	0	1657741513509
801	1633	0	0	0	0	0	0	1657741514529
801	1633	0	0	0	0	0	0	1657741515549
801	1633	0	0	0	0	0	0	1657741516599
801	1633	0	0	0	0	0	0	1657741517619
801	1633	0	0	0	0	0	0	1657741518639
801	1633	0	0	0	0	0	0	1657741519659
801	1633	0	0	0	0	0	0	1657741520679
801	1633	0	0	0	0	0	0	1657741521699
801	1633	0	0	0	0	0	0	1657741522719
801	1633	0	0	0	0	0	0	1657741523739
801	1633	0	0	0	0	0	0	1657741524759
801	1633	0	0	0	0	0	0	1657741525779
801	1633	0	0	0	0	0	0	1657741526799
801	1633	0	0	0	0	0	0	1657741527819
801	1633	0	0	0	0	0	0	1657741528839
801	1633	0	0	0	0	0	0	1657741529859
801	1633	0	0	0	0	0	0	1657741530879
801	1633	0	0	0	0	0	0	1657741531899
801	1633	0	0	0	0	0	0	1657741532919
801	1633	0	0	0	0	0	0	1657741533939
801	1633	0	0	0	0	0	0	1657741534959
801	1633	0	0	0	0	0	0	1657741535979
801	1633	0	0	0	0	0	0	1657741536999
801	1633	0	0	0	0	0	0	1657741538019
801	1633	0	0	0	0	0	0	1657741539039
801	1633	0	0	0	0	0	0	1657741540059
801	1633	0	0	0	0	0	0	1657741541079
800	1633	0	0	0	0	0	0	1657741542099
800	1633	0	0	0	0	0	0	1657741543119
800	1633	0	0	0	0	0	0	1657741544139
800	1633	0	0	0	0	0	0	1657741545159
800	1632	0	0	0	0	0	0	1657741546179
800	1632	0	0	0	0	0	0	1657741547199
800	1632	0	0	0	0	0	0	1657741548219
800	1631	0	0	0	0	0	0	1657741549239
800	1628	0	0	0	0	0	0	1657741550259
800	1621	0	0	0	0	0	0	1657741551279
800	1614	0	0	0	0	0	0	1657741552299
800	1610	0	0	0	0	0	0	1657741553319
800	1608	0	0	0	0	0	0	1657741554339
800	1607	0	0	0	0	0	0	1657741555359
800	1606	0	0	0	0	0	0	1657741556379
800	1605	0	0	0	0	0	0	1657741557399
800	1605	0	0	0	0	0	0	1657741558419
800	1605	0	0	0	0	0	0	1657741559439
800	1605	0	0	0	0	0	0	1657741560459
800	1605	0	0	0	0	0	0	1657741561479
800	1605	0	0	0	0	0	0	1657741562499
800	1605	0	0	0	0	0	0	1657741563519
800	1605	0	0	0	0	0	0	1657741564539
800	1605	0	0	0	0	0	0	1657741565559
800	1603	0	0	0	0	0	0	1657741566579
800	1602	0	0	0	0	0	0	1657741567599
800	1603	0	0	0	0	0	0	1657741568619
800	1604	0	0	0	0	0	0	1657741569639
800	1604	0	0	0	0	0	0	1657741570659
800	1604	0	0	0	0	0	0	1657741571679
800	1604	0	0	0	0	0	0	1657741572699
800	1596	0	0	0	0	0	0	1657741573719
800	1589	0	0	0	0	0	0	1657741574739
800	1588	0	0	0	0	0	0	1657741575759
800	1585	0	0	0	0	0	0	1657741576779
800	1583	0	0	0	0	0	0	1657741577799
800	1581	0	0	0	0	0	0	1657741578819
800	1580	0	0	0	0	0	0	1657741579839
800	1579	0	0	0	0	0	0	1657741580859
800	1578	0	0	0	0	0	0	1657741581879
800	1578	0	0	0	0	0	0	1657741582899
800	1577	0	0	0	0	0	0	1657741583919
800	1577	0	0	0	0	0	0	1657741584939
800	1577	0	0	0	0	0	0	1657741585959
800	1577	0	0	0	0	0	0	1657741586979
800	1577	0	0	0	0	0	0	1657741587999
800	1577	0	0	0	0	0	0	1657741589019
800	1576	0	0	0	0	0	0	1657741590039
800	1570	0	0	0	0	0	0	1657741591059
800	1561	0	0	0	0	0	0	1657741592079
800	1556	0	0	0	0	0	0	1657741593099
800	1555	0	0	0	0	0	0	1657741594119
800	1553	0	0	0	0	0	0	1657741595139
800	1551	0	0	0	0	0	0	1657741596159
800	1550	0	0	0	0	0	0	1657741597179
800	1550	0	0	0	0	0	0	1657741598199
800	1550	0	0	0	0	0	0	1657741599219
800	1550	0	0	0	0	0	0	1657741600239
800	1550	0	0	0	0	0	0	1657741601259
800	1549	0	0	0	0	0	0	1657741602279
800	1549	0	0	0	0	0	0	1657741603299
800	1549	0	0	0	0	0	0	1657741604319
800	1549	0	0	0	0	0	0	1657741605339
800	1549	0	0	0	0	0	0	1657741606359
800	1549	0	0	0	0	0	0	1657741607379
800	1549	0	0	0	0	0	0	1657741608399
800	1550	0	0	0	0	0	0	1657741609419
800	1551	0	0	0	0	0	0	1657741610439
800	1552	0	0	0	0	0	0	1657741611459
800	1553	0	0	0	0	0	0	1657741612479
800	1553	0	0	0	0	0	0	1657741613499
800	1555	0	0	0	0	0	0	1657741614519
800	1558	0	0	0	0	0	0	1657741615539
800	1561	0	0	0	0	0	0	1657741616559
800	1563	0	0	0	0	0	0	1657741617579
800	1565	0	0	0	0	0	0	1657741618599
800	1567	0	0	0	0	0	0	1657741619619
800	1568	0	0	0	0	0	0	1657741620639
800	1569	0	0	0	0	0	0	1657741621659
800	1570	0	0	0	0	0	0	1657741622679
800	1566	0	0	0	0	0	0	1657741623699
800	1566	0	0	0	0	0	0	1657741624719
800	1567	0	0	0	0	0	0	1657741625739
800	1562	0	0	0	0	0	0	1657741626759
800	1557	0	0	0	0	0	0	1657741627779
800	1555	0	0	0	0	0	0	1657741628799
800	1558	0	0	0	0	0	0	1657741629819
800	1558	0	0	0	0	0	0	1657741630839
800	1555	0	0	0	0	0	0	1657741631859
800	1552	0	0	0	0	0	0	1657741632879
800	1551	0	0	0	0	0	0	1657741633899
800	1550	0	0	0	0	0	0	1657741634919
800	1550	0	0	0	0	0	0	1657741635939
800	1550	0	0	0	0	0	0	1657741636959
800	1550	0	0	0	0	0	0	1657741637979
800	1550	0	0	0	0	0	0	1657741638999
800	1550	0	0	0	0	0	0	1657741640019
800	1550	0	0	0	0	0	0	1657741641039
800	1550	0	0	0	0	0	0	1657741642059
800	1550	0	0	0	0	0	0	1657741643079
800	1549	0	0	0	0	0	0	1657741644099
800	1549	0	0	0	0	0	0	1657741645119
800	1549	0	0	0	0	0	0	1657741646139
800	1549	0	0	0	0	0	0	1657741647159
800	1549	0	0	0	0	0	0	1657741648179
800	1550	0	0	0	0	0	0	1657741649199
800	1552	0	0	0	0	0	0	1657741650219
800	1554	0	0	0	0	0	0	1657741651239
800	1555	0	0	0	0	0	0	1657741652259
800	1557	0	0	0	0	0	0	1657741653279
800	1558	0	0	0	0	0	0	1657741654299
800	1560	0	0	0	0	0	0	1657741655319
800	1564	0	0	0	0	0	0	1657741656339
800	1566	0	0	0	0	0	0	1657741657359
800	1564	0	0	0	0	0	0	1657741658379
800	1558	0	0	0	0	0	0	1657741659399
800	1554	0	0	0	0	0	0	1657741660419
800	1552	0	0	0	0	0	0	1657741661439
800	1551	0	0	0	0	0	0	1657741662459
800	1550	0	0	0	0	0	0	1657741663479
800	1550	0	0	0	0	0	0	1657741664499
800	1550	0	0	0	0	0	0	1657741665519
800	1550	0	0	0	0	0	0	1657741666539
800	1550	0	0	0	0	0	0	1657741667559
800	1550	0	0	0	0	0	0	1657741668579
800	1550	0	0	0	0	0	0	1657741669599
800	1550	0	0	0	0	0	0	1657741670619
800	1550	0	0	0	0	0	0	1657741671639
800	1550	0	0	0	0	0	0	1657741672659
800	1550	0	0	0	0	0	0	1657741673679
800	1550	0	0	0	0	0	0	1657741674699
800	1550	0	0	0	0	0	0	1657741675719
800	1550	0	0	0	0	0	0	1657741676739
800	1550	0	0	0	0	0	0	1657741677759
800	1549	0	0	0	0	0	0	1657741678779
800	1549	0	0	0	0	0	0	1657741679799
800	1549	0	0	0	0	0	0	1657741680819
800	1549	0	0	0	0	0	0	1657741681839
800	1549	0	0	0	0	0	0	1657741682859
800	1549	0	0	0	0	0	0	1657741683879
800	1549	0	0	0	0	0	0	1657741684899
800	1549	0	0	0	0	0	0	1657741685919
800	1549	0	0	0	0	0	0	1657741686939
800	1549	0	0	0	0	0	0	1657741687959
800	1549	0	0	0	0	0	0	1657741688979
800	1549	0	0	0	0	0	0	1657741689999
800	1549	0	0	0	0	0	0	1657741691019
800	1549	0	0	0	0	0	0	1657741692039
800	1548	0	0	0	0	0	0	1657741693059
800	1549	0	0	0	0	0	0	1657741694079
800	1549	0	0	0	0	0	0	1657741695099
800	1549	0	0	0	0	0	0	1657741696119
800	1548	0	0	0	0	0	0	1657741697139
800	1544	0	0	0	0	0	0	1657741698159
800	1545	0	0	0	0	0	0	1657741699179
800	1547	0	0	0	0	0	0	1657741700199
800	1547	0	0	0	0	0	0	1657741701219
800	1537	0	0	0	0	0	0	1657741702239
800	1531	0	0	0	0	0	0	1657741703259
800	1533	0	0	0	0	0	0	1657741704279
800	1539	0	0	0	0	0	0	1657741705299
800	1543	0	0	0	0	0	0	1657741706319
800	1545	0	0	0	0	0	0	1657741707339
800	1547	0	0	0	0	0	0	1657741708359
800	1548	0	0	0	0	0	0	1657741709379
800	1543	0	0	0	0	0	0	1657741710399
800	1540	0	0	0	0	0	0	1657741711419
800	1543	0	0	0	0	0	0	1657741712439
800	1545	0	0	0	0	0	0	1657741713459
800	1547	0	0	0	0	0	0	1657741714479
800	1548	0	0	0	0	0	0	1657741715499
800	1549	0	0	0	0	0	0	1657741716519
800	1549	0	0	0	0	0	0	1657741717539
800	1549	0	0	0	0	0	0	1657741718559
800	1549	0	0	0	0	0	0	1657741719579
800	1545	0	0	0	0	0	0	1657741720599
800	1536	0	0	0	0	0	0	1657741721619
800	1530	0	0	0	0	0	0	1657741722639
800	1526	0	0	0	0	0	0	1657741723659
800	1524	0	0	0	0	0	0	1657741724679
800	1523	0	0	0	0	0	0	1657741725699
800	1522	0	0	0	0	0	0	1657741726719
800	1522	0	0	0	0	0	0	1657741727739
800	1527	0	0	0	0	0	0	1657741728759
800	1532	0	0	0	0	0	0	1657741729779
800	1539	0	0	0	0	0	0	1657741730799
800	1542	0	0	0	0	0	0	1657741731819
800	1545	0	0	0	0	0	0	1657741732839
800	1547	0	0	0	0	0	0	1657741733859
800	1548	0	0	0	0	0	0	1657741734879
800	1548	0	0	0	0	0	0	1657741735899
800	1548	0	0	0	0	0	0	1657741736919
800	1548	0	0	0	0	0	0	1657741737939
800	1548	0	0	0	0	0	0	1657741738959
800	1548	0	0	0	0	0	0	1657741739979
800	1548	0	0	0	0	0	0	1657741740999
800	1546	0	0	0	0	0	0	1657741742019
800	1542	0	0	0	0	0	0	1657741743039
800	1544	0	0	0	0	0	0	1657741744059
800	1546	0	0	0	0	0	0	1657741745079
800	1538	0	0	0	0	0	0	1657741746099
800	1537	0	0	0	0	0	0	1657741747119
800	1541	0	0	0	0	0	0	1657741748139
800	1544	0	0	0	0	0	0	1657741749159
800	1545	0	0	0	0	0	0	1657741750179
800	1546	0	0	0	0	0	0	1657741751199
800	1538	0	0	0	0	0	0	1657741752219
800	1531	0	0	0	0	0	0	1657741753239
800	1527	0	0	0	0	0	0	1657741754259
800	1525	0	0	0	0	0	0	1657741755279
800	1523	0	0	0	0	0	0	1657741756299
800	1522	0	0	0	0	0	0	1657741757319
800	1522	0	0	0	0	0	0	1657741758339
800	1522	0	0	0	0	0	0	1657741759359
800	1522	0	0	0	0	0	0	1657741760379
800	1522	0	0	0	0	0	0	1657741761399
800	1522	0	0	0	0	0	0	1657741762419
800	1522	0	0	0	0	0	0	1657741763439
800	1521	0	0	0	0	0	0	1657741764459
800	1521	0	0	0	0	0	0	1657741765479
800	1521	0	0	0	0	0	0	1657741766499
800	1521	0	0	0	0	0	0	1657741767519
800	1521	0	0	0	0	0	0	1657741768539
800	1521	0	0	0	0	0	0	1657741769559
800	1521	0	0	0	0	0	0	1657741770579
800	1521	0	0	0	0	0	0	1657741771599
800	1521	0	0	0	0	0	0	1657741772619
800	1521	0	0	0	0	0	0	1657741773639
800	1521	0	0	0	0	0	0	1657741774659
800	1521	0	0	0	0	0	0	1657741775679
800	1521	0	0	0	0	0	0	1657741776699
800	1521	0	0	0	0	0	0	1657741777719
800	1521	0	0	0	0	0	0	1657741778739
800	1521	0	0	0	0	0	0	1657741779759
800	1521	0	0	0	0	0	0	1657741780779
800	1521	0	0	0	0	0	0	1657741781799
800	1522	0	0	0	0	0	0	1657741782819
800	1523	0	0	0	0	0	0	1657741783839
800	1523	0	0	0	0	0	0	1657741784859
800	1523	0	0	0	0	0	0	1657741785879
800	1522	0	0	0	0	0	0	1657741786899
800	1522	0	0	0	0	0	0	1657741787919
800	1522	0	0	0	0	0	0	1657741788939
800	1523	0	0	0	0	0	0	1657741789959
800	1524	0	0	0	0	0	0	1657741790979
800	1526	0	0	0	0	0	0	1657741791999
800	1530	0	0	0	0	0	0	1657741793019
800	1531	0	0	0	0	0	0	1657741794039
800	1533	0	0	0	0	0	0	1657741795059
800	1535	0	0	0	0	0	0	1657741796079
800	1537	0	0	0	0	0	0	1657741797099
800	1540	0	0	0	0	0	0	1657741798119
800	1542	0	0	0	0	0	0	1657741799139
800	1544	0	0	0	0	0	0	1657741800159
800	1544	0	0	0	0	0	0	1657741801179
800	1546	0	0	0	0	0	0	1657741802199
800	1544	0	0	0	0	0	0	1657741803219
800	1535	0	0	0	0	0	0	1657741804239
800	1529	0	0	0	0	0	0	1657741805259
800	1526	0	0	0	0	0	0	1657741806279
800	1526	0	0	0	0	0	0	1657741807299
800	1530	0	0	0	0	0	0	1657741808319
800	1534	0	0	0	0	0	0	1657741809339
800	1538	0	0	0	0	0	0	1657741810359
801	1541	0	0	0	0	0	0	1657741811379
801	1544	0	0	0	0	0	0	1657741812399
801	1546	0	0	0	0	0	0	1657741813419
801	1547	0	0	0	0	0	0	1657741814439
801	1547	0	0	0	0	0	0	1657741815459
801	1544	0	0	0	0	0	0	1657741816479
801	1544	0	0	0	0	0	0	1657741817499
801	1545	0	0	0	0	0	0	1657741818519
801	1546	0	0	0	0	0	0	1657741819539
801	1547	0	0	0	0	0	0	1657741820559
801	1548	0	0	0	0	0	0	1657741821579
801	1548	0	0	0	0	0	0	1657741822599
801	1548	0	0	0	0	0	0	1657741823619
801	1539	0	0	0	0	0	0	1657741824639
801	1532	0	0	0	0	0	0	1657741825659
801	1528	0	0	0	0	0	0	1657741826679
801	1529	0	0	0	0	0	0	1657741827699
801	1535	0	0	0	0	0	0	1657741828719
801	1539	0	0	0	0	0	0	1657741829739
801	1542	0	0	0	0	0	0	1657741830759
801	1544	0	0	0	0	0	0	1657741831779
801	1545	0	0	0	0	0	0	1657741832799
801	1547	0	0	0	0	0	0	1657741833819
801	1548	0	0	0	0	0	0	1657741834839
801	1548	0	0	0	0	0	0	1657741835859
801	1547	0	0	0	0	0	0	1657741836879
801	1547	0	0	0	0	0	0	1657741837899
801	1547	0	0	0	0	0	0	1657741838919
801	1548	0	0	0	0	0	0	1657741839939
801	1548	0	0	0	0	0	0	1657741840959
801	1541	0	0	0	0	0	0	1657741841979
801	1533	0	0	0	0	0	0	1657741842999
801	1528	0	0	0	0	0	0	1657741844019
801	1526	0	0	0	0	0	0	1657741845039
801	1529	0	0	0	0	0	0	1657741846059
801	1535	0	0	0	0	0	0	1657741847079
801	1540	0	0	0	0	0	0	1657741848099
801	1543	0	0	0	0	0	0	1657741849119
801	1544	0	0	0	0	0	0	1657741850139
801	1541	0	0	0	0	0	0	1657741851159
801	1533	0	0	0	0	0	0	1657741852179
801	1528	0	0	0	0	0	0	1657741853199
801	1525	0	0	0	0	0	0	1657741854219
801	1523	0	0	0	0	0	0	1657741855239
801	1522	0	0	0	0	0	0	1657741856259
801	1522	0	0	0	0	0	0	1657741857279
801	1522	0	0	0	0	0	0	1657741858299
801	1522	0	0	0	0	0	0	1657741859319
801	1522	0	0	0	0	0	0	1657741860339
801	1522	0	0	0	0	0	0	1657741861359
802	1522	0	0	0	0	0	0	1657741862379
802	1522	0	0	0	0	0	0	1657741863399
801	1522	0	0	0	0	0	0	1657741864419
802	1522	0	0	0	0	0	0	1657741865439
803	1522	0	0	0	0	0	0	1657741866459
803	1522	0	0	0	0	0	0	1657741867479
803	1522	0	0	0	0	0	0	1657741868499
803	1522	0	0	0	0	0	0	1657741869519
803	1522	0	0	0	0	0	0	1657741870539
803	1522	0	0	0	0	0	0	1657741871559
803	1522	0	0	0	0	0	0	1657741872579
803	1522	0	0	0	0	0	0	1657741873599
803	1522	0	0	0	0	0	0	1657741874619
802	1522	0	0	0	0	0	0	1657741875639
802	1522	0	0	0	0	0	0	1657741876659
802	1522	0	0	0	0	0	0	1657741877679
802	1522	0	0	0	0	0	0	1657741878699
803	1522	0	0	0	0	0	0	1657741879719
803	1522	0	0	0	0	0	0	1657741880739
802	1522	0	0	0	0	0	0	1657741881759
802	1522	0	0	0	0	0	0	1657741882779
804	1522	0	0	0	0	0	0	1657741883799
806	1522	0	0	0	0	0	0	1657741884819
807	1522	0	0	0	0	0	0	1657741885839
805	1522	0	0	0	0	0	0	1657741886859
805	1522	0	0	0	0	0	0	1657741887879
805	1520	0	0	0	0	0	0	1657741888899
803	1511	0	0	0	0	0	0	1657741889919
803	1514	0	0	0	0	0	0	1657741890939
803	1517	0	0	0	0	0	0	1657741891959
806	1519	0	0	0	0	0	0	1657741892979
808	1520	0	0	0	0	0	0	1657741893999
811	1520	0	0	0	0	0	0	1657741895019
809	1521	0	0	0	0	0	0	1657741896039
809	1521	0	0	0	0	0	0	1657741897059
813	1521	0	0	0	0	0	0	1657741898079
812	1521	0	0	0	0	0	0	1657741899099
812	1521	0	0	0	0	0	0	1657741900119
812	1521	0	0	0	0	0	0	1657741901139
814	1521	0	0	0	0	0	0	1657741902159
815	1521	0	0	0	0	0	0	1657741903179
814	1521	0	0	0	0	0	0	1657741904199
814	1521	0	0	0	0	0	0	1657741905219
816	1521	0	0	0	0	0	0	1657741906239
815	1521	0	0	0	0	0	0	1657741907259
816	1521	0	0	0	0	0	0	1657741908279
817	1521	0	0	0	0	0	0	1657741909299
818	1521	0	0	0	0	0	0	1657741910319
817	1521	0	0	0	0	0	0	1657741911339
815	1521	0	0	0	0	0	0	1657741912359
815	1521	0	0	0	0	0	0	1657741913379
816	1521	0	0	0	0	0	0	1657741914399
818	1521	0	0	0	0	0	0	1657741915419
818	1521	0	0	0	0	0	0	1657741916439
820	1521	0	0	0	0	0	0	1657741917459
821	1521	0	0	0	0	0	0	1657741918479
820	1521	0	0	0	0	0	0	1657741919499
820	1521	0	0	0	0	0	0	1657741920519
819	1521	0	0	0	0	0	0	1657741921539
819	1521	0	0	0	0	0	0	1657741922559
819	1521	0	0	0	0	0	0	1657741923579
820	1521	0	0	0	0	0	0	1657741924599
820	1521	0	0	0	0	0	0	1657741925619
820	1521	0	0	0	0	0	0	1657741926639
817	1521	0	0	0	0	0	0	1657741927659
819	1521	0	0	0	0	0	0	1657741928679
819	1521	0	0	0	0	0	0	1657741929699
821	1521	0	0	0	0	0	0	1657741930719
822	1521	0	0	0	0	0	0	1657741931739
821	1521	0	0	0	0	0	0	1657741932759
822	1521	0	0	0	0	0	0	1657741933779
821	1521	0	0	0	0	0	0	1657741934799
821	1521	0	0	0	0	0	0	1657741935819
10492	1521	0	0	0	0	0	0	1657741936839
6624	1521	0	0	0	0	0	0	1657741937859
4303	1521	0	0	0	0	0	0	1657741938879
2910	1521	0	0	0	0	0	0	1657741939899
2074	1521	0	0	0	0	0	0	1657741940919
1574	1521	0	0	0	0	0	0	1657741941939
1273	1522	0	0	0	0	0	0	1657741942959
1092	1522	0	0	0	0	0	0	1657741943979
984	1522	0	0	0	0	0	0	1657741944999
918	1522	0	0	0	0	0	0	1657741946019
880	1522	0	0	0	0	0	0	1657741947039
857	1522	0	0	0	0	0	0	1657741948059
842	1522	0	0	0	0	0	0	1657741949079
833	1522	0	0	0	0	0	0	1657741950099
