2144	1874	0	0	0	0	0	0	1657921569532
2127	1867	0	0	0	0	0	0	1657921570552
2106	1856	0	0	0	0	0	0	1657921571572
2084	1845	0	0	0	0	0	0	1657921572592
2061	1838	0	0	0	0	0	0	1657921573612
2038	1834	0	0	0	0	0	0	1657921574632
2020	1825	0	0	0	0	0	0	1657921575652
2000	1815	0	0	0	0	0	0	1657921576672
1985	1809	0	0	0	0	0	0	1657921577692
1968	1806	0	0	0	0	0	0	1657921578712
1957	1804	0	0	0	0	0	0	1657921579732
1941	1802	0	0	0	0	0	0	1657921580752
1930	1800	0	0	0	0	0	0	1657921581772
1920	1793	0	0	0	0	0	0	1657921582792
1906	1785	0	0	0	0	0	0	1657921583812
1898	1780	0	0	0	0	0	0	1657921584832
1889	1777	0	0	0	0	0	0	1657921585852
1877	1775	0	0	0	0	0	0	1657921586872
1869	1774	0	0	0	0	0	0	1657921587892
1865	1773	0	0	0	0	0	0	1657921588912
1857	1773	0	0	0	0	0	0	1657921589932
1846	1772	0	0	0	0	0	0	1657921590952
1840	1772	0	0	0	0	0	0	1657921591972
1836	1771	0	0	0	0	0	0	1657921592992
1834	1767	0	0	0	0	0	0	1657921594012
1827	1760	0	0	0	0	0	0	1657921595032
1818	1754	0	0	0	0	0	0	1657921596052
1812	1750	0	0	0	0	0	0	1657921597072
1808	1748	0	0	0	0	0	0	1657921598092
1806	1746	0	0	0	0	0	0	1657921599112
1804	1745	0	0	0	0	0	0	1657921600132
1803	1744	0	0	0	0	0	0	1657921601152
1802	1744	0	0	0	0	0	0	1657921602172
1796	1744	0	0	0	0	0	0	1657921603192
1788	1744	0	0	0	0	0	0	1657921604212
1782	1744	0	0	0	0	0	0	1657921605232
1779	1744	0	0	0	0	0	0	1657921606252
1777	1744	0	0	0	0	0	0	1657921607272
1776	1744	0	0	0	0	0	0	1657921608292
1775	1744	0	0	0	0	0	0	1657921609312
1771	1744	0	0	0	0	0	0	1657921610332
1762	1744	0	0	0	0	0	0	1657921611352
1756	1743	0	0	0	0	0	0	1657921612372
1753	1743	0	0	0	0	0	0	1657921613392
1750	1743	0	0	0	0	0	0	1657921614412
1749	1742	0	0	0	0	0	0	1657921615432
1748	1741	0	0	0	0	0	0	1657921616452
1747	1738	0	0	0	0	0	0	1657921617472
1747	1736	0	0	0	0	0	0	1657921618492
1746	1735	0	0	0	0	0	0	1657921619512
1741	1729	0	0	0	0	0	0	1657921620532
1732	1724	0	0	0	0	0	0	1657921621552
1727	1721	0	0	0	0	0	0	1657921622572
1724	1720	0	0	0	0	0	0	1657921623592
1722	1718	0	0	0	0	0	0	1657921624612
1721	1717	0	0	0	0	0	0	1657921625632
1720	1717	0	0	0	0	0	0	1657921626652
1720	1717	0	0	0	0	0	0	1657921627672
1719	1717	0	0	0	0	0	0	1657921628692
1719	1716	0	0	0	0	0	0	1657921629712
1719	1716	0	0	0	0	0	0	1657921630732
1716	1716	0	0	0	0	0	0	1657921631752
1709	1716	0	0	0	0	0	0	1657921632772
1702	1716	0	0	0	0	0	0	1657921633792
1698	1716	0	0	0	0	0	0	1657921634812
1695	1716	0	0	0	0	0	0	1657921635832
1694	1716	0	0	0	0	0	0	1657921636852
1693	1716	0	0	0	0	0	0	1657921637872
1692	1716	0	0	0	0	0	0	1657921638892
1691	1716	0	0	0	0	0	0	1657921639912
1691	1716	0	0	0	0	0	0	1657921640932
1691	1716	0	0	0	0	0	0	1657921641952
1691	1716	0	0	0	0	0	0	1657921642972
1690	1716	0	0	0	0	0	0	1657921643992
1687	1716	0	0	0	0	0	0	1657921645012
1681	1716	0	0	0	0	0	0	1657921646032
1674	1716	0	0	0	0	0	0	1657921647052
1670	1716	0	0	0	0	0	0	1657921648072
1667	1716	0	0	0	0	0	0	1657921649092
1665	1716	0	0	0	0	0	0	1657921650112
1664	1716	0	0	0	0	0	0	1657921651132
1664	1716	0	0	0	0	0	0	1657921652152
1664	1716	0	0	0	0	0	0	1657921653172
1664	1716	0	0	0	0	0	0	1657921654192
1663	1716	0	0	0	0	0	0	1657921655212
1663	1716	0	0	0	0	0	0	1657921656232
1663	1716	0	0	0	0	0	0	1657921657252
1663	1716	0	0	0	0	0	0	1657921658272
1663	1716	0	0	0	0	0	0	1657921659292
1663	1716	0	0	0	0	0	0	1657921660312
1662	1716	0	0	0	0	0	0	1657921661332
1658	1716	0	0	0	0	0	0	1657921662352
1653	1716	0	0	0	0	0	0	1657921663372
1647	1716	0	0	0	0	0	0	1657921664392
1643	1716	0	0	0	0	0	0	1657921665412
1640	1716	0	0	0	0	0	0	1657921666432
1638	1716	0	0	0	0	0	0	1657921667452
1637	1716	0	0	0	0	0	0	1657921668472
1636	1716	0	0	0	0	0	0	1657921669492
1636	1716	0	0	0	0	0	0	1657921670512
1636	1716	0	0	0	0	0	0	1657921671532
1635	1716	0	0	0	0	0	0	1657921672552
1635	1716	0	0	0	0	0	0	1657921673572
1635	1716	0	0	0	0	0	0	1657921674592
1635	1716	0	0	0	0	0	0	1657921675612
1635	1716	0	0	0	0	0	0	1657921676632
1635	1716	0	0	0	0	0	0	1657921677652
1635	1716	0	0	0	0	0	0	1657921678672
1635	1716	0	0	0	0	0	0	1657921679692
1635	1715	0	0	0	0	0	0	1657921680712
1635	1715	0	0	0	0	0	0	1657921681732
1631	1714	0	0	0	0	0	0	1657921682752
1628	1715	0	0	0	0	0	0	1657921683772
1624	1715	0	0	0	0	0	0	1657921684792
1618	1715	0	0	0	0	0	0	1657921685812
1614	1715	0	0	0	0	0	0	1657921686832
1611	1711	0	0	0	0	0	0	1657921687852
1609	1711	0	0	0	0	0	0	1657921688872
1608	1711	0	0	0	0	0	0	1657921689892
1608	1707	0	0	0	0	0	0	1657921690912
1608	1707	0	0	0	0	0	0	1657921691932
1607	1705	0	0	0	0	0	0	1657921692952
1607	1702	0	0	0	0	0	0	1657921693972
1607	1700	0	0	0	0	0	0	1657921694992
1607	1700	0	0	0	0	0	0	1657921696012
1607	1699	0	0	0	0	0	0	1657921697032
1607	1696	0	0	0	0	0	0	1657921698052
1607	1694	0	0	0	0	0	0	1657921699072
1607	1692	0	0	0	0	0	0	1657921700092
1607	1691	0	0	0	0	0	0	1657921701112
1607	1690	0	0	0	0	0	0	1657921702132
1607	1690	0	0	0	0	0	0	1657921703152
1607	1690	0	0	0	0	0	0	1657921704172
1607	1689	0	0	0	0	0	0	1657921705192
1607	1689	0	0	0	0	0	0	1657921706212
1607	1689	0	0	0	0	0	0	1657921707232
1607	1688	0	0	0	0	0	0	1657921708252
1607	1688	0	0	0	0	0	0	1657921709272
1603	1688	0	0	0	0	0	0	1657921710292
1599	1688	0	0	0	0	0	0	1657921711312
1595	1688	0	0	0	0	0	0	1657921712332
1589	1688	0	0	0	0	0	0	1657921713352
1585	1688	0	0	0	0	0	0	1657921714372
1583	1688	0	0	0	0	0	0	1657921715392
1581	1688	0	0	0	0	0	0	1657921716412
1580	1688	0	0	0	0	0	0	1657921717432
1580	1688	0	0	0	0	0	0	1657921718452
1580	1688	0	0	0	0	0	0	1657921719472
1580	1688	0	0	0	0	0	0	1657921720492
1579	1688	0	0	0	0	0	0	1657921721512
1579	1688	0	0	0	0	0	0	1657921722532
1579	1688	0	0	0	0	0	0	1657921723552
1579	1688	0	0	0	0	0	0	1657921724572
1579	1688	0	0	0	0	0	0	1657921725592
1579	1688	0	0	0	0	0	0	1657921726612
1579	1688	0	0	0	0	0	0	1657921727632
1579	1688	0	0	0	0	0	0	1657921728652
1579	1688	0	0	0	0	0	0	1657921729672
1579	1688	0	0	0	0	0	0	1657921730692
1579	1688	0	0	0	0	0	0	1657921731712
1579	1688	0	0	0	0	0	0	1657921732732
1579	1688	0	0	0	0	0	0	1657921733752
1579	1688	0	0	0	0	0	0	1657921734772
1579	1688	0	0	0	0	0	0	1657921735792
1579	1688	0	0	0	0	0	0	1657921736812
1579	1688	0	0	0	0	0	0	1657921737832
1579	1688	0	0	0	0	0	0	1657921738852
1579	1688	0	0	0	0	0	0	1657921739872
1576	1688	0	0	0	0	0	0	1657921740892
1572	1688	0	0	0	0	0	0	1657921741912
1568	1688	0	0	0	0	0	0	1657921742932
1563	1688	0	0	0	0	0	0	1657921743952
1559	1688	0	0	0	0	0	0	1657921744972
1556	1688	0	0	0	0	0	0	1657921745992
1554	1688	0	0	0	0	0	0	1657921747012
1552	1688	0	0	0	0	0	0	1657921748032
1552	1688	0	0	0	0	0	0	1657921749052
1552	1688	0	0	0	0	0	0	1657921750072
1552	1688	0	0	0	0	0	0	1657921751092
1552	1688	0	0	0	0	0	0	1657921752112
1552	1688	0	0	0	0	0	0	1657921753132
1552	1688	0	0	0	0	0	0	1657921754152
1552	1688	0	0	0	0	0	0	1657921755172
1552	1688	0	0	0	0	0	0	1657921756192
1551	1688	0	0	0	0	0	0	1657921757212
1551	1688	0	0	0	0	0	0	1657921758232
1551	1688	0	0	0	0	0	0	1657921759252
1551	1688	0	0	0	0	0	0	1657921760272
1551	1688	0	0	0	0	0	0	1657921761292
1551	1688	0	0	0	0	0	0	1657921762312
1551	1688	0	0	0	0	0	0	1657921763332
1551	1688	0	0	0	0	0	0	1657921764352
1551	1688	0	0	0	0	0	0	1657921765372
1551	1688	0	0	0	0	0	0	1657921766392
1551	1688	0	0	0	0	0	0	1657921767412
1551	1688	0	0	0	0	0	0	1657921768432
1551	1688	0	0	0	0	0	0	1657921769452
1551	1688	0	0	0	0	0	0	1657921770472
1546	1688	0	0	0	0	0	0	1657921771492
1545	1688	0	0	0	0	0	0	1657921772512
1540	1687	0	0	0	0	0	0	1657921773532
1539	1687	0	0	0	0	0	0	1657921774552
1535	1686	0	0	0	0	0	0	1657921775572
1532	1685	0	0	0	0	0	0	1657921776592
1529	1685	0	0	0	0	0	0	1657921777612
1527	1683	0	0	0	0	0	0	1657921778632
1526	1681	0	0	0	0	0	0	1657921779652
1525	1680	0	0	0	0	0	0	1657921780672
1524	1679	0	0	0	0	0	0	1657921781692
1524	1677	0	0	0	0	0	0	1657921782712
1524	1675	0	0	0	0	0	0	1657921783732
1523	1673	0	0	0	0	0	0	1657921784752
1523	1671	0	0	0	0	0	0	1657921785772
1523	1670	0	0	0	0	0	0	1657921786792
1523	1667	0	0	0	0	0	0	1657921787812
1523	1665	0	0	0	0	0	0	1657921788832
1523	1663	0	0	0	0	0	0	1657921789852
1523	1662	0	0	0	0	0	0	1657921790872
1523	1661	0	0	0	0	0	0	1657921791892
1523	1660	0	0	0	0	0	0	1657921792912
1523	1661	0	0	0	0	0	0	1657921793932
1523	1661	0	0	0	0	0	0	1657921794952
1523	1660	0	0	0	0	0	0	1657921795972
1523	1660	0	0	0	0	0	0	1657921796992
1523	1660	0	0	0	0	0	0	1657921798012
1523	1660	0	0	0	0	0	0	1657921799032
1523	1660	0	0	0	0	0	0	1657921800052
1523	1660	0	0	0	0	0	0	1657921801072
1523	1660	0	0	0	0	0	0	1657921802092
1523	1660	0	0	0	0	0	0	1657921803112
1523	1660	0	0	0	0	0	0	1657921804132
1523	1660	0	0	0	0	0	0	1657921805152
1523	1660	0	0	0	0	0	0	1657921806172
1523	1660	0	0	0	0	0	0	1657921807192
1522	1660	0	0	0	0	0	0	1657921808212
1520	1660	0	0	0	0	0	0	1657921809232
1516	1660	0	0	0	0	0	0	1657921810252
1512	1660	0	0	0	0	0	0	1657921811272
1508	1660	0	0	0	0	0	0	1657921812292
1505	1660	0	0	0	0	0	0	1657921813312
1502	1660	0	0	0	0	0	0	1657921814332
1500	1660	0	0	0	0	0	0	1657921815352
1498	1660	0	0	0	0	0	0	1657921816372
1497	1660	0	0	0	0	0	0	1657921817392
1497	1660	0	0	0	0	0	0	1657921818412
1496	1660	0	0	0	0	0	0	1657921819432
1496	1660	0	0	0	0	0	0	1657921820452
1496	1660	0	0	0	0	0	0	1657921821472
1496	1660	0	0	0	0	0	0	1657921822492
1496	1660	0	0	0	0	0	0	1657921823512
1496	1660	0	0	0	0	0	0	1657921824532
1496	1660	0	0	0	0	0	0	1657921825552
1496	1660	0	0	0	0	0	0	1657921826572
1496	1660	0	0	0	0	0	0	1657921827592
1495	1660	0	0	0	0	0	0	1657921828612
1495	1660	0	0	0	0	0	0	1657921829632
1495	1660	0	0	0	0	0	0	1657921830652
1495	1660	0	0	0	0	0	0	1657921831672
1495	1660	0	0	0	0	0	0	1657921832692
1495	1660	0	0	0	0	0	0	1657921833712
1495	1660	0	0	0	0	0	0	1657921834732
1495	1660	0	0	0	0	0	0	1657921835752
1495	1660	0	0	0	0	0	0	1657921836772
1495	1660	0	0	0	0	0	0	1657921837792
1495	1660	0	0	0	0	0	0	1657921838812
1495	1660	0	0	0	0	0	0	1657921839832
1495	1660	0	0	0	0	0	0	1657921840852
1495	1660	0	0	0	0	0	0	1657921841872
1495	1660	0	0	0	0	0	0	1657921842892
1495	1660	0	0	0	0	0	0	1657921843912
1495	1660	0	0	0	0	0	0	1657921844932
1495	1660	0	0	0	0	0	0	1657921845952
1495	1660	0	0	0	0	0	0	1657921846972
1495	1660	0	0	0	0	0	0	1657921847992
1495	1660	0	0	0	0	0	0	1657921849012
1495	1660	0	0	0	0	0	0	1657921850032
1494	1660	0	0	0	0	0	0	1657921851052
1493	1660	0	0	0	0	0	0	1657921852072
1491	1660	0	0	0	0	0	0	1657921853092
1492	1660	0	0	0	0	0	0	1657921854112
1488	1660	0	0	0	0	0	0	1657921855132
1482	1660	0	0	0	0	0	0	1657921856152
1478	1660	0	0	0	0	0	0	1657921857172
1476	1660	0	0	0	0	0	0	1657921858192
1474	1660	0	0	0	0	0	0	1657921859212
1472	1660	0	0	0	0	0	0	1657921860232
1470	1660	0	0	0	0	0	0	1657921861252
1469	1660	0	0	0	0	0	0	1657921862272
1468	1660	0	0	0	0	0	0	1657921863292
1468	1660	0	0	0	0	0	0	1657921864312
1468	1660	0	0	0	0	0	0	1657921865332
1468	1660	0	0	0	0	0	0	1657921866352
1468	1660	0	0	0	0	0	0	1657921867372
1468	1660	0	0	0	0	0	0	1657921868392
1468	1660	0	0	0	0	0	0	1657921869412
1468	1660	0	0	0	0	0	0	1657921870432
1468	1660	0	0	0	0	0	0	1657921871452
1468	1660	0	0	0	0	0	0	1657921872472
1468	1659	0	0	0	0	0	0	1657921873492
1468	1658	0	0	0	0	0	0	1657921874512
10880	1657	0	0	0	0	0	0	1657921875532
7115	1655	0	0	0	0	0	0	1657921876552
4856	1655	0	0	0	0	0	0	1657921877572
3501	1654	0	0	0	0	0	0	1657921878592
2688	1653	0	0	0	0	0	0	1657921879612
2200	1652	0	0	0	0	0	0	1657921880632
1907	1651	0	0	0	0	0	0	1657921881652
1731	1649	0	0	0	0	0	0	1657921882672
1626	1648	0	0	0	0	0	0	1657921883692
1562	1644	0	0	0	0	0	0	1657921884712
1524	1642	0	0	0	0	0	0	1657921885732
1501	1641	0	0	0	0	0	0	1657921886752
1488	1640	0	0	0	0	0	0	1657921887772
1480	1639	0	0	0	0	0	0	1657921888792
1475	1637	0	0	0	0	0	0	1657921889812
1472	1637	0	0	0	0	0	0	1657921890832
1470	1636	0	0	0	0	0	0	1657921891852
1469	1635	0	0	0	0	0	0	1657921892872
1468	1634	0	0	0	0	0	0	1657921893892
1468	1634	0	0	0	0	0	0	1657921894912
1468	1633	0	0	0	0	0	0	1657921895932
1468	1633	0	0	0	0	0	0	1657921896952
1468	1633	0	0	0	0	0	0	1657921897972
1468	1633	0	0	0	0	0	0	1657921898992
1467	1632	0	0	0	0	0	0	1657921900012
1467	1632	0	0	0	0	0	0	1657921901032
1467	1632	0	0	0	0	0	0	1657921902052
1466	1632	0	0	0	0	0	0	1657921903072
1464	1632	0	0	0	0	0	0	1657921904092
1460	1628	0	0	0	0	0	0	1657921905112
1459	1630	0	0	0	0	0	0	1657921906132
1458	1625	0	0	0	0	0	0	1657921907152
1457	1621	0	0	0	0	0	0	1657921908172
1452	1634	0	0	0	0	0	0	1657921909192
1448	1644	0	0	0	0	0	0	1657921910212
1445	1650	0	0	0	0	0	0	1657921911232
1443	1654	0	0	0	0	0	0	1657921912252
1443	1657	0	0	0	0	0	0	1657921913272
1442	1661	0	0	0	0	0	0	1657921914292
1441	1663	0	0	0	0	0	0	1657921915312
1441	1665	0	0	0	0	0	0	1657921916332
1440	1665	0	0	0	0	0	0	1657921917352
1440	1667	0	0	0	0	0	0	1657921918372
1440	1669	0	0	0	0	0	0	1657921919392
1440	1671	0	0	0	0	0	0	1657921920412
1440	1673	0	0	0	0	0	0	1657921921432
1440	1675	0	0	0	0	0	0	1657921922452
1440	1677	0	0	0	0	0	0	1657921923472
1439	1677	0	0	0	0	0	0	1657921924492
1439	1677	0	0	0	0	0	0	1657921925512
1439	1675	0	0	0	0	0	0	1657921926532
1439	1677	0	0	0	0	0	0	1657921927552
1439	1677	0	0	0	0	0	0	1657921928572
1439	1679	0	0	0	0	0	0	1657921929592
1439	1677	0	0	0	0	0	0	1657921930612
1439	1674	0	0	0	0	0	0	1657921931632
1440	1672	0	0	0	0	0	0	1657921932652
1440	1674	0	0	0	0	0	0	1657921933672
1440	1674	0	0	0	0	0	0	1657921934692
1440	1672	0	0	0	0	0	0	1657921935712
1440	1671	0	0	0	0	0	0	1657921936732
1440	1670	0	0	0	0	0	0	1657921937752
1440	1669	0	0	0	0	0	0	1657921938772
1440	1668	0	0	0	0	0	0	1657921939792
1440	1666	0	0	0	0	0	0	1657921940812
1440	1664	0	0	0	0	0	0	1657921941832
1440	1663	0	0	0	0	0	0	1657921942852
1439	1662	0	0	0	0	0	0	1657921943872
1439	1661	0	0	0	0	0	0	1657921944892
1439	1661	0	0	0	0	0	0	1657921945912
1439	1661	0	0	0	0	0	0	1657921946932
1439	1662	0	0	0	0	0	0	1657921947952
1440	1661	0	0	0	0	0	0	1657921948972
1440	1661	0	0	0	0	0	0	1657921949992
1440	1661	0	0	0	0	0	0	1657921951012
1439	1661	0	0	0	0	0	0	1657921952032
1438	1661	0	0	0	0	0	0	1657921953052
1437	1661	0	0	0	0	0	0	1657921954072
1433	1661	0	0	0	0	0	0	1657921955092
1429	1661	0	0	0	0	0	0	1657921956112
1426	1661	0	0	0	0	0	0	1657921957132
1422	1661	0	0	0	0	0	0	1657921958152
1422	1661	0	0	0	0	0	0	1657921959172
1428	1661	0	0	0	0	0	0	1657921960192
1433	1661	0	0	0	0	0	0	1657921961212
1436	1661	0	0	0	0	0	0	1657921962232
1437	1661	0	0	0	0	0	0	1657921963252
1438	1661	0	0	0	0	0	0	1657921964272
1439	1661	0	0	0	0	0	0	1657921965292
1439	1661	0	0	0	0	0	0	1657921966312
1439	1661	0	0	0	0	0	0	1657921967332
1439	1661	0	0	0	0	0	0	1657921968352
1439	1661	0	0	0	0	0	0	1657921969372
1440	1661	0	0	0	0	0	0	1657921970392
1440	1661	0	0	0	0	0	0	1657921971412
1440	1661	0	0	0	0	0	0	1657921972432
1439	1661	0	0	0	0	0	0	1657921973452
1438	1661	0	0	0	0	0	0	1657921974472
1437	1661	0	0	0	0	0	0	1657921975492
1434	1661	0	0	0	0	0	0	1657921976512
1431	1661	0	0	0	0	0	0	1657921977532
1429	1661	0	0	0	0	0	0	1657921978552
1427	1661	0	0	0	0	0	0	1657921979572
1425	1661	0	0	0	0	0	0	1657921980592
1424	1661	0	0	0	0	0	0	1657921981612
1426	1661	0	0	0	0	0	0	1657921982632
1423	1661	0	0	0	0	0	0	1657921983652
1421	1661	0	0	0	0	0	0	1657921984672
1419	1661	0	0	0	0	0	0	1657921985692
1418	1661	0	0	0	0	0	0	1657921986712
1415	1661	0	0	0	0	0	0	1657921987732
1414	1661	0	0	0	0	0	0	1657921988752
1413	1661	0	0	0	0	0	0	1657921989772
1413	1661	0	0	0	0	0	0	1657921990792
1413	1661	0	0	0	0	0	0	1657921991812
1412	1661	0	0	0	0	0	0	1657921992832
1412	1661	0	0	0	0	0	0	1657921993852
1412	1661	0	0	0	0	0	0	1657921994872
1412	1660	0	0	0	0	0	0	1657921995892
1412	1660	0	0	0	0	0	0	1657921996912
1412	1660	0	0	0	0	0	0	1657921997932
1412	1660	0	0	0	0	0	0	1657921998952
1412	1660	0	0	0	0	0	0	1657921999972
1412	1660	0	0	0	0	0	0	1657922000992
1412	1660	0	0	0	0	0	0	1657922002012
1412	1660	0	0	0	0	0	0	1657922003032
1412	1660	0	0	0	0	0	0	1657922004052
1412	1659	0	0	0	0	0	0	1657922005072
1412	1658	0	0	0	0	0	0	1657922006092
1412	1658	0	0	0	0	0	0	1657922007112
1412	1659	0	0	0	0	0	0	1657922008132
1412	1658	0	0	0	0	0	0	1657922009152
1412	1657	0	0	0	0	0	0	1657922010172
1412	1657	0	0	0	0	0	0	1657922011192
1412	1657	0	0	0	0	0	0	1657922012212
1412	1656	0	0	0	0	0	0	1657922013232
1412	1654	0	0	0	0	0	0	1657922014252
1412	1653	0	0	0	0	0	0	1657922015272
1412	1652	0	0	0	0	0	0	1657922016292
1412	1651	0	0	0	0	0	0	1657922017312
1412	1648	0	0	0	0	0	0	1657922018332
1412	1645	0	0	0	0	0	0	1657922019352
1412	1643	0	0	0	0	0	0	1657922020372
1412	1643	0	0	0	0	0	0	1657922021392
1412	1640	0	0	0	0	0	0	1657922022412
1412	1638	0	0	0	0	0	0	1657922023432
1412	1636	0	0	0	0	0	0	1657922024452
1412	1636	0	0	0	0	0	0	1657922025472
1412	1635	0	0	0	0	0	0	1657922026492
1412	1635	0	0	0	0	0	0	1657922027512
1412	1634	0	0	0	0	0	0	1657922028532
1412	1634	0	0	0	0	0	0	1657922029552
1412	1633	0	0	0	0	0	0	1657922030572
1412	1633	0	0	0	0	0	0	1657922031592
1412	1633	0	0	0	0	0	0	1657922032612
1412	1633	0	0	0	0	0	0	1657922033632
1412	1633	0	0	0	0	0	0	1657922034652
1412	1633	0	0	0	0	0	0	1657922035672
1412	1633	0	0	0	0	0	0	1657922036692
1412	1633	0	0	0	0	0	0	1657922037712
1412	1633	0	0	0	0	0	0	1657922038732
1412	1633	0	0	0	0	0	0	1657922039752
1412	1633	0	0	0	0	0	0	1657922040772
1412	1633	0	0	0	0	0	0	1657922041792
1412	1633	0	0	0	0	0	0	1657922042812
1411	1633	0	0	0	0	0	0	1657922043832
1411	1633	0	0	0	0	0	0	1657922044852
1411	1633	0	0	0	0	0	0	1657922045872
1411	1633	0	0	0	0	0	0	1657922046892
1410	1633	0	0	0	0	0	0	1657922047912
1409	1633	0	0	0	0	0	0	1657922048932
1407	1633	0	0	0	0	0	0	1657922049952
1406	1633	0	0	0	0	0	0	1657922050972
1404	1633	0	0	0	0	0	0	1657922051992
1401	1633	0	0	0	0	0	0	1657922053012
1400	1633	0	0	0	0	0	0	1657922054032
1397	1633	0	0	0	0	0	0	1657922055052
1394	1633	0	0	0	0	0	0	1657922056072
1392	1632	0	0	0	0	0	0	1657922057092
1390	1632	0	0	0	0	0	0	1657922058112
1389	1632	0	0	0	0	0	0	1657922059132
1388	1632	0	0	0	0	0	0	1657922060152
1386	1632	0	0	0	0	0	0	1657922061172
1385	1632	0	0	0	0	0	0	1657922062192
1384	1632	0	0	0	0	0	0	1657922063212
1384	1632	0	0	0	0	0	0	1657922064232
1384	1632	0	0	0	0	0	0	1657922065252
1384	1632	0	0	0	0	0	0	1657922066272
1384	1632	0	0	0	0	0	0	1657922067292
1384	1632	0	0	0	0	0	0	1657922068312
1384	1632	0	0	0	0	0	0	1657922069332
1384	1632	0	0	0	0	0	0	1657922070352
1384	1632	0	0	0	0	0	0	1657922071372
1384	1632	0	0	0	0	0	0	1657922072392
1384	1632	0	0	0	0	0	0	1657922073412
1384	1632	0	0	0	0	0	0	1657922074432
1384	1632	0	0	0	0	0	0	1657922075452
1384	1632	0	0	0	0	0	0	1657922076472
1384	1632	0	0	0	0	0	0	1657922077492
1384	1632	0	0	0	0	0	0	1657922078512
1384	1632	0	0	0	0	0	0	1657922079532
1384	1632	0	0	0	0	0	0	1657922080552
1384	1632	0	0	0	0	0	0	1657922081572
1384	1632	0	0	0	0	0	0	1657922082592
1384	1632	0	0	0	0	0	0	1657922083612
1384	1632	0	0	0	0	0	0	1657922084632
1384	1632	0	0	0	0	0	0	1657922085652
1384	1632	0	0	0	0	0	0	1657922086672
1384	1632	0	0	0	0	0	0	1657922087692
1384	1632	0	0	0	0	0	0	1657922088712
1384	1632	0	0	0	0	0	0	1657922089732
1384	1632	0	0	0	0	0	0	1657922090752
1384	1632	0	0	0	0	0	0	1657922091772
1384	1632	0	0	0	0	0	0	1657922092792
1384	1632	0	0	0	0	0	0	1657922093812
1384	1632	0	0	0	0	0	0	1657922094832
1384	1632	0	0	0	0	0	0	1657922095852
1383	1631	0	0	0	0	0	0	1657922096872
1383	1631	0	0	0	0	0	0	1657922097892
1383	1631	0	0	0	0	0	0	1657922098912
1383	1631	0	0	0	0	0	0	1657922099932
1383	1631	0	0	0	0	0	0	1657922100952
1384	1631	0	0	0	0	0	0	1657922101972
1384	1631	0	0	0	0	0	0	1657922102992
1384	1631	0	0	0	0	0	0	1657922104012
1384	1630	0	0	0	0	0	0	1657922105032
1384	1629	0	0	0	0	0	0	1657922106052
1384	1630	0	0	0	0	0	0	1657922107072
1384	1630	0	0	0	0	0	0	1657922108092
1384	1627	0	0	0	0	0	0	1657922109112
1384	1626	0	0	0	0	0	0	1657922110132
1384	1625	0	0	0	0	0	0	1657922111152
1384	1622	0	0	0	0	0	0	1657922112172
1384	1620	0	0	0	0	0	0	1657922113192
1384	1618	0	0	0	0	0	0	1657922114212
1384	1616	0	0	0	0	0	0	1657922115232
1384	1613	0	0	0	0	0	0	1657922116252
1384	1613	0	0	0	0	0	0	1657922117272
1384	1611	0	0	0	0	0	0	1657922118292
1384	1609	0	0	0	0	0	0	1657922119312
1384	1608	0	0	0	0	0	0	1657922120332
1384	1607	0	0	0	0	0	0	1657922121352
1384	1606	0	0	0	0	0	0	1657922122372
1383	1606	0	0	0	0	0	0	1657922123392
1383	1605	0	0	0	0	0	0	1657922124412
1383	1605	0	0	0	0	0	0	1657922125432
1383	1605	0	0	0	0	0	0	1657922126452
1382	1605	0	0	0	0	0	0	1657922127472
1382	1605	0	0	0	0	0	0	1657922128492
1382	1605	0	0	0	0	0	0	1657922129512
1381	1605	0	0	0	0	0	0	1657922130532
1380	1605	0	0	0	0	0	0	1657922131552
1379	1605	0	0	0	0	0	0	1657922132572
1376	1605	0	0	0	0	0	0	1657922133592
1374	1605	0	0	0	0	0	0	1657922134612
1372	1605	0	0	0	0	0	0	1657922135632
1368	1605	0	0	0	0	0	0	1657922136652
1369	1605	0	0	0	0	0	0	1657922137672
1367	1605	0	0	0	0	0	0	1657922138692
1365	1605	0	0	0	0	0	0	1657922139712
1363	1605	0	0	0	0	0	0	1657922140732
1361	1605	0	0	0	0	0	0	1657922141752
1360	1605	0	0	0	0	0	0	1657922142772
1359	1605	0	0	0	0	0	0	1657922143792
1358	1605	0	0	0	0	0	0	1657922144812
1358	1605	0	0	0	0	0	0	1657922145832
1358	1605	0	0	0	0	0	0	1657922146852
1357	1605	0	0	0	0	0	0	1657922147872
1356	1605	0	0	0	0	0	0	1657922148892
1356	1605	0	0	0	0	0	0	1657922149912
1356	1605	0	0	0	0	0	0	1657922150932
1356	1605	0	0	0	0	0	0	1657922151952
1356	1605	0	0	0	0	0	0	1657922152972
1356	1605	0	0	0	0	0	0	1657922153992
1356	1605	0	0	0	0	0	0	1657922155012
1356	1605	0	0	0	0	0	0	1657922156032
1356	1605	0	0	0	0	0	0	1657922157052
1356	1605	0	0	0	0	0	0	1657922158072
1356	1605	0	0	0	0	0	0	1657922159092
1356	1605	0	0	0	0	0	0	1657922160112
1356	1605	0	0	0	0	0	0	1657922161132
1356	1605	0	0	0	0	0	0	1657922162152
1356	1605	0	0	0	0	0	0	1657922163172
1356	1605	0	0	0	0	0	0	1657922164192
1356	1605	0	0	0	0	0	0	1657922165212
1356	1605	0	0	0	0	0	0	1657922166232
1356	1605	0	0	0	0	0	0	1657922167252
1356	1605	0	0	0	0	0	0	1657922168272
1356	1605	0	0	0	0	0	0	1657922169292
1356	1605	0	0	0	0	0	0	1657922170312
1356	1605	0	0	0	0	0	0	1657922171332
1356	1605	0	0	0	0	0	0	1657922172352
1356	1605	0	0	0	0	0	0	1657922173372
1356	1605	0	0	0	0	0	0	1657922174392
1356	1605	0	0	0	0	0	0	1657922175412
1356	1605	0	0	0	0	0	0	1657922176432
1356	1605	0	0	0	0	0	0	1657922177452
1356	1605	0	0	0	0	0	0	1657922178472
1356	1605	0	0	0	0	0	0	1657922179492
1356	1605	0	0	0	0	0	0	1657922180512
1356	1604	0	0	0	0	0	0	1657922181532
1356	1604	0	0	0	0	0	0	1657922182552
1356	1604	0	0	0	0	0	0	1657922183572
1356	1604	0	0	0	0	0	0	1657922184592
1356	1604	0	0	0	0	0	0	1657922185612
1356	1604	0	0	0	0	0	0	1657922186632
1356	1604	0	0	0	0	0	0	1657922187652
1356	1604	0	0	0	0	0	0	1657922188672
1356	1604	0	0	0	0	0	0	1657922189692
1356	1604	0	0	0	0	0	0	1657922190712
1356	1604	0	0	0	0	0	0	1657922191732
1356	1604	0	0	0	0	0	0	1657922192752
1356	1604	0	0	0	0	0	0	1657922193772
1356	1604	0	0	0	0	0	0	1657922194792
1356	1604	0	0	0	0	0	0	1657922195812
1356	1604	0	0	0	0	0	0	1657922196832
1356	1604	0	0	0	0	0	0	1657922197852
1356	1604	0	0	0	0	0	0	1657922198872
1356	1604	0	0	0	0	0	0	1657922199892
1356	1604	0	0	0	0	0	0	1657922200912
1356	1604	0	0	0	0	0	0	1657922201932
1356	1604	0	0	0	0	0	0	1657922202952
1356	1604	0	0	0	0	0	0	1657922203972
1356	1604	0	0	0	0	0	0	1657922204992
1356	1604	0	0	0	0	0	0	1657922206012
1356	1604	0	0	0	0	0	0	1657922207032
1356	1603	0	0	0	0	0	0	1657922208052
1356	1603	0	0	0	0	0	0	1657922209072
1356	1603	0	0	0	0	0	0	1657922210092
1356	1604	0	0	0	0	0	0	1657922211112
1356	1603	0	0	0	0	0	0	1657922212132
1356	1603	0	0	0	0	0	0	1657922213152
1356	1603	0	0	0	0	0	0	1657922214172
1356	1602	0	0	0	0	0	0	1657922215192
1356	1602	0	0	0	0	0	0	1657922216212
1355	1602	0	0	0	0	0	0	1657922217232
1354	1600	0	0	0	0	0	0	1657922218252
1354	1599	0	0	0	0	0	0	1657922219272
1354	1598	0	0	0	0	0	0	1657922220292
1354	1597	0	0	0	0	0	0	1657922221312
1352	1597	0	0	0	0	0	0	1657922222332
1352	1597	0	0	0	0	0	0	1657922223352
1351	1596	0	0	0	0	0	0	1657922224372
1351	1594	0	0	0	0	0	0	1657922225392
1352	1592	0	0	0	0	0	0	1657922226412
1350	1591	0	0	0	0	0	0	1657922227432
1350	1591	0	0	0	0	0	0	1657922228452
1349	1590	0	0	0	0	0	0	1657922229472
1347	1587	0	0	0	0	0	0	1657922230492
1346	1585	0	0	0	0	0	0	1657922231512
1344	1583	0	0	0	0	0	0	1657922232532
1342	1582	0	0	0	0	0	0	1657922233552
1340	1582	0	0	0	0	0	0	1657922234572
1338	1580	0	0	0	0	0	0	1657922235592
1335	1579	0	0	0	0	0	0	1657922236612
1334	1579	0	0	0	0	0	0	1657922237632
1333	1578	0	0	0	0	0	0	1657922238652
1332	1578	0	0	0	0	0	0	1657922239672
1331	1577	0	0	0	0	0	0	1657922240692
1330	1577	0	0	0	0	0	0	1657922241712
1330	1577	0	0	0	0	0	0	1657922242732
1329	1577	0	0	0	0	0	0	1657922243752
1329	1577	0	0	0	0	0	0	1657922244772
1329	1577	0	0	0	0	0	0	1657922245792
1329	1577	0	0	0	0	0	0	1657922246812
1329	1577	0	0	0	0	0	0	1657922247832
1329	1577	0	0	0	0	0	0	1657922248852
1329	1577	0	0	0	0	0	0	1657922249872
1329	1577	0	0	0	0	0	0	1657922250892
1329	1577	0	0	0	0	0	0	1657922251912
1329	1577	0	0	0	0	0	0	1657922252932
1328	1577	0	0	0	0	0	0	1657922253952
1328	1577	0	0	0	0	0	0	1657922254972
1328	1577	0	0	0	0	0	0	1657922255992
1328	1577	0	0	0	0	0	0	1657922257012
1328	1577	0	0	0	0	0	0	1657922258032
1328	1577	0	0	0	0	0	0	1657922259052
1328	1577	0	0	0	0	0	0	1657922260072
1328	1577	0	0	0	0	0	0	1657922261092
1328	1577	0	0	0	0	0	0	1657922262112
1328	1577	0	0	0	0	0	0	1657922263132
1328	1577	0	0	0	0	0	0	1657922264152
1328	1577	0	0	0	0	0	0	1657922265172
1328	1577	0	0	0	0	0	0	1657922266192
1328	1577	0	0	0	0	0	0	1657922267212
1328	1577	0	0	0	0	0	0	1657922268232
1328	1577	0	0	0	0	0	0	1657922269252
1328	1577	0	0	0	0	0	0	1657922270272
1328	1577	0	0	0	0	0	0	1657922271292
1328	1577	0	0	0	0	0	0	1657922272312
1328	1577	0	0	0	0	0	0	1657922273332
1328	1577	0	0	0	0	0	0	1657922274352
1328	1577	0	0	0	0	0	0	1657922275372
1328	1577	0	0	0	0	0	0	1657922276392
1328	1577	0	0	0	0	0	0	1657922277412
1328	1577	0	0	0	0	0	0	1657922278432
1328	1577	0	0	0	0	0	0	1657922279452
1328	1577	0	0	0	0	0	0	1657922280472
1328	1577	0	0	0	0	0	0	1657922281492
1328	1577	0	0	0	0	0	0	1657922282512
1328	1577	0	0	0	0	0	0	1657922283532
1328	1577	0	0	0	0	0	0	1657922284552
1328	1577	0	0	0	0	0	0	1657922285572
1328	1577	0	0	0	0	0	0	1657922286592
1328	1577	0	0	0	0	0	0	1657922287612
1328	1577	0	0	0	0	0	0	1657922288632
1328	1577	0	0	0	0	0	0	1657922289652
1328	1577	0	0	0	0	0	0	1657922290672
1328	1577	0	0	0	0	0	0	1657922291692
1328	1577	0	0	0	0	0	0	1657922292712
1328	1577	0	0	0	0	0	0	1657922293732
1328	1577	0	0	0	0	0	0	1657922294752
1328	1577	0	0	0	0	0	0	1657922295772
1328	1577	0	0	0	0	0	0	1657922296792
1328	1577	0	0	0	0	0	0	1657922297812
1328	1577	0	0	0	0	0	0	1657922298832
1328	1577	0	0	0	0	0	0	1657922299852
1328	1577	0	0	0	0	0	0	1657922300872
1328	1577	0	0	0	0	0	0	1657922301892
1328	1577	0	0	0	0	0	0	1657922302912
1328	1577	0	0	0	0	0	0	1657922303932
1328	1577	0	0	0	0	0	0	1657922304952
1328	1577	0	0	0	0	0	0	1657922305972
1328	1577	0	0	0	0	0	0	1657922306992
1328	1577	0	0	0	0	0	0	1657922308012
1328	1577	0	0	0	0	0	0	1657922309032
1328	1577	0	0	0	0	0	0	1657922310052
1328	1577	0	0	0	0	0	0	1657922311072
1328	1577	0	0	0	0	0	0	1657922312092
1328	1577	0	0	0	0	0	0	1657922313112
1328	1577	0	0	0	0	0	0	1657922314132
1328	1577	0	0	0	0	0	0	1657922315152
1328	1577	0	0	0	0	0	0	1657922316172
1328	1577	0	0	0	0	0	0	1657922317192
1328	1577	0	0	0	0	0	0	1657922318212
1328	1577	0	0	0	0	0	0	1657922319232
1328	1577	0	0	0	0	0	0	1657922320252
1328	1577	0	0	0	0	0	0	1657922321272
1328	1577	0	0	0	0	0	0	1657922322292
1328	1577	0	0	0	0	0	0	1657922323312
1328	1577	0	0	0	0	0	0	1657922324332
1328	1577	0	0	0	0	0	0	1657922325352
1328	1577	0	0	0	0	0	0	1657922326372
1327	1577	0	0	0	0	0	0	1657922327392
1327	1577	0	0	0	0	0	0	1657922328412
1327	1577	0	0	0	0	0	0	1657922329432
1326	1577	0	0	0	0	0	0	1657922330452
1326	1577	0	0	0	0	0	0	1657922331472
1325	1577	0	0	0	0	0	0	1657922332492
1325	1577	0	0	0	0	0	0	1657922333512
1323	1577	0	0	0	0	0	0	1657922334532
1322	1577	0	0	0	0	0	0	1657922335552
1320	1577	0	0	0	0	0	0	1657922336572
1318	1577	0	0	0	0	0	0	1657922337592
1318	1577	0	0	0	0	0	0	1657922338612
1315	1577	0	0	0	0	0	0	1657922339632
1312	1577	0	0	0	0	0	0	1657922340652
1312	1577	0	0	0	0	0	0	1657922341672
1311	1577	0	0	0	0	0	0	1657922342692
1311	1577	0	0	0	0	0	0	1657922343712
1309	1577	0	0	0	0	0	0	1657922344732
1310	1577	0	0	0	0	0	0	1657922345752
1308	1577	0	0	0	0	0	0	1657922346772
1308	1577	0	0	0	0	0	0	1657922347792
1305	1577	0	0	0	0	0	0	1657922348812
1305	1577	0	0	0	0	0	0	1657922349832
1304	1577	0	0	0	0	0	0	1657922350852
1304	1577	0	0	0	0	0	0	1657922351872
1304	1577	0	0	0	0	0	0	1657922352892
1303	1577	0	0	0	0	0	0	1657922353912
1302	1577	0	0	0	0	0	0	1657922354932
1301	1577	0	0	0	0	0	0	1657922355952
1301	1577	0	0	0	0	0	0	1657922356972
1301	1577	0	0	0	0	0	0	1657922357992
1301	1577	0	0	0	0	0	0	1657922359012
1301	1577	0	0	0	0	0	0	1657922360032
1301	1577	0	0	0	0	0	0	1657922361052
1301	1577	0	0	0	0	0	0	1657922362072
1301	1577	0	0	0	0	0	0	1657922363092
1301	1577	0	0	0	0	0	0	1657922364112
1301	1577	0	0	0	0	0	0	1657922365132
1301	1577	0	0	0	0	0	0	1657922366152
1301	1577	0	0	0	0	0	0	1657922367172
1301	1577	0	0	0	0	0	0	1657922368192
1301	1577	0	0	0	0	0	0	1657922369212
1301	1576	0	0	0	0	0	0	1657922370232
1301	1576	0	0	0	0	0	0	1657922371252
1301	1576	0	0	0	0	0	0	1657922372272
1301	1576	0	0	0	0	0	0	1657922373292
1301	1576	0	0	0	0	0	0	1657922374312
1300	1576	0	0	0	0	0	0	1657922375332
1300	1576	0	0	0	0	0	0	1657922376352
1300	1576	0	0	0	0	0	0	1657922377372
1300	1575	0	0	0	0	0	0	1657922378392
1300	1576	0	0	0	0	0	0	1657922379412
1300	1575	0	0	0	0	0	0	1657922380432
1300	1575	0	0	0	0	0	0	1657922381452
1300	1575	0	0	0	0	0	0	1657922382472
1300	1574	0	0	0	0	0	0	1657922383492
1300	1575	0	0	0	0	0	0	1657922384512
1300	1574	0	0	0	0	0	0	1657922385532
1300	1574	0	0	0	0	0	0	1657922386552
1300	1575	0	0	0	0	0	0	1657922387572
1300	1575	0	0	0	0	0	0	1657922388592
1300	1574	0	0	0	0	0	0	1657922389612
1300	1574	0	0	0	0	0	0	1657922390632
1300	1574	0	0	0	0	0	0	1657922391652
1300	1573	0	0	0	0	0	0	1657922392672
1300	1573	0	0	0	0	0	0	1657922393692
1300	1572	0	0	0	0	0	0	1657922394712
1300	1571	0	0	0	0	0	0	1657922395732
1300	1569	0	0	0	0	0	0	1657922396752
1300	1567	0	0	0	0	0	0	1657922397772
1300	1567	0	0	0	0	0	0	1657922398792
1300	1567	0	0	0	0	0	0	1657922399812
1300	1563	0	0	0	0	0	0	1657922400832
1300	1564	0	0	0	0	0	0	1657922401852
1300	1564	0	0	0	0	0	0	1657922402872
1300	1564	0	0	0	0	0	0	1657922403892
1300	1563	0	0	0	0	0	0	1657922404912
1300	1561	0	0	0	0	0	0	1657922405932
1300	1562	0	0	0	0	0	0	1657922406952
1300	1563	0	0	0	0	0	0	1657922407972
1300	1560	0	0	0	0	0	0	1657922408992
1300	1559	0	0	0	0	0	0	1657922410012
1300	1557	0	0	0	0	0	0	1657922411032
1300	1557	0	0	0	0	0	0	1657922412052
1300	1557	0	0	0	0	0	0	1657922413072
1300	1555	0	0	0	0	0	0	1657922414092
1300	1557	0	0	0	0	0	0	1657922415112
1300	1556	0	0	0	0	0	0	1657922416132
1300	1556	0	0	0	0	0	0	1657922417152
1300	1556	0	0	0	0	0	0	1657922418172
1300	1555	0	0	0	0	0	0	1657922419192
1300	1555	0	0	0	0	0	0	1657922420212
1300	1554	0	0	0	0	0	0	1657922421232
1300	1552	0	0	0	0	0	0	1657922422252
1300	1552	0	0	0	0	0	0	1657922423272
1300	1551	0	0	0	0	0	0	1657922424292
1300	1550	0	0	0	0	0	0	1657922425312
1300	1550	0	0	0	0	0	0	1657922426332
1300	1550	0	0	0	0	0	0	1657922427352
1300	1550	0	0	0	0	0	0	1657922428372
1300	1550	0	0	0	0	0	0	1657922429392
1300	1550	0	0	0	0	0	0	1657922430412
1300	1549	0	0	0	0	0	0	1657922431432
1300	1550	0	0	0	0	0	0	1657922432452
1300	1550	0	0	0	0	0	0	1657922433472
1300	1550	0	0	0	0	0	0	1657922434492
1300	1550	0	0	0	0	0	0	1657922435512
1300	1550	0	0	0	0	0	0	1657922436532
1300	1550	0	0	0	0	0	0	1657922437552
1300	1550	0	0	0	0	0	0	1657922438572
1300	1550	0	0	0	0	0	0	1657922439592
1300	1549	0	0	0	0	0	0	1657922440612
1300	1549	0	0	0	0	0	0	1657922441632
1300	1549	0	0	0	0	0	0	1657922442652
1300	1549	0	0	0	0	0	0	1657922443672
1300	1549	0	0	0	0	0	0	1657922444692
1300	1549	0	0	0	0	0	0	1657922445712
1300	1549	0	0	0	0	0	0	1657922446732
1300	1549	0	0	0	0	0	0	1657922447752
1300	1549	0	0	0	0	0	0	1657922448772
1300	1549	0	0	0	0	0	0	1657922449792
1300	1549	0	0	0	0	0	0	1657922450812
1300	1549	0	0	0	0	0	0	1657922451832
1300	1549	0	0	0	0	0	0	1657922452852
1300	1549	0	0	0	0	0	0	1657922453872
1299	1549	0	0	0	0	0	0	1657922454892
1299	1549	0	0	0	0	0	0	1657922455912
1298	1549	0	0	0	0	0	0	1657922456932
1297	1549	0	0	0	0	0	0	1657922457952
1295	1549	0	0	0	0	0	0	1657922458972
1295	1549	0	0	0	0	0	0	1657922459992
1294	1549	0	0	0	0	0	0	1657922461012
1294	1549	0	0	0	0	0	0	1657922462032
1294	1549	0	0	0	0	0	0	1657922463052
1293	1549	0	0	0	0	0	0	1657922464072
1293	1549	0	0	0	0	0	0	1657922465092
1294	1549	0	0	0	0	0	0	1657922466112
1295	1549	0	0	0	0	0	0	1657922467132
1294	1549	0	0	0	0	0	0	1657922468152
1292	1549	0	0	0	0	0	0	1657922469172
1292	1549	0	0	0	0	0	0	1657922470192
1291	1549	0	0	0	0	0	0	1657922471212
1290	1549	0	0	0	0	0	0	1657922472232
1289	1549	0	0	0	0	0	0	1657922473252
1287	1549	0	0	0	0	0	0	1657922474272
1287	1549	0	0	0	0	0	0	1657922475292
1285	1549	0	0	0	0	0	0	1657922476312
1281	1549	0	0	0	0	0	0	1657922477332
1280	1549	0	0	0	0	0	0	1657922478352
1277	1549	0	0	0	0	0	0	1657922479372
1278	1549	0	0	0	0	0	0	1657922480392
1277	1549	0	0	0	0	0	0	1657922481412
1275	1549	0	0	0	0	0	0	1657922482432
1276	1549	0	0	0	0	0	0	1657922483452
1276	1549	0	0	0	0	0	0	1657922484472
1276	1549	0	0	0	0	0	0	1657922485492
1275	1549	0	0	0	0	0	0	1657922486512
1275	1549	0	0	0	0	0	0	1657922487532
1275	1549	0	0	0	0	0	0	1657922488552
1274	1549	0	0	0	0	0	0	1657922489572
1274	1549	0	0	0	0	0	0	1657922490592
1274	1549	0	0	0	0	0	0	1657922491612
1274	1549	0	0	0	0	0	0	1657922492632
1273	1549	0	0	0	0	0	0	1657922493652
1273	1549	0	0	0	0	0	0	1657922494672
1273	1549	0	0	0	0	0	0	1657922495692
1273	1549	0	0	0	0	0	0	1657922496712
1273	1549	0	0	0	0	0	0	1657922497732
1273	1549	0	0	0	0	0	0	1657922498752
1273	1549	0	0	0	0	0	0	1657922499772
1273	1549	0	0	0	0	0	0	1657922500792
1273	1549	0	0	0	0	0	0	1657922501812
1273	1549	0	0	0	0	0	0	1657922502832
1273	1549	0	0	0	0	0	0	1657922503852
1273	1549	0	0	0	0	0	0	1657922504872
1273	1549	0	0	0	0	0	0	1657922505892
1273	1549	0	0	0	0	0	0	1657922506912
1273	1549	0	0	0	0	0	0	1657922507932
1273	1549	0	0	0	0	0	0	1657922508952
1273	1549	0	0	0	0	0	0	1657922509972
1273	1549	0	0	0	0	0	0	1657922510992
1273	1549	0	0	0	0	0	0	1657922512012
1273	1549	0	0	0	0	0	0	1657922513032
1273	1549	0	0	0	0	0	0	1657922514052
1273	1549	0	0	0	0	0	0	1657922515072
1273	1549	0	0	0	0	0	0	1657922516092
1273	1549	0	0	0	0	0	0	1657922517112
1273	1549	0	0	0	0	0	0	1657922518132
1273	1549	0	0	0	0	0	0	1657922519152
1273	1549	0	0	0	0	0	0	1657922520172
1273	1549	0	0	0	0	0	0	1657922521192
1273	1549	0	0	0	0	0	0	1657922522212
1273	1549	0	0	0	0	0	0	1657922523232
1273	1549	0	0	0	0	0	0	1657922524252
1273	1549	0	0	0	0	0	0	1657922525272
1273	1549	0	0	0	0	0	0	1657922526292
1273	1549	0	0	0	0	0	0	1657922527312
1273	1549	0	0	0	0	0	0	1657922528332
1273	1549	0	0	0	0	0	0	1657922529352
1273	1549	0	0	0	0	0	0	1657922530372
1273	1549	0	0	0	0	0	0	1657922531392
1273	1549	0	0	0	0	0	0	1657922532412
1273	1549	0	0	0	0	0	0	1657922533432
1273	1549	0	0	0	0	0	0	1657922534452
1273	1549	0	0	0	0	0	0	1657922535472
1273	1549	0	0	0	0	0	0	1657922536492
1273	1549	0	0	0	0	0	0	1657922537512
1273	1549	0	0	0	0	0	0	1657922538532
1272	1549	0	0	0	0	0	0	1657922539552
1272	1549	0	0	0	0	0	0	1657922540572
1272	1549	0	0	0	0	0	0	1657922541592
1272	1549	0	0	0	0	0	0	1657922542612
1272	1549	0	0	0	0	0	0	1657922543632
1272	1549	0	0	0	0	0	0	1657922544652
1272	1549	0	0	0	0	0	0	1657922545672
1272	1549	0	0	0	0	0	0	1657922546692
1272	1549	0	0	0	0	0	0	1657922547712
1272	1549	0	0	0	0	0	0	1657922548732
1272	1549	0	0	0	0	0	0	1657922549752
1272	1549	0	0	0	0	0	0	1657922550772
1272	1549	0	0	0	0	0	0	1657922551792
1272	1549	0	0	0	0	0	0	1657922552812
1272	1549	0	0	0	0	0	0	1657922553832
1272	1549	0	0	0	0	0	0	1657922554852
1272	1549	0	0	0	0	0	0	1657922555872
1272	1549	0	0	0	0	0	0	1657922556892
1272	1549	0	0	0	0	0	0	1657922557912
1272	1549	0	0	0	0	0	0	1657922558932
1272	1549	0	0	0	0	0	0	1657922559952
1272	1549	0	0	0	0	0	0	1657922560972
1272	1549	0	0	0	0	0	0	1657922561992
1272	1549	0	0	0	0	0	0	1657922563012
1272	1549	0	0	0	0	0	0	1657922564032
1272	1549	0	0	0	0	0	0	1657922565052
1272	1549	0	0	0	0	0	0	1657922566072
1272	1549	0	0	0	0	0	0	1657922567092
1272	1549	0	0	0	0	0	0	1657922568112
1272	1549	0	0	0	0	0	0	1657922569132
1272	1549	0	0	0	0	0	0	1657922570152
1272	1549	0	0	0	0	0	0	1657922571172
1272	1549	0	0	0	0	0	0	1657922572192
1272	1549	0	0	0	0	0	0	1657922573212
1272	1549	0	0	0	0	0	0	1657922574232
1272	1549	0	0	0	0	0	0	1657922575252
1272	1549	0	0	0	0	0	0	1657922576272
1272	1549	0	0	0	0	0	0	1657922577292
1272	1549	0	0	0	0	0	0	1657922578312
1272	1549	0	0	0	0	0	0	1657922579332
1272	1549	0	0	0	0	0	0	1657922580352
1272	1549	0	0	0	0	0	0	1657922581372
1272	1549	0	0	0	0	0	0	1657922582392
1272	1549	0	0	0	0	0	0	1657922583412
1272	1549	0	0	0	0	0	0	1657922584432
1272	1549	0	0	0	0	0	0	1657922585452
1272	1549	0	0	0	0	0	0	1657922586472
1272	1549	0	0	0	0	0	0	1657922587492
1272	1549	0	0	0	0	0	0	1657922588512
1272	1549	0	0	0	0	0	0	1657922589532
1272	1549	0	0	0	0	0	0	1657922590552
1272	1549	0	0	0	0	0	0	1657922591572
1272	1549	0	0	0	0	0	0	1657922592592
1272	1549	0	0	0	0	0	0	1657922593612
1272	1549	0	0	0	0	0	0	1657922594632
1272	1549	0	0	0	0	0	0	1657922595652
1272	1549	0	0	0	0	0	0	1657922596672
1272	1549	0	0	0	0	0	0	1657922597692
1272	1549	0	0	0	0	0	0	1657922598712
1272	1549	0	0	0	0	0	0	1657922599732
1272	1549	0	0	0	0	0	0	1657922600752
1272	1549	0	0	0	0	0	0	1657922601772
1272	1549	0	0	0	0	0	0	1657922602792
1272	1549	0	0	0	0	0	0	1657922603812
1272	1549	0	0	0	0	0	0	1657922604832
1272	1549	0	0	0	0	0	0	1657922605852
1272	1549	0	0	0	0	0	0	1657922606872
1272	1549	0	0	0	0	0	0	1657922607892
1272	1549	0	0	0	0	0	0	1657922608912
1272	1549	0	0	0	0	0	0	1657922609932
1272	1549	0	0	0	0	0	0	1657922610952
1272	1549	0	0	0	0	0	0	1657922611972
1272	1549	0	0	0	0	0	0	1657922612992
1272	1549	0	0	0	0	0	0	1657922614012
1272	1549	0	0	0	0	0	0	1657922615032
1272	1549	0	0	0	0	0	0	1657922616052
1272	1549	0	0	0	0	0	0	1657922617072
1272	1549	0	0	0	0	0	0	1657922618092
1272	1549	0	0	0	0	0	0	1657922619112
1272	1549	0	0	0	0	0	0	1657922620132
1272	1549	0	0	0	0	0	0	1657922621152
1272	1549	0	0	0	0	0	0	1657922622172
1272	1549	0	0	0	0	0	0	1657922623192
1272	1549	0	0	0	0	0	0	1657922624212
1272	1549	0	0	0	0	0	0	1657922625232
1272	1549	0	0	0	0	0	0	1657922626252
1272	1549	0	0	0	0	0	0	1657922627272
1272	1549	0	0	0	0	0	0	1657922628292
1272	1549	0	0	0	0	0	0	1657922629312
1272	1549	0	0	0	0	0	0	1657922630332
1272	1549	0	0	0	0	0	0	1657922631352
1272	1549	0	0	0	0	0	0	1657922632372
1272	1549	0	0	0	0	0	0	1657922633392
1272	1549	0	0	0	0	0	0	1657922634412
1272	1549	0	0	0	0	0	0	1657922635432
1272	1549	0	0	0	0	0	0	1657922636452
1272	1549	0	0	0	0	0	0	1657922637472
1272	1549	0	0	0	0	0	0	1657922638492
1272	1549	0	0	0	0	0	0	1657922639512
1272	1549	0	0	0	0	0	0	1657922640532
1272	1549	0	0	0	0	0	0	1657922641552
1272	1549	0	0	0	0	0	0	1657922642572
1272	1549	0	0	0	0	0	0	1657922643592
1272	1549	0	0	0	0	0	0	1657922644612
1272	1549	0	0	0	0	0	0	1657922645632
1272	1549	0	0	0	0	0	0	1657922646652
1272	1549	0	0	0	0	0	0	1657922647672
1272	1549	0	0	0	0	0	0	1657922648692
1272	1549	0	0	0	0	0	0	1657922649712
1272	1549	0	0	0	0	0	0	1657922650732
1272	1549	0	0	0	0	0	0	1657922651752
1271	1549	0	0	0	0	0	0	1657922652772
1271	1549	0	0	0	0	0	0	1657922653792
1270	1549	0	0	0	0	0	0	1657922654812
1269	1549	0	0	0	0	0	0	1657922655832
1269	1549	0	0	0	0	0	0	1657922656852
1268	1549	0	0	0	0	0	0	1657922657872
1267	1549	0	0	0	0	0	0	1657922658892
1267	1549	0	0	0	0	0	0	1657922659912
1267	1549	0	0	0	0	0	0	1657922660932
1266	1549	0	0	0	0	0	0	1657922661952
1264	1549	0	0	0	0	0	0	1657922662972
1265	1549	0	0	0	0	0	0	1657922663992
1265	1549	0	0	0	0	0	0	1657922665012
1264	1549	0	0	0	0	0	0	1657922666032
1263	1549	0	0	0	0	0	0	1657922667052
1262	1549	0	0	0	0	0	0	1657922668072
1259	1549	0	0	0	0	0	0	1657922669092
1257	1549	0	0	0	0	0	0	1657922670112
1255	1549	0	0	0	0	0	0	1657922671132
1254	1549	0	0	0	0	0	0	1657922672152
1253	1549	0	0	0	0	0	0	1657922673172
1253	1549	0	0	0	0	0	0	1657922674192
1252	1549	0	0	0	0	0	0	1657922675212
1252	1549	0	0	0	0	0	0	1657922676232
1252	1549	0	0	0	0	0	0	1657922677252
1251	1549	0	0	0	0	0	0	1657922678272
1249	1549	0	0	0	0	0	0	1657922679292
1249	1549	0	0	0	0	0	0	1657922680312
1250	1549	0	0	0	0	0	0	1657922681332
1248	1549	0	0	0	0	0	0	1657922682352
1249	1549	0	0	0	0	0	0	1657922683372
1249	1549	0	0	0	0	0	0	1657922684392
1248	1549	0	0	0	0	0	0	1657922685412
1248	1549	0	0	0	0	0	0	1657922686432
1249	1549	0	0	0	0	0	0	1657922687452
1249	1549	0	0	0	0	0	0	1657922688472
1248	1549	0	0	0	0	0	0	1657922689492
1248	1549	0	0	0	0	0	0	1657922690512
1247	1549	0	0	0	0	0	0	1657922691532
1247	1549	0	0	0	0	0	0	1657922692552
1246	1549	0	0	0	0	0	0	1657922693572
1247	1549	0	0	0	0	0	0	1657922694592
1247	1549	0	0	0	0	0	0	1657922695612
1247	1549	0	0	0	0	0	0	1657922696632
1246	1549	0	0	0	0	0	0	1657922697652
1245	1549	0	0	0	0	0	0	1657922698672
1245	1549	0	0	0	0	0	0	1657922699692
1245	1549	0	0	0	0	0	0	1657922700712
1245	1549	0	0	0	0	0	0	1657922701732
1245	1549	0	0	0	0	0	0	1657922702752
1245	1549	0	0	0	0	0	0	1657922703772
1245	1549	0	0	0	0	0	0	1657922704792
1245	1549	0	0	0	0	0	0	1657922705812
1245	1549	0	0	0	0	0	0	1657922706832
1245	1549	0	0	0	0	0	0	1657922707852
1246	1549	0	0	0	0	0	0	1657922708872
1246	1549	0	0	0	0	0	0	1657922709892
1245	1549	0	0	0	0	0	0	1657922710912
1245	1549	0	0	0	0	0	0	1657922711932
1245	1549	0	0	0	0	0	0	1657922712952
1245	1549	0	0	0	0	0	0	1657922713972
1244	1549	0	0	0	0	0	0	1657922714992
1244	1549	0	0	0	0	0	0	1657922716012
1244	1549	0	0	0	0	0	0	1657922717032
1244	1549	0	0	0	0	0	0	1657922718052
1244	1549	0	0	0	0	0	0	1657922719072
1244	1549	0	0	0	0	0	0	1657922720092
1244	1549	0	0	0	0	0	0	1657922721112
1244	1549	0	0	0	0	0	0	1657922722132
1244	1549	0	0	0	0	0	0	1657922723152
1244	1549	0	0	0	0	0	0	1657922724172
1244	1549	0	0	0	0	0	0	1657922725192
1244	1549	0	0	0	0	0	0	1657922726212
1244	1549	0	0	0	0	0	0	1657922727232
1244	1549	0	0	0	0	0	0	1657922728252
1244	1549	0	0	0	0	0	0	1657922729272
1244	1549	0	0	0	0	0	0	1657922730292
1244	1549	0	0	0	0	0	0	1657922731312
1244	1549	0	0	0	0	0	0	1657922732332
1244	1549	0	0	0	0	0	0	1657922733352
1244	1549	0	0	0	0	0	0	1657922734372
1244	1549	0	0	0	0	0	0	1657922735392
1244	1549	0	0	0	0	0	0	1657922736412
1244	1549	0	0	0	0	0	0	1657922737432
1244	1549	0	0	0	0	0	0	1657922738452
1244	1549	0	0	0	0	0	0	1657922739472
1244	1549	0	0	0	0	0	0	1657922740492
1244	1549	0	0	0	0	0	0	1657922741512
1244	1549	0	0	0	0	0	0	1657922742532
1244	1549	0	0	0	0	0	0	1657922743552
1244	1549	0	0	0	0	0	0	1657922744572
1244	1549	0	0	0	0	0	0	1657922745592
1244	1549	0	0	0	0	0	0	1657922746612
1244	1549	0	0	0	0	0	0	1657922747632
1244	1549	0	0	0	0	0	0	1657922748652
1244	1549	0	0	0	0	0	0	1657922749672
1244	1549	0	0	0	0	0	0	1657922750692
1244	1549	0	0	0	0	0	0	1657922751712
1244	1549	0	0	0	0	0	0	1657922752732
1244	1549	0	0	0	0	0	0	1657922753752
1244	1549	0	0	0	0	0	0	1657922754772
1244	1549	0	0	0	0	0	0	1657922755792
1244	1549	0	0	0	0	0	0	1657922756812
1244	1549	0	0	0	0	0	0	1657922757832
1244	1549	0	0	0	0	0	0	1657922758852
1244	1549	0	0	0	0	0	0	1657922759872
1244	1549	0	0	0	0	0	0	1657922760892
1244	1549	0	0	0	0	0	0	1657922761912
1244	1549	0	0	0	0	0	0	1657922762932
1244	1549	0	0	0	0	0	0	1657922763952
1244	1549	0	0	0	0	0	0	1657922764972
1244	1549	0	0	0	0	0	0	1657922765992
1244	1549	0	0	0	0	0	0	1657922767012
1244	1549	0	0	0	0	0	0	1657922768032
