2582	811	0	0	0	0	0	0	1660242329288
2571	807	0	0	0	0	0	0	1660242330308
2555	795	0	0	0	0	0	0	1660242331328
2544	786	0	0	0	0	0	0	1660242332348
2537	779	0	0	0	0	0	0	1660242333368
2532	766	0	0	0	0	0	0	1660242334388
2519	758	0	0	0	0	0	0	1660242335408
2511	753	0	0	0	0	0	0	1660242336428
2506	746	0	0	0	0	0	0	1660242337448
2503	735	0	0	0	0	0	0	1660242338468
2501	728	0	0	0	0	0	0	1660242339488
2500	724	0	0	0	0	0	0	1660242340508
2500	722	0	0	0	0	0	0	1660242341528
2499	721	0	0	0	0	0	0	1660242342548
2499	717	0	0	0	0	0	0	1660242343568
2499	707	0	0	0	0	0	0	1660242344588
2499	700	0	0	0	0	0	0	1660242345608
2499	696	0	0	0	0	0	0	1660242346628
2499	694	0	0	0	0	0	0	1660242347648
2499	693	0	0	0	0	0	0	1660242348668
2499	692	0	0	0	0	0	0	1660242349688
2499	691	0	0	0	0	0	0	1660242350708
2499	691	0	0	0	0	0	0	1660242351728
2499	691	0	0	0	0	0	0	1660242352748
2499	691	0	0	0	0	0	0	1660242353768
2499	685	0	0	0	0	0	0	1660242354788
2499	678	0	0	0	0	0	0	1660242355808
2499	672	0	0	0	0	0	0	1660242356828
2499	668	0	0	0	0	0	0	1660242357848
2499	666	0	0	0	0	0	0	1660242358868
2499	665	0	0	0	0	0	0	1660242359888
2499	664	0	0	0	0	0	0	1660242360908
2499	663	0	0	0	0	0	0	1660242361928
2499	663	0	0	0	0	0	0	1660242362948
2499	663	0	0	0	0	0	0	1660242363968
2499	663	0	0	0	0	0	0	1660242364988
2500	663	0	0	0	0	0	0	1660242366008
2501	663	0	0	0	0	0	0	1660242367028
2506	663	0	0	0	0	0	0	1660242368048
2512	663	0	0	0	0	0	0	1660242369068
2517	663	0	0	0	0	0	0	1660242370088
2521	663	0	0	0	0	0	0	1660242371108
2523	663	0	0	0	0	0	0	1660242372128
2525	663	0	0	0	0	0	0	1660242373148
2526	663	0	0	0	0	0	0	1660242374168
2527	663	0	0	0	0	0	0	1660242375188
2527	663	0	0	0	0	0	0	1660242376208
2527	663	0	0	0	0	0	0	1660242377228
2527	662	0	0	0	0	0	0	1660242378248
2527	661	0	0	0	0	0	0	1660242379268
2527	658	0	0	0	0	0	0	1660242380288
2527	653	0	0	0	0	0	0	1660242381308
2527	649	0	0	0	0	0	0	1660242382328
2527	644	0	0	0	0	0	0	1660242383348
2527	641	0	0	0	0	0	0	1660242384368
2527	639	0	0	0	0	0	0	1660242385388
2527	637	0	0	0	0	0	0	1660242386408
2527	636	0	0	0	0	0	0	1660242387428
2527	636	0	0	0	0	0	0	1660242388448
2527	636	0	0	0	0	0	0	1660242389468
2527	636	0	0	0	0	0	0	1660242390488
2527	636	0	0	0	0	0	0	1660242391508
2527	636	0	0	0	0	0	0	1660242392528
2527	636	0	0	0	0	0	0	1660242393548
2527	635	0	0	0	0	0	0	1660242394568
2527	635	0	0	0	0	0	0	1660242395588
2527	635	0	0	0	0	0	0	1660242396608
2527	635	0	0	0	0	0	0	1660242397628
2527	635	0	0	0	0	0	0	1660242398648
2528	635	0	0	0	0	0	0	1660242399668
2528	635	0	0	0	0	0	0	1660242400688
2528	635	0	0	0	0	0	0	1660242401708
2528	635	0	0	0	0	0	0	1660242402728
2528	635	0	0	0	0	0	0	1660242403748
2527	635	0	0	0	0	0	0	1660242404768
2527	635	0	0	0	0	0	0	1660242405788
2528	635	0	0	0	0	0	0	1660242406808
2532	635	0	0	0	0	0	0	1660242407828
2540	635	0	0	0	0	0	0	1660242408848
2546	635	0	0	0	0	0	0	1660242409868
2549	635	0	0	0	0	0	0	1660242410888
2550	635	0	0	0	0	0	0	1660242411908
2551	635	0	0	0	0	0	0	1660242412928
2553	635	0	0	0	0	0	0	1660242413948
2553	635	0	0	0	0	0	0	1660242414968
2554	635	0	0	0	0	0	0	1660242415988
2555	635	0	0	0	0	0	0	1660242417008
2555	635	0	0	0	0	0	0	1660242418028
2555	635	0	0	0	0	0	0	1660242419048
2555	635	0	0	0	0	0	0	1660242420068
2555	635	0	0	0	0	0	0	1660242421088
2554	635	0	0	0	0	0	0	1660242422108
2555	635	0	0	0	0	0	0	1660242423128
2555	635	0	0	0	0	0	0	1660242424148
2555	635	0	0	0	0	0	0	1660242425168
2555	635	0	0	0	0	0	0	1660242426188
2555	635	0	0	0	0	0	0	1660242427208
2555	635	0	0	0	0	0	0	1660242428228
2555	635	0	0	0	0	0	0	1660242429248
2555	635	0	0	0	0	0	0	1660242430268
2554	635	0	0	0	0	0	0	1660242431288
2555	634	0	0	0	0	0	0	1660242432308
2555	633	0	0	0	0	0	0	1660242433328
2555	632	0	0	0	0	0	0	1660242434348
2555	631	0	0	0	0	0	0	1660242435368
2555	628	0	0	0	0	0	0	1660242436388
2555	628	0	0	0	0	0	0	1660242437408
2555	627	0	0	0	0	0	0	1660242438428
2555	623	0	0	0	0	0	0	1660242439448
2555	621	0	0	0	0	0	0	1660242440468
2555	619	0	0	0	0	0	0	1660242441488
2555	619	0	0	0	0	0	0	1660242442508
2555	618	0	0	0	0	0	0	1660242443528
2555	616	0	0	0	0	0	0	1660242444548
2555	614	0	0	0	0	0	0	1660242445568
2555	612	0	0	0	0	0	0	1660242446588
2555	611	0	0	0	0	0	0	1660242447608
2555	610	0	0	0	0	0	0	1660242448628
2555	609	0	0	0	0	0	0	1660242449648
2555	609	0	0	0	0	0	0	1660242450668
2555	608	0	0	0	0	0	0	1660242451688
2555	608	0	0	0	0	0	0	1660242452708
2555	608	0	0	0	0	0	0	1660242453728
2555	608	0	0	0	0	0	0	1660242454748
2555	608	0	0	0	0	0	0	1660242455768
2555	608	0	0	0	0	0	0	1660242456788
2555	608	0	0	0	0	0	0	1660242457808
2553	608	0	0	0	0	0	0	1660242458828
2552	608	0	0	0	0	0	0	1660242459848
2550	608	0	0	0	0	0	0	1660242460868
2550	608	0	0	0	0	0	0	1660242461888
2550	608	0	0	0	0	0	0	1660242462908
2550	608	0	0	0	0	0	0	1660242463928
2551	607	0	0	0	0	0	0	1660242464948
2551	607	0	0	0	0	0	0	1660242465968
2552	607	0	0	0	0	0	0	1660242466988
2553	607	0	0	0	0	0	0	1660242468008
2551	607	0	0	0	0	0	0	1660242469028
2548	607	0	0	0	0	0	0	1660242470048
2545	607	0	0	0	0	0	0	1660242471068
2541	607	0	0	0	0	0	0	1660242472088
2547	607	0	0	0	0	0	0	1660242473108
2550	607	0	0	0	0	0	0	1660242474128
2552	607	0	0	0	0	0	0	1660242475148
2553	607	0	0	0	0	0	0	1660242476168
2554	607	0	0	0	0	0	0	1660242477188
2554	607	0	0	0	0	0	0	1660242478208
2555	607	0	0	0	0	0	0	1660242479228
2555	607	0	0	0	0	0	0	1660242480248
2555	607	0	0	0	0	0	0	1660242481268
2555	607	0	0	0	0	0	0	1660242482288
2555	607	0	0	0	0	0	0	1660242483308
2555	607	0	0	0	0	0	0	1660242484328
2555	607	0	0	0	0	0	0	1660242485348
2555	607	0	0	0	0	0	0	1660242486368
2555	607	0	0	0	0	0	0	1660242487388
2555	607	0	0	0	0	0	0	1660242488408
2554	607	0	0	0	0	0	0	1660242489428
2554	607	0	0	0	0	0	0	1660242490448
2550	607	0	0	0	0	0	0	1660242491468
2550	607	0	0	0	0	0	0	1660242492488
2550	607	0	0	0	0	0	0	1660242493508
2550	607	0	0	0	0	0	0	1660242494528
2551	607	0	0	0	0	0	0	1660242495548
2551	607	0	0	0	0	0	0	1660242496568
2549	607	0	0	0	0	0	0	1660242497588
2547	607	0	0	0	0	0	0	1660242498608
2544	607	0	0	0	0	0	0	1660242499628
2542	607	0	0	0	0	0	0	1660242500648
2540	607	0	0	0	0	0	0	1660242501668
2540	607	0	0	0	0	0	0	1660242502688
2536	607	0	0	0	0	0	0	1660242503708
2535	607	0	0	0	0	0	0	1660242504728
2534	607	0	0	0	0	0	0	1660242505748
2532	607	0	0	0	0	0	0	1660242506768
2531	607	0	0	0	0	0	0	1660242507788
2531	607	0	0	0	0	0	0	1660242508808
2530	607	0	0	0	0	0	0	1660242509828
2529	607	0	0	0	0	0	0	1660242510848
2528	607	0	0	0	0	0	0	1660242511868
2528	607	0	0	0	0	0	0	1660242512888
2528	607	0	0	0	0	0	0	1660242513908
2528	607	0	0	0	0	0	0	1660242514928
2528	607	0	0	0	0	0	0	1660242515948
2528	607	0	0	0	0	0	0	1660242516968
2527	607	0	0	0	0	0	0	1660242517988
2527	607	0	0	0	0	0	0	1660242519008
2527	607	0	0	0	0	0	0	1660242520028
2527	607	0	0	0	0	0	0	1660242521048
2527	607	0	0	0	0	0	0	1660242522068
2527	607	0	0	0	0	0	0	1660242523088
2527	607	0	0	0	0	0	0	1660242524108
2527	607	0	0	0	0	0	0	1660242525128
2527	607	0	0	0	0	0	0	1660242526148
2527	607	0	0	0	0	0	0	1660242527168
2527	607	0	0	0	0	0	0	1660242528188
2527	607	0	0	0	0	0	0	1660242529208
2527	607	0	0	0	0	0	0	1660242530228
2527	607	0	0	0	0	0	0	1660242531248
2527	607	0	0	0	0	0	0	1660242532268
2527	607	0	0	0	0	0	0	1660242533288
2527	607	0	0	0	0	0	0	1660242534308
2527	607	0	0	0	0	0	0	1660242535328
2527	607	0	0	0	0	0	0	1660242536348
2527	607	0	0	0	0	0	0	1660242537368
2527	607	0	0	0	0	0	0	1660242538388
2527	607	0	0	0	0	0	0	1660242539408
2527	607	0	0	0	0	0	0	1660242540428
2527	607	0	0	0	0	0	0	1660242541448
2527	607	0	0	0	0	0	0	1660242542468
2527	607	0	0	0	0	0	0	1660242543488
2527	607	0	0	0	0	0	0	1660242544508
2527	607	0	0	0	0	0	0	1660242545528
2527	607	0	0	0	0	0	0	1660242546548
2527	607	0	0	0	0	0	0	1660242547568
2527	607	0	0	0	0	0	0	1660242548588
2527	607	0	0	0	0	0	0	1660242549608
2527	607	0	0	0	0	0	0	1660242550628
2527	607	0	0	0	0	0	0	1660242551648
2527	607	0	0	0	0	0	0	1660242552668
2527	607	0	0	0	0	0	0	1660242553688
2527	607	0	0	0	0	0	0	1660242554708
2527	607	0	0	0	0	0	0	1660242555728
2527	607	0	0	0	0	0	0	1660242556748
2527	607	0	0	0	0	0	0	1660242557768
2527	607	0	0	0	0	0	0	1660242558788
2527	607	0	0	0	0	0	0	1660242559808
2527	607	0	0	0	0	0	0	1660242560828
2527	607	0	0	0	0	0	0	1660242561848
2527	607	0	0	0	0	0	0	1660242562868
2527	607	0	0	0	0	0	0	1660242563888
2527	607	0	0	0	0	0	0	1660242564908
2527	607	0	0	0	0	0	0	1660242565928
2527	607	0	0	0	0	0	0	1660242566948
2527	607	0	0	0	0	0	0	1660242567968
2527	607	0	0	0	0	0	0	1660242568988
2527	607	0	0	0	0	0	0	1660242570008
2527	607	0	0	0	0	0	0	1660242571028
2527	607	0	0	0	0	0	0	1660242572048
2527	607	0	0	0	0	0	0	1660242573068
2527	607	0	0	0	0	0	0	1660242574088
2527	607	0	0	0	0	0	0	1660242575108
2527	607	0	0	0	0	0	0	1660242576128
2527	607	0	0	0	0	0	0	1660242577148
2527	607	0	0	0	0	0	0	1660242578168
2527	607	0	0	0	0	0	0	1660242579188
2527	607	0	0	0	0	0	0	1660242580208
2527	607	0	0	0	0	0	0	1660242581228
2527	607	0	0	0	0	0	0	1660242582248
2527	607	0	0	0	0	0	0	1660242583268
2527	607	0	0	0	0	0	0	1660242584288
2527	607	0	0	0	0	0	0	1660242585308
2527	607	0	0	0	0	0	0	1660242586328
2527	607	0	0	0	0	0	0	1660242587348
2527	607	0	0	0	0	0	0	1660242588368
2527	607	0	0	0	0	0	0	1660242589388
2527	607	0	0	0	0	0	0	1660242590408
2527	607	0	0	0	0	0	0	1660242591428
2527	607	0	0	0	0	0	0	1660242592448
2527	607	0	0	0	0	0	0	1660242593468
2527	607	0	0	0	0	0	0	1660242594488
2527	607	0	0	0	0	0	0	1660242595508
2527	607	0	0	0	0	0	0	1660242596528
2527	607	0	0	0	0	0	0	1660242597548
2527	607	0	0	0	0	0	0	1660242598568
2527	607	0	0	0	0	0	0	1660242599588
2527	607	0	0	0	0	0	0	1660242600608
2527	607	0	0	0	0	0	0	1660242601628
2527	607	0	0	0	0	0	0	1660242602648
2527	607	0	0	0	0	0	0	1660242603668
2523	607	0	0	0	0	0	0	1660242604688
2517	607	0	0	0	0	0	0	1660242605708
2511	607	0	0	0	0	0	0	1660242606728
2507	607	0	0	0	0	0	0	1660242607748
2504	607	0	0	0	0	0	0	1660242608768
2502	607	0	0	0	0	0	0	1660242609788
2501	607	0	0	0	0	0	0	1660242610808
2500	607	0	0	0	0	0	0	1660242611828
2500	607	0	0	0	0	0	0	1660242612848
2500	607	0	0	0	0	0	0	1660242613868
2500	607	0	0	0	0	0	0	1660242614888
2500	607	0	0	0	0	0	0	1660242615908
2500	607	0	0	0	0	0	0	1660242616928
2500	607	0	0	0	0	0	0	1660242617948
2502	607	0	0	0	0	0	0	1660242618968
2502	607	0	0	0	0	0	0	1660242619988
2503	607	0	0	0	0	0	0	1660242621008
2505	607	0	0	0	0	0	0	1660242622028
2508	607	0	0	0	0	0	0	1660242623048
2509	607	0	0	0	0	0	0	1660242624068
2510	607	0	0	0	0	0	0	1660242625088
2507	606	0	0	0	0	0	0	1660242626108
2506	606	0	0	0	0	0	0	1660242627128
2504	606	0	0	0	0	0	0	1660242628148
2502	606	0	0	0	0	0	0	1660242629168
2501	606	0	0	0	0	0	0	1660242630188
2501	606	0	0	0	0	0	0	1660242631208
2502	606	0	0	0	0	0	0	1660242632228
2501	606	0	0	0	0	0	0	1660242633248
2501	606	0	0	0	0	0	0	1660242634268
2501	606	0	0	0	0	0	0	1660242635288
2500	606	0	0	0	0	0	0	1660242636308
2500	606	0	0	0	0	0	0	1660242637328
2500	606	0	0	0	0	0	0	1660242638348
2500	606	0	0	0	0	0	0	1660242639368
2500	606	0	0	0	0	0	0	1660242640388
2500	606	0	0	0	0	0	0	1660242641408
2500	605	0	0	0	0	0	0	1660242642428
2500	606	0	0	0	0	0	0	1660242643448
2500	606	0	0	0	0	0	0	1660242644468
2500	606	0	0	0	0	0	0	1660242645488
2500	606	0	0	0	0	0	0	1660242646508
2500	606	0	0	0	0	0	0	1660242647528
2500	606	0	0	0	0	0	0	1660242648548
2499	606	0	0	0	0	0	0	1660242649568
2499	606	0	0	0	0	0	0	1660242650588
2499	606	0	0	0	0	0	0	1660242651608
2499	606	0	0	0	0	0	0	1660242652628
2499	606	0	0	0	0	0	0	1660242653648
2499	605	0	0	0	0	0	0	1660242654668
2499	604	0	0	0	0	0	0	1660242655688
2499	604	0	0	0	0	0	0	1660242656708
2499	605	0	0	0	0	0	0	1660242657728
2499	604	0	0	0	0	0	0	1660242658748
2499	604	0	0	0	0	0	0	1660242659768
2499	604	0	0	0	0	0	0	1660242660788
2499	603	0	0	0	0	0	0	1660242661808
2499	601	0	0	0	0	0	0	1660242662828
2499	601	0	0	0	0	0	0	1660242663848
2499	600	0	0	0	0	0	0	1660242664868
2499	600	0	0	0	0	0	0	1660242665888
2499	599	0	0	0	0	0	0	1660242666908
2499	598	0	0	0	0	0	0	1660242667928
2499	596	0	0	0	0	0	0	1660242668948
2499	597	0	0	0	0	0	0	1660242669968
2499	597	0	0	0	0	0	0	1660242670988
2499	597	0	0	0	0	0	0	1660242672008
2499	596	0	0	0	0	0	0	1660242673028
2499	595	0	0	0	0	0	0	1660242674048
2499	593	0	0	0	0	0	0	1660242675068
2499	593	0	0	0	0	0	0	1660242676088
2499	592	0	0	0	0	0	0	1660242677108
2499	595	0	0	0	0	0	0	1660242678128
2499	593	0	0	0	0	0	0	1660242679148
2499	591	0	0	0	0	0	0	1660242680168
2499	590	0	0	0	0	0	0	1660242681188
2499	590	0	0	0	0	0	0	1660242682208
2499	588	0	0	0	0	0	0	1660242683228
2499	587	0	0	0	0	0	0	1660242684248
2499	586	0	0	0	0	0	0	1660242685268
2499	587	0	0	0	0	0	0	1660242686288
2499	586	0	0	0	0	0	0	1660242687308
2499	587	0	0	0	0	0	0	1660242688328
2499	587	0	0	0	0	0	0	1660242689348
2499	588	0	0	0	0	0	0	1660242690368
2499	588	0	0	0	0	0	0	1660242691388
2499	587	0	0	0	0	0	0	1660242692408
2499	586	0	0	0	0	0	0	1660242693428
2499	585	0	0	0	0	0	0	1660242694448
2499	585	0	0	0	0	0	0	1660242695468
2499	584	0	0	0	0	0	0	1660242696488
2499	585	0	0	0	0	0	0	1660242697508
2499	584	0	0	0	0	0	0	1660242698528
2499	583	0	0	0	0	0	0	1660242699548
2499	583	0	0	0	0	0	0	1660242700568
2499	583	0	0	0	0	0	0	1660242701588
2499	584	0	0	0	0	0	0	1660242702608
2499	584	0	0	0	0	0	0	1660242703628
2499	584	0	0	0	0	0	0	1660242704648
2499	583	0	0	0	0	0	0	1660242705668
2499	582	0	0	0	0	0	0	1660242706688
2499	585	0	0	0	0	0	0	1660242707708
2499	585	0	0	0	0	0	0	1660242708728
2499	584	0	0	0	0	0	0	1660242709748
2499	584	0	0	0	0	0	0	1660242710768
2499	584	0	0	0	0	0	0	1660242711788
2499	583	0	0	0	0	0	0	1660242712808
2499	583	0	0	0	0	0	0	1660242713828
2499	582	0	0	0	0	0	0	1660242714848
2499	582	0	0	0	0	0	0	1660242715868
2499	582	0	0	0	0	0	0	1660242716888
2499	582	0	0	0	0	0	0	1660242717908
2499	582	0	0	0	0	0	0	1660242718928
2499	583	0	0	0	0	0	0	1660242719948
2499	583	0	0	0	0	0	0	1660242720968
2499	583	0	0	0	0	0	0	1660242721988
2499	583	0	0	0	0	0	0	1660242723008
2499	582	0	0	0	0	0	0	1660242724028
2499	582	0	0	0	0	0	0	1660242725048
2499	582	0	0	0	0	0	0	1660242726068
2499	582	0	0	0	0	0	0	1660242727088
2500	582	0	0	0	0	0	0	1660242728108
2500	10349	0	0	0	0	0	0	1660242729128
2500	6441	0	0	0	0	0	0	1660242730148
2500	4097	0	0	0	0	0	0	1660242731168
2500	2690	0	0	0	0	0	0	1660242732188
2500	1846	0	0	0	0	0	0	1660242733208
2500	1339	0	0	0	0	0	0	1660242734228
2500	1035	0	0	0	0	0	0	1660242735248
2500	853	0	0	0	0	0	0	1660242736268
2500	744	0	0	0	0	0	0	1660242737288
2500	678	0	0	0	0	0	0	1660242738308
2500	639	0	0	0	0	0	0	1660242739328
2499	616	0	0	0	0	0	0	1660242740348
2499	601	0	0	0	0	0	0	1660242741368
2499	592	0	0	0	0	0	0	1660242742388
2499	587	0	0	0	0	0	0	1660242743408
2499	584	0	0	0	0	0	0	1660242744428
2499	583	0	0	0	0	0	0	1660242745448
2499	581	0	0	0	0	0	0	1660242746468
2499	580	0	0	0	0	0	0	1660242747488
2499	580	0	0	0	0	0	0	1660242748508
2499	580	0	0	0	0	0	0	1660242749528
2499	580	0	0	0	0	0	0	1660242750548
2499	580	0	0	0	0	0	0	1660242751568
2499	580	0	0	0	0	0	0	1660242752588
2499	580	0	0	0	0	0	0	1660242753608
2499	580	0	0	0	0	0	0	1660242754628
2499	580	0	0	0	0	0	0	1660242755648
2499	580	0	0	0	0	0	0	1660242756668
2499	580	0	0	0	0	0	0	1660242757688
2499	580	0	0	0	0	0	0	1660242758708
2499	580	0	0	0	0	0	0	1660242759728
2497	580	0	0	0	0	0	0	1660242760748
2494	580	0	0	0	0	0	0	1660242761768
2493	580	0	0	0	0	0	0	1660242762788
2495	580	0	0	0	0	0	0	1660242763808
2496	580	0	0	0	0	0	0	1660242764828
2497	580	0	0	0	0	0	0	1660242765848
2496	580	0	0	0	0	0	0	1660242766868
2497	580	0	0	0	0	0	0	1660242767888
2497	580	0	0	0	0	0	0	1660242768908
2496	580	0	0	0	0	0	0	1660242769928
2493	580	0	0	0	0	0	0	1660242770948
2488	580	0	0	0	0	0	0	1660242771968
2484	580	0	0	0	0	0	0	1660242772988
2481	580	0	0	0	0	0	0	1660242774008
2481	580	0	0	0	0	0	0	1660242775028
2479	580	0	0	0	0	0	0	1660242776048
2477	580	0	0	0	0	0	0	1660242777068
2477	580	0	0	0	0	0	0	1660242778088
2478	580	0	0	0	0	0	0	1660242779108
2477	580	0	0	0	0	0	0	1660242780128
2478	580	0	0	0	0	0	0	1660242781148
2476	580	0	0	0	0	0	0	1660242782168
2475	580	0	0	0	0	0	0	1660242783188
2474	580	0	0	0	0	0	0	1660242784208
2473	580	0	0	0	0	0	0	1660242785228
2473	580	0	0	0	0	0	0	1660242786248
2473	580	0	0	0	0	0	0	1660242787268
2472	580	0	0	0	0	0	0	1660242788288
2472	580	0	0	0	0	0	0	1660242789308
2472	580	0	0	0	0	0	0	1660242790328
2472	580	0	0	0	0	0	0	1660242791348
2472	580	0	0	0	0	0	0	1660242792368
2471	580	0	0	0	0	0	0	1660242793388
2471	580	0	0	0	0	0	0	1660242794408
2471	580	0	0	0	0	0	0	1660242795428
2471	580	0	0	0	0	0	0	1660242796448
2471	580	0	0	0	0	0	0	1660242797468
2471	580	0	0	0	0	0	0	1660242798488
2471	580	0	0	0	0	0	0	1660242799508
2471	580	0	0	0	0	0	0	1660242800528
2471	580	0	0	0	0	0	0	1660242801548
2471	580	0	0	0	0	0	0	1660242802568
2471	580	0	0	0	0	0	0	1660242803588
2471	580	0	0	0	0	0	0	1660242804608
2471	580	0	0	0	0	0	0	1660242805628
2471	580	0	0	0	0	0	0	1660242806648
2471	580	0	0	0	0	0	0	1660242807668
2471	580	0	0	0	0	0	0	1660242808688
2471	580	0	0	0	0	0	0	1660242809708
2471	580	0	0	0	0	0	0	1660242810728
2471	580	0	0	0	0	0	0	1660242811748
2471	580	0	0	0	0	0	0	1660242812768
2471	580	0	0	0	0	0	0	1660242813788
2471	580	0	0	0	0	0	0	1660242814808
2471	580	0	0	0	0	0	0	1660242815828
2471	580	0	0	0	0	0	0	1660242816848
2471	580	0	0	0	0	0	0	1660242817868
2471	580	0	0	0	0	0	0	1660242818888
2471	580	0	0	0	0	0	0	1660242819908
2471	580	0	0	0	0	0	0	1660242820928
2471	580	0	0	0	0	0	0	1660242821948
2471	580	0	0	0	0	0	0	1660242822968
2471	580	0	0	0	0	0	0	1660242823988
2471	580	0	0	0	0	0	0	1660242825008
2471	580	0	0	0	0	0	0	1660242826028
2471	580	0	0	0	0	0	0	1660242827048
2471	580	0	0	0	0	0	0	1660242828068
2471	580	0	0	0	0	0	0	1660242829088
2471	580	0	0	0	0	0	0	1660242830108
2471	580	0	0	0	0	0	0	1660242831128
2471	580	0	0	0	0	0	0	1660242832148
2471	580	0	0	0	0	0	0	1660242833168
2471	580	0	0	0	0	0	0	1660242834188
2471	580	0	0	0	0	0	0	1660242835208
2471	580	0	0	0	0	0	0	1660242836228
2471	10348	0	0	0	0	0	0	1660242837248
2471	6441	0	0	0	0	0	0	1660242838268
2470	4096	0	0	0	0	0	0	1660242839288
2467	2689	0	0	0	0	0	0	1660242840308
2466	1845	0	0	0	0	0	0	1660242841328
2465	1339	0	0	0	0	0	0	1660242842348
2463	1035	0	0	0	0	0	0	1660242843368
2463	853	0	0	0	0	0	0	1660242844388
2460	744	0	0	0	0	0	0	1660242845408
2456	678	0	0	0	0	0	0	1660242846428
2453	638	0	0	0	0	0	0	1660242847448
2451	615	0	0	0	0	0	0	1660242848468
2448	601	0	0	0	0	0	0	1660242849488
2446	592	0	0	0	0	0	0	1660242850508
2445	587	0	0	0	0	0	0	1660242851528
2444	584	0	0	0	0	0	0	1660242852548
2444	582	0	0	0	0	0	0	1660242853568
2444	584	0	0	0	0	0	0	1660242854588
2444	593	0	0	0	0	0	0	1660242855608
2444	598	0	0	0	0	0	0	1660242856628
2444	601	0	0	0	0	0	0	1660242857648
2444	603	0	0	0	0	0	0	1660242858668
2444	604	0	0	0	0	0	0	1660242859688
2444	605	0	0	0	0	0	0	1660242860708
2444	606	0	0	0	0	0	0	1660242861728
2443	606	0	0	0	0	0	0	1660242862748
2443	605	0	0	0	0	0	0	1660242863768
2443	606	0	0	0	0	0	0	1660242864788
2443	605	0	0	0	0	0	0	1660242865808
2443	606	0	0	0	0	0	0	1660242866828
2443	605	0	0	0	0	0	0	1660242867848
2443	604	0	0	0	0	0	0	1660242868868
2443	604	0	0	0	0	0	0	1660242869888
2443	603	0	0	0	0	0	0	1660242870908
2443	604	0	0	0	0	0	0	1660242871928
2443	603	0	0	0	0	0	0	1660242872948
2443	602	0	0	0	0	0	0	1660242873968
2443	602	0	0	0	0	0	0	1660242874988
2443	601	0	0	0	0	0	0	1660242876008
2443	602	0	0	0	0	0	0	1660242877028
2443	603	0	0	0	0	0	0	1660242878048
2443	602	0	0	0	0	0	0	1660242879068
2443	601	0	0	0	0	0	0	1660242880088
2443	601	0	0	0	0	0	0	1660242881108
2443	601	0	0	0	0	0	0	1660242882128
2443	601	0	0	0	0	0	0	1660242883148
2443	600	0	0	0	0	0	0	1660242884168
2444	597	0	0	0	0	0	0	1660242885188
2444	596	0	0	0	0	0	0	1660242886208
2444	596	0	0	0	0	0	0	1660242887228
2444	595	0	0	0	0	0	0	1660242888248
2444	594	0	0	0	0	0	0	1660242889268
2443	596	0	0	0	0	0	0	1660242890288
2443	594	0	0	0	0	0	0	1660242891308
2443	593	0	0	0	0	0	0	1660242892328
2443	592	0	0	0	0	0	0	1660242893348
2443	591	0	0	0	0	0	0	1660242894368
2443	591	0	0	0	0	0	0	1660242895388
2443	591	0	0	0	0	0	0	1660242896408
2443	590	0	0	0	0	0	0	1660242897428
2443	591	0	0	0	0	0	0	1660242898448
2443	591	0	0	0	0	0	0	1660242899468
2443	588	0	0	0	0	0	0	1660242900488
2443	587	0	0	0	0	0	0	1660242901508
2443	587	0	0	0	0	0	0	1660242902528
2443	587	0	0	0	0	0	0	1660242903548
2438	585	0	0	0	0	0	0	1660242904568
2434	585	0	0	0	0	0	0	1660242905588
2430	585	0	0	0	0	0	0	1660242906608
2427	585	0	0	0	0	0	0	1660242907628
2423	586	0	0	0	0	0	0	1660242908648
2421	586	0	0	0	0	0	0	1660242909668
2421	585	0	0	0	0	0	0	1660242910688
2419	584	0	0	0	0	0	0	1660242911708
2419	585	0	0	0	0	0	0	1660242912728
2419	584	0	0	0	0	0	0	1660242913748
2418	585	0	0	0	0	0	0	1660242914768
2417	585	0	0	0	0	0	0	1660242915788
2416	586	0	0	0	0	0	0	1660242916808
2416	586	0	0	0	0	0	0	1660242917828
2416	586	0	0	0	0	0	0	1660242918848
2416	586	0	0	0	0	0	0	1660242919868
2416	587	0	0	0	0	0	0	1660242920888
2415	587	0	0	0	0	0	0	1660242921908
2415	587	0	0	0	0	0	0	1660242922928
2415	586	0	0	0	0	0	0	1660242923948
2415	586	0	0	0	0	0	0	1660242924968
2415	584	0	0	0	0	0	0	1660242925988
2415	584	0	0	0	0	0	0	1660242927008
2415	583	0	0	0	0	0	0	1660242928028
2415	583	0	0	0	0	0	0	1660242929048
2415	582	0	0	0	0	0	0	1660242930068
2415	582	0	0	0	0	0	0	1660242931088
2415	583	0	0	0	0	0	0	1660242932108
2415	583	0	0	0	0	0	0	1660242933128
2415	583	0	0	0	0	0	0	1660242934148
2415	582	0	0	0	0	0	0	1660242935168
2415	582	0	0	0	0	0	0	1660242936188
2415	582	0	0	0	0	0	0	1660242937208
2415	581	0	0	0	0	0	0	1660242938228
2415	581	0	0	0	0	0	0	1660242939278
2415	581	0	0	0	0	0	0	1660242940298
2415	580	0	0	0	0	0	0	1660242941318
2415	580	0	0	0	0	0	0	1660242942338
2415	580	0	0	0	0	0	0	1660242943358
2415	581	0	0	0	0	0	0	1660242944378
2415	581	0	0	0	0	0	0	1660242945398
2415	581	0	0	0	0	0	0	1660242946418
2415	580	0	0	0	0	0	0	1660242947438
2415	580	0	0	0	0	0	0	1660242948458
2415	580	0	0	0	0	0	0	1660242949478
2415	580	0	0	0	0	0	0	1660242950498
2415	580	0	0	0	0	0	0	1660242951518
2415	580	0	0	0	0	0	0	1660242952538
2415	580	0	0	0	0	0	0	1660242953558
2415	580	0	0	0	0	0	0	1660242954578
2415	580	0	0	0	0	0	0	1660242955598
2415	580	0	0	0	0	0	0	1660242956618
2415	580	0	0	0	0	0	0	1660242957638
2415	580	0	0	0	0	0	0	1660242958658
2415	580	0	0	0	0	0	0	1660242959678
2415	580	0	0	0	0	0	0	1660242960698
2415	580	0	0	0	0	0	0	1660242961718
2415	580	0	0	0	0	0	0	1660242962738
2415	580	0	0	0	0	0	0	1660242963758
2415	580	0	0	0	0	0	0	1660242964778
2415	580	0	0	0	0	0	0	1660242965798
2415	580	0	0	0	0	0	0	1660242966818
2415	580	0	0	0	0	0	0	1660242967838
2415	580	0	0	0	0	0	0	1660242968858
2415	580	0	0	0	0	0	0	1660242969878
2415	580	0	0	0	0	0	0	1660242970898
2415	580	0	0	0	0	0	0	1660242971918
2415	580	0	0	0	0	0	0	1660242972938
2415	580	0	0	0	0	0	0	1660242973958
2415	580	0	0	0	0	0	0	1660242974978
2415	580	0	0	0	0	0	0	1660242975998
2415	580	0	0	0	0	0	0	1660242977018
2415	580	0	0	0	0	0	0	1660242978038
2414	580	0	0	0	0	0	0	1660242979058
2415	580	0	0	0	0	0	0	1660242980078
2414	580	0	0	0	0	0	0	1660242981098
2414	580	0	0	0	0	0	0	1660242982118
2414	580	0	0	0	0	0	0	1660242983138
2414	580	0	0	0	0	0	0	1660242984158
2415	580	0	0	0	0	0	0	1660242985178
2415	580	0	0	0	0	0	0	1660242986198
2415	580	0	0	0	0	0	0	1660242987218
2415	580	0	0	0	0	0	0	1660242988238
2415	580	0	0	0	0	0	0	1660242989258
2415	580	0	0	0	0	0	0	1660242990278
2415	580	0	0	0	0	0	0	1660242991298
2415	580	0	0	0	0	0	0	1660242992318
2415	580	0	0	0	0	0	0	1660242993338
2415	580	0	0	0	0	0	0	1660242994358
2415	580	0	0	0	0	0	0	1660242995378
2415	580	0	0	0	0	0	0	1660242996398
2415	580	0	0	0	0	0	0	1660242997418
2415	580	0	0	0	0	0	0	1660242998438
2415	580	0	0	0	0	0	0	1660242999458
2415	580	0	0	0	0	0	0	1660243000478
2415	580	0	0	0	0	0	0	1660243001498
2415	580	0	0	0	0	0	0	1660243002518
2415	580	0	0	0	0	0	0	1660243003538
2415	580	0	0	0	0	0	0	1660243004558
2415	580	0	0	0	0	0	0	1660243005578
2415	580	0	0	0	0	0	0	1660243006598
2415	580	0	0	0	0	0	0	1660243007618
2415	580	0	0	0	0	0	0	1660243008638
2415	580	0	0	0	0	0	0	1660243009658
2415	580	0	0	0	0	0	0	1660243010678
2415	580	0	0	0	0	0	0	1660243011698
2415	580	0	0	0	0	0	0	1660243012718
2415	580	0	0	0	0	0	0	1660243013738
2415	580	0	0	0	0	0	0	1660243014758
2415	580	0	0	0	0	0	0	1660243015778
2415	580	0	0	0	0	0	0	1660243016798
2415	580	0	0	0	0	0	0	1660243017818
2415	580	0	0	0	0	0	0	1660243018838
2415	580	0	0	0	0	0	0	1660243019858
2415	580	0	0	0	0	0	0	1660243020878
2415	580	0	0	0	0	0	0	1660243021898
2415	580	0	0	0	0	0	0	1660243022918
2414	580	0	0	0	0	0	0	1660243023938
2414	580	0	0	0	0	0	0	1660243024958
2415	580	0	0	0	0	0	0	1660243025978
2414	580	0	0	0	0	0	0	1660243026998
2414	580	0	0	0	0	0	0	1660243028018
2414	580	0	0	0	0	0	0	1660243029038
2414	580	0	0	0	0	0	0	1660243030058
2414	580	0	0	0	0	0	0	1660243031078
2414	580	0	0	0	0	0	0	1660243032098
2414	580	0	0	0	0	0	0	1660243033118
2412	580	0	0	0	0	0	0	1660243034138
2408	580	0	0	0	0	0	0	1660243035158
2407	580	0	0	0	0	0	0	1660243036178
2405	580	0	0	0	0	0	0	1660243037198
2399	580	0	0	0	0	0	0	1660243038218
2396	580	0	0	0	0	0	0	1660243039238
2397	580	0	0	0	0	0	0	1660243040258
2394	580	0	0	0	0	0	0	1660243041278
2393	580	0	0	0	0	0	0	1660243042298
2391	580	0	0	0	0	0	0	1660243043318
11434	580	0	0	0	0	0	0	1660243044338
7815	580	0	0	0	0	0	0	1660243045358
5644	580	0	0	0	0	0	0	1660243046378
4341	580	0	0	0	0	0	0	1660243047398
3559	580	0	0	0	0	0	0	1660243048418
3090	580	0	0	0	0	0	0	1660243049438
2809	580	0	0	0	0	0	0	1660243050458
2641	580	0	0	0	0	0	0	1660243051478
2540	580	0	0	0	0	0	0	1660243052498
2479	580	0	0	0	0	0	0	1660243053518
2442	580	0	0	0	0	0	0	1660243054538
2420	580	0	0	0	0	0	0	1660243055558
2407	580	0	0	0	0	0	0	1660243056578
2399	580	0	0	0	0	0	0	1660243057598
2394	580	0	0	0	0	0	0	1660243058618
2391	580	0	0	0	0	0	0	1660243059638
2389	580	0	0	0	0	0	0	1660243060658
2388	580	0	0	0	0	0	0	1660243061678
2388	580	0	0	0	0	0	0	1660243062698
2387	580	0	0	0	0	0	0	1660243063718
2387	580	0	0	0	0	0	0	1660243064738
2387	580	0	0	0	0	0	0	1660243065758
2387	580	0	0	0	0	0	0	1660243066778
2387	580	0	0	0	0	0	0	1660243067798
2387	580	0	0	0	0	0	0	1660243068818
2387	580	0	0	0	0	0	0	1660243069838
2387	580	0	0	0	0	0	0	1660243070858
2387	580	0	0	0	0	0	0	1660243071878
2387	580	0	0	0	0	0	0	1660243072898
11432	580	0	0	0	0	0	0	1660243073918
7814	580	0	0	0	0	0	0	1660243074938
5643	580	0	0	0	0	0	0	1660243075958
4341	580	0	0	0	0	0	0	1660243076978
3559	580	0	0	0	0	0	0	1660243077998
3090	580	0	0	0	0	0	0	1660243079018
2809	580	0	0	0	0	0	0	1660243080038
2640	580	0	0	0	0	0	0	1660243081058
2539	580	0	0	0	0	0	0	1660243082078
2478	580	0	0	0	0	0	0	1660243083098
2442	580	0	0	0	0	0	0	1660243084118
2420	580	0	0	0	0	0	0	1660243085138
2407	580	0	0	0	0	0	0	1660243086158
2399	580	0	0	0	0	0	0	1660243087178
2394	580	0	0	0	0	0	0	1660243088198
2391	580	0	0	0	0	0	0	1660243089218
2389	580	0	0	0	0	0	0	1660243090238
2388	580	0	0	0	0	0	0	1660243091258
2388	580	0	0	0	0	0	0	1660243092278
2387	580	0	0	0	0	0	0	1660243093298
2387	580	0	0	0	0	0	0	1660243094318
2387	580	0	0	0	0	0	0	1660243095338
2387	580	0	0	0	0	0	0	1660243096358
2387	580	0	0	0	0	0	0	1660243097378
2387	580	0	0	0	0	0	0	1660243098398
2387	580	0	0	0	0	0	0	1660243099418
2387	580	0	0	0	0	0	0	1660243100438
2387	580	0	0	0	0	0	0	1660243101458
2387	580	0	0	0	0	0	0	1660243102478
2387	580	0	0	0	0	0	0	1660243103498
2387	580	0	0	0	0	0	0	1660243104518
2387	580	0	0	0	0	0	0	1660243105538
2387	580	0	0	0	0	0	0	1660243106558
2386	580	0	0	0	0	0	0	1660243107578
2386	580	0	0	0	0	0	0	1660243108598
2382	580	0	0	0	0	0	0	1660243109618
2379	580	0	0	0	0	0	0	1660243110638
2376	580	0	0	0	0	0	0	1660243111658
2376	580	0	0	0	0	0	0	1660243112678
2377	580	0	0	0	0	0	0	1660243113698
2378	580	0	0	0	0	0	0	1660243114718
2374	580	0	0	0	0	0	0	1660243115738
2373	580	0	0	0	0	0	0	1660243116758
2377	580	0	0	0	0	0	0	1660243117778
2377	580	0	0	0	0	0	0	1660243118798
2381	580	0	0	0	0	0	0	1660243119818
2381	580	0	0	0	0	0	0	1660243120838
2380	580	0	0	0	0	0	0	1660243121858
2380	580	0	0	0	0	0	0	1660243122878
2381	580	0	0	0	0	0	0	1660243123898
2383	580	0	0	0	0	0	0	1660243124918
2383	580	0	0	0	0	0	0	1660243125938
2382	580	0	0	0	0	0	0	1660243126958
2382	580	0	0	0	0	0	0	1660243127978
2383	580	0	0	0	0	0	0	1660243128998
2382	580	0	0	0	0	0	0	1660243130018
2379	580	0	0	0	0	0	0	1660243131038
2379	580	0	0	0	0	0	0	1660243132058
2381	580	0	0	0	0	0	0	1660243133078
2377	580	0	0	0	0	0	0	1660243134098
2376	580	0	0	0	0	0	0	1660243135118
2373	580	0	0	0	0	0	0	1660243136138
2368	580	0	0	0	0	0	0	1660243137158
2365	580	0	0	0	0	0	0	1660243138178
2363	580	0	0	0	0	0	0	1660243139198
2362	580	0	0	0	0	0	0	1660243140218
2361	580	0	0	0	0	0	0	1660243141238
2360	580	0	0	0	0	0	0	1660243142258
2360	580	0	0	0	0	0	0	1660243143278
2360	580	0	0	0	0	0	0	1660243144298
2360	580	0	0	0	0	0	0	1660243145318
2360	580	0	0	0	0	0	0	1660243146338
2360	580	0	0	0	0	0	0	1660243147358
2360	580	0	0	0	0	0	0	1660243148378
2360	580	0	0	0	0	0	0	1660243149398
2360	580	0	0	0	0	0	0	1660243150418
2359	580	0	0	0	0	0	0	1660243151438
2360	580	0	0	0	0	0	0	1660243152458
2360	580	0	0	0	0	0	0	1660243153478
2360	580	0	0	0	0	0	0	1660243154498
2360	580	0	0	0	0	0	0	1660243155518
2360	580	0	0	0	0	0	0	1660243156538
2360	580	0	0	0	0	0	0	1660243157558
2359	580	0	0	0	0	0	0	1660243158578
2359	580	0	0	0	0	0	0	1660243159598
2359	580	0	0	0	0	0	0	1660243160618
2359	580	0	0	0	0	0	0	1660243161638
2359	580	0	0	0	0	0	0	1660243162658
2359	580	0	0	0	0	0	0	1660243163678
2359	580	0	0	0	0	0	0	1660243164698
2359	580	0	0	0	0	0	0	1660243165718
2359	580	0	0	0	0	0	0	1660243166738
2359	580	0	0	0	0	0	0	1660243167758
2359	580	0	0	0	0	0	0	1660243168778
2359	580	0	0	0	0	0	0	1660243169798
2359	580	0	0	0	0	0	0	1660243170818
2359	580	0	0	0	0	0	0	1660243171838
2359	580	0	0	0	0	0	0	1660243172858
2359	580	0	0	0	0	0	0	1660243173878
2359	580	0	0	0	0	0	0	1660243174898
2359	580	0	0	0	0	0	0	1660243175918
2359	580	0	0	0	0	0	0	1660243176938
2359	580	0	0	0	0	0	0	1660243177958
2359	580	0	0	0	0	0	0	1660243178978
2359	580	0	0	0	0	0	0	1660243179998
2359	580	0	0	0	0	0	0	1660243181018
2359	580	0	0	0	0	0	0	1660243182038
2359	580	0	0	0	0	0	0	1660243183058
2359	580	0	0	0	0	0	0	1660243184078
2359	580	0	0	0	0	0	0	1660243185098
2359	580	0	0	0	0	0	0	1660243186118
2359	580	0	0	0	0	0	0	1660243187138
2359	580	0	0	0	0	0	0	1660243188158
2359	580	0	0	0	0	0	0	1660243189178
2359	580	0	0	0	0	0	0	1660243190198
2359	580	0	0	0	0	0	0	1660243191218
2359	580	0	0	0	0	0	0	1660243192238
2359	580	0	0	0	0	0	0	1660243193258
2359	580	0	0	0	0	0	0	1660243194278
2359	580	0	0	0	0	0	0	1660243195298
2359	580	0	0	0	0	0	0	1660243196318
2359	580	0	0	0	0	0	0	1660243197338
2359	580	0	0	0	0	0	0	1660243198358
2359	580	0	0	0	0	0	0	1660243199378
11415	580	0	0	0	0	0	0	1660243200398
7792	580	0	0	0	0	0	0	1660243201418
5619	580	0	0	0	0	0	0	1660243202438
4315	580	0	0	0	0	0	0	1660243203458
3533	580	0	0	0	0	0	0	1660243204478
3064	580	0	0	0	0	0	0	1660243205498
2782	580	0	0	0	0	0	0	1660243206518
2613	580	0	0	0	0	0	0	1660243207538
2512	580	0	0	0	0	0	0	1660243208558
2451	580	0	0	0	0	0	0	1660243209578
2414	580	0	0	0	0	0	0	1660243210598
2392	580	0	0	0	0	0	0	1660243211618
2379	580	0	0	0	0	0	0	1660243212638
2371	580	0	0	0	0	0	0	1660243213658
2366	580	0	0	0	0	0	0	1660243214678
2363	580	0	0	0	0	0	0	1660243215698
2362	580	0	0	0	0	0	0	1660243216718
2361	580	0	0	0	0	0	0	1660243217738
2360	580	0	0	0	0	0	0	1660243218758
2360	580	0	0	0	0	0	0	1660243219778
2359	580	0	0	0	0	0	0	1660243220798
2359	580	0	0	0	0	0	0	1660243221818
2359	580	0	0	0	0	0	0	1660243222838
2359	580	0	0	0	0	0	0	1660243223858
2359	580	0	0	0	0	0	0	1660243224878
2359	580	0	0	0	0	0	0	1660243225898
2359	580	0	0	0	0	0	0	1660243226918
2359	580	0	0	0	0	0	0	1660243227938
2359	580	0	0	0	0	0	0	1660243228958
2359	580	0	0	0	0	0	0	1660243229978
2359	580	0	0	0	0	0	0	1660243230998
2359	580	0	0	0	0	0	0	1660243232018
2359	580	0	0	0	0	0	0	1660243233038
2359	580	0	0	0	0	0	0	1660243234058
2359	580	0	0	0	0	0	0	1660243235078
2359	580	0	0	0	0	0	0	1660243236098
2359	580	0	0	0	0	0	0	1660243237118
2359	580	0	0	0	0	0	0	1660243238138
2359	580	0	0	0	0	0	0	1660243239158
2359	580	0	0	0	0	0	0	1660243240178
2359	580	0	0	0	0	0	0	1660243241198
2359	580	0	0	0	0	0	0	1660243242218
2359	580	0	0	0	0	0	0	1660243243238
2359	580	0	0	0	0	0	0	1660243244258
2359	580	0	0	0	0	0	0	1660243245278
2359	580	0	0	0	0	0	0	1660243246298
2359	580	0	0	0	0	0	0	1660243247318
2359	580	0	0	0	0	0	0	1660243248338
2359	580	0	0	0	0	0	0	1660243249358
2359	580	0	0	0	0	0	0	1660243250378
2359	580	0	0	0	0	0	0	1660243251398
2359	580	0	0	0	0	0	0	1660243252418
2359	580	0	0	0	0	0	0	1660243253438
2358	580	0	0	0	0	0	0	1660243254458
2358	580	0	0	0	0	0	0	1660243255478
2358	580	0	0	0	0	0	0	1660243256498
2359	580	0	0	0	0	0	0	1660243257518
2359	580	0	0	0	0	0	0	1660243258538
2359	580	0	0	0	0	0	0	1660243259558
2359	580	0	0	0	0	0	0	1660243260578
2359	580	0	0	0	0	0	0	1660243261598
2359	580	0	0	0	0	0	0	1660243262618
2359	580	0	0	0	0	0	0	1660243263638
2359	580	0	0	0	0	0	0	1660243264658
2359	580	0	0	0	0	0	0	1660243265678
2359	580	0	0	0	0	0	0	1660243266698
2359	580	0	0	0	0	0	0	1660243267718
2359	580	0	0	0	0	0	0	1660243268738
2359	580	0	0	0	0	0	0	1660243269758
2358	580	0	0	0	0	0	0	1660243270778
2358	580	0	0	0	0	0	0	1660243271798
2358	580	0	0	0	0	0	0	1660243272818
2359	580	0	0	0	0	0	0	1660243273838
2359	580	0	0	0	0	0	0	1660243274858
2359	580	0	0	0	0	0	0	1660243275878
2358	580	0	0	0	0	0	0	1660243276898
2358	10348	0	0	0	0	0	0	1660243277918
2358	6440	0	0	0	0	0	0	1660243278938
2358	4096	0	0	0	0	0	0	1660243279958
2358	2689	0	0	0	0	0	0	1660243280978
2357	1845	0	0	0	0	0	0	1660243281998
2357	1339	0	0	0	0	0	0	1660243283018
2358	1035	0	0	0	0	0	0	1660243284038
2358	853	0	0	0	0	0	0	1660243285058
2358	744	0	0	0	0	0	0	1660243286078
2358	678	0	0	0	0	0	0	1660243287098
2358	639	0	0	0	0	0	0	1660243288118
2358	615	0	0	0	0	0	0	1660243289138
2357	601	0	0	0	0	0	0	1660243290158
2357	592	0	0	0	0	0	0	1660243291178
2357	587	0	0	0	0	0	0	1660243292198
2357	584	0	0	0	0	0	0	1660243293218
2357	582	0	0	0	0	0	0	1660243294238
2357	581	0	0	0	0	0	0	1660243295258
2357	580	0	0	0	0	0	0	1660243296278
2357	580	0	0	0	0	0	0	1660243297298
2358	580	0	0	0	0	0	0	1660243298318
2357	580	0	0	0	0	0	0	1660243299338
2356	580	0	0	0	0	0	0	1660243300358
2353	580	0	0	0	0	0	0	1660243301378
2352	580	0	0	0	0	0	0	1660243302398
2353	580	0	0	0	0	0	0	1660243303418
2355	580	0	0	0	0	0	0	1660243304438
2355	580	0	0	0	0	0	0	1660243305458
2356	580	0	0	0	0	0	0	1660243306478
2354	580	0	0	0	0	0	0	1660243307498
2353	580	0	0	0	0	0	0	1660243308518
2355	580	0	0	0	0	0	0	1660243309538
2355	580	0	0	0	0	0	0	1660243310558
2354	580	0	0	0	0	0	0	1660243311578
2351	580	0	0	0	0	0	0	1660243312598
2351	580	0	0	0	0	0	0	1660243313618
2351	580	0	0	0	0	0	0	1660243314638
2350	580	0	0	0	0	0	0	1660243315658
2346	580	0	0	0	0	0	0	1660243316678
2341	580	0	0	0	0	0	0	1660243317698
2338	580	0	0	0	0	0	0	1660243318718
2336	580	0	0	0	0	0	0	1660243319738
2335	580	0	0	0	0	0	0	1660243320758
2334	580	0	0	0	0	0	0	1660243321778
2337	580	0	0	0	0	0	0	1660243322798
2339	580	0	0	0	0	0	0	1660243323818
2337	580	0	0	0	0	0	0	1660243324838
2335	580	0	0	0	0	0	0	1660243325858
2334	580	0	0	0	0	0	0	1660243326878
2333	580	0	0	0	0	0	0	1660243327898
2332	580	0	0	0	0	0	0	1660243328918
2331	580	0	0	0	0	0	0	1660243329938
2331	580	0	0	0	0	0	0	1660243330958
2331	580	0	0	0	0	0	0	1660243331978
2331	580	0	0	0	0	0	0	1660243332998
2331	580	0	0	0	0	0	0	1660243334018
2331	580	0	0	0	0	0	0	1660243335038
2331	580	0	0	0	0	0	0	1660243336058
2331	580	0	0	0	0	0	0	1660243337078
2332	580	0	0	0	0	0	0	1660243338098
2332	580	0	0	0	0	0	0	1660243339118
2332	580	0	0	0	0	0	0	1660243340138
2332	580	0	0	0	0	0	0	1660243341158
2332	580	0	0	0	0	0	0	1660243342178
2332	580	0	0	0	0	0	0	1660243343198
2332	580	0	0	0	0	0	0	1660243344218
2331	580	0	0	0	0	0	0	1660243345238
2331	580	0	0	0	0	0	0	1660243346258
2331	580	0	0	0	0	0	0	1660243347278
2331	580	0	0	0	0	0	0	1660243348298
2331	580	0	0	0	0	0	0	1660243349318
2331	580	0	0	0	0	0	0	1660243350338
2331	580	0	0	0	0	0	0	1660243351358
2331	580	0	0	0	0	0	0	1660243352378
2331	580	0	0	0	0	0	0	1660243353398
2331	580	0	0	0	0	0	0	1660243354418
2331	580	0	0	0	0	0	0	1660243355438
2331	580	0	0	0	0	0	0	1660243356458
2331	580	0	0	0	0	0	0	1660243357478
2330	580	0	0	0	0	0	0	1660243358498
2330	580	0	0	0	0	0	0	1660243359518
2330	580	0	0	0	0	0	0	1660243360538
2330	580	0	0	0	0	0	0	1660243361558
2331	580	0	0	0	0	0	0	1660243362578
2331	580	0	0	0	0	0	0	1660243363598
2331	580	0	0	0	0	0	0	1660243364618
2331	580	0	0	0	0	0	0	1660243365638
2331	580	0	0	0	0	0	0	1660243366658
2331	580	0	0	0	0	0	0	1660243367678
2331	580	0	0	0	0	0	0	1660243368698
2331	580	0	0	0	0	0	0	1660243369718
2331	580	0	0	0	0	0	0	1660243370738
2331	580	0	0	0	0	0	0	1660243371758
2331	580	0	0	0	0	0	0	1660243372778
2331	580	0	0	0	0	0	0	1660243373798
2331	580	0	0	0	0	0	0	1660243374818
2331	580	0	0	0	0	0	0	1660243375838
2331	580	0	0	0	0	0	0	1660243376858
2331	580	0	0	0	0	0	0	1660243377878
2331	580	0	0	0	0	0	0	1660243378898
2331	10348	0	0	0	0	0	0	1660243379918
2331	6440	0	0	0	0	0	0	1660243380938
2331	4096	0	0	0	0	0	0	1660243381958
2331	2689	0	0	0	0	0	0	1660243382978
2331	1845	0	0	0	0	0	0	1660243383998
2331	1339	0	0	0	0	0	0	1660243385018
2331	1035	0	0	0	0	0	0	1660243386038
2331	853	0	0	0	0	0	0	1660243387058
2331	744	0	0	0	0	0	0	1660243388078
2331	678	0	0	0	0	0	0	1660243389098
2331	639	0	0	0	0	0	0	1660243390118
2331	615	0	0	0	0	0	0	1660243391138
2331	601	0	0	0	0	0	0	1660243392158
2331	592	0	0	0	0	0	0	1660243393178
2331	587	0	0	0	0	0	0	1660243394198
2331	584	0	0	0	0	0	0	1660243395218
2331	582	0	0	0	0	0	0	1660243396238
2331	581	0	0	0	0	0	0	1660243397258
2331	580	0	0	0	0	0	0	1660243398278
2331	580	0	0	0	0	0	0	1660243399298
2331	580	0	0	0	0	0	0	1660243400318
2331	580	0	0	0	0	0	0	1660243401338
2331	580	0	0	0	0	0	0	1660243402358
2331	580	0	0	0	0	0	0	1660243403378
2331	580	0	0	0	0	0	0	1660243404398
2331	580	0	0	0	0	0	0	1660243405418
2331	580	0	0	0	0	0	0	1660243406438
2331	580	0	0	0	0	0	0	1660243407458
2331	580	0	0	0	0	0	0	1660243408478
2331	580	0	0	0	0	0	0	1660243409498
2331	580	0	0	0	0	0	0	1660243410518
2331	580	0	0	0	0	0	0	1660243411538
2331	580	0	0	0	0	0	0	1660243412558
2331	580	0	0	0	0	0	0	1660243413578
2331	580	0	0	0	0	0	0	1660243414598
2331	580	0	0	0	0	0	0	1660243415618
2331	580	0	0	0	0	0	0	1660243416638
2331	580	0	0	0	0	0	0	1660243417658
2331	580	0	0	0	0	0	0	1660243418678
2331	580	0	0	0	0	0	0	1660243419698
2331	580	0	0	0	0	0	0	1660243420718
2331	580	0	0	0	0	0	0	1660243421738
2331	580	0	0	0	0	0	0	1660243422758
2331	580	0	0	0	0	0	0	1660243423778
2331	580	0	0	0	0	0	0	1660243424798
2331	580	0	0	0	0	0	0	1660243425818
2331	580	0	0	0	0	0	0	1660243426838
2331	580	0	0	0	0	0	0	1660243427858
2331	580	0	0	0	0	0	0	1660243428878
2331	580	0	0	0	0	0	0	1660243429898
2331	580	0	0	0	0	0	0	1660243430918
2331	580	0	0	0	0	0	0	1660243431938
2331	580	0	0	0	0	0	0	1660243432958
2331	580	0	0	0	0	0	0	1660243433978
2331	580	0	0	0	0	0	0	1660243434998
2331	580	0	0	0	0	0	0	1660243436018
2331	580	0	0	0	0	0	0	1660243437038
2331	580	0	0	0	0	0	0	1660243438058
2331	580	0	0	0	0	0	0	1660243439078
2331	580	0	0	0	0	0	0	1660243440098
2331	580	0	0	0	0	0	0	1660243441118
2331	580	0	0	0	0	0	0	1660243442138
2331	580	0	0	0	0	0	0	1660243443158
2331	580	0	0	0	0	0	0	1660243444178
2331	580	0	0	0	0	0	0	1660243445198
2331	580	0	0	0	0	0	0	1660243446218
2331	580	0	0	0	0	0	0	1660243447238
2331	580	0	0	0	0	0	0	1660243448258
2331	580	0	0	0	0	0	0	1660243449278
2331	580	0	0	0	0	0	0	1660243450298
2331	580	0	0	0	0	0	0	1660243451318
2330	580	0	0	0	0	0	0	1660243452338
2330	580	0	0	0	0	0	0	1660243453358
2330	580	0	0	0	0	0	0	1660243454378
2330	580	0	0	0	0	0	0	1660243455398
2330	580	0	0	0	0	0	0	1660243456418
2330	580	0	0	0	0	0	0	1660243457438
2330	580	0	0	0	0	0	0	1660243458458
2331	580	0	0	0	0	0	0	1660243459478
2331	580	0	0	0	0	0	0	1660243460498
2331	580	0	0	0	0	0	0	1660243461518
2331	580	0	0	0	0	0	0	1660243462538
2331	580	0	0	0	0	0	0	1660243463558
2331	580	0	0	0	0	0	0	1660243464578
2331	580	0	0	0	0	0	0	1660243465598
2331	580	0	0	0	0	0	0	1660243466618
2331	580	0	0	0	0	0	0	1660243467638
2331	580	0	0	0	0	0	0	1660243468658
2331	580	0	0	0	0	0	0	1660243469678
2331	580	0	0	0	0	0	0	1660243470698
2331	580	0	0	0	0	0	0	1660243471718
2331	580	0	0	0	0	0	0	1660243472738
2331	590	0	0	0	0	0	0	1660243473758
2331	607	0	0	0	0	0	0	1660243474778
2331	616	0	0	0	0	0	0	1660243475798
2331	620	0	0	0	0	0	0	1660243476818
2331	623	0	0	0	0	0	0	1660243477838
2331	623	0	0	0	0	0	0	1660243478858
2331	620	0	0	0	0	0	0	1660243479878
2331	618	0	0	0	0	0	0	1660243480898
2331	614	0	0	0	0	0	0	1660243481918
2331	611	0	0	0	0	0	0	1660243482938
2331	609	0	0	0	0	0	0	1660243483958
2331	608	0	0	0	0	0	0	1660243484978
2331	608	0	0	0	0	0	0	1660243485998
2331	608	0	0	0	0	0	0	1660243487018
2331	608	0	0	0	0	0	0	1660243488038
2331	608	0	0	0	0	0	0	1660243489058
2331	608	0	0	0	0	0	0	1660243490078
2331	608	0	0	0	0	0	0	1660243491098
2331	608	0	0	0	0	0	0	1660243492118
2331	608	0	0	0	0	0	0	1660243493138
2331	608	0	0	0	0	0	0	1660243494158
2331	608	0	0	0	0	0	0	1660243495178
2331	608	0	0	0	0	0	0	1660243496198
2331	608	0	0	0	0	0	0	1660243497218
2331	608	0	0	0	0	0	0	1660243498238
2331	608	0	0	0	0	0	0	1660243499258
2331	608	0	0	0	0	0	0	1660243500278
2331	608	0	0	0	0	0	0	1660243501298
2331	608	0	0	0	0	0	0	1660243502318
2331	608	0	0	0	0	0	0	1660243503338
2331	608	0	0	0	0	0	0	1660243504358
2331	608	0	0	0	0	0	0	1660243505378
2331	608	0	0	0	0	0	0	1660243506398
2331	608	0	0	0	0	0	0	1660243507418
2331	608	0	0	0	0	0	0	1660243508438
2331	608	0	0	0	0	0	0	1660243509458
2331	608	0	0	0	0	0	0	1660243510478
2331	608	0	0	0	0	0	0	1660243511498
2331	608	0	0	0	0	0	0	1660243512518
2331	608	0	0	0	0	0	0	1660243513538
2331	608	0	0	0	0	0	0	1660243514558
2331	608	0	0	0	0	0	0	1660243515578
2331	608	0	0	0	0	0	0	1660243516598
2331	608	0	0	0	0	0	0	1660243517618
2331	608	0	0	0	0	0	0	1660243518638
2331	608	0	0	0	0	0	0	1660243519658
2331	608	0	0	0	0	0	0	1660243520678
2331	608	0	0	0	0	0	0	1660243521698
2331	608	0	0	0	0	0	0	1660243522718
2331	608	0	0	0	0	0	0	1660243523738
2331	608	0	0	0	0	0	0	1660243524758
2331	608	0	0	0	0	0	0	1660243525778
2331	608	0	0	0	0	0	0	1660243526798
2331	608	0	0	0	0	0	0	1660243527818
2331	608	0	0	0	0	0	0	1660243528838
