2170	926	0	0	0	0	0	0	1658856252783
2157	918	0	0	0	0	0	0	1658856253803
2148	905	0	0	0	0	0	0	1658856254823
2142	897	0	0	0	0	0	0	1658856255843
2130	888	0	0	0	0	0	0	1658856256863
2120	876	0	0	0	0	0	0	1658856257883
2114	868	0	0	0	0	0	0	1658856258903
2111	864	0	0	0	0	0	0	1658856259923
2109	857	0	0	0	0	0	0	1658856260943
2104	846	0	0	0	0	0	0	1658856261963
2094	839	0	0	0	0	0	0	1658856262983
2088	835	0	0	0	0	0	0	1658856264003
2084	833	0	0	0	0	0	0	1658856265023
2082	831	0	0	0	0	0	0	1658856266043
2080	829	0	0	0	0	0	0	1658856267063
2079	821	0	0	0	0	0	0	1658856268083
2078	813	0	0	0	0	0	0	1658856269103
2078	808	0	0	0	0	0	0	1658856270123
2073	805	0	0	0	0	0	0	1658856271143
2065	804	0	0	0	0	0	0	1658856272163
2059	803	0	0	0	0	0	0	1658856273183
2055	802	0	0	0	0	0	0	1658856274203
2053	802	0	0	0	0	0	0	1658856275223
2052	802	0	0	0	0	0	0	1658856276243
2051	802	0	0	0	0	0	0	1658856277263
2051	801	0	0	0	0	0	0	1658856278283
2050	799	0	0	0	0	0	0	1658856279303
2050	792	0	0	0	0	0	0	1658856280323
2050	786	0	0	0	0	0	0	1658856281343
2050	781	0	0	0	0	0	0	1658856282363
2050	778	0	0	0	0	0	0	1658856283383
2047	776	0	0	0	0	0	0	1658856284403
2041	775	0	0	0	0	0	0	1658856285423
2034	774	0	0	0	0	0	0	1658856286443
2029	774	0	0	0	0	0	0	1658856287463
2026	774	0	0	0	0	0	0	1658856288483
2025	774	0	0	0	0	0	0	1658856289503
2024	774	0	0	0	0	0	0	1658856290523
2023	774	0	0	0	0	0	0	1658856291543
2023	774	0	0	0	0	0	0	1658856292563
2022	774	0	0	0	0	0	0	1658856293583
2022	774	0	0	0	0	0	0	1658856294603
2022	774	0	0	0	0	0	0	1658856295623
2022	774	0	0	0	0	0	0	1658856296643
2022	774	0	0	0	0	0	0	1658856297663
2022	774	0	0	0	0	0	0	1658856298683
2022	774	0	0	0	0	0	0	1658856299703
2022	774	0	0	0	0	0	0	1658856300723
2021	774	0	0	0	0	0	0	1658856301743
2017	774	0	0	0	0	0	0	1658856302763
2012	773	0	0	0	0	0	0	1658856303783
2008	773	0	0	0	0	0	0	1658856304803
2003	773	0	0	0	0	0	0	1658856305823
1999	772	0	0	0	0	0	0	1658856306843
1997	771	0	0	0	0	0	0	1658856307863
1996	768	0	0	0	0	0	0	1658856308883
1995	763	0	0	0	0	0	0	1658856309903
1994	759	0	0	0	0	0	0	1658856310923
1994	757	0	0	0	0	0	0	1658856311943
1994	754	0	0	0	0	0	0	1658856312963
1994	752	0	0	0	0	0	0	1658856313983
1994	750	0	0	0	0	0	0	1658856315003
1994	748	0	0	0	0	0	0	1658856316023
1994	747	0	0	0	0	0	0	1658856317043
1994	747	0	0	0	0	0	0	1658856318063
1994	747	0	0	0	0	0	0	1658856319083
1994	747	0	0	0	0	0	0	1658856320103
1994	747	0	0	0	0	0	0	1658856321123
1994	746	0	0	0	0	0	0	1658856322143
1994	746	0	0	0	0	0	0	1658856323163
1994	746	0	0	0	0	0	0	1658856324183
1994	746	0	0	0	0	0	0	1658856325203
1993	746	0	0	0	0	0	0	1658856326223
1992	746	0	0	0	0	0	0	1658856327243
1991	746	0	0	0	0	0	0	1658856328263
1987	746	0	0	0	0	0	0	1658856329283
1982	746	0	0	0	0	0	0	1658856330303
1978	746	0	0	0	0	0	0	1658856331323
1974	746	0	0	0	0	0	0	1658856332343
1971	746	0	0	0	0	0	0	1658856333363
1969	746	0	0	0	0	0	0	1658856334383
1968	746	0	0	0	0	0	0	1658856335403
1967	746	0	0	0	0	0	0	1658856336423
1967	746	0	0	0	0	0	0	1658856337443
1966	746	0	0	0	0	0	0	1658856338463
1966	746	0	0	0	0	0	0	1658856339483
1966	746	0	0	0	0	0	0	1658856340503
1966	746	0	0	0	0	0	0	1658856341523
1966	746	0	0	0	0	0	0	1658856342543
1966	746	0	0	0	0	0	0	1658856343563
1966	746	0	0	0	0	0	0	1658856344583
1966	746	0	0	0	0	0	0	1658856345603
1966	746	0	0	0	0	0	0	1658856346623
1966	746	0	0	0	0	0	0	1658856347643
1966	746	0	0	0	0	0	0	1658856348663
1966	746	0	0	0	0	0	0	1658856349683
1966	746	0	0	0	0	0	0	1658856350703
1966	746	0	0	0	0	0	0	1658856351723
1966	746	0	0	0	0	0	0	1658856352743
1966	746	0	0	0	0	0	0	1658856353763
1965	746	0	0	0	0	0	0	1658856354783
1965	746	0	0	0	0	0	0	1658856355803
1964	746	0	0	0	0	0	0	1658856356823
1959	746	0	0	0	0	0	0	1658856357843
1954	746	0	0	0	0	0	0	1658856358863
1950	746	0	0	0	0	0	0	1658856359883
1945	746	0	0	0	0	0	0	1658856360903
1942	746	0	0	0	0	0	0	1658856361923
1940	746	0	0	0	0	0	0	1658856362943
1939	746	0	0	0	0	0	0	1658856363963
1939	746	0	0	0	0	0	0	1658856364983
1939	746	0	0	0	0	0	0	1658856366003
1939	746	0	0	0	0	0	0	1658856367023
1939	746	0	0	0	0	0	0	1658856368043
1939	746	0	0	0	0	0	0	1658856369063
1939	746	0	0	0	0	0	0	1658856370083
1938	746	0	0	0	0	0	0	1658856371103
1938	746	0	0	0	0	0	0	1658856372123
1938	746	0	0	0	0	0	0	1658856373143
1938	746	0	0	0	0	0	0	1658856374163
1938	745	0	0	0	0	0	0	1658856375183
1938	745	0	0	0	0	0	0	1658856376203
1938	745	0	0	0	0	0	0	1658856377223
1938	744	0	0	0	0	0	0	1658856378243
1938	743	0	0	0	0	0	0	1658856379263
1938	744	0	0	0	0	0	0	1658856380283
1938	742	0	0	0	0	0	0	1658856381303
1938	742	0	0	0	0	0	0	1658856382323
1938	741	0	0	0	0	0	0	1658856383343
1937	738	0	0	0	0	0	0	1658856384363
1937	737	0	0	0	0	0	0	1658856385383
1937	736	0	0	0	0	0	0	1658856386403
1937	734	0	0	0	0	0	0	1658856387423
1937	732	0	0	0	0	0	0	1658856388443
1936	731	0	0	0	0	0	0	1658856389463
1935	729	0	0	0	0	0	0	1658856390483
1935	727	0	0	0	0	0	0	1658856391503
1935	725	0	0	0	0	0	0	1658856392523
1933	724	0	0	0	0	0	0	1658856393543
1925	726	0	0	0	0	0	0	1658856394563
1924	725	0	0	0	0	0	0	1658856395583
1925	726	0	0	0	0	0	0	1658856396603
1921	725	0	0	0	0	0	0	1658856397623
1916	725	0	0	0	0	0	0	1658856398643
1913	724	0	0	0	0	0	0	1658856399663
1912	722	0	0	0	0	0	0	1658856400683
1911	721	0	0	0	0	0	0	1658856401703
1911	720	0	0	0	0	0	0	1658856402723
1911	719	0	0	0	0	0	0	1658856403743
1910	719	0	0	0	0	0	0	1658856404763
1910	719	0	0	0	0	0	0	1658856405783
1910	719	0	0	0	0	0	0	1658856406803
1910	719	0	0	0	0	0	0	1658856407823
1910	719	0	0	0	0	0	0	1658856408843
1910	719	0	0	0	0	0	0	1658856409863
1910	719	0	0	0	0	0	0	1658856410883
1910	719	0	0	0	0	0	0	1658856411903
1910	719	0	0	0	0	0	0	1658856412923
1910	718	0	0	0	0	0	0	1658856413943
1910	718	0	0	0	0	0	0	1658856414963
1910	718	0	0	0	0	0	0	1658856415983
1910	718	0	0	0	0	0	0	1658856417003
1910	718	0	0	0	0	0	0	1658856418023
1910	718	0	0	0	0	0	0	1658856419043
1910	718	0	0	0	0	0	0	1658856420063
1910	718	0	0	0	0	0	0	1658856421083
1910	718	0	0	0	0	0	0	1658856422103
1910	718	0	0	0	0	0	0	1658856423123
1910	718	0	0	0	0	0	0	1658856424143
1910	718	0	0	0	0	0	0	1658856425163
1910	718	0	0	0	0	0	0	1658856426183
1910	718	0	0	0	0	0	0	1658856427203
1910	718	0	0	0	0	0	0	1658856428223
1910	718	0	0	0	0	0	0	1658856429243
1910	718	0	0	0	0	0	0	1658856430263
1909	718	0	0	0	0	0	0	1658856431283
1909	718	0	0	0	0	0	0	1658856432303
1907	718	0	0	0	0	0	0	1658856433323
1905	718	0	0	0	0	0	0	1658856434343
1900	718	0	0	0	0	0	0	1658856435363
1893	718	0	0	0	0	0	0	1658856436383
1889	718	0	0	0	0	0	0	1658856437403
1886	718	0	0	0	0	0	0	1658856438423
1885	718	0	0	0	0	0	0	1658856439443
1884	718	0	0	0	0	0	0	1658856440463
1883	718	0	0	0	0	0	0	1658856441483
1883	718	0	0	0	0	0	0	1658856442503
1883	718	0	0	0	0	0	0	1658856443523
1883	718	0	0	0	0	0	0	1658856444543
11129	718	0	0	0	0	0	0	1658856445563
7430	718	0	0	0	0	0	0	1658856446583
5211	718	0	0	0	0	0	0	1658856447603
3879	718	0	0	0	0	0	0	1658856448623
3080	718	0	0	0	0	0	0	1658856449643
2601	718	0	0	0	0	0	0	1658856450663
2314	718	0	0	0	0	0	0	1658856451683
2141	718	0	0	0	0	0	0	1658856452703
2037	718	0	0	0	0	0	0	1658856453723
1975	718	0	0	0	0	0	0	1658856454743
1938	718	0	0	0	0	0	0	1658856455763
1916	718	0	0	0	0	0	0	1658856456783
1902	718	0	0	0	0	0	0	1658856457803
1894	718	0	0	0	0	0	0	1658856458823
1889	718	0	0	0	0	0	0	1658856459843
1886	718	0	0	0	0	0	0	1658856460863
1885	718	0	0	0	0	0	0	1658856461883
1884	718	0	0	0	0	0	0	1658856462903
1883	718	0	0	0	0	0	0	1658856463923
1882	718	0	0	0	0	0	0	1658856464943
1882	718	0	0	0	0	0	0	1658856465963
1882	718	0	0	0	0	0	0	1658856466983
1882	718	0	0	0	0	0	0	1658856468003
1882	718	0	0	0	0	0	0	1658856469023
1882	718	0	0	0	0	0	0	1658856470043
1882	718	0	0	0	0	0	0	1658856471063
1882	10430	0	0	0	0	0	0	1658856472083
1882	6545	0	0	0	0	0	0	1658856473103
1881	4214	0	0	0	0	0	0	1658856474123
1879	2816	0	0	0	0	0	0	1658856475143
1878	1977	0	0	0	0	0	0	1658856476163
1876	1473	0	0	0	0	0	0	1658856477183
1874	1171	0	0	0	0	0	0	1658856478203
1869	990	0	0	0	0	0	0	1658856479223
1867	881	0	0	0	0	0	0	1658856480243
1863	816	0	0	0	0	0	0	1658856481263
1860	777	0	0	0	0	0	0	1658856482283
1858	753	0	0	0	0	0	0	1658856483303
1856	739	0	0	0	0	0	0	1658856484323
1855	731	0	0	0	0	0	0	1658856485343
1855	726	0	0	0	0	0	0	1658856486363
1854	723	0	0	0	0	0	0	1658856487383
1854	721	0	0	0	0	0	0	1658856488403
1854	720	0	0	0	0	0	0	1658856489423
1854	719	0	0	0	0	0	0	1658856490443
1854	719	0	0	0	0	0	0	1658856491463
1854	719	0	0	0	0	0	0	1658856492483
1854	719	0	0	0	0	0	0	1658856493503
1854	719	0	0	0	0	0	0	1658856494523
1854	719	0	0	0	0	0	0	1658856495543
1854	719	0	0	0	0	0	0	1658856496563
1854	719	0	0	0	0	0	0	1658856497583
1854	719	0	0	0	0	0	0	1658856498603
1854	719	0	0	0	0	0	0	1658856499623
1854	719	0	0	0	0	0	0	1658856500643
1854	719	0	0	0	0	0	0	1658856501663
1854	718	0	0	0	0	0	0	1658856502683
1854	718	0	0	0	0	0	0	1658856503703
1854	718	0	0	0	0	0	0	1658856504723
1854	718	0	0	0	0	0	0	1658856505743
1854	718	0	0	0	0	0	0	1658856506763
1854	718	0	0	0	0	0	0	1658856507783
1854	718	0	0	0	0	0	0	1658856508803
1854	718	0	0	0	0	0	0	1658856509823
1854	718	0	0	0	0	0	0	1658856510843
1854	718	0	0	0	0	0	0	1658856511863
1854	718	0	0	0	0	0	0	1658856512883
1854	718	0	0	0	0	0	0	1658856513903
1854	718	0	0	0	0	0	0	1658856514923
1854	718	0	0	0	0	0	0	1658856515943
1854	718	0	0	0	0	0	0	1658856516963
1854	718	0	0	0	0	0	0	1658856517983
1854	718	0	0	0	0	0	0	1658856519003
1854	718	0	0	0	0	0	0	1658856520023
1854	718	0	0	0	0	0	0	1658856521043
1854	718	0	0	0	0	0	0	1658856522063
1854	718	0	0	0	0	0	0	1658856523083
1854	718	0	0	0	0	0	0	1658856524103
1854	718	0	0	0	0	0	0	1658856525123
11112	718	0	0	0	0	0	0	1658856526143
7409	718	0	0	0	0	0	0	1658856527163
5186	718	0	0	0	0	0	0	1658856528183
3853	718	0	0	0	0	0	0	1658856529203
3052	718	0	0	0	0	0	0	1658856530223
2573	718	0	0	0	0	0	0	1658856531243
2283	718	0	0	0	0	0	0	1658856532263
2107	717	0	0	0	0	0	0	1658856533283
2002	717	0	0	0	0	0	0	1658856534303
1938	717	0	0	0	0	0	0	1658856535323
1898	716	0	0	0	0	0	0	1658856536343
1871	717	0	0	0	0	0	0	1658856537363
1855	717	0	0	0	0	0	0	1658856538383
1845	716	0	0	0	0	0	0	1658856539403
1838	715	0	0	0	0	0	0	1658856540423
1833	716	0	0	0	0	0	0	1658856541443
1831	715	0	0	0	0	0	0	1658856542463
1829	713	0	0	0	0	0	0	1658856543483
1828	713	0	0	0	0	0	0	1658856544503
1827	713	0	0	0	0	0	0	1658856545523
1826	712	0	0	0	0	0	0	1658856546543
1826	710	0	0	0	0	0	0	1658856547563
1826	710	0	0	0	0	0	0	1658856548583
1826	710	0	0	0	0	0	0	1658856549603
1826	708	0	0	0	0	0	0	1658856550623
1826	709	0	0	0	0	0	0	1658856551643
1826	707	0	0	0	0	0	0	1658856552663
1826	707	0	0	0	0	0	0	1658856553683
1826	705	0	0	0	0	0	0	1658856554703
1826	704	0	0	0	0	0	0	1658856555723
1826	704	0	0	0	0	0	0	1658856556743
1826	703	0	0	0	0	0	0	1658856557763
1826	703	0	0	0	0	0	0	1658856558783
1826	702	0	0	0	0	0	0	1658856559803
1826	702	0	0	0	0	0	0	1658856560823
1826	701	0	0	0	0	0	0	1658856561843
1826	701	0	0	0	0	0	0	1658856562863
1826	700	0	0	0	0	0	0	1658856563883
1826	700	0	0	0	0	0	0	1658856564903
1826	700	0	0	0	0	0	0	1658856565923
1826	700	0	0	0	0	0	0	1658856566943
1826	699	0	0	0	0	0	0	1658856567963
1826	698	0	0	0	0	0	0	1658856568983
1826	697	0	0	0	0	0	0	1658856570003
1826	696	0	0	0	0	0	0	1658856571023
1826	696	0	0	0	0	0	0	1658856572043
1826	696	0	0	0	0	0	0	1658856573063
1826	695	0	0	0	0	0	0	1658856574083
1826	695	0	0	0	0	0	0	1658856575103
1826	694	0	0	0	0	0	0	1658856576123
1826	694	0	0	0	0	0	0	1658856577143
1826	693	0	0	0	0	0	0	1658856578163
1826	693	0	0	0	0	0	0	1658856579183
1826	692	0	0	0	0	0	0	1658856580203
1826	692	0	0	0	0	0	0	1658856581223
1826	692	0	0	0	0	0	0	1658856582243
1826	692	0	0	0	0	0	0	1658856583263
1826	692	0	0	0	0	0	0	1658856584283
1826	691	0	0	0	0	0	0	1658856585303
1826	691	0	0	0	0	0	0	1658856586323
1826	691	0	0	0	0	0	0	1658856587343
1826	691	0	0	0	0	0	0	1658856588363
1826	691	0	0	0	0	0	0	1658856589383
1826	691	0	0	0	0	0	0	1658856590403
1826	691	0	0	0	0	0	0	1658856591423
1825	691	0	0	0	0	0	0	1658856592443
1824	691	0	0	0	0	0	0	1658856593463
1820	691	0	0	0	0	0	0	1658856594483
1815	691	0	0	0	0	0	0	1658856595503
1813	691	0	0	0	0	0	0	1658856596523
1810	691	0	0	0	0	0	0	1658856597543
1810	691	0	0	0	0	0	0	1658856598563
1809	691	0	0	0	0	0	0	1658856599583
1806	691	0	0	0	0	0	0	1658856600603
1804	691	0	0	0	0	0	0	1658856601623
1802	691	0	0	0	0	0	0	1658856602643
1801	691	0	0	0	0	0	0	1658856603663
1800	691	0	0	0	0	0	0	1658856604683
1799	691	0	0	0	0	0	0	1658856605703
1799	691	0	0	0	0	0	0	1658856606723
1799	691	0	0	0	0	0	0	1658856607743
1799	691	0	0	0	0	0	0	1658856608763
1799	691	0	0	0	0	0	0	1658856609783
1799	691	0	0	0	0	0	0	1658856610803
1799	691	0	0	0	0	0	0	1658856611823
1799	691	0	0	0	0	0	0	1658856612843
1798	691	0	0	0	0	0	0	1658856613863
1798	691	0	0	0	0	0	0	1658856614883
1798	691	0	0	0	0	0	0	1658856615903
1798	691	0	0	0	0	0	0	1658856616923
1798	691	0	0	0	0	0	0	1658856617943
1798	691	0	0	0	0	0	0	1658856618963
1798	691	0	0	0	0	0	0	1658856619983
1798	691	0	0	0	0	0	0	1658856621003
1798	691	0	0	0	0	0	0	1658856622023
1798	691	0	0	0	0	0	0	1658856623043
1798	691	0	0	0	0	0	0	1658856624063
1798	691	0	0	0	0	0	0	1658856625083
1798	691	0	0	0	0	0	0	1658856626103
1798	691	0	0	0	0	0	0	1658856627123
1798	691	0	0	0	0	0	0	1658856628143
1798	691	0	0	0	0	0	0	1658856629163
1798	691	0	0	0	0	0	0	1658856630183
1798	691	0	0	0	0	0	0	1658856631203
1798	691	0	0	0	0	0	0	1658856632223
1798	691	0	0	0	0	0	0	1658856633243
1798	691	0	0	0	0	0	0	1658856634263
1798	691	0	0	0	0	0	0	1658856635283
1798	691	0	0	0	0	0	0	1658856636303
1798	691	0	0	0	0	0	0	1658856637323
1798	691	0	0	0	0	0	0	1658856638343
1798	691	0	0	0	0	0	0	1658856639363
1798	691	0	0	0	0	0	0	1658856640383
1798	691	0	0	0	0	0	0	1658856641403
1798	691	0	0	0	0	0	0	1658856642423
1798	691	0	0	0	0	0	0	1658856643443
1798	691	0	0	0	0	0	0	1658856644463
1798	691	0	0	0	0	0	0	1658856645483
1798	691	0	0	0	0	0	0	1658856646503
1798	691	0	0	0	0	0	0	1658856647523
1798	691	0	0	0	0	0	0	1658856648543
1798	691	0	0	0	0	0	0	1658856649563
1798	691	0	0	0	0	0	0	1658856650583
1798	691	0	0	0	0	0	0	1658856651603
1798	691	0	0	0	0	0	0	1658856652623
1798	691	0	0	0	0	0	0	1658856653643
1798	691	0	0	0	0	0	0	1658856654663
1798	691	0	0	0	0	0	0	1658856655683
1798	691	0	0	0	0	0	0	1658856656703
1798	691	0	0	0	0	0	0	1658856657723
1798	691	0	0	0	0	0	0	1658856658743
1798	691	0	0	0	0	0	0	1658856659763
1798	691	0	0	0	0	0	0	1658856660783
1798	691	0	0	0	0	0	0	1658856661803
1798	691	0	0	0	0	0	0	1658856662823
1798	691	0	0	0	0	0	0	1658856663843
1798	691	0	0	0	0	0	0	1658856664863
1798	691	0	0	0	0	0	0	1658856665883
1798	691	0	0	0	0	0	0	1658856666903
1798	691	0	0	0	0	0	0	1658856667923
1798	691	0	0	0	0	0	0	1658856668943
1798	691	0	0	0	0	0	0	1658856669963
1798	691	0	0	0	0	0	0	1658856670983
1797	691	0	0	0	0	0	0	1658856672003
1797	691	0	0	0	0	0	0	1658856673023
1797	691	0	0	0	0	0	0	1658856674043
1796	691	0	0	0	0	0	0	1658856675063
1796	691	0	0	0	0	0	0	1658856676083
1795	691	0	0	0	0	0	0	1658856677103
1792	691	0	0	0	0	0	0	1658856678123
1791	691	0	0	0	0	0	0	1658856679143
1788	691	0	0	0	0	0	0	1658856680163
1787	691	0	0	0	0	0	0	1658856681183
1783	691	0	0	0	0	0	0	1658856682203
1783	691	0	0	0	0	0	0	1658856683223
1778	691	0	0	0	0	0	0	1658856684243
1776	691	0	0	0	0	0	0	1658856685263
1774	691	0	0	0	0	0	0	1658856686283
1773	691	0	0	0	0	0	0	1658856687303
1772	691	0	0	0	0	0	0	1658856688323
1772	691	0	0	0	0	0	0	1658856689343
1772	691	0	0	0	0	0	0	1658856690363
1772	691	0	0	0	0	0	0	1658856691383
1771	691	0	0	0	0	0	0	1658856692403
1772	691	0	0	0	0	0	0	1658856693423
1771	691	0	0	0	0	0	0	1658856694443
1771	691	0	0	0	0	0	0	1658856695463
1771	691	0	0	0	0	0	0	1658856696483
1771	691	0	0	0	0	0	0	1658856697503
1771	691	0	0	0	0	0	0	1658856698523
1771	691	0	0	0	0	0	0	1658856699543
1771	691	0	0	0	0	0	0	1658856700563
1771	691	0	0	0	0	0	0	1658856701583
1771	691	0	0	0	0	0	0	1658856702603
1771	691	0	0	0	0	0	0	1658856703623
1771	691	0	0	0	0	0	0	1658856704643
1771	691	0	0	0	0	0	0	1658856705663
1771	691	0	0	0	0	0	0	1658856706683
1771	691	0	0	0	0	0	0	1658856707703
1771	691	0	0	0	0	0	0	1658856708723
1771	691	0	0	0	0	0	0	1658856709743
1771	691	0	0	0	0	0	0	1658856710763
1771	691	0	0	0	0	0	0	1658856711783
1771	691	0	0	0	0	0	0	1658856712803
1771	691	0	0	0	0	0	0	1658856713823
1771	691	0	0	0	0	0	0	1658856714843
1771	691	0	0	0	0	0	0	1658856715863
1771	691	0	0	0	0	0	0	1658856716883
1771	691	0	0	0	0	0	0	1658856717903
1771	691	0	0	0	0	0	0	1658856718923
1771	691	0	0	0	0	0	0	1658856719943
1771	691	0	0	0	0	0	0	1658856720963
1771	691	0	0	0	0	0	0	1658856721983
1771	691	0	0	0	0	0	0	1658856723003
1771	691	0	0	0	0	0	0	1658856724023
1771	691	0	0	0	0	0	0	1658856725043
1771	691	0	0	0	0	0	0	1658856726063
1771	691	0	0	0	0	0	0	1658856727083
1771	691	0	0	0	0	0	0	1658856728103
1771	691	0	0	0	0	0	0	1658856729123
1771	691	0	0	0	0	0	0	1658856730143
1771	691	0	0	0	0	0	0	1658856731163
1771	691	0	0	0	0	0	0	1658856732183
1771	691	0	0	0	0	0	0	1658856733203
1771	691	0	0	0	0	0	0	1658856734223
1771	691	0	0	0	0	0	0	1658856735243
1771	691	0	0	0	0	0	0	1658856736263
1771	691	0	0	0	0	0	0	1658856737283
1771	691	0	0	0	0	0	0	1658856738303
1771	691	0	0	0	0	0	0	1658856739323
1771	691	0	0	0	0	0	0	1658856740343
1771	691	0	0	0	0	0	0	1658856741363
1771	691	0	0	0	0	0	0	1658856742383
1771	691	0	0	0	0	0	0	1658856743403
1771	691	0	0	0	0	0	0	1658856744423
1771	691	0	0	0	0	0	0	1658856745443
1770	691	0	0	0	0	0	0	1658856746463
1770	691	0	0	0	0	0	0	1658856747483
1770	691	0	0	0	0	0	0	1658856748503
1770	691	0	0	0	0	0	0	1658856749523
1770	691	0	0	0	0	0	0	1658856750543
1770	691	0	0	0	0	0	0	1658856751563
1770	691	0	0	0	0	0	0	1658856752583
1770	691	0	0	0	0	0	0	1658856753603
1770	691	0	0	0	0	0	0	1658856754623
1770	691	0	0	0	0	0	0	1658856755643
1770	691	0	0	0	0	0	0	1658856756663
1770	691	0	0	0	0	0	0	1658856757683
1770	691	0	0	0	0	0	0	1658856758703
1770	691	0	0	0	0	0	0	1658856759723
1770	691	0	0	0	0	0	0	1658856760743
1770	691	0	0	0	0	0	0	1658856761763
1770	691	0	0	0	0	0	0	1658856762783
1770	691	0	0	0	0	0	0	1658856763803
1770	691	0	0	0	0	0	0	1658856764823
1770	691	0	0	0	0	0	0	1658856765843
1770	691	0	0	0	0	0	0	1658856766863
1770	691	0	0	0	0	0	0	1658856767883
1770	691	0	0	0	0	0	0	1658856768903
1770	691	0	0	0	0	0	0	1658856769923
1770	691	0	0	0	0	0	0	1658856770943
1769	691	0	0	0	0	0	0	1658856771963
1768	691	0	0	0	0	0	0	1658856772983
1764	691	0	0	0	0	0	0	1658856774003
1761	691	0	0	0	0	0	0	1658856775023
1761	691	0	0	0	0	0	0	1658856776043
1761	691	0	0	0	0	0	0	1658856777063
1759	691	0	0	0	0	0	0	1658856778083
1758	691	0	0	0	0	0	0	1658856779103
1756	691	0	0	0	0	0	0	1658856780123
1756	691	0	0	0	0	0	0	1658856781143
1756	691	0	0	0	0	0	0	1658856782163
1754	691	0	0	0	0	0	0	1658856783183
1755	691	0	0	0	0	0	0	1658856784203
1756	691	0	0	0	0	0	0	1658856785223
1755	691	0	0	0	0	0	0	1658856786243
1753	691	0	0	0	0	0	0	1658856787263
1749	691	0	0	0	0	0	0	1658856788283
1747	691	0	0	0	0	0	0	1658856789303
1747	691	0	0	0	0	0	0	1658856790323
1747	691	0	0	0	0	0	0	1658856791343
1746	691	0	0	0	0	0	0	1658856792363
1745	691	0	0	0	0	0	0	1658856793383
1745	691	0	0	0	0	0	0	1658856794403
1744	691	0	0	0	0	0	0	1658856795423
1744	691	0	0	0	0	0	0	1658856796443
1744	691	0	0	0	0	0	0	1658856797463
1743	691	0	0	0	0	0	0	1658856798483
1743	691	0	0	0	0	0	0	1658856799503
1743	691	0	0	0	0	0	0	1658856800523
1743	691	0	0	0	0	0	0	1658856801543
1743	691	0	0	0	0	0	0	1658856802563
1743	691	0	0	0	0	0	0	1658856803583
1743	691	0	0	0	0	0	0	1658856804603
1743	691	0	0	0	0	0	0	1658856805623
1743	691	0	0	0	0	0	0	1658856806643
1743	691	0	0	0	0	0	0	1658856807663
1743	691	0	0	0	0	0	0	1658856808683
1743	691	0	0	0	0	0	0	1658856809703
1743	691	0	0	0	0	0	0	1658856810723
1743	691	0	0	0	0	0	0	1658856811743
1743	691	0	0	0	0	0	0	1658856812763
1743	691	0	0	0	0	0	0	1658856813783
1743	691	0	0	0	0	0	0	1658856814803
1743	691	0	0	0	0	0	0	1658856815823
1743	691	0	0	0	0	0	0	1658856816843
1743	691	0	0	0	0	0	0	1658856817863
1743	691	0	0	0	0	0	0	1658856818883
1743	691	0	0	0	0	0	0	1658856819903
1743	691	0	0	0	0	0	0	1658856820923
1743	691	0	0	0	0	0	0	1658856821943
1743	691	0	0	0	0	0	0	1658856822963
1743	691	0	0	0	0	0	0	1658856823983
1743	691	0	0	0	0	0	0	1658856825003
1743	691	0	0	0	0	0	0	1658856826023
1743	691	0	0	0	0	0	0	1658856827043
1743	691	0	0	0	0	0	0	1658856828063
1743	691	0	0	0	0	0	0	1658856829083
1743	691	0	0	0	0	0	0	1658856830103
1743	691	0	0	0	0	0	0	1658856831123
1743	691	0	0	0	0	0	0	1658856832143
1743	691	0	0	0	0	0	0	1658856833163
1743	691	0	0	0	0	0	0	1658856834183
1743	691	0	0	0	0	0	0	1658856835203
1743	691	0	0	0	0	0	0	1658856836223
1743	691	0	0	0	0	0	0	1658856837243
1743	691	0	0	0	0	0	0	1658856838263
1743	691	0	0	0	0	0	0	1658856839283
1743	691	0	0	0	0	0	0	1658856840303
1743	691	0	0	0	0	0	0	1658856841323
1743	691	0	0	0	0	0	0	1658856842343
1743	691	0	0	0	0	0	0	1658856843363
1743	691	0	0	0	0	0	0	1658856844383
1743	691	0	0	0	0	0	0	1658856845403
1743	691	0	0	0	0	0	0	1658856846423
1743	691	0	0	0	0	0	0	1658856847443
1743	691	0	0	0	0	0	0	1658856848463
1743	691	0	0	0	0	0	0	1658856849483
1743	691	0	0	0	0	0	0	1658856850503
1743	691	0	0	0	0	0	0	1658856851523
1743	691	0	0	0	0	0	0	1658856852543
1743	691	0	0	0	0	0	0	1658856853563
1743	691	0	0	0	0	0	0	1658856854583
1743	691	0	0	0	0	0	0	1658856855603
1743	691	0	0	0	0	0	0	1658856856623
1743	691	0	0	0	0	0	0	1658856857643
1743	691	0	0	0	0	0	0	1658856858663
1743	691	0	0	0	0	0	0	1658856859683
1743	691	0	0	0	0	0	0	1658856860703
1743	691	0	0	0	0	0	0	1658856861723
1743	691	0	0	0	0	0	0	1658856862743
1743	691	0	0	0	0	0	0	1658856863763
1743	691	0	0	0	0	0	0	1658856864783
1743	691	0	0	0	0	0	0	1658856865803
1743	691	0	0	0	0	0	0	1658856866823
1743	691	0	0	0	0	0	0	1658856867843
1743	691	0	0	0	0	0	0	1658856868863
1743	690	0	0	0	0	0	0	1658856869883
1743	690	0	0	0	0	0	0	1658856870903
1743	690	0	0	0	0	0	0	1658856871923
1743	690	0	0	0	0	0	0	1658856872943
1743	690	0	0	0	0	0	0	1658856873963
1743	690	0	0	0	0	0	0	1658856874983
1743	690	0	0	0	0	0	0	1658856876003
1743	690	0	0	0	0	0	0	1658856877023
1743	690	0	0	0	0	0	0	1658856878043
1743	690	0	0	0	0	0	0	1658856879063
1743	690	0	0	0	0	0	0	1658856880083
1743	690	0	0	0	0	0	0	1658856881103
1743	690	0	0	0	0	0	0	1658856882123
1743	689	0	0	0	0	0	0	1658856883143
1743	689	0	0	0	0	0	0	1658856884163
1743	690	0	0	0	0	0	0	1658856885183
1743	690	0	0	0	0	0	0	1658856886203
1743	690	0	0	0	0	0	0	1658856887223
1743	690	0	0	0	0	0	0	1658856888243
1743	690	0	0	0	0	0	0	1658856889263
1743	690	0	0	0	0	0	0	1658856890283
1743	689	0	0	0	0	0	0	1658856891303
1743	689	0	0	0	0	0	0	1658856892323
1743	690	0	0	0	0	0	0	1658856893343
1743	690	0	0	0	0	0	0	1658856894363
1743	690	0	0	0	0	0	0	1658856895383
1743	689	0	0	0	0	0	0	1658856896403
1743	689	0	0	0	0	0	0	1658856897423
1743	688	0	0	0	0	0	0	1658856898443
1743	689	0	0	0	0	0	0	1658856899463
1743	689	0	0	0	0	0	0	1658856900483
1742	690	0	0	0	0	0	0	1658856901503
1741	689	0	0	0	0	0	0	1658856902523
1741	689	0	0	0	0	0	0	1658856903543
1742	689	0	0	0	0	0	0	1658856904563
1742	689	0	0	0	0	0	0	1658856905583
1742	689	0	0	0	0	0	0	1658856906603
1742	688	0	0	0	0	0	0	1658856907623
1740	688	0	0	0	0	0	0	1658856908643
1741	689	0	0	0	0	0	0	1658856909663
1740	688	0	0	0	0	0	0	1658856910683
1740	688	0	0	0	0	0	0	1658856911703
1739	689	0	0	0	0	0	0	1658856912723
1738	689	0	0	0	0	0	0	1658856913743
1739	688	0	0	0	0	0	0	1658856914763
1737	687	0	0	0	0	0	0	1658856915783
1735	687	0	0	0	0	0	0	1658856916803
1734	687	0	0	0	0	0	0	1658856917823
1736	687	0	0	0	0	0	0	1658856918843
1735	686	0	0	0	0	0	0	1658856919863
1732	687	0	0	0	0	0	0	1658856920883
1730	687	0	0	0	0	0	0	1658856921903
1728	686	0	0	0	0	0	0	1658856922923
1727	684	0	0	0	0	0	0	1658856923943
1727	682	0	0	0	0	0	0	1658856924963
1727	682	0	0	0	0	0	0	1658856925983
1726	684	0	0	0	0	0	0	1658856927003
1723	682	0	0	0	0	0	0	1658856928023
1722	681	0	0	0	0	0	0	1658856929043
1722	682	0	0	0	0	0	0	1658856930063
1720	682	0	0	0	0	0	0	1658856931083
1720	683	0	0	0	0	0	0	1658856932103
1719	682	0	0	0	0	0	0	1658856933123
1719	681	0	0	0	0	0	0	1658856934143
1718	682	0	0	0	0	0	0	1658856935163
1718	683	0	0	0	0	0	0	1658856936183
1717	682	0	0	0	0	0	0	1658856937203
1718	682	0	0	0	0	0	0	1658856938223
1717	682	0	0	0	0	0	0	1658856939243
1716	682	0	0	0	0	0	0	1658856940263
1715	681	0	0	0	0	0	0	1658856941283
1715	681	0	0	0	0	0	0	1658856942303
1715	682	0	0	0	0	0	0	1658856943323
1715	680	0	0	0	0	0	0	1658856944343
1715	679	0	0	0	0	0	0	1658856945363
1715	678	0	0	0	0	0	0	1658856946383
1715	679	0	0	0	0	0	0	1658856947403
1715	679	0	0	0	0	0	0	1658856948423
1715	678	0	0	0	0	0	0	1658856949443
1715	679	0	0	0	0	0	0	1658856950463
1715	677	0	0	0	0	0	0	1658856951483
1715	675	0	0	0	0	0	0	1658856952503
1715	675	0	0	0	0	0	0	1658856953523
1715	675	0	0	0	0	0	0	1658856954543
1715	675	0	0	0	0	0	0	1658856955563
1715	675	0	0	0	0	0	0	1658856956583
1715	675	0	0	0	0	0	0	1658856957603
1715	675	0	0	0	0	0	0	1658856958623
1715	674	0	0	0	0	0	0	1658856959643
1715	672	0	0	0	0	0	0	1658856960663
1715	671	0	0	0	0	0	0	1658856961683
1715	671	0	0	0	0	0	0	1658856962703
1715	671	0	0	0	0	0	0	1658856963723
1715	671	0	0	0	0	0	0	1658856964743
1715	671	0	0	0	0	0	0	1658856965763
1715	673	0	0	0	0	0	0	1658856966783
1715	672	0	0	0	0	0	0	1658856967803
1715	672	0	0	0	0	0	0	1658856968823
1715	672	0	0	0	0	0	0	1658856969843
1715	671	0	0	0	0	0	0	1658856970863
1715	671	0	0	0	0	0	0	1658856971883
1715	671	0	0	0	0	0	0	1658856972903
1715	669	0	0	0	0	0	0	1658856973923
1715	668	0	0	0	0	0	0	1658856974943
1715	670	0	0	0	0	0	0	1658856975963
1715	670	0	0	0	0	0	0	1658856976983
1715	669	0	0	0	0	0	0	1658856978003
1715	669	0	0	0	0	0	0	1658856979023
1715	669	0	0	0	0	0	0	1658856980043
1715	668	0	0	0	0	0	0	1658856981063
1715	669	0	0	0	0	0	0	1658856982083
1715	668	0	0	0	0	0	0	1658856983103
1715	668	0	0	0	0	0	0	1658856984123
1715	668	0	0	0	0	0	0	1658856985143
1715	667	0	0	0	0	0	0	1658856986163
1715	667	0	0	0	0	0	0	1658856987183
1715	667	0	0	0	0	0	0	1658856988203
1715	667	0	0	0	0	0	0	1658856989223
1715	667	0	0	0	0	0	0	1658856990243
1715	667	0	0	0	0	0	0	1658856991263
1715	668	0	0	0	0	0	0	1658856992283
1715	667	0	0	0	0	0	0	1658856993303
1715	667	0	0	0	0	0	0	1658856994323
1715	666	0	0	0	0	0	0	1658856995343
1715	665	0	0	0	0	0	0	1658856996363
1715	665	0	0	0	0	0	0	1658856997383
1715	665	0	0	0	0	0	0	1658856998403
1715	665	0	0	0	0	0	0	1658856999423
1715	665	0	0	0	0	0	0	1658857000443
1715	664	0	0	0	0	0	0	1658857001463
1715	663	0	0	0	0	0	0	1658857002483
1715	663	0	0	0	0	0	0	1658857003503
1715	663	0	0	0	0	0	0	1658857004523
1715	663	0	0	0	0	0	0	1658857005543
1715	663	0	0	0	0	0	0	1658857006563
1715	664	0	0	0	0	0	0	1658857007583
1715	663	0	0	0	0	0	0	1658857008603
1715	663	0	0	0	0	0	0	1658857009623
1715	664	0	0	0	0	0	0	1658857010643
1715	664	0	0	0	0	0	0	1658857011663
1715	664	0	0	0	0	0	0	1658857012683
1715	664	0	0	0	0	0	0	1658857013703
1715	664	0	0	0	0	0	0	1658857014723
1715	663	0	0	0	0	0	0	1658857015743
1715	664	0	0	0	0	0	0	1658857016763
1715	664	0	0	0	0	0	0	1658857017783
1715	664	0	0	0	0	0	0	1658857018803
1715	664	0	0	0	0	0	0	1658857019823
1715	664	0	0	0	0	0	0	1658857020843
1715	664	0	0	0	0	0	0	1658857021863
1715	664	0	0	0	0	0	0	1658857022883
1715	664	0	0	0	0	0	0	1658857023903
1715	664	0	0	0	0	0	0	1658857024923
1715	664	0	0	0	0	0	0	1658857025943
1715	663	0	0	0	0	0	0	1658857026963
1715	663	0	0	0	0	0	0	1658857027983
1715	663	0	0	0	0	0	0	1658857029003
1715	663	0	0	0	0	0	0	1658857030023
1715	663	0	0	0	0	0	0	1658857031043
1715	663	0	0	0	0	0	0	1658857032063
1715	663	0	0	0	0	0	0	1658857033083
1715	663	0	0	0	0	0	0	1658857034103
1715	663	0	0	0	0	0	0	1658857035123
1715	663	0	0	0	0	0	0	1658857036143
1715	663	0	0	0	0	0	0	1658857037163
1715	663	0	0	0	0	0	0	1658857038183
1715	663	0	0	0	0	0	0	1658857039203
1715	663	0	0	0	0	0	0	1658857040223
1715	663	0	0	0	0	0	0	1658857041243
1715	663	0	0	0	0	0	0	1658857042263
1715	663	0	0	0	0	0	0	1658857043283
1715	663	0	0	0	0	0	0	1658857044303
1715	663	0	0	0	0	0	0	1658857045323
1715	663	0	0	0	0	0	0	1658857046343
1715	663	0	0	0	0	0	0	1658857047363
1715	663	0	0	0	0	0	0	1658857048383
1715	663	0	0	0	0	0	0	1658857049403
1715	663	0	0	0	0	0	0	1658857050423
1715	663	0	0	0	0	0	0	1658857051443
1715	663	0	0	0	0	0	0	1658857052463
1715	663	0	0	0	0	0	0	1658857053483
1715	663	0	0	0	0	0	0	1658857054503
1715	663	0	0	0	0	0	0	1658857055523
1715	663	0	0	0	0	0	0	1658857056543
1715	663	0	0	0	0	0	0	1658857057563
1715	663	0	0	0	0	0	0	1658857058583
1715	663	0	0	0	0	0	0	1658857059603
1715	663	0	0	0	0	0	0	1658857060623
1715	663	0	0	0	0	0	0	1658857061643
1715	663	0	0	0	0	0	0	1658857062663
1715	663	0	0	0	0	0	0	1658857063683
1715	663	0	0	0	0	0	0	1658857064703
1715	663	0	0	0	0	0	0	1658857065723
1715	663	0	0	0	0	0	0	1658857066743
1715	663	0	0	0	0	0	0	1658857067763
1715	663	0	0	0	0	0	0	1658857068783
1715	663	0	0	0	0	0	0	1658857069803
1715	663	0	0	0	0	0	0	1658857070823
1715	663	0	0	0	0	0	0	1658857071843
1715	663	0	0	0	0	0	0	1658857072863
1715	663	0	0	0	0	0	0	1658857073883
1715	663	0	0	0	0	0	0	1658857074903
1715	663	0	0	0	0	0	0	1658857075923
1715	663	0	0	0	0	0	0	1658857076943
1715	663	0	0	0	0	0	0	1658857077963
1715	663	0	0	0	0	0	0	1658857078983
1715	663	0	0	0	0	0	0	1658857080003
1715	663	0	0	0	0	0	0	1658857081023
1715	663	0	0	0	0	0	0	1658857082043
1715	663	0	0	0	0	0	0	1658857083063
1715	663	0	0	0	0	0	0	1658857084083
1715	663	0	0	0	0	0	0	1658857085103
1715	663	0	0	0	0	0	0	1658857086123
1715	663	0	0	0	0	0	0	1658857087143
1715	663	0	0	0	0	0	0	1658857088163
1715	663	0	0	0	0	0	0	1658857089183
1715	663	0	0	0	0	0	0	1658857090203
1715	663	0	0	0	0	0	0	1658857091223
1715	663	0	0	0	0	0	0	1658857092243
1715	663	0	0	0	0	0	0	1658857093263
1715	663	0	0	0	0	0	0	1658857094283
1715	663	0	0	0	0	0	0	1658857095303
1715	663	0	0	0	0	0	0	1658857096323
1714	663	0	0	0	0	0	0	1658857097343
1714	663	0	0	0	0	0	0	1658857098363
1714	663	0	0	0	0	0	0	1658857099383
1714	663	0	0	0	0	0	0	1658857100403
1714	663	0	0	0	0	0	0	1658857101423
1714	663	0	0	0	0	0	0	1658857102443
1714	663	0	0	0	0	0	0	1658857103463
1713	663	0	0	0	0	0	0	1658857104483
1713	663	0	0	0	0	0	0	1658857105503
1713	663	0	0	0	0	0	0	1658857106523
1713	663	0	0	0	0	0	0	1658857107543
1713	663	0	0	0	0	0	0	1658857108563
1713	663	0	0	0	0	0	0	1658857109583
1713	663	0	0	0	0	0	0	1658857110603
1713	663	0	0	0	0	0	0	1658857111623
1712	663	0	0	0	0	0	0	1658857112643
1712	663	0	0	0	0	0	0	1658857113663
1712	663	0	0	0	0	0	0	1658857114683
1712	663	0	0	0	0	0	0	1658857115703
1711	663	0	0	0	0	0	0	1658857116723
1711	663	0	0	0	0	0	0	1658857117743
1712	663	0	0	0	0	0	0	1658857118763
1711	663	0	0	0	0	0	0	1658857119783
1709	663	0	0	0	0	0	0	1658857120803
1707	663	0	0	0	0	0	0	1658857121823
1707	663	0	0	0	0	0	0	1658857122843
1708	663	0	0	0	0	0	0	1658857123863
1708	663	0	0	0	0	0	0	1658857124883
1707	663	0	0	0	0	0	0	1658857125903
1706	663	0	0	0	0	0	0	1658857126923
1706	663	0	0	0	0	0	0	1658857127943
1705	663	0	0	0	0	0	0	1658857128963
1704	663	0	0	0	0	0	0	1658857129983
1701	663	0	0	0	0	0	0	1658857131003
1699	663	0	0	0	0	0	0	1658857132023
1698	663	0	0	0	0	0	0	1658857133043
1698	663	0	0	0	0	0	0	1658857134063
1699	663	0	0	0	0	0	0	1658857135083
1698	663	0	0	0	0	0	0	1658857136103
1699	663	0	0	0	0	0	0	1658857137123
1698	663	0	0	0	0	0	0	1658857138143
1697	663	0	0	0	0	0	0	1658857139163
1698	663	0	0	0	0	0	0	1658857140183
1696	663	0	0	0	0	0	0	1658857141203
1695	663	0	0	0	0	0	0	1658857142223
1694	663	0	0	0	0	0	0	1658857143243
1696	663	0	0	0	0	0	0	1658857144263
1696	663	0	0	0	0	0	0	1658857145283
1696	663	0	0	0	0	0	0	1658857146303
1695	663	0	0	0	0	0	0	1658857147323
1694	663	0	0	0	0	0	0	1658857148343
1694	663	0	0	0	0	0	0	1658857149363
1693	663	0	0	0	0	0	0	1658857150383
1692	663	0	0	0	0	0	0	1658857151403
1691	663	0	0	0	0	0	0	1658857152423
1691	663	0	0	0	0	0	0	1658857153443
1690	663	0	0	0	0	0	0	1658857154463
1690	663	0	0	0	0	0	0	1658857155483
1691	663	0	0	0	0	0	0	1658857156503
1690	663	0	0	0	0	0	0	1658857157523
1689	663	0	0	0	0	0	0	1658857158543
1689	663	0	0	0	0	0	0	1658857159563
1688	663	0	0	0	0	0	0	1658857160583
1688	663	0	0	0	0	0	0	1658857161603
1688	663	0	0	0	0	0	0	1658857162623
1688	663	0	0	0	0	0	0	1658857163643
1688	663	0	0	0	0	0	0	1658857164663
1688	663	0	0	0	0	0	0	1658857165683
1688	663	0	0	0	0	0	0	1658857166703
1688	663	0	0	0	0	0	0	1658857167723
1688	663	0	0	0	0	0	0	1658857168743
1688	663	0	0	0	0	0	0	1658857169763
1688	663	0	0	0	0	0	0	1658857170783
1688	663	0	0	0	0	0	0	1658857171803
1688	663	0	0	0	0	0	0	1658857172823
1688	663	0	0	0	0	0	0	1658857173843
1688	663	0	0	0	0	0	0	1658857174863
1688	663	0	0	0	0	0	0	1658857175883
1688	663	0	0	0	0	0	0	1658857176903
1688	663	0	0	0	0	0	0	1658857177923
1688	663	0	0	0	0	0	0	1658857178943
1688	663	0	0	0	0	0	0	1658857179963
1688	663	0	0	0	0	0	0	1658857180983
1687	663	0	0	0	0	0	0	1658857182003
1687	663	0	0	0	0	0	0	1658857183023
1687	663	0	0	0	0	0	0	1658857184043
1687	663	0	0	0	0	0	0	1658857185063
1687	663	0	0	0	0	0	0	1658857186083
1687	663	0	0	0	0	0	0	1658857187103
1687	663	0	0	0	0	0	0	1658857188123
1687	663	0	0	0	0	0	0	1658857189143
1687	663	0	0	0	0	0	0	1658857190163
1687	663	0	0	0	0	0	0	1658857191183
1687	663	0	0	0	0	0	0	1658857192203
1687	663	0	0	0	0	0	0	1658857193223
1687	663	0	0	0	0	0	0	1658857194243
1687	663	0	0	0	0	0	0	1658857195263
1687	663	0	0	0	0	0	0	1658857196283
1687	663	0	0	0	0	0	0	1658857197303
1687	663	0	0	0	0	0	0	1658857198323
1687	663	0	0	0	0	0	0	1658857199343
1687	663	0	0	0	0	0	0	1658857200363
1687	663	0	0	0	0	0	0	1658857201383
1687	663	0	0	0	0	0	0	1658857202403
1687	663	0	0	0	0	0	0	1658857203423
1683	663	0	0	0	0	0	0	1658857204443
1685	663	0	0	0	0	0	0	1658857205463
1686	663	0	0	0	0	0	0	1658857206483
1686	663	0	0	0	0	0	0	1658857207503
1687	663	0	0	0	0	0	0	1658857208523
1687	663	0	0	0	0	0	0	1658857209543
1687	663	0	0	0	0	0	0	1658857210563
1687	663	0	0	0	0	0	0	1658857211583
1687	663	0	0	0	0	0	0	1658857212603
1687	663	0	0	0	0	0	0	1658857213623
1687	663	0	0	0	0	0	0	1658857214643
1687	663	0	0	0	0	0	0	1658857215663
1687	663	0	0	0	0	0	0	1658857216683
1687	663	0	0	0	0	0	0	1658857217703
1687	663	0	0	0	0	0	0	1658857218723
1687	663	0	0	0	0	0	0	1658857219743
1687	663	0	0	0	0	0	0	1658857220763
1687	663	0	0	0	0	0	0	1658857221783
1687	663	0	0	0	0	0	0	1658857222803
1687	663	0	0	0	0	0	0	1658857223823
1687	663	0	0	0	0	0	0	1658857224843
1687	663	0	0	0	0	0	0	1658857225863
1687	663	0	0	0	0	0	0	1658857226883
1687	663	0	0	0	0	0	0	1658857227903
1687	663	0	0	0	0	0	0	1658857228923
1687	663	0	0	0	0	0	0	1658857229943
1687	663	0	0	0	0	0	0	1658857230963
1687	663	0	0	0	0	0	0	1658857231983
1687	663	0	0	0	0	0	0	1658857233003
1687	663	0	0	0	0	0	0	1658857234023
1687	663	0	0	0	0	0	0	1658857235043
1687	663	0	0	0	0	0	0	1658857236063
1687	663	0	0	0	0	0	0	1658857237083
1687	663	0	0	0	0	0	0	1658857238103
1687	663	0	0	0	0	0	0	1658857239123
1687	663	0	0	0	0	0	0	1658857240143
1688	663	0	0	0	0	0	0	1658857241163
1688	663	0	0	0	0	0	0	1658857242183
1688	663	0	0	0	0	0	0	1658857243203
1687	663	0	0	0	0	0	0	1658857244223
1687	663	0	0	0	0	0	0	1658857245243
1687	663	0	0	0	0	0	0	1658857246263
1687	663	0	0	0	0	0	0	1658857247283
1687	663	0	0	0	0	0	0	1658857248303
1687	663	0	0	0	0	0	0	1658857249323
1687	663	0	0	0	0	0	0	1658857250343
1687	663	0	0	0	0	0	0	1658857251363
1687	663	0	0	0	0	0	0	1658857252383
1687	663	0	0	0	0	0	0	1658857253403
1687	663	0	0	0	0	0	0	1658857254423
1687	663	0	0	0	0	0	0	1658857255443
1687	663	0	0	0	0	0	0	1658857256463
1687	663	0	0	0	0	0	0	1658857257483
1687	663	0	0	0	0	0	0	1658857258503
1687	663	0	0	0	0	0	0	1658857259523
1687	663	0	0	0	0	0	0	1658857260543
1687	663	0	0	0	0	0	0	1658857261563
1687	663	0	0	0	0	0	0	1658857262583
1687	663	0	0	0	0	0	0	1658857263603
1687	663	0	0	0	0	0	0	1658857264623
1687	663	0	0	0	0	0	0	1658857265643
1687	663	0	0	0	0	0	0	1658857266663
1687	663	0	0	0	0	0	0	1658857267683
1687	663	0	0	0	0	0	0	1658857268703
1687	663	0	0	0	0	0	0	1658857269723
1687	663	0	0	0	0	0	0	1658857270743
1687	663	0	0	0	0	0	0	1658857271763
1687	663	0	0	0	0	0	0	1658857272783
1687	663	0	0	0	0	0	0	1658857273803
1687	663	0	0	0	0	0	0	1658857274823
1687	663	0	0	0	0	0	0	1658857275843
1687	663	0	0	0	0	0	0	1658857276863
1687	663	0	0	0	0	0	0	1658857277883
1687	663	0	0	0	0	0	0	1658857278903
1687	663	0	0	0	0	0	0	1658857279923
1687	663	0	0	0	0	0	0	1658857280943
1687	663	0	0	0	0	0	0	1658857281963
1668	663	0	0	0	0	0	0	1658857282983
1676	663	0	0	0	0	0	0	1658857284003
1680	663	0	0	0	0	0	0	1658857285023
1683	663	0	0	0	0	0	0	1658857286043
1685	663	0	0	0	0	0	0	1658857287063
1686	663	0	0	0	0	0	0	1658857288083
1687	663	0	0	0	0	0	0	1658857289103
1687	663	0	0	0	0	0	0	1658857290123
1687	663	0	0	0	0	0	0	1658857291143
1687	663	0	0	0	0	0	0	1658857292163
1687	663	0	0	0	0	0	0	1658857293183
1687	663	0	0	0	0	0	0	1658857294203
1687	663	0	0	0	0	0	0	1658857295223
1687	663	0	0	0	0	0	0	1658857296243
1687	663	0	0	0	0	0	0	1658857297263
1687	663	0	0	0	0	0	0	1658857298283
1687	663	0	0	0	0	0	0	1658857299303
1687	663	0	0	0	0	0	0	1658857300323
1687	663	0	0	0	0	0	0	1658857301343
1687	663	0	0	0	0	0	0	1658857302363
1687	663	0	0	0	0	0	0	1658857303383
1687	663	0	0	0	0	0	0	1658857304403
1687	663	0	0	0	0	0	0	1658857305423
1687	663	0	0	0	0	0	0	1658857306443
1687	663	0	0	0	0	0	0	1658857307463
1687	663	0	0	0	0	0	0	1658857308483
1687	663	0	0	0	0	0	0	1658857309503
1687	663	0	0	0	0	0	0	1658857310523
1687	663	0	0	0	0	0	0	1658857311543
1687	663	0	0	0	0	0	0	1658857312563
1687	663	0	0	0	0	0	0	1658857313583
1687	663	0	0	0	0	0	0	1658857314603
1687	663	0	0	0	0	0	0	1658857315623
1687	663	0	0	0	0	0	0	1658857316643
1687	663	0	0	0	0	0	0	1658857317663
1687	663	0	0	0	0	0	0	1658857318683
1687	663	0	0	0	0	0	0	1658857319703
1687	663	0	0	0	0	0	0	1658857320723
1687	663	0	0	0	0	0	0	1658857321743
1687	663	0	0	0	0	0	0	1658857322763
1687	663	0	0	0	0	0	0	1658857323783
1687	663	0	0	0	0	0	0	1658857324803
1687	663	0	0	0	0	0	0	1658857325823
1687	663	0	0	0	0	0	0	1658857326843
1687	663	0	0	0	0	0	0	1658857327863
1687	663	0	0	0	0	0	0	1658857328883
1687	663	0	0	0	0	0	0	1658857329903
1687	663	0	0	0	0	0	0	1658857330923
1687	663	0	0	0	0	0	0	1658857331943
1687	663	0	0	0	0	0	0	1658857332963
1687	663	0	0	0	0	0	0	1658857333983
1687	663	0	0	0	0	0	0	1658857335003
1687	663	0	0	0	0	0	0	1658857336023
1687	663	0	0	0	0	0	0	1658857337043
1687	663	0	0	0	0	0	0	1658857338063
1687	663	0	0	0	0	0	0	1658857339083
1687	663	0	0	0	0	0	0	1658857340103
1687	663	0	0	0	0	0	0	1658857341123
1687	663	0	0	0	0	0	0	1658857342143
1687	663	0	0	0	0	0	0	1658857343163
1687	663	0	0	0	0	0	0	1658857344183
1687	663	0	0	0	0	0	0	1658857345203
1687	663	0	0	0	0	0	0	1658857346223
1687	663	0	0	0	0	0	0	1658857347243
1687	663	0	0	0	0	0	0	1658857348263
1687	663	0	0	0	0	0	0	1658857349283
1687	663	0	0	0	0	0	0	1658857350303
1687	663	0	0	0	0	0	0	1658857351323
1687	663	0	0	0	0	0	0	1658857352343
1687	663	0	0	0	0	0	0	1658857353363
1687	663	0	0	0	0	0	0	1658857354383
1687	663	0	0	0	0	0	0	1658857355403
1687	663	0	0	0	0	0	0	1658857356423
1687	663	0	0	0	0	0	0	1658857357473
1687	663	0	0	0	0	0	0	1658857358493
1687	663	0	0	0	0	0	0	1658857359513
1687	663	0	0	0	0	0	0	1658857360533
1687	663	0	0	0	0	0	0	1658857361553
1687	663	0	0	0	0	0	0	1658857362573
1687	663	0	0	0	0	0	0	1658857363593
1687	663	0	0	0	0	0	0	1658857364613
1687	663	0	0	0	0	0	0	1658857365633
1687	663	0	0	0	0	0	0	1658857366653
1687	663	0	0	0	0	0	0	1658857367673
1687	663	0	0	0	0	0	0	1658857368693
1687	663	0	0	0	0	0	0	1658857369713
1687	663	0	0	0	0	0	0	1658857370733
1687	663	0	0	0	0	0	0	1658857371753
1687	663	0	0	0	0	0	0	1658857372773
1687	663	0	0	0	0	0	0	1658857373793
1687	663	0	0	0	0	0	0	1658857374813
1687	663	0	0	0	0	0	0	1658857375833
1687	663	0	0	0	0	0	0	1658857376853
1687	663	0	0	0	0	0	0	1658857377873
1687	663	0	0	0	0	0	0	1658857378893
1687	663	0	0	0	0	0	0	1658857379913
1687	663	0	0	0	0	0	0	1658857380933
1687	663	0	0	0	0	0	0	1658857381953
1687	663	0	0	0	0	0	0	1658857382973
1687	663	0	0	0	0	0	0	1658857383993
1687	663	0	0	0	0	0	0	1658857385013
1687	663	0	0	0	0	0	0	1658857386033
1687	663	0	0	0	0	0	0	1658857387053
1687	663	0	0	0	0	0	0	1658857388073
1687	663	0	0	0	0	0	0	1658857389093
1687	663	0	0	0	0	0	0	1658857390113
1687	663	0	0	0	0	0	0	1658857391133
1687	663	0	0	0	0	0	0	1658857392153
1687	663	0	0	0	0	0	0	1658857393173
1687	663	0	0	0	0	0	0	1658857394193
1687	663	0	0	0	0	0	0	1658857395213
1687	663	0	0	0	0	0	0	1658857396233
1687	663	0	0	0	0	0	0	1658857397253
1687	663	0	0	0	0	0	0	1658857398273
1687	663	0	0	0	0	0	0	1658857399293
1687	663	0	0	0	0	0	0	1658857400313
1687	663	0	0	0	0	0	0	1658857401333
1687	663	0	0	0	0	0	0	1658857402353
1687	663	0	0	0	0	0	0	1658857403373
1687	663	0	0	0	0	0	0	1658857404393
1687	663	0	0	0	0	0	0	1658857405413
1687	663	0	0	0	0	0	0	1658857406433
1687	663	0	0	0	0	0	0	1658857407453
1687	663	0	0	0	0	0	0	1658857408473
1687	663	0	0	0	0	0	0	1658857409493
1687	663	0	0	0	0	0	0	1658857410513
1687	663	0	0	0	0	0	0	1658857411533
1687	663	0	0	0	0	0	0	1658857412553
1687	663	0	0	0	0	0	0	1658857413573
1687	663	0	0	0	0	0	0	1658857414593
1687	663	0	0	0	0	0	0	1658857415613
1687	663	0	0	0	0	0	0	1658857416633
1687	663	0	0	0	0	0	0	1658857417653
1687	663	0	0	0	0	0	0	1658857418673
1687	663	0	0	0	0	0	0	1658857419693
1687	663	0	0	0	0	0	0	1658857420713
1687	663	0	0	0	0	0	0	1658857421733
1687	663	0	0	0	0	0	0	1658857422753
1687	663	0	0	0	0	0	0	1658857423773
1687	663	0	0	0	0	0	0	1658857424793
1687	663	0	0	0	0	0	0	1658857425813
1687	663	0	0	0	0	0	0	1658857426833
1687	663	0	0	0	0	0	0	1658857427853
1687	663	0	0	0	0	0	0	1658857428873
1687	663	0	0	0	0	0	0	1658857429893
1687	663	0	0	0	0	0	0	1658857430913
1687	663	0	0	0	0	0	0	1658857431933
1687	663	0	0	0	0	0	0	1658857432953
1687	663	0	0	0	0	0	0	1658857433973
1687	663	0	0	0	0	0	0	1658857434993
1687	663	0	0	0	0	0	0	1658857436013
1687	663	0	0	0	0	0	0	1658857437033
1687	663	0	0	0	0	0	0	1658857438053
1687	663	0	0	0	0	0	0	1658857439073
1687	663	0	0	0	0	0	0	1658857440093
1687	663	0	0	0	0	0	0	1658857441113
1687	663	0	0	0	0	0	0	1658857442133
1687	663	0	0	0	0	0	0	1658857443153
1687	663	0	0	0	0	0	0	1658857444173
1687	663	0	0	0	0	0	0	1658857445193
1687	663	0	0	0	0	0	0	1658857446213
1687	663	0	0	0	0	0	0	1658857447233
1687	663	0	0	0	0	0	0	1658857448253
1687	663	0	0	0	0	0	0	1658857449273
1687	663	0	0	0	0	0	0	1658857450293
1687	663	0	0	0	0	0	0	1658857451313
