2463	810	0	0	0	0	0	0	1658949055993
2455	806	0	0	0	0	0	0	1658949057013
2442	804	0	0	0	0	0	0	1658949058033
2431	794	0	0	0	0	0	0	1658949059053
2422	786	0	0	0	0	0	0	1658949060073
2408	781	0	0	0	0	0	0	1658949061093
2399	777	0	0	0	0	0	0	1658949062113
2394	766	0	0	0	0	0	0	1658949063133
2390	758	0	0	0	0	0	0	1658949064153
2383	753	0	0	0	0	0	0	1658949065173
2373	750	0	0	0	0	0	0	1658949066193
2367	748	0	0	0	0	0	0	1658949067213
2363	747	0	0	0	0	0	0	1658949068233
2361	745	0	0	0	0	0	0	1658949069253
2359	737	0	0	0	0	0	0	1658949070273
2354	729	0	0	0	0	0	0	1658949071293
2344	725	0	0	0	0	0	0	1658949072313
2339	722	0	0	0	0	0	0	1658949073333
2335	720	0	0	0	0	0	0	1658949074353
2333	719	0	0	0	0	0	0	1658949075373
2331	719	0	0	0	0	0	0	1658949076393
2330	719	0	0	0	0	0	0	1658949077413
2330	719	0	0	0	0	0	0	1658949078433
2330	719	0	0	0	0	0	0	1658949079453
2329	719	0	0	0	0	0	0	1658949080473
2328	719	0	0	0	0	0	0	1658949081493
2323	719	0	0	0	0	0	0	1658949082513
2315	719	0	0	0	0	0	0	1658949083533
2310	718	0	0	0	0	0	0	1658949084553
2307	714	0	0	0	0	0	0	1658949085573
2305	712	0	0	0	0	0	0	1658949086593
2304	707	0	0	0	0	0	0	1658949087613
2303	703	0	0	0	0	0	0	1658949088633
2302	698	0	0	0	0	0	0	1658949089653
2302	695	0	0	0	0	0	0	1658949090673
2302	694	0	0	0	0	0	0	1658949091693
2302	693	0	0	0	0	0	0	1658949092713
2302	692	0	0	0	0	0	0	1658949093733
2302	691	0	0	0	0	0	0	1658949094753
2301	691	0	0	0	0	0	0	1658949095773
2300	691	0	0	0	0	0	0	1658949096793
2294	691	0	0	0	0	0	0	1658949097813
2287	691	0	0	0	0	0	0	1658949098833
2282	691	0	0	0	0	0	0	1658949099853
2279	691	0	0	0	0	0	0	1658949100873
2277	691	0	0	0	0	0	0	1658949101893
2276	691	0	0	0	0	0	0	1658949102913
2275	691	0	0	0	0	0	0	1658949103933
2274	691	0	0	0	0	0	0	1658949104953
2274	691	0	0	0	0	0	0	1658949105973
2274	691	0	0	0	0	0	0	1658949106993
2274	691	0	0	0	0	0	0	1658949108013
2274	691	0	0	0	0	0	0	1658949109033
2274	691	0	0	0	0	0	0	1658949110053
2273	691	0	0	0	0	0	0	1658949111073
2268	691	0	0	0	0	0	0	1658949112093
2260	691	0	0	0	0	0	0	1658949113113
2254	691	0	0	0	0	0	0	1658949114133
2250	691	0	0	0	0	0	0	1658949115153
2248	691	0	0	0	0	0	0	1658949116173
2247	691	0	0	0	0	0	0	1658949117193
2247	691	0	0	0	0	0	0	1658949118213
2246	691	0	0	0	0	0	0	1658949119233
2246	691	0	0	0	0	0	0	1658949120253
2246	691	0	0	0	0	0	0	1658949121273
2246	691	0	0	0	0	0	0	1658949122293
2246	691	0	0	0	0	0	0	1658949123313
2246	691	0	0	0	0	0	0	1658949124333
2246	691	0	0	0	0	0	0	1658949125353
2246	691	0	0	0	0	0	0	1658949126373
2246	691	0	0	0	0	0	0	1658949127393
2246	691	0	0	0	0	0	0	1658949128413
2245	691	0	0	0	0	0	0	1658949129433
2245	691	0	0	0	0	0	0	1658949130453
2242	691	0	0	0	0	0	0	1658949131473
2238	691	0	0	0	0	0	0	1658949132493
2231	691	0	0	0	0	0	0	1658949133513
2226	691	0	0	0	0	0	0	1658949134533
2223	691	0	0	0	0	0	0	1658949135553
2221	691	0	0	0	0	0	0	1658949136573
2220	691	0	0	0	0	0	0	1658949137593
2219	691	0	0	0	0	0	0	1658949138613
2219	691	0	0	0	0	0	0	1658949139633
2218	691	0	0	0	0	0	0	1658949140653
2216	691	0	0	0	0	0	0	1658949141673
2213	691	0	0	0	0	0	0	1658949142693
2212	691	0	0	0	0	0	0	1658949143713
2207	691	0	0	0	0	0	0	1658949144733
2202	691	0	0	0	0	0	0	1658949145753
2197	691	0	0	0	0	0	0	1658949146773
2194	691	0	0	0	0	0	0	1658949147793
2192	691	0	0	0	0	0	0	1658949148813
2191	691	0	0	0	0	0	0	1658949149833
2191	691	0	0	0	0	0	0	1658949150853
11314	691	0	0	0	0	0	0	1658949151873
7664	691	0	0	0	0	0	0	1658949152893
5474	691	0	0	0	0	0	0	1658949153913
4160	691	0	0	0	0	0	0	1658949154933
3372	691	0	0	0	0	0	0	1658949155953
2899	691	0	0	0	0	0	0	1658949156973
2615	691	0	0	0	0	0	0	1658949157993
2445	691	0	0	0	0	0	0	1658949159013
2343	691	0	0	0	0	0	0	1658949160033
2282	691	0	0	0	0	0	0	1658949161053
2245	691	0	0	0	0	0	0	1658949162073
2223	691	0	0	0	0	0	0	1658949163093
2210	691	0	0	0	0	0	0	1658949164113
2202	691	0	0	0	0	0	0	1658949165133
2197	691	0	0	0	0	0	0	1658949166153
2194	691	0	0	0	0	0	0	1658949167173
2192	691	0	0	0	0	0	0	1658949168193
2191	691	0	0	0	0	0	0	1658949169213
2190	691	0	0	0	0	0	0	1658949170233
2190	691	0	0	0	0	0	0	1658949171253
2189	691	0	0	0	0	0	0	1658949172273
2189	691	0	0	0	0	0	0	1658949173293
2188	691	0	0	0	0	0	0	1658949174313
2187	691	0	0	0	0	0	0	1658949175333
2184	691	0	0	0	0	0	0	1658949176353
2179	691	0	0	0	0	0	0	1658949177373
2175	691	0	0	0	0	0	0	1658949178393
2171	691	0	0	0	0	0	0	1658949179413
2168	691	0	0	0	0	0	0	1658949180433
2166	691	0	0	0	0	0	0	1658949181453
2165	691	0	0	0	0	0	0	1658949182473
2164	691	0	0	0	0	0	0	1658949183493
2163	691	0	0	0	0	0	0	1658949184513
2162	691	0	0	0	0	0	0	1658949185533
2162	691	0	0	0	0	0	0	1658949186553
2162	691	0	0	0	0	0	0	1658949187573
2162	691	0	0	0	0	0	0	1658949188593
2162	691	0	0	0	0	0	0	1658949189613
2162	691	0	0	0	0	0	0	1658949190633
2162	691	0	0	0	0	0	0	1658949191653
2162	691	0	0	0	0	0	0	1658949192673
2162	691	0	0	0	0	0	0	1658949193693
2162	691	0	0	0	0	0	0	1658949194713
2162	692	0	0	0	0	0	0	1658949195733
2162	692	0	0	0	0	0	0	1658949196753
2162	692	0	0	0	0	0	0	1658949197773
2162	692	0	0	0	0	0	0	1658949198793
2162	692	0	0	0	0	0	0	1658949199813
2162	693	0	0	0	0	0	0	1658949200833
2162	693	0	0	0	0	0	0	1658949201853
2162	693	0	0	0	0	0	0	1658949202873
2162	694	0	0	0	0	0	0	1658949203893
2162	694	0	0	0	0	0	0	1658949204913
2162	694	0	0	0	0	0	0	1658949205933
2162	695	0	0	0	0	0	0	1658949206953
2162	695	0	0	0	0	0	0	1658949207973
2162	695	0	0	0	0	0	0	1658949208993
2162	696	0	0	0	0	0	0	1658949210013
2162	697	0	0	0	0	0	0	1658949211033
2162	697	0	0	0	0	0	0	1658949212053
2162	696	0	0	0	0	0	0	1658949213073
2162	697	0	0	0	0	0	0	1658949214093
2162	697	0	0	0	0	0	0	1658949215113
2162	698	0	0	0	0	0	0	1658949216133
2162	700	0	0	0	0	0	0	1658949217153
2162	701	0	0	0	0	0	0	1658949218173
2162	700	0	0	0	0	0	0	1658949219193
2162	701	0	0	0	0	0	0	1658949220213
2162	702	0	0	0	0	0	0	1658949221233
2162	701	0	0	0	0	0	0	1658949222253
2162	701	0	0	0	0	0	0	1658949223273
2162	701	0	0	0	0	0	0	1658949224293
2161	702	0	0	0	0	0	0	1658949225313
2160	702	0	0	0	0	0	0	1658949226333
2159	703	0	0	0	0	0	0	1658949227353
2158	705	0	0	0	0	0	0	1658949228373
2155	705	0	0	0	0	0	0	1658949229393
2151	703	0	0	0	0	0	0	1658949230413
2146	702	0	0	0	0	0	0	1658949231433
2141	703	0	0	0	0	0	0	1658949232453
2138	703	0	0	0	0	0	0	1658949233473
2136	703	0	0	0	0	0	0	1658949234493
2135	703	0	0	0	0	0	0	1658949235513
2135	705	0	0	0	0	0	0	1658949236533
2135	705	0	0	0	0	0	0	1658949237553
2135	702	0	0	0	0	0	0	1658949238573
2135	697	0	0	0	0	0	0	1658949239593
2134	694	0	0	0	0	0	0	1658949240613
2134	693	0	0	0	0	0	0	1658949241633
2134	692	0	0	0	0	0	0	1658949242653
2134	691	0	0	0	0	0	0	1658949243673
2134	691	0	0	0	0	0	0	1658949244693
2134	691	0	0	0	0	0	0	1658949245713
2134	691	0	0	0	0	0	0	1658949246733
2134	691	0	0	0	0	0	0	1658949247753
2134	691	0	0	0	0	0	0	1658949248773
2134	691	0	0	0	0	0	0	1658949249793
2134	691	0	0	0	0	0	0	1658949250813
2134	691	0	0	0	0	0	0	1658949251833
2134	691	0	0	0	0	0	0	1658949252853
2134	691	0	0	0	0	0	0	1658949253873
2134	691	0	0	0	0	0	0	1658949254893
2134	691	0	0	0	0	0	0	1658949255913
2134	691	0	0	0	0	0	0	1658949256933
2134	691	0	0	0	0	0	0	1658949257953
2134	691	0	0	0	0	0	0	1658949258973
2134	691	0	0	0	0	0	0	1658949259993
2134	691	0	0	0	0	0	0	1658949261013
2134	691	0	0	0	0	0	0	1658949262033
2134	691	0	0	0	0	0	0	1658949263053
2134	691	0	0	0	0	0	0	1658949264073
2133	691	0	0	0	0	0	0	1658949265093
2133	691	0	0	0	0	0	0	1658949266113
2133	691	0	0	0	0	0	0	1658949267133
2132	691	0	0	0	0	0	0	1658949268153
2131	691	0	0	0	0	0	0	1658949269173
2130	691	0	0	0	0	0	0	1658949270193
2128	691	0	0	0	0	0	0	1658949271213
2125	691	0	0	0	0	0	0	1658949272233
2121	691	0	0	0	0	0	0	1658949273253
2118	691	0	0	0	0	0	0	1658949274273
2115	691	0	0	0	0	0	0	1658949275293
2112	691	0	0	0	0	0	0	1658949276313
2110	691	0	0	0	0	0	0	1658949277333
2109	691	0	0	0	0	0	0	1658949278353
2108	691	0	0	0	0	0	0	1658949279373
2107	691	0	0	0	0	0	0	1658949280393
2107	691	0	0	0	0	0	0	1658949281413
2106	691	0	0	0	0	0	0	1658949282433
2106	691	0	0	0	0	0	0	1658949283453
2106	691	0	0	0	0	0	0	1658949284473
2106	691	0	0	0	0	0	0	1658949285493
2106	691	0	0	0	0	0	0	1658949286513
2106	691	0	0	0	0	0	0	1658949287533
2106	691	0	0	0	0	0	0	1658949288553
2106	691	0	0	0	0	0	0	1658949289573
2106	691	0	0	0	0	0	0	1658949290593
2106	691	0	0	0	0	0	0	1658949291613
2106	691	0	0	0	0	0	0	1658949292633
2106	691	0	0	0	0	0	0	1658949293653
2106	691	0	0	0	0	0	0	1658949294673
2106	691	0	0	0	0	0	0	1658949295693
2106	691	0	0	0	0	0	0	1658949296713
2106	691	0	0	0	0	0	0	1658949297733
2106	691	0	0	0	0	0	0	1658949298753
2106	691	0	0	0	0	0	0	1658949299773
2106	691	0	0	0	0	0	0	1658949300793
2106	691	0	0	0	0	0	0	1658949301813
2106	691	0	0	0	0	0	0	1658949302833
2106	691	0	0	0	0	0	0	1658949303853
2106	691	0	0	0	0	0	0	1658949304873
2106	691	0	0	0	0	0	0	1658949305893
2106	691	0	0	0	0	0	0	1658949306913
2106	691	0	0	0	0	0	0	1658949307933
2106	691	0	0	0	0	0	0	1658949308953
2106	691	0	0	0	0	0	0	1658949309973
2106	691	0	0	0	0	0	0	1658949310993
2106	691	0	0	0	0	0	0	1658949312013
2106	691	0	0	0	0	0	0	1658949313033
11263	691	0	0	0	0	0	0	1658949314053
7600	691	0	0	0	0	0	0	1658949315073
5402	691	0	0	0	0	0	0	1658949316093
4084	691	0	0	0	0	0	0	1658949317113
3292	691	0	0	0	0	0	0	1658949318133
2818	691	0	0	0	0	0	0	1658949319153
2533	691	0	0	0	0	0	0	1658949320173
2362	691	0	0	0	0	0	0	1658949321193
2260	691	0	0	0	0	0	0	1658949322213
2198	691	0	0	0	0	0	0	1658949323233
2161	691	0	0	0	0	0	0	1658949324253
2139	691	0	0	0	0	0	0	1658949325273
2126	691	0	0	0	0	0	0	1658949326293
2118	691	0	0	0	0	0	0	1658949327313
2113	691	0	0	0	0	0	0	1658949328333
2110	691	0	0	0	0	0	0	1658949329353
2108	691	0	0	0	0	0	0	1658949330373
2107	691	0	0	0	0	0	0	1658949331393
2106	691	0	0	0	0	0	0	1658949332413
2106	691	0	0	0	0	0	0	1658949333433
2106	691	0	0	0	0	0	0	1658949334453
2106	691	0	0	0	0	0	0	1658949335473
2106	691	0	0	0	0	0	0	1658949336493
2106	691	0	0	0	0	0	0	1658949337513
2106	691	0	0	0	0	0	0	1658949338533
2106	691	0	0	0	0	0	0	1658949339553
2106	691	0	0	0	0	0	0	1658949340573
2104	691	0	0	0	0	0	0	1658949341593
2103	691	0	0	0	0	0	0	1658949342613
2103	691	0	0	0	0	0	0	1658949343633
2102	691	0	0	0	0	0	0	1658949344653
2101	691	0	0	0	0	0	0	1658949345673
2099	691	0	0	0	0	0	0	1658949346693
2098	691	0	0	0	0	0	0	1658949347713
2097	691	0	0	0	0	0	0	1658949348733
2095	691	0	0	0	0	0	0	1658949349753
2092	691	0	0	0	0	0	0	1658949350773
2089	691	0	0	0	0	0	0	1658949351793
2087	691	0	0	0	0	0	0	1658949352813
2085	691	0	0	0	0	0	0	1658949353833
2084	691	0	0	0	0	0	0	1658949354853
2082	691	0	0	0	0	0	0	1658949355873
2082	691	0	0	0	0	0	0	1658949356893
2081	691	0	0	0	0	0	0	1658949357913
2080	691	0	0	0	0	0	0	1658949358933
2079	691	0	0	0	0	0	0	1658949359953
2079	691	0	0	0	0	0	0	1658949360973
2079	691	0	0	0	0	0	0	1658949361993
2079	691	0	0	0	0	0	0	1658949363013
2079	691	0	0	0	0	0	0	1658949364033
2079	691	0	0	0	0	0	0	1658949365053
2079	691	0	0	0	0	0	0	1658949366073
2078	691	0	0	0	0	0	0	1658949367093
2078	691	0	0	0	0	0	0	1658949368113
2078	697	0	0	0	0	0	0	1658949369133
2078	695	0	0	0	0	0	0	1658949370153
2078	693	0	0	0	0	0	0	1658949371173
2078	692	0	0	0	0	0	0	1658949372193
2078	691	0	0	0	0	0	0	1658949373213
2078	691	0	0	0	0	0	0	1658949374233
2078	691	0	0	0	0	0	0	1658949375253
2078	691	0	0	0	0	0	0	1658949376273
2078	691	0	0	0	0	0	0	1658949377293
2078	691	0	0	0	0	0	0	1658949378313
2078	691	0	0	0	0	0	0	1658949379333
2078	691	0	0	0	0	0	0	1658949380353
2078	691	0	0	0	0	0	0	1658949381373
2078	691	0	0	0	0	0	0	1658949382393
2078	691	0	0	0	0	0	0	1658949383413
2078	691	0	0	0	0	0	0	1658949384433
2078	691	0	0	0	0	0	0	1658949385453
2078	691	0	0	0	0	0	0	1658949386473
2078	691	0	0	0	0	0	0	1658949387493
2078	691	0	0	0	0	0	0	1658949388513
2078	691	0	0	0	0	0	0	1658949389533
2078	691	0	0	0	0	0	0	1658949390553
2078	691	0	0	0	0	0	0	1658949391573
2078	691	0	0	0	0	0	0	1658949392593
2078	691	0	0	0	0	0	0	1658949393613
2078	691	0	0	0	0	0	0	1658949394633
2078	691	0	0	0	0	0	0	1658949395653
2078	691	0	0	0	0	0	0	1658949396673
2078	691	0	0	0	0	0	0	1658949397693
2078	691	0	0	0	0	0	0	1658949398713
2078	691	0	0	0	0	0	0	1658949399733
2078	691	0	0	0	0	0	0	1658949400753
2078	691	0	0	0	0	0	0	1658949401773
2078	691	0	0	0	0	0	0	1658949402793
2078	691	0	0	0	0	0	0	1658949403813
2078	691	0	0	0	0	0	0	1658949404833
2078	691	0	0	0	0	0	0	1658949405853
2078	691	0	0	0	0	0	0	1658949406873
2078	691	0	0	0	0	0	0	1658949407893
2078	691	0	0	0	0	0	0	1658949408913
2078	691	0	0	0	0	0	0	1658949409933
2078	691	0	0	0	0	0	0	1658949410953
2078	691	0	0	0	0	0	0	1658949411973
2078	691	0	0	0	0	0	0	1658949412993
2078	691	0	0	0	0	0	0	1658949414013
2078	691	0	0	0	0	0	0	1658949415033
2078	691	0	0	0	0	0	0	1658949416053
2078	691	0	0	0	0	0	0	1658949417073
2078	691	0	0	0	0	0	0	1658949418093
2078	691	0	0	0	0	0	0	1658949419113
2078	691	0	0	0	0	0	0	1658949420133
2078	691	0	0	0	0	0	0	1658949421153
2078	691	0	0	0	0	0	0	1658949422173
2078	691	0	0	0	0	0	0	1658949423193
2078	691	0	0	0	0	0	0	1658949424213
2078	691	0	0	0	0	0	0	1658949425233
2078	691	0	0	0	0	0	0	1658949426253
2078	691	0	0	0	0	0	0	1658949427273
2078	691	0	0	0	0	0	0	1658949428293
2078	691	0	0	0	0	0	0	1658949429313
2078	691	0	0	0	0	0	0	1658949430333
2076	691	0	0	0	0	0	0	1658949431353
2073	691	0	0	0	0	0	0	1658949432373
2069	691	0	0	0	0	0	0	1658949433393
2065	691	0	0	0	0	0	0	1658949434413
2063	691	0	0	0	0	0	0	1658949435433
2060	691	0	0	0	0	0	0	1658949436453
2059	691	0	0	0	0	0	0	1658949437473
2057	691	0	0	0	0	0	0	1658949438493
2056	691	0	0	0	0	0	0	1658949439513
2054	691	0	0	0	0	0	0	1658949440533
2052	690	0	0	0	0	0	0	1658949441553
2051	685	0	0	0	0	0	0	1658949442573
2051	686	0	0	0	0	0	0	1658949443593
2051	688	0	0	0	0	0	0	1658949444613
2051	689	0	0	0	0	0	0	1658949445633
2051	689	0	0	0	0	0	0	1658949446653
2051	687	0	0	0	0	0	0	1658949447673
2051	688	0	0	0	0	0	0	1658949448693
2051	689	0	0	0	0	0	0	1658949449713
2051	687	0	0	0	0	0	0	1658949450733
2051	677	0	0	0	0	0	0	1658949451753
2051	671	0	0	0	0	0	0	1658949452773
2051	668	0	0	0	0	0	0	1658949453793
2051	666	0	0	0	0	0	0	1658949454813
2050	665	0	0	0	0	0	0	1658949455833
2050	664	0	0	0	0	0	0	1658949456853
2050	664	0	0	0	0	0	0	1658949457873
2050	664	0	0	0	0	0	0	1658949458893
2050	663	0	0	0	0	0	0	1658949459913
2050	663	0	0	0	0	0	0	1658949460933
2050	663	0	0	0	0	0	0	1658949461953
2050	663	0	0	0	0	0	0	1658949462973
2050	663	0	0	0	0	0	0	1658949463993
2050	664	0	0	0	0	0	0	1658949465013
2050	665	0	0	0	0	0	0	1658949466033
2050	665	0	0	0	0	0	0	1658949467053
2050	667	0	0	0	0	0	0	1658949468073
2050	671	0	0	0	0	0	0	1658949469093
2050	675	0	0	0	0	0	0	1658949470113
2050	679	0	0	0	0	0	0	1658949471133
2050	680	0	0	0	0	0	0	1658949472153
2050	683	0	0	0	0	0	0	1658949473173
2050	686	0	0	0	0	0	0	1658949474193
2050	688	0	0	0	0	0	0	1658949475213
2050	688	0	0	0	0	0	0	1658949476233
2050	686	0	0	0	0	0	0	1658949477253
2050	677	0	0	0	0	0	0	1658949478273
2050	671	0	0	0	0	0	0	1658949479293
2050	668	0	0	0	0	0	0	1658949480313
2050	666	0	0	0	0	0	0	1658949481333
2050	665	0	0	0	0	0	0	1658949482353
2050	664	0	0	0	0	0	0	1658949483373
2050	663	0	0	0	0	0	0	1658949484393
2050	663	0	0	0	0	0	0	1658949485413
2050	663	0	0	0	0	0	0	1658949486433
2050	663	0	0	0	0	0	0	1658949487453
2050	663	0	0	0	0	0	0	1658949488473
2050	665	0	0	0	0	0	0	1658949489493
2050	668	0	0	0	0	0	0	1658949490513
2050	670	0	0	0	0	0	0	1658949491533
2050	673	0	0	0	0	0	0	1658949492553
2050	676	0	0	0	0	0	0	1658949493573
2050	680	0	0	0	0	0	0	1658949494593
2050	683	0	0	0	0	0	0	1658949495613
2050	684	0	0	0	0	0	0	1658949496633
2050	686	0	0	0	0	0	0	1658949497653
2050	687	0	0	0	0	0	0	1658949498673
2050	688	0	0	0	0	0	0	1658949499693
2050	689	0	0	0	0	0	0	1658949500713
2050	689	0	0	0	0	0	0	1658949501733
2050	690	0	0	0	0	0	0	1658949502753
2050	690	0	0	0	0	0	0	1658949503773
2050	690	0	0	0	0	0	0	1658949504793
2050	690	0	0	0	0	0	0	1658949505813
2050	690	0	0	0	0	0	0	1658949506833
2050	690	0	0	0	0	0	0	1658949507853
2050	690	0	0	0	0	0	0	1658949508873
2050	690	0	0	0	0	0	0	1658949509893
2050	690	0	0	0	0	0	0	1658949510913
2050	690	0	0	0	0	0	0	1658949511933
2050	690	0	0	0	0	0	0	1658949512953
2050	690	0	0	0	0	0	0	1658949513973
2050	690	0	0	0	0	0	0	1658949514993
2050	690	0	0	0	0	0	0	1658949516013
2050	690	0	0	0	0	0	0	1658949517033
2050	690	0	0	0	0	0	0	1658949518053
2050	690	0	0	0	0	0	0	1658949519073
2050	690	0	0	0	0	0	0	1658949520093
2050	690	0	0	0	0	0	0	1658949521113
2050	690	0	0	0	0	0	0	1658949522133
2050	690	0	0	0	0	0	0	1658949523153
2050	690	0	0	0	0	0	0	1658949524173
2050	690	0	0	0	0	0	0	1658949525193
2050	690	0	0	0	0	0	0	1658949526213
2050	690	0	0	0	0	0	0	1658949527233
2050	690	0	0	0	0	0	0	1658949528253
2050	690	0	0	0	0	0	0	1658949529273
2050	690	0	0	0	0	0	0	1658949530293
2050	690	0	0	0	0	0	0	1658949531313
2050	690	0	0	0	0	0	0	1658949532333
2050	690	0	0	0	0	0	0	1658949533353
2050	690	0	0	0	0	0	0	1658949534373
2050	690	0	0	0	0	0	0	1658949535393
2050	690	0	0	0	0	0	0	1658949536413
2050	690	0	0	0	0	0	0	1658949537433
2050	690	0	0	0	0	0	0	1658949538453
2050	690	0	0	0	0	0	0	1658949539473
2050	690	0	0	0	0	0	0	1658949540493
2050	690	0	0	0	0	0	0	1658949541513
2050	690	0	0	0	0	0	0	1658949542533
2050	690	0	0	0	0	0	0	1658949543553
2050	690	0	0	0	0	0	0	1658949544573
2050	690	0	0	0	0	0	0	1658949545593
2050	690	0	0	0	0	0	0	1658949546613
2050	690	0	0	0	0	0	0	1658949547633
2050	690	0	0	0	0	0	0	1658949548653
2050	690	0	0	0	0	0	0	1658949549673
2050	690	0	0	0	0	0	0	1658949550693
2050	690	0	0	0	0	0	0	1658949551713
2050	690	0	0	0	0	0	0	1658949552733
2050	690	0	0	0	0	0	0	1658949553753
2050	690	0	0	0	0	0	0	1658949554773
2050	690	0	0	0	0	0	0	1658949555793
2050	690	0	0	0	0	0	0	1658949556813
2050	690	0	0	0	0	0	0	1658949557833
2050	690	0	0	0	0	0	0	1658949558853
2050	690	0	0	0	0	0	0	1658949559873
2050	690	0	0	0	0	0	0	1658949560893
2050	690	0	0	0	0	0	0	1658949561913
2050	690	0	0	0	0	0	0	1658949562933
2050	690	0	0	0	0	0	0	1658949563953
2050	690	0	0	0	0	0	0	1658949564973
2050	690	0	0	0	0	0	0	1658949565993
2050	690	0	0	0	0	0	0	1658949567013
2050	690	0	0	0	0	0	0	1658949568033
2050	690	0	0	0	0	0	0	1658949569053
2050	690	0	0	0	0	0	0	1658949570073
2050	690	0	0	0	0	0	0	1658949571093
2050	690	0	0	0	0	0	0	1658949572113
2050	690	0	0	0	0	0	0	1658949573133
2050	690	0	0	0	0	0	0	1658949574153
2050	690	0	0	0	0	0	0	1658949575173
2050	690	0	0	0	0	0	0	1658949576193
2050	690	0	0	0	0	0	0	1658949577213
2050	690	0	0	0	0	0	0	1658949578233
2049	690	0	0	0	0	0	0	1658949579253
2049	690	0	0	0	0	0	0	1658949580273
2048	690	0	0	0	0	0	0	1658949581293
2048	690	0	0	0	0	0	0	1658949582313
2048	690	0	0	0	0	0	0	1658949583333
2048	690	0	0	0	0	0	0	1658949584353
2047	690	0	0	0	0	0	0	1658949585373
2048	690	0	0	0	0	0	0	1658949586393
2048	690	0	0	0	0	0	0	1658949587413
2048	690	0	0	0	0	0	0	1658949588433
2048	690	0	0	0	0	0	0	1658949589453
2047	690	0	0	0	0	0	0	1658949590473
2046	690	0	0	0	0	0	0	1658949591493
2046	690	0	0	0	0	0	0	1658949592513
2046	690	0	0	0	0	0	0	1658949593533
2047	690	0	0	0	0	0	0	1658949594553
2043	690	0	0	0	0	0	0	1658949595573
2042	690	0	0	0	0	0	0	1658949596593
2040	690	0	0	0	0	0	0	1658949597613
2038	690	0	0	0	0	0	0	1658949598633
2035	690	0	0	0	0	0	0	1658949599653
2031	690	0	0	0	0	0	0	1658949600673
2032	690	0	0	0	0	0	0	1658949601693
2030	690	0	0	0	0	0	0	1658949602713
2030	690	0	0	0	0	0	0	1658949603733
2031	690	0	0	0	0	0	0	1658949604753
2029	690	0	0	0	0	0	0	1658949605773
2029	690	0	0	0	0	0	0	1658949606793
2027	690	0	0	0	0	0	0	1658949607813
2026	690	0	0	0	0	0	0	1658949608833
2026	690	0	0	0	0	0	0	1658949609853
2025	690	0	0	0	0	0	0	1658949610873
2025	690	0	0	0	0	0	0	1658949611893
2025	690	0	0	0	0	0	0	1658949612913
2025	690	0	0	0	0	0	0	1658949613933
2025	690	0	0	0	0	0	0	1658949614953
2024	690	0	0	0	0	0	0	1658949615973
2024	690	0	0	0	0	0	0	1658949616993
2024	690	0	0	0	0	0	0	1658949618013
2023	690	0	0	0	0	0	0	1658949619033
2023	690	0	0	0	0	0	0	1658949620053
2022	690	0	0	0	0	0	0	1658949621073
2022	690	0	0	0	0	0	0	1658949622093
2022	690	0	0	0	0	0	0	1658949623113
2022	690	0	0	0	0	0	0	1658949624133
2022	690	0	0	0	0	0	0	1658949625153
2022	690	0	0	0	0	0	0	1658949626173
2022	690	0	0	0	0	0	0	1658949627193
2022	690	0	0	0	0	0	0	1658949628213
2022	690	0	0	0	0	0	0	1658949629233
2022	690	0	0	0	0	0	0	1658949630253
2022	690	0	0	0	0	0	0	1658949631273
2023	690	0	0	0	0	0	0	1658949632293
2023	690	0	0	0	0	0	0	1658949633313
2023	690	0	0	0	0	0	0	1658949634333
2023	690	0	0	0	0	0	0	1658949635353
2023	690	0	0	0	0	0	0	1658949636373
2022	690	0	0	0	0	0	0	1658949637393
2022	690	0	0	0	0	0	0	1658949638413
2022	690	0	0	0	0	0	0	1658949639433
2022	690	0	0	0	0	0	0	1658949640453
2022	690	0	0	0	0	0	0	1658949641473
2022	690	0	0	0	0	0	0	1658949642493
2022	690	0	0	0	0	0	0	1658949643513
2022	690	0	0	0	0	0	0	1658949644533
2022	690	0	0	0	0	0	0	1658949645553
2022	690	0	0	0	0	0	0	1658949646573
2022	690	0	0	0	0	0	0	1658949647593
2022	690	0	0	0	0	0	0	1658949648613
2022	690	0	0	0	0	0	0	1658949649633
2022	690	0	0	0	0	0	0	1658949650653
2022	690	0	0	0	0	0	0	1658949651673
2022	690	0	0	0	0	0	0	1658949652693
2022	690	0	0	0	0	0	0	1658949653713
2022	690	0	0	0	0	0	0	1658949654733
2022	690	0	0	0	0	0	0	1658949655753
2022	699	0	0	0	0	0	0	1658949656773
2022	698	0	0	0	0	0	0	1658949657793
2022	695	0	0	0	0	0	0	1658949658813
2022	693	0	0	0	0	0	0	1658949659833
2022	694	0	0	0	0	0	0	1658949660853
2022	704	0	0	0	0	0	0	1658949661873
2022	702	0	0	0	0	0	0	1658949662893
2022	697	0	0	0	0	0	0	1658949663913
2022	694	0	0	0	0	0	0	1658949664933
2022	693	0	0	0	0	0	0	1658949665953
2022	692	0	0	0	0	0	0	1658949666973
2022	691	0	0	0	0	0	0	1658949667993
2022	691	0	0	0	0	0	0	1658949669013
2022	691	0	0	0	0	0	0	1658949670033
2022	691	0	0	0	0	0	0	1658949671053
2022	691	0	0	0	0	0	0	1658949672073
2022	691	0	0	0	0	0	0	1658949673093
2022	691	0	0	0	0	0	0	1658949674113
2022	691	0	0	0	0	0	0	1658949675133
2022	691	0	0	0	0	0	0	1658949676153
2022	691	0	0	0	0	0	0	1658949677173
2022	691	0	0	0	0	0	0	1658949678193
2022	701	0	0	0	0	0	0	1658949679213
2022	698	0	0	0	0	0	0	1658949680233
2022	695	0	0	0	0	0	0	1658949681253
2022	693	0	0	0	0	0	0	1658949682273
2022	692	0	0	0	0	0	0	1658949683293
2022	691	0	0	0	0	0	0	1658949684313
2022	691	0	0	0	0	0	0	1658949685333
2022	691	0	0	0	0	0	0	1658949686353
2022	691	0	0	0	0	0	0	1658949687373
2022	691	0	0	0	0	0	0	1658949688393
2022	691	0	0	0	0	0	0	1658949689413
2022	691	0	0	0	0	0	0	1658949690433
2022	691	0	0	0	0	0	0	1658949691453
2022	691	0	0	0	0	0	0	1658949692473
2022	691	0	0	0	0	0	0	1658949693493
2022	691	0	0	0	0	0	0	1658949694513
2022	691	0	0	0	0	0	0	1658949695533
2022	691	0	0	0	0	0	0	1658949696553
2022	691	0	0	0	0	0	0	1658949697573
2022	691	0	0	0	0	0	0	1658949698593
2022	691	0	0	0	0	0	0	1658949699613
2022	691	0	0	0	0	0	0	1658949700633
2022	691	0	0	0	0	0	0	1658949701653
2022	691	0	0	0	0	0	0	1658949702673
2022	691	0	0	0	0	0	0	1658949703693
2022	691	0	0	0	0	0	0	1658949704713
2022	691	0	0	0	0	0	0	1658949705733
2022	691	0	0	0	0	0	0	1658949706753
2018	691	0	0	0	0	0	0	1658949707773
2020	691	0	0	0	0	0	0	1658949708793
2021	691	0	0	0	0	0	0	1658949709813
2021	691	0	0	0	0	0	0	1658949710833
2022	691	0	0	0	0	0	0	1658949711853
2022	691	0	0	0	0	0	0	1658949712873
2022	691	0	0	0	0	0	0	1658949713893
2022	691	0	0	0	0	0	0	1658949714913
2022	691	0	0	0	0	0	0	1658949715933
2022	691	0	0	0	0	0	0	1658949716953
2022	691	0	0	0	0	0	0	1658949717973
2022	691	0	0	0	0	0	0	1658949718993
2022	691	0	0	0	0	0	0	1658949720013
2022	691	0	0	0	0	0	0	1658949721033
2022	691	0	0	0	0	0	0	1658949722053
2022	691	0	0	0	0	0	0	1658949723073
2022	691	0	0	0	0	0	0	1658949724093
2022	691	0	0	0	0	0	0	1658949725113
2022	691	0	0	0	0	0	0	1658949726133
2022	691	0	0	0	0	0	0	1658949727153
2022	691	0	0	0	0	0	0	1658949728173
2022	691	0	0	0	0	0	0	1658949729193
2022	691	0	0	0	0	0	0	1658949730213
2022	691	0	0	0	0	0	0	1658949731233
2021	691	0	0	0	0	0	0	1658949732253
2021	691	0	0	0	0	0	0	1658949733273
2022	691	0	0	0	0	0	0	1658949734293
2022	691	0	0	0	0	0	0	1658949735313
2021	691	0	0	0	0	0	0	1658949736333
2021	691	0	0	0	0	0	0	1658949737353
2020	691	0	0	0	0	0	0	1658949738373
2020	691	0	0	0	0	0	0	1658949739393
2021	691	0	0	0	0	0	0	1658949740413
2021	691	0	0	0	0	0	0	1658949741433
2021	691	0	0	0	0	0	0	1658949742453
2021	691	0	0	0	0	0	0	1658949743473
2018	691	0	0	0	0	0	0	1658949744493
2017	691	0	0	0	0	0	0	1658949745513
2016	691	0	0	0	0	0	0	1658949746533
2012	691	0	0	0	0	0	0	1658949747553
2011	691	0	0	0	0	0	0	1658949748573
2007	691	0	0	0	0	0	0	1658949749593
2005	691	0	0	0	0	0	0	1658949750613
2004	691	0	0	0	0	0	0	1658949751633
2003	691	0	0	0	0	0	0	1658949752653
2003	691	0	0	0	0	0	0	1658949753673
2002	691	0	0	0	0	0	0	1658949754693
2001	691	0	0	0	0	0	0	1658949755713
2001	691	0	0	0	0	0	0	1658949756733
1999	691	0	0	0	0	0	0	1658949757753
2000	691	0	0	0	0	0	0	1658949758773
1999	691	0	0	0	0	0	0	1658949759793
1999	691	0	0	0	0	0	0	1658949760813
1998	691	0	0	0	0	0	0	1658949761833
1998	691	0	0	0	0	0	0	1658949762853
1997	691	0	0	0	0	0	0	1658949763873
1996	691	0	0	0	0	0	0	1658949764893
1996	691	0	0	0	0	0	0	1658949765913
1996	691	0	0	0	0	0	0	1658949766933
1996	691	0	0	0	0	0	0	1658949767953
1996	691	0	0	0	0	0	0	1658949768973
1996	691	0	0	0	0	0	0	1658949769993
1996	691	0	0	0	0	0	0	1658949771013
1996	691	0	0	0	0	0	0	1658949772033
1996	691	0	0	0	0	0	0	1658949773053
1996	691	0	0	0	0	0	0	1658949774073
1996	691	0	0	0	0	0	0	1658949775093
1995	691	0	0	0	0	0	0	1658949776113
1995	691	0	0	0	0	0	0	1658949777133
1995	691	0	0	0	0	0	0	1658949778153
1995	691	0	0	0	0	0	0	1658949779173
1995	691	0	0	0	0	0	0	1658949780193
1995	691	0	0	0	0	0	0	1658949781213
1995	691	0	0	0	0	0	0	1658949782233
1995	691	0	0	0	0	0	0	1658949783253
1995	691	0	0	0	0	0	0	1658949784273
1995	691	0	0	0	0	0	0	1658949785293
1995	691	0	0	0	0	0	0	1658949786313
1995	691	0	0	0	0	0	0	1658949787333
1995	691	0	0	0	0	0	0	1658949788353
1995	691	0	0	0	0	0	0	1658949789373
1995	691	0	0	0	0	0	0	1658949790393
1995	691	0	0	0	0	0	0	1658949791413
1995	691	0	0	0	0	0	0	1658949792433
1995	691	0	0	0	0	0	0	1658949793453
1995	691	0	0	0	0	0	0	1658949794473
1995	691	0	0	0	0	0	0	1658949795493
1995	691	0	0	0	0	0	0	1658949796513
1995	691	0	0	0	0	0	0	1658949797533
1995	691	0	0	0	0	0	0	1658949798553
1995	691	0	0	0	0	0	0	1658949799573
1995	691	0	0	0	0	0	0	1658949800593
1995	691	0	0	0	0	0	0	1658949801613
1994	691	0	0	0	0	0	0	1658949802633
1994	691	0	0	0	0	0	0	1658949803653
1994	691	0	0	0	0	0	0	1658949804673
1994	691	0	0	0	0	0	0	1658949805693
1994	691	0	0	0	0	0	0	1658949806713
1994	691	0	0	0	0	0	0	1658949807733
1994	691	0	0	0	0	0	0	1658949808753
1994	691	0	0	0	0	0	0	1658949809773
1994	691	0	0	0	0	0	0	1658949810793
1994	691	0	0	0	0	0	0	1658949811813
1994	691	0	0	0	0	0	0	1658949812833
1994	691	0	0	0	0	0	0	1658949813853
1994	691	0	0	0	0	0	0	1658949814873
1994	691	0	0	0	0	0	0	1658949815893
1994	691	0	0	0	0	0	0	1658949816913
1994	691	0	0	0	0	0	0	1658949817933
1994	691	0	0	0	0	0	0	1658949818953
1994	691	0	0	0	0	0	0	1658949819973
1994	691	0	0	0	0	0	0	1658949820993
1994	691	0	0	0	0	0	0	1658949822013
1994	691	0	0	0	0	0	0	1658949823033
1994	691	0	0	0	0	0	0	1658949824053
1994	691	0	0	0	0	0	0	1658949825073
1994	691	0	0	0	0	0	0	1658949826093
1994	691	0	0	0	0	0	0	1658949827113
1994	691	0	0	0	0	0	0	1658949828133
1994	691	0	0	0	0	0	0	1658949829153
1994	691	0	0	0	0	0	0	1658949830173
1994	691	0	0	0	0	0	0	1658949831193
1994	691	0	0	0	0	0	0	1658949832213
1994	691	0	0	0	0	0	0	1658949833233
1994	691	0	0	0	0	0	0	1658949834253
1994	691	0	0	0	0	0	0	1658949835273
1995	691	0	0	0	0	0	0	1658949836293
1995	691	0	0	0	0	0	0	1658949837313
1995	691	0	0	0	0	0	0	1658949838333
1995	691	0	0	0	0	0	0	1658949839353
1995	691	0	0	0	0	0	0	1658949840373
1995	691	0	0	0	0	0	0	1658949841393
1995	691	0	0	0	0	0	0	1658949842413
1995	691	0	0	0	0	0	0	1658949843433
1995	691	0	0	0	0	0	0	1658949844453
1995	691	0	0	0	0	0	0	1658949845473
1994	691	0	0	0	0	0	0	1658949846493
1994	691	0	0	0	0	0	0	1658949847513
1994	691	0	0	0	0	0	0	1658949848533
1994	691	0	0	0	0	0	0	1658949849553
1994	691	0	0	0	0	0	0	1658949850573
1994	691	0	0	0	0	0	0	1658949851593
1994	691	0	0	0	0	0	0	1658949852613
1994	691	0	0	0	0	0	0	1658949853633
1994	691	0	0	0	0	0	0	1658949854653
1994	691	0	0	0	0	0	0	1658949855673
1994	691	0	0	0	0	0	0	1658949856693
1994	691	0	0	0	0	0	0	1658949857713
1994	691	0	0	0	0	0	0	1658949858733
1994	691	0	0	0	0	0	0	1658949859753
1994	691	0	0	0	0	0	0	1658949860773
1994	691	0	0	0	0	0	0	1658949861793
1994	691	0	0	0	0	0	0	1658949862813
1994	691	0	0	0	0	0	0	1658949863833
1994	691	0	0	0	0	0	0	1658949864853
1994	691	0	0	0	0	0	0	1658949865873
1994	691	0	0	0	0	0	0	1658949866893
1994	691	0	0	0	0	0	0	1658949867913
1994	691	0	0	0	0	0	0	1658949868933
1994	691	0	0	0	0	0	0	1658949869953
1994	691	0	0	0	0	0	0	1658949870973
1994	691	0	0	0	0	0	0	1658949871993
1994	691	0	0	0	0	0	0	1658949873013
1994	691	0	0	0	0	0	0	1658949874033
1994	691	0	0	0	0	0	0	1658949875053
1994	691	0	0	0	0	0	0	1658949876073
1994	691	0	0	0	0	0	0	1658949877093
1994	691	0	0	0	0	0	0	1658949878113
1994	691	0	0	0	0	0	0	1658949879133
1994	691	0	0	0	0	0	0	1658949880153
1994	691	0	0	0	0	0	0	1658949881173
1994	691	0	0	0	0	0	0	1658949882193
1995	691	0	0	0	0	0	0	1658949883213
1995	691	0	0	0	0	0	0	1658949884233
1995	691	0	0	0	0	0	0	1658949885253
1995	691	0	0	0	0	0	0	1658949886273
1995	691	0	0	0	0	0	0	1658949887293
1994	691	0	0	0	0	0	0	1658949888313
1994	691	0	0	0	0	0	0	1658949889333
1994	691	0	0	0	0	0	0	1658949890353
1994	691	0	0	0	0	0	0	1658949891373
1994	691	0	0	0	0	0	0	1658949892393
1994	691	0	0	0	0	0	0	1658949893413
1994	691	0	0	0	0	0	0	1658949894433
1994	691	0	0	0	0	0	0	1658949895453
1994	691	0	0	0	0	0	0	1658949896473
1994	691	0	0	0	0	0	0	1658949897493
1994	691	0	0	0	0	0	0	1658949898513
1994	691	0	0	0	0	0	0	1658949899533
1994	691	0	0	0	0	0	0	1658949900553
1994	691	0	0	0	0	0	0	1658949901573
1994	691	0	0	0	0	0	0	1658949902593
1994	691	0	0	0	0	0	0	1658949903613
1994	691	0	0	0	0	0	0	1658949904633
1994	691	0	0	0	0	0	0	1658949905653
1994	691	0	0	0	0	0	0	1658949906673
1994	691	0	0	0	0	0	0	1658949907693
1994	691	0	0	0	0	0	0	1658949908713
1994	691	0	0	0	0	0	0	1658949909733
1994	691	0	0	0	0	0	0	1658949910753
1995	691	0	0	0	0	0	0	1658949911773
1995	691	0	0	0	0	0	0	1658949912793
1995	691	0	0	0	0	0	0	1658949913813
1995	691	0	0	0	0	0	0	1658949914833
1995	691	0	0	0	0	0	0	1658949915853
1995	691	0	0	0	0	0	0	1658949916873
1995	691	0	0	0	0	0	0	1658949917893
1995	691	0	0	0	0	0	0	1658949918913
1995	691	0	0	0	0	0	0	1658949919933
1995	691	0	0	0	0	0	0	1658949920953
1995	691	0	0	0	0	0	0	1658949921973
1995	691	0	0	0	0	0	0	1658949922993
1995	691	0	0	0	0	0	0	1658949924013
1995	691	0	0	0	0	0	0	1658949925033
1995	691	0	0	0	0	0	0	1658949926053
1995	691	0	0	0	0	0	0	1658949927073
1995	691	0	0	0	0	0	0	1658949928093
1995	691	0	0	0	0	0	0	1658949929113
1995	691	0	0	0	0	0	0	1658949930133
1995	691	0	0	0	0	0	0	1658949931153
1995	691	0	0	0	0	0	0	1658949932173
1995	691	0	0	0	0	0	0	1658949933193
1995	691	0	0	0	0	0	0	1658949934213
1995	691	0	0	0	0	0	0	1658949935233
1995	691	0	0	0	0	0	0	1658949936253
1995	691	0	0	0	0	0	0	1658949937273
1995	691	0	0	0	0	0	0	1658949938293
1995	691	0	0	0	0	0	0	1658949939313
1995	691	0	0	0	0	0	0	1658949940333
1995	691	0	0	0	0	0	0	1658949941353
1995	691	0	0	0	0	0	0	1658949942373
1995	691	0	0	0	0	0	0	1658949943393
1995	691	0	0	0	0	0	0	1658949944413
1995	691	0	0	0	0	0	0	1658949945433
1995	691	0	0	0	0	0	0	1658949946453
1995	691	0	0	0	0	0	0	1658949947473
1995	691	0	0	0	0	0	0	1658949948493
1995	691	0	0	0	0	0	0	1658949949513
1995	691	0	0	0	0	0	0	1658949950533
1995	691	0	0	0	0	0	0	1658949951553
1995	691	0	0	0	0	0	0	1658949952573
1995	691	0	0	0	0	0	0	1658949953593
1995	691	0	0	0	0	0	0	1658949954613
1995	691	0	0	0	0	0	0	1658949955633
1995	691	0	0	0	0	0	0	1658949956653
1995	691	0	0	0	0	0	0	1658949957673
1995	691	0	0	0	0	0	0	1658949958693
1995	691	0	0	0	0	0	0	1658949959713
1995	691	0	0	0	0	0	0	1658949960733
1995	691	0	0	0	0	0	0	1658949961753
1995	691	0	0	0	0	0	0	1658949962773
1995	691	0	0	0	0	0	0	1658949963793
1995	691	0	0	0	0	0	0	1658949964813
1996	691	0	0	0	0	0	0	1658949965833
1995	691	0	0	0	0	0	0	1658949966853
1995	691	0	0	0	0	0	0	1658949967873
1996	691	0	0	0	0	0	0	1658949968893
1996	691	0	0	0	0	0	0	1658949969913
1996	691	0	0	0	0	0	0	1658949970933
1996	691	0	0	0	0	0	0	1658949971953
1996	691	0	0	0	0	0	0	1658949972973
1996	691	0	0	0	0	0	0	1658949973993
1996	691	0	0	0	0	0	0	1658949975013
1996	691	0	0	0	0	0	0	1658949976033
1996	691	0	0	0	0	0	0	1658949977053
1996	691	0	0	0	0	0	0	1658949978073
1995	691	0	0	0	0	0	0	1658949979093
1995	691	0	0	0	0	0	0	1658949980113
1995	691	0	0	0	0	0	0	1658949981133
1995	691	0	0	0	0	0	0	1658949982153
1995	691	0	0	0	0	0	0	1658949983173
1995	691	0	0	0	0	0	0	1658949984193
1996	691	0	0	0	0	0	0	1658949985213
1996	691	0	0	0	0	0	0	1658949986233
1996	691	0	0	0	0	0	0	1658949987253
1996	691	0	0	0	0	0	0	1658949988273
1996	691	0	0	0	0	0	0	1658949989293
1996	691	0	0	0	0	0	0	1658949990313
1996	691	0	0	0	0	0	0	1658949991333
1996	691	0	0	0	0	0	0	1658949992353
1996	691	0	0	0	0	0	0	1658949993373
1995	691	0	0	0	0	0	0	1658949994393
1995	691	0	0	0	0	0	0	1658949995413
1996	691	0	0	0	0	0	0	1658949996433
1996	691	0	0	0	0	0	0	1658949997453
1996	691	0	0	0	0	0	0	1658949998473
1996	691	0	0	0	0	0	0	1658949999493
1996	691	0	0	0	0	0	0	1658950000513
1996	691	0	0	0	0	0	0	1658950001533
1996	691	0	0	0	0	0	0	1658950002553
1996	691	0	0	0	0	0	0	1658950003573
1996	691	0	0	0	0	0	0	1658950004593
1996	691	0	0	0	0	0	0	1658950005613
1996	691	0	0	0	0	0	0	1658950006633
1996	691	0	0	0	0	0	0	1658950007653
1995	691	0	0	0	0	0	0	1658950008673
1995	691	0	0	0	0	0	0	1658950009693
1995	691	0	0	0	0	0	0	1658950010713
1995	691	0	0	0	0	0	0	1658950011733
1995	691	0	0	0	0	0	0	1658950012753
1996	691	0	0	0	0	0	0	1658950013773
1996	691	0	0	0	0	0	0	1658950014793
1996	691	0	0	0	0	0	0	1658950015813
1995	691	0	0	0	0	0	0	1658950016833
1995	691	0	0	0	0	0	0	1658950017853
1995	691	0	0	0	0	0	0	1658950018873
1995	691	0	0	0	0	0	0	1658950019893
1995	691	0	0	0	0	0	0	1658950020913
1995	691	0	0	0	0	0	0	1658950021933
1995	691	0	0	0	0	0	0	1658950022953
1995	691	0	0	0	0	0	0	1658950023973
1995	691	0	0	0	0	0	0	1658950024993
1995	691	0	0	0	0	0	0	1658950026013
1995	691	0	0	0	0	0	0	1658950027033
1995	691	0	0	0	0	0	0	1658950028053
1995	691	0	0	0	0	0	0	1658950029073
1995	691	0	0	0	0	0	0	1658950030093
1995	691	0	0	0	0	0	0	1658950031113
1995	691	0	0	0	0	0	0	1658950032133
1995	691	0	0	0	0	0	0	1658950033153
1995	691	0	0	0	0	0	0	1658950034173
1995	691	0	0	0	0	0	0	1658950035193
1995	691	0	0	0	0	0	0	1658950036213
1996	691	0	0	0	0	0	0	1658950037233
1997	691	0	0	0	0	0	0	1658950038253
2001	691	0	0	0	0	0	0	1658950039273
2005	691	0	0	0	0	0	0	1658950040293
2008	691	0	0	0	0	0	0	1658950041313
2010	691	0	0	0	0	0	0	1658950042333
2012	691	0	0	0	0	0	0	1658950043353
2014	691	0	0	0	0	0	0	1658950044373
2016	691	0	0	0	0	0	0	1658950045393
2018	691	0	0	0	0	0	0	1658950046413
2020	691	0	0	0	0	0	0	1658950047433
2020	691	0	0	0	0	0	0	1658950048453
2020	691	0	0	0	0	0	0	1658950049473
2020	691	0	0	0	0	0	0	1658950050493
2021	691	0	0	0	0	0	0	1658950051513
2021	691	0	0	0	0	0	0	1658950052533
2022	691	0	0	0	0	0	0	1658950053553
2020	691	0	0	0	0	0	0	1658950054573
2020	691	0	0	0	0	0	0	1658950055593
2020	691	0	0	0	0	0	0	1658950056613
2021	691	0	0	0	0	0	0	1658950057633
2021	691	0	0	0	0	0	0	1658950058653
2021	691	0	0	0	0	0	0	1658950059673
2021	691	0	0	0	0	0	0	1658950060693
2021	691	0	0	0	0	0	0	1658950061713
2018	691	0	0	0	0	0	0	1658950062733
2019	691	0	0	0	0	0	0	1658950063753
2019	691	0	0	0	0	0	0	1658950064773
2018	691	0	0	0	0	0	0	1658950065793
2018	691	0	0	0	0	0	0	1658950066813
2018	691	0	0	0	0	0	0	1658950067833
2018	691	0	0	0	0	0	0	1658950068853
2017	691	0	0	0	0	0	0	1658950069873
2018	691	0	0	0	0	0	0	1658950070893
2019	691	0	0	0	0	0	0	1658950071913
2018	691	0	0	0	0	0	0	1658950072933
2019	691	0	0	0	0	0	0	1658950073953
2019	691	0	0	0	0	0	0	1658950074973
2019	691	0	0	0	0	0	0	1658950075993
2020	691	0	0	0	0	0	0	1658950077013
2019	691	0	0	0	0	0	0	1658950078033
2019	691	0	0	0	0	0	0	1658950079053
2020	691	0	0	0	0	0	0	1658950080073
2020	691	0	0	0	0	0	0	1658950081093
2021	691	0	0	0	0	0	0	1658950082113
2021	691	0	0	0	0	0	0	1658950083133
2021	691	0	0	0	0	0	0	1658950084153
2022	691	0	0	0	0	0	0	1658950085173
2022	691	0	0	0	0	0	0	1658950086193
2021	691	0	0	0	0	0	0	1658950087213
2021	691	0	0	0	0	0	0	1658950088233
2021	691	0	0	0	0	0	0	1658950089253
2019	691	0	0	0	0	0	0	1658950090273
2019	691	0	0	0	0	0	0	1658950091293
2017	691	0	0	0	0	0	0	1658950092313
2015	691	0	0	0	0	0	0	1658950093333
2012	691	0	0	0	0	0	0	1658950094353
2010	691	0	0	0	0	0	0	1658950095373
2009	691	0	0	0	0	0	0	1658950096393
2008	691	0	0	0	0	0	0	1658950097413
2010	691	0	0	0	0	0	0	1658950098433
2006	691	0	0	0	0	0	0	1658950099453
2007	691	0	0	0	0	0	0	1658950100473
2006	691	0	0	0	0	0	0	1658950101493
2005	691	0	0	0	0	0	0	1658950102513
2007	691	0	0	0	0	0	0	1658950103533
2008	691	0	0	0	0	0	0	1658950104553
2008	691	0	0	0	0	0	0	1658950105573
2010	691	0	0	0	0	0	0	1658950106593
2009	691	0	0	0	0	0	0	1658950107613
2010	691	0	0	0	0	0	0	1658950108633
2010	691	0	0	0	0	0	0	1658950109653
2011	691	0	0	0	0	0	0	1658950110673
2011	691	0	0	0	0	0	0	1658950111693
2012	691	0	0	0	0	0	0	1658950112713
2013	691	0	0	0	0	0	0	1658950113733
2013	691	0	0	0	0	0	0	1658950114753
2013	691	0	0	0	0	0	0	1658950115773
2013	691	0	0	0	0	0	0	1658950116793
2016	691	0	0	0	0	0	0	1658950117813
2017	691	0	0	0	0	0	0	1658950118833
2017	691	0	0	0	0	0	0	1658950119853
2016	691	0	0	0	0	0	0	1658950120873
2017	691	0	0	0	0	0	0	1658950121893
2018	691	0	0	0	0	0	0	1658950122913
2018	691	0	0	0	0	0	0	1658950123933
2019	691	0	0	0	0	0	0	1658950124953
2019	691	0	0	0	0	0	0	1658950125973
2020	691	0	0	0	0	0	0	1658950126993
2020	691	0	0	0	0	0	0	1658950128013
2019	691	0	0	0	0	0	0	1658950129033
2018	691	0	0	0	0	0	0	1658950130053
2019	691	0	0	0	0	0	0	1658950131073
2019	691	0	0	0	0	0	0	1658950132093
2020	691	0	0	0	0	0	0	1658950133113
2021	691	0	0	0	0	0	0	1658950134133
2020	691	0	0	0	0	0	0	1658950135153
2020	691	0	0	0	0	0	0	1658950136173
2021	691	0	0	0	0	0	0	1658950137193
2021	691	0	0	0	0	0	0	1658950138213
2021	691	0	0	0	0	0	0	1658950139233
2020	691	0	0	0	0	0	0	1658950140253
2020	691	0	0	0	0	0	0	1658950141273
2021	691	0	0	0	0	0	0	1658950142293
2021	691	0	0	0	0	0	0	1658950143313
2021	691	0	0	0	0	0	0	1658950144333
2021	691	0	0	0	0	0	0	1658950145353
2022	691	0	0	0	0	0	0	1658950146373
2022	691	0	0	0	0	0	0	1658950147393
2022	691	0	0	0	0	0	0	1658950148413
2022	691	0	0	0	0	0	0	1658950149433
2022	691	0	0	0	0	0	0	1658950150453
2021	691	0	0	0	0	0	0	1658950151473
2021	691	0	0	0	0	0	0	1658950152493
2022	691	0	0	0	0	0	0	1658950153513
2022	691	0	0	0	0	0	0	1658950154533
2022	691	0	0	0	0	0	0	1658950155553
2022	691	0	0	0	0	0	0	1658950156573
2022	691	0	0	0	0	0	0	1658950157593
2022	691	0	0	0	0	0	0	1658950158613
2022	691	0	0	0	0	0	0	1658950159633
2022	691	0	0	0	0	0	0	1658950160653
2022	691	0	0	0	0	0	0	1658950161673
2022	691	0	0	0	0	0	0	1658950162693
2022	691	0	0	0	0	0	0	1658950163713
2022	691	0	0	0	0	0	0	1658950164733
2022	691	0	0	0	0	0	0	1658950165753
2022	691	0	0	0	0	0	0	1658950166773
2022	691	0	0	0	0	0	0	1658950167793
2022	691	0	0	0	0	0	0	1658950168813
2022	691	0	0	0	0	0	0	1658950169833
2022	691	0	0	0	0	0	0	1658950170853
2022	691	0	0	0	0	0	0	1658950171873
2022	691	0	0	0	0	0	0	1658950172893
2022	691	0	0	0	0	0	0	1658950173913
2022	691	0	0	0	0	0	0	1658950174933
2022	691	0	0	0	0	0	0	1658950175953
2022	691	0	0	0	0	0	0	1658950176973
2022	691	0	0	0	0	0	0	1658950177993
2022	691	0	0	0	0	0	0	1658950179013
2022	691	0	0	0	0	0	0	1658950180033
2022	691	0	0	0	0	0	0	1658950181053
2021	691	0	0	0	0	0	0	1658950182073
2021	691	0	0	0	0	0	0	1658950183093
2022	691	0	0	0	0	0	0	1658950184113
2022	691	0	0	0	0	0	0	1658950185133
2022	691	0	0	0	0	0	0	1658950186153
2022	691	0	0	0	0	0	0	1658950187173
2022	691	0	0	0	0	0	0	1658950188193
2022	691	0	0	0	0	0	0	1658950189213
2022	691	0	0	0	0	0	0	1658950190233
2022	691	0	0	0	0	0	0	1658950191253
2022	691	0	0	0	0	0	0	1658950192273
2022	691	0	0	0	0	0	0	1658950193293
2022	691	0	0	0	0	0	0	1658950194313
2022	691	0	0	0	0	0	0	1658950195333
2022	691	0	0	0	0	0	0	1658950196353
2022	691	0	0	0	0	0	0	1658950197373
2022	691	0	0	0	0	0	0	1658950198393
2022	691	0	0	0	0	0	0	1658950199413
2022	691	0	0	0	0	0	0	1658950200433
2022	691	0	0	0	0	0	0	1658950201453
2022	691	0	0	0	0	0	0	1658950202473
2022	691	0	0	0	0	0	0	1658950203493
2022	691	0	0	0	0	0	0	1658950204513
2022	691	0	0	0	0	0	0	1658950205533
2022	691	0	0	0	0	0	0	1658950206553
2022	691	0	0	0	0	0	0	1658950207573
2022	691	0	0	0	0	0	0	1658950208593
2021	691	0	0	0	0	0	0	1658950209613
2021	691	0	0	0	0	0	0	1658950210633
2021	691	0	0	0	0	0	0	1658950211653
2022	691	0	0	0	0	0	0	1658950212673
2022	691	0	0	0	0	0	0	1658950213693
2022	691	0	0	0	0	0	0	1658950214713
2022	691	0	0	0	0	0	0	1658950215733
2021	691	0	0	0	0	0	0	1658950216753
2021	691	0	0	0	0	0	0	1658950217773
2020	691	0	0	0	0	0	0	1658950218793
2021	691	0	0	0	0	0	0	1658950219813
2021	691	0	0	0	0	0	0	1658950220833
2021	691	0	0	0	0	0	0	1658950221853
2021	691	0	0	0	0	0	0	1658950222873
2021	691	0	0	0	0	0	0	1658950223893
2021	691	0	0	0	0	0	0	1658950224913
2021	691	0	0	0	0	0	0	1658950225933
2021	691	0	0	0	0	0	0	1658950226953
2021	691	0	0	0	0	0	0	1658950227973
2021	691	0	0	0	0	0	0	1658950228993
2021	691	0	0	0	0	0	0	1658950230013
2020	691	0	0	0	0	0	0	1658950231033
2020	691	0	0	0	0	0	0	1658950232053
2016	691	0	0	0	0	0	0	1658950233073
2009	691	0	0	0	0	0	0	1658950234093
2004	691	0	0	0	0	0	0	1658950235113
2001	691	0	0	0	0	0	0	1658950236133
1998	691	0	0	0	0	0	0	1658950237153
1997	691	0	0	0	0	0	0	1658950238173
1997	691	0	0	0	0	0	0	1658950239193
1996	691	0	0	0	0	0	0	1658950240213
1997	691	0	0	0	0	0	0	1658950241233
1998	691	0	0	0	0	0	0	1658950242253
2000	691	0	0	0	0	0	0	1658950243273
2003	691	0	0	0	0	0	0	1658950244293
2004	691	0	0	0	0	0	0	1658950245313
2007	691	0	0	0	0	0	0	1658950246333
2010	691	0	0	0	0	0	0	1658950247353
2011	691	0	0	0	0	0	0	1658950248373
2013	691	0	0	0	0	0	0	1658950249393
2015	691	0	0	0	0	0	0	1658950250413
2016	691	0	0	0	0	0	0	1658950251433
2017	691	0	0	0	0	0	0	1658950252453
2018	691	0	0	0	0	0	0	1658950253473
2018	691	0	0	0	0	0	0	1658950254493
