2439	2362	0	0	0	0	0	0	1661377435822
2422	2349	0	0	0	0	0	0	1661377436842
2398	2331	0	0	0	0	0	0	1661377437862
2372	2320	0	0	0	0	0	0	1661377438882
2346	2305	0	0	0	0	0	0	1661377439902
2322	2297	0	0	0	0	0	0	1661377440922
2301	2289	0	0	0	0	0	0	1661377441942
2281	2281	0	0	0	0	0	0	1661377442962
2259	2268	0	0	0	0	0	0	1661377443982
2242	2260	0	0	0	0	0	0	1661377445002
2223	2255	0	0	0	0	0	0	1661377446022
2209	2252	0	0	0	0	0	0	1661377447042
2192	2250	0	0	0	0	0	0	1661377448062
2182	2248	0	0	0	0	0	0	1661377449082
2166	2242	0	0	0	0	0	0	1661377450102
2154	2234	0	0	0	0	0	0	1661377451122
2143	2228	0	0	0	0	0	0	1661377452142
2137	2225	0	0	0	0	0	0	1661377453162
2131	2223	0	0	0	0	0	0	1661377454182
2133	2221	0	0	0	0	0	0	1661377455202
2124	2220	0	0	0	0	0	0	1661377456222
2117	2220	0	0	0	0	0	0	1661377457242
2103	2220	0	0	0	0	0	0	1661377458262
2095	2220	0	0	0	0	0	0	1661377459282
2090	2218	0	0	0	0	0	0	1661377460302
2077	2213	0	0	0	0	0	0	1661377461322
2068	2205	0	0	0	0	0	0	1661377462342
2062	2200	0	0	0	0	0	0	1661377463362
2052	2197	0	0	0	0	0	0	1661377464382
2042	2195	0	0	0	0	0	0	1661377465402
2036	2194	0	0	0	0	0	0	1661377466422
2032	2193	0	0	0	0	0	0	1661377467442
2024	2192	0	0	0	0	0	0	1661377468462
2013	2191	0	0	0	0	0	0	1661377469482
2007	2187	0	0	0	0	0	0	1661377470502
2003	2184	0	0	0	0	0	0	1661377471522
1993	2178	0	0	0	0	0	0	1661377472542
1984	2173	0	0	0	0	0	0	1661377473562
1978	2169	0	0	0	0	0	0	1661377474582
1975	2167	0	0	0	0	0	0	1661377475602
1969	2166	0	0	0	0	0	0	1661377476622
1958	2165	0	0	0	0	0	0	1661377477642
1952	2164	0	0	0	0	0	0	1661377478662
1948	2164	0	0	0	0	0	0	1661377479682
1945	2164	0	0	0	0	0	0	1661377480702
1944	2156	0	0	0	0	0	0	1661377481722
1939	2147	0	0	0	0	0	0	1661377482742
1929	2142	0	0	0	0	0	0	1661377483762
1923	2139	0	0	0	0	0	0	1661377484782
1919	2138	0	0	0	0	0	0	1661377485802
1917	2137	0	0	0	0	0	0	1661377486822
1915	2136	0	0	0	0	0	0	1661377487842
1910	2136	0	0	0	0	0	0	1661377488862
1901	2136	0	0	0	0	0	0	1661377489882
1895	2136	0	0	0	0	0	0	1661377490902
1892	2135	0	0	0	0	0	0	1661377491922
1889	2135	0	0	0	0	0	0	1661377492942
1888	2135	0	0	0	0	0	0	1661377493962
1887	2135	0	0	0	0	0	0	1661377494982
1884	2135	0	0	0	0	0	0	1661377496002
1875	2135	0	0	0	0	0	0	1661377497022
1868	2135	0	0	0	0	0	0	1661377498042
1864	2135	0	0	0	0	0	0	1661377499062
1862	2135	0	0	0	0	0	0	1661377500082
1860	2135	0	0	0	0	0	0	1661377501102
1859	2134	0	0	0	0	0	0	1661377502122
1859	2135	0	0	0	0	0	0	1661377503142
1853	2132	0	0	0	0	0	0	1661377504162
1844	2128	0	0	0	0	0	0	1661377505182
1838	2125	0	0	0	0	0	0	1661377506202
1835	2122	0	0	0	0	0	0	1661377507222
1833	2118	0	0	0	0	0	0	1661377508242
1832	2114	0	0	0	0	0	0	1661377509262
1830	2111	0	0	0	0	0	0	1661377510282
1824	2109	0	0	0	0	0	0	1661377511302
1816	2109	0	0	0	0	0	0	1661377512322
1810	2108	0	0	0	0	0	0	1661377513342
1807	2108	0	0	0	0	0	0	1661377514362
1805	2108	0	0	0	0	0	0	1661377515382
1804	2108	0	0	0	0	0	0	1661377516402
1803	2108	0	0	0	0	0	0	1661377517422
1803	2108	0	0	0	0	0	0	1661377518442
1803	2108	0	0	0	0	0	0	1661377519462
1802	2108	0	0	0	0	0	0	1661377520482
1799	2108	0	0	0	0	0	0	1661377521502
1793	2108	0	0	0	0	0	0	1661377522522
1786	2108	0	0	0	0	0	0	1661377523542
1781	2108	0	0	0	0	0	0	1661377524562
1778	2108	0	0	0	0	0	0	1661377525582
1777	2108	0	0	0	0	0	0	1661377526602
1776	2108	0	0	0	0	0	0	1661377527622
1775	2108	0	0	0	0	0	0	1661377528642
1775	2108	0	0	0	0	0	0	1661377529662
1775	2108	0	0	0	0	0	0	1661377530682
1775	2108	0	0	0	0	0	0	1661377531702
1775	11264	0	0	0	0	0	0	1661377532722
1769	7596	0	0	0	0	0	0	1661377533742
1761	5391	0	0	0	0	0	0	1661377534762
1755	4067	0	0	0	0	0	0	1661377535782
1752	3273	0	0	0	0	0	0	1661377536802
1749	2796	0	0	0	0	0	0	1661377537822
1748	2510	0	0	0	0	0	0	1661377538842
1747	2338	0	0	0	0	0	0	1661377539862
1747	2235	0	0	0	0	0	0	1661377540882
1747	2173	0	0	0	0	0	0	1661377541902
1747	2136	0	0	0	0	0	0	1661377542922
1747	2114	0	0	0	0	0	0	1661377543942
1747	2100	0	0	0	0	0	0	1661377544962
1747	2092	0	0	0	0	0	0	1661377545982
1747	2087	0	0	0	0	0	0	1661377547002
1745	2084	0	0	0	0	0	0	1661377548022
1744	2082	0	0	0	0	0	0	1661377549042
1739	2081	0	0	0	0	0	0	1661377550062
1731	2080	0	0	0	0	0	0	1661377551082
1726	2080	0	0	0	0	0	0	1661377552102
1723	2080	0	0	0	0	0	0	1661377553122
1721	2080	0	0	0	0	0	0	1661377554142
1720	2080	0	0	0	0	0	0	1661377555162
1719	2080	0	0	0	0	0	0	1661377556182
1719	2080	0	0	0	0	0	0	1661377557202
1719	2080	0	0	0	0	0	0	1661377558222
1719	2080	0	0	0	0	0	0	1661377559242
1719	2078	0	0	0	0	0	0	1661377560262
1719	2077	0	0	0	0	0	0	1661377561282
1719	2074	0	0	0	0	0	0	1661377562302
1719	2072	0	0	0	0	0	0	1661377563322
1719	2067	0	0	0	0	0	0	1661377564342
1719	2062	0	0	0	0	0	0	1661377565362
1719	2058	0	0	0	0	0	0	1661377566382
1718	2055	0	0	0	0	0	0	1661377567402
1712	2054	0	0	0	0	0	0	1661377568422
1706	2053	0	0	0	0	0	0	1661377569442
1701	2053	0	0	0	0	0	0	1661377570462
1697	2052	0	0	0	0	0	0	1661377571482
1694	2052	0	0	0	0	0	0	1661377572502
1693	2052	0	0	0	0	0	0	1661377573522
1692	2052	0	0	0	0	0	0	1661377574542
1692	2052	0	0	0	0	0	0	1661377575562
1691	2052	0	0	0	0	0	0	1661377576582
1691	2052	0	0	0	0	0	0	1661377577602
1691	2052	0	0	0	0	0	0	1661377578622
1691	2052	0	0	0	0	0	0	1661377579642
1691	2052	0	0	0	0	0	0	1661377580662
1691	2052	0	0	0	0	0	0	1661377581682
1691	2052	0	0	0	0	0	0	1661377582702
1691	2052	0	0	0	0	0	0	1661377583722
1691	2052	0	0	0	0	0	0	1661377584742
1691	2052	0	0	0	0	0	0	1661377585762
1690	2052	0	0	0	0	0	0	1661377586782
1690	2052	0	0	0	0	0	0	1661377587802
1690	2052	0	0	0	0	0	0	1661377588822
1690	2051	0	0	0	0	0	0	1661377589842
1689	2048	0	0	0	0	0	0	1661377590862
1687	2047	0	0	0	0	0	0	1661377591882
1680	2042	0	0	0	0	0	0	1661377592902
1674	2040	0	0	0	0	0	0	1661377593922
1670	2035	0	0	0	0	0	0	1661377594942
1668	2032	0	0	0	0	0	0	1661377595962
1667	2029	0	0	0	0	0	0	1661377596982
1665	2027	0	0	0	0	0	0	1661377598002
1664	2026	0	0	0	0	0	0	1661377599022
1663	2025	0	0	0	0	0	0	1661377600042
1663	2024	0	0	0	0	0	0	1661377601062
1663	2024	0	0	0	0	0	0	1661377602082
1663	2024	0	0	0	0	0	0	1661377603102
1663	2024	0	0	0	0	0	0	1661377604122
1663	2024	0	0	0	0	0	0	1661377605142
1663	2024	0	0	0	0	0	0	1661377606162
1663	2024	0	0	0	0	0	0	1661377607182
1663	2024	0	0	0	0	0	0	1661377608202
1663	2024	0	0	0	0	0	0	1661377609222
1663	2024	0	0	0	0	0	0	1661377610242
1663	2024	0	0	0	0	0	0	1661377611262
1663	2024	0	0	0	0	0	0	1661377612282
1663	2024	0	0	0	0	0	0	1661377613302
1663	2024	0	0	0	0	0	0	1661377614322
1663	2024	0	0	0	0	0	0	1661377615342
1660	2024	0	0	0	0	0	0	1661377616362
1658	2024	0	0	0	0	0	0	1661377617382
1655	2024	0	0	0	0	0	0	1661377618402
1653	2024	0	0	0	0	0	0	1661377619422
1651	2024	0	0	0	0	0	0	1661377620442
1647	2023	0	0	0	0	0	0	1661377621462
1646	2021	0	0	0	0	0	0	1661377622482
1642	2017	0	0	0	0	0	0	1661377623502
1640	2014	0	0	0	0	0	0	1661377624522
1639	2011	0	0	0	0	0	0	1661377625542
1637	2013	0	0	0	0	0	0	1661377626562
1636	2018	0	0	0	0	0	0	1661377627582
1636	2020	0	0	0	0	0	0	1661377628602
1636	2022	0	0	0	0	0	0	1661377629622
1635	2023	0	0	0	0	0	0	1661377630642
1635	2023	0	0	0	0	0	0	1661377631662
1635	2023	0	0	0	0	0	0	1661377632682
1635	2023	0	0	0	0	0	0	1661377633702
1635	2023	0	0	0	0	0	0	1661377634722
1635	2023	0	0	0	0	0	0	1661377635742
1635	2023	0	0	0	0	0	0	1661377636762
1635	2023	0	0	0	0	0	0	1661377637782
1635	2023	0	0	0	0	0	0	1661377638802
1635	2023	0	0	0	0	0	0	1661377639822
1635	2023	0	0	0	0	0	0	1661377640842
1635	2023	0	0	0	0	0	0	1661377641862
1635	2023	0	0	0	0	0	0	1661377642882
1635	2023	0	0	0	0	0	0	1661377643902
1635	2023	0	0	0	0	0	0	1661377644922
1635	2023	0	0	0	0	0	0	1661377645942
1635	2023	0	0	0	0	0	0	1661377646962
1635	2023	0	0	0	0	0	0	1661377647982
1635	2023	0	0	0	0	0	0	1661377649002
1635	2023	0	0	0	0	0	0	1661377650022
1635	2023	0	0	0	0	0	0	1661377651042
1635	2023	0	0	0	0	0	0	1661377652062
1635	2023	0	0	0	0	0	0	1661377653082
1635	2023	0	0	0	0	0	0	1661377654102
1635	2022	0	0	0	0	0	0	1661377655122
1635	2021	0	0	0	0	0	0	1661377656142
1635	2020	0	0	0	0	0	0	1661377657162
1635	2018	0	0	0	0	0	0	1661377658182
1635	2014	0	0	0	0	0	0	1661377659202
1635	2009	0	0	0	0	0	0	1661377660222
1635	2005	0	0	0	0	0	0	1661377661242
1635	2001	0	0	0	0	0	0	1661377662262
1635	1999	0	0	0	0	0	0	1661377663282
1635	1998	0	0	0	0	0	0	1661377664302
1634	1997	0	0	0	0	0	0	1661377665322
1634	1997	0	0	0	0	0	0	1661377666342
1633	1996	0	0	0	0	0	0	1661377667362
1630	1996	0	0	0	0	0	0	1661377668382
1627	1996	0	0	0	0	0	0	1661377669402
1625	1996	0	0	0	0	0	0	1661377670422
1623	1996	0	0	0	0	0	0	1661377671442
1621	1996	0	0	0	0	0	0	1661377672462
1616	1996	0	0	0	0	0	0	1661377673482
1613	1996	0	0	0	0	0	0	1661377674502
1611	1996	0	0	0	0	0	0	1661377675522
1610	1996	0	0	0	0	0	0	1661377676542
1609	1996	0	0	0	0	0	0	1661377677562
1608	1996	0	0	0	0	0	0	1661377678582
1607	1996	0	0	0	0	0	0	1661377679602
1607	1996	0	0	0	0	0	0	1661377680622
1607	1996	0	0	0	0	0	0	1661377681642
1607	1995	0	0	0	0	0	0	1661377682662
1607	1995	0	0	0	0	0	0	1661377683682
1607	1994	0	0	0	0	0	0	1661377684702
1607	1993	0	0	0	0	0	0	1661377685722
1607	1991	0	0	0	0	0	0	1661377686742
1607	1989	0	0	0	0	0	0	1661377687762
1607	1986	0	0	0	0	0	0	1661377688782
1607	1981	0	0	0	0	0	0	1661377689802
1607	1981	0	0	0	0	0	0	1661377690822
1607	1978	0	0	0	0	0	0	1661377691842
1607	1974	0	0	0	0	0	0	1661377692862
1607	1972	0	0	0	0	0	0	1661377693882
1607	1971	0	0	0	0	0	0	1661377694902
1607	1970	0	0	0	0	0	0	1661377695922
1607	1969	0	0	0	0	0	0	1661377696942
1607	1969	0	0	0	0	0	0	1661377697962
1607	1968	0	0	0	0	0	0	1661377698982
1607	1968	0	0	0	0	0	0	1661377700002
1607	1968	0	0	0	0	0	0	1661377701022
1607	1968	0	0	0	0	0	0	1661377702042
1607	1968	0	0	0	0	0	0	1661377703062
1607	1968	0	0	0	0	0	0	1661377704082
1607	1968	0	0	0	0	0	0	1661377705102
1607	1968	0	0	0	0	0	0	1661377706122
1607	1968	0	0	0	0	0	0	1661377707142
1607	1968	0	0	0	0	0	0	1661377708162
1607	1968	0	0	0	0	0	0	1661377709182
1607	1968	0	0	0	0	0	0	1661377710202
1607	1968	0	0	0	0	0	0	1661377711222
1607	1968	0	0	0	0	0	0	1661377712242
1607	1968	0	0	0	0	0	0	1661377713262
1607	1968	0	0	0	0	0	0	1661377714282
1607	1968	0	0	0	0	0	0	1661377715302
1607	1968	0	0	0	0	0	0	1661377716322
1607	1968	0	0	0	0	0	0	1661377717342
1607	1968	0	0	0	0	0	0	1661377718362
1607	1953	0	0	0	0	0	0	1661377719382
1607	1942	0	0	0	0	0	0	1661377720402
1607	1941	0	0	0	0	0	0	1661377721422
1607	1941	0	0	0	0	0	0	1661377722442
1607	1941	0	0	0	0	0	0	1661377723462
1607	1941	0	0	0	0	0	0	1661377724482
1607	1941	0	0	0	0	0	0	1661377725502
1607	1942	0	0	0	0	0	0	1661377726522
1607	1945	0	0	0	0	0	0	1661377727542
1607	1951	0	0	0	0	0	0	1661377728562
1607	1955	0	0	0	0	0	0	1661377729582
1607	1959	0	0	0	0	0	0	1661377730602
1607	1962	0	0	0	0	0	0	1661377731622
1607	1964	0	0	0	0	0	0	1661377732642
1607	1966	0	0	0	0	0	0	1661377733662
1607	1967	0	0	0	0	0	0	1661377734682
1607	1963	0	0	0	0	0	0	1661377735702
1607	1962	0	0	0	0	0	0	1661377736722
1607	1960	0	0	0	0	0	0	1661377737742
1607	1962	0	0	0	0	0	0	1661377738762
1607	1962	0	0	0	0	0	0	1661377739782
1607	1962	0	0	0	0	0	0	1661377740802
1607	1962	0	0	0	0	0	0	1661377741822
1607	1961	0	0	0	0	0	0	1661377742842
1607	1960	0	0	0	0	0	0	1661377743862
1607	1959	0	0	0	0	0	0	1661377744882
1607	1959	0	0	0	0	0	0	1661377745902
1606	1959	0	0	0	0	0	0	1661377746922
1606	1955	0	0	0	0	0	0	1661377747942
1606	1953	0	0	0	0	0	0	1661377748962
1606	1954	0	0	0	0	0	0	1661377749982
1605	1950	0	0	0	0	0	0	1661377751002
1604	1947	0	0	0	0	0	0	1661377752022
1603	1945	0	0	0	0	0	0	1661377753042
1602	1944	0	0	0	0	0	0	1661377754062
1600	1942	0	0	0	0	0	0	1661377755082
1597	1941	0	0	0	0	0	0	1661377756102
1593	1941	0	0	0	0	0	0	1661377757122
1592	1941	0	0	0	0	0	0	1661377758142
1589	1941	0	0	0	0	0	0	1661377759162
1588	1941	0	0	0	0	0	0	1661377760182
1585	1941	0	0	0	0	0	0	1661377761202
1584	1941	0	0	0	0	0	0	1661377762222
1583	1941	0	0	0	0	0	0	1661377763242
1582	1941	0	0	0	0	0	0	1661377764262
1581	1941	0	0	0	0	0	0	1661377765282
1580	1941	0	0	0	0	0	0	1661377766302
1579	1941	0	0	0	0	0	0	1661377767322
1579	1940	0	0	0	0	0	0	1661377768342
1579	1940	0	0	0	0	0	0	1661377769362
1579	1940	0	0	0	0	0	0	1661377770382
1579	1940	0	0	0	0	0	0	1661377771402
1579	1940	0	0	0	0	0	0	1661377772422
1579	1940	0	0	0	0	0	0	1661377773442
1579	1940	0	0	0	0	0	0	1661377774462
1579	1940	0	0	0	0	0	0	1661377775482
1579	1940	0	0	0	0	0	0	1661377776502
1579	1940	0	0	0	0	0	0	1661377777522
1579	1940	0	0	0	0	0	0	1661377778542
1579	1940	0	0	0	0	0	0	1661377779562
1579	1940	0	0	0	0	0	0	1661377780582
1579	1940	0	0	0	0	0	0	1661377781602
1579	1940	0	0	0	0	0	0	1661377782622
1579	1940	0	0	0	0	0	0	1661377783642
1579	1940	0	0	0	0	0	0	1661377784662
1579	1940	0	0	0	0	0	0	1661377785682
1579	1940	0	0	0	0	0	0	1661377786702
1579	1940	0	0	0	0	0	0	1661377787722
1579	1939	0	0	0	0	0	0	1661377788742
1579	1937	0	0	0	0	0	0	1661377789762
1579	1934	0	0	0	0	0	0	1661377790782
1579	1931	0	0	0	0	0	0	1661377791802
1579	1926	0	0	0	0	0	0	1661377792822
1579	1928	0	0	0	0	0	0	1661377793842
1579	1930	0	0	0	0	0	0	1661377794862
1579	1928	0	0	0	0	0	0	1661377795882
1579	1925	0	0	0	0	0	0	1661377796902
1579	1923	0	0	0	0	0	0	1661377797922
1579	1921	0	0	0	0	0	0	1661377798942
1579	1919	0	0	0	0	0	0	1661377799962
1579	1916	0	0	0	0	0	0	1661377800982
1579	1915	0	0	0	0	0	0	1661377802002
1579	1914	0	0	0	0	0	0	1661377803022
1579	1914	0	0	0	0	0	0	1661377804042
1579	1913	0	0	0	0	0	0	1661377805062
1579	1913	0	0	0	0	0	0	1661377806082
1579	1913	0	0	0	0	0	0	1661377807102
1579	1913	0	0	0	0	0	0	1661377808122
1579	1913	0	0	0	0	0	0	1661377809142
1579	1913	0	0	0	0	0	0	1661377810162
1579	1913	0	0	0	0	0	0	1661377811182
1579	1913	0	0	0	0	0	0	1661377812202
1579	1913	0	0	0	0	0	0	1661377813222
1579	1913	0	0	0	0	0	0	1661377814242
1579	1913	0	0	0	0	0	0	1661377815262
1579	1913	0	0	0	0	0	0	1661377816282
1579	1913	0	0	0	0	0	0	1661377817302
1579	1913	0	0	0	0	0	0	1661377818322
1579	1913	0	0	0	0	0	0	1661377819342
1579	1913	0	0	0	0	0	0	1661377820362
1579	1913	0	0	0	0	0	0	1661377821382
1579	1913	0	0	0	0	0	0	1661377822402
1579	1913	0	0	0	0	0	0	1661377823422
1579	1913	0	0	0	0	0	0	1661377824442
1579	1913	0	0	0	0	0	0	1661377825462
1579	1913	0	0	0	0	0	0	1661377826482
1579	1913	0	0	0	0	0	0	1661377827502
1579	1913	0	0	0	0	0	0	1661377828522
1579	1913	0	0	0	0	0	0	1661377829542
1579	1913	0	0	0	0	0	0	1661377830562
1579	1913	0	0	0	0	0	0	1661377831582
1579	1913	0	0	0	0	0	0	1661377832602
1579	1913	0	0	0	0	0	0	1661377833622
1579	1913	0	0	0	0	0	0	1661377834642
1579	1913	0	0	0	0	0	0	1661377835662
1579	1913	0	0	0	0	0	0	1661377836682
1579	1912	0	0	0	0	0	0	1661377837702
1579	1911	0	0	0	0	0	0	1661377838722
1579	1911	0	0	0	0	0	0	1661377839742
1579	1911	0	0	0	0	0	0	1661377840762
1579	1910	0	0	0	0	0	0	1661377841782
1579	1908	0	0	0	0	0	0	1661377842802
1579	1906	0	0	0	0	0	0	1661377843822
1579	1903	0	0	0	0	0	0	1661377844842
1579	1903	0	0	0	0	0	0	1661377845862
1578	1899	0	0	0	0	0	0	1661377846882
1578	1896	0	0	0	0	0	0	1661377847902
1578	1894	0	0	0	0	0	0	1661377848922
1578	1891	0	0	0	0	0	0	1661377849942
1578	1889	0	0	0	0	0	0	1661377850962
1576	1887	0	0	0	0	0	0	1661377851982
1576	1886	0	0	0	0	0	0	1661377853002
1575	1885	0	0	0	0	0	0	1661377854022
1574	1885	0	0	0	0	0	0	1661377855042
1574	1885	0	0	0	0	0	0	1661377856062
1573	1885	0	0	0	0	0	0	1661377857082
1573	1885	0	0	0	0	0	0	1661377858102
1570	1885	0	0	0	0	0	0	1661377859122
1568	1885	0	0	0	0	0	0	1661377860142
1565	1885	0	0	0	0	0	0	1661377861162
1565	1885	0	0	0	0	0	0	1661377862182
1564	1885	0	0	0	0	0	0	1661377863202
1565	1885	0	0	0	0	0	0	1661377864222
1562	1885	0	0	0	0	0	0	1661377865242
1560	1885	0	0	0	0	0	0	1661377866262
1558	1885	0	0	0	0	0	0	1661377867282
1556	1884	0	0	0	0	0	0	1661377868302
1554	1884	0	0	0	0	0	0	1661377869322
1554	1884	0	0	0	0	0	0	1661377870342
1554	1884	0	0	0	0	0	0	1661377871362
1554	1884	0	0	0	0	0	0	1661377872382
1553	1884	0	0	0	0	0	0	1661377873402
1553	1884	0	0	0	0	0	0	1661377874422
1553	1884	0	0	0	0	0	0	1661377875442
1552	1884	0	0	0	0	0	0	1661377876462
1552	1884	0	0	0	0	0	0	1661377877482
1552	1884	0	0	0	0	0	0	1661377878502
1552	1884	0	0	0	0	0	0	1661377879522
1552	1884	0	0	0	0	0	0	1661377880542
1552	1884	0	0	0	0	0	0	1661377881562
1551	1884	0	0	0	0	0	0	1661377882582
1551	1884	0	0	0	0	0	0	1661377883602
1551	1884	0	0	0	0	0	0	1661377884622
1551	1884	0	0	0	0	0	0	1661377885642
1551	1884	0	0	0	0	0	0	1661377886662
1551	1884	0	0	0	0	0	0	1661377887682
1551	1884	0	0	0	0	0	0	1661377888702
1551	1884	0	0	0	0	0	0	1661377889722
1551	1884	0	0	0	0	0	0	1661377890742
1551	1884	0	0	0	0	0	0	1661377891762
1551	1884	0	0	0	0	0	0	1661377892782
1551	1884	0	0	0	0	0	0	1661377893802
1551	1884	0	0	0	0	0	0	1661377894822
1551	1884	0	0	0	0	0	0	1661377895842
1551	1884	0	0	0	0	0	0	1661377896862
1551	1884	0	0	0	0	0	0	1661377897882
1551	1884	0	0	0	0	0	0	1661377898902
1551	1884	0	0	0	0	0	0	1661377899922
1551	1884	0	0	0	0	0	0	1661377900942
1551	1884	0	0	0	0	0	0	1661377901962
1551	1884	0	0	0	0	0	0	1661377902982
1551	1884	0	0	0	0	0	0	1661377904002
1551	1884	0	0	0	0	0	0	1661377905022
1551	1884	0	0	0	0	0	0	1661377906042
1551	1884	0	0	0	0	0	0	1661377907062
1551	1883	0	0	0	0	0	0	1661377908082
1551	1882	0	0	0	0	0	0	1661377909102
1551	1882	0	0	0	0	0	0	1661377910122
1551	1882	0	0	0	0	0	0	1661377911142
1551	1882	0	0	0	0	0	0	1661377912162
1551	1881	0	0	0	0	0	0	1661377913182
1551	1881	0	0	0	0	0	0	1661377914202
1551	1876	0	0	0	0	0	0	1661377915222
1551	1875	0	0	0	0	0	0	1661377916242
1551	1875	0	0	0	0	0	0	1661377917262
1551	1873	0	0	0	0	0	0	1661377918282
1551	1871	0	0	0	0	0	0	1661377919302
1551	1868	0	0	0	0	0	0	1661377920322
1551	1865	0	0	0	0	0	0	1661377921342
1551	1862	0	0	0	0	0	0	1661377922362
1551	1860	0	0	0	0	0	0	1661377923382
1551	1859	0	0	0	0	0	0	1661377924402
1551	1858	0	0	0	0	0	0	1661377925422
1551	1858	0	0	0	0	0	0	1661377926442
1551	1857	0	0	0	0	0	0	1661377927462
1551	1857	0	0	0	0	0	0	1661377928482
1551	1857	0	0	0	0	0	0	1661377929502
1551	1857	0	0	0	0	0	0	1661377930522
1551	1857	0	0	0	0	0	0	1661377931542
1551	1857	0	0	0	0	0	0	1661377932562
1551	1857	0	0	0	0	0	0	1661377933582
1552	1857	0	0	0	0	0	0	1661377934602
1552	1857	0	0	0	0	0	0	1661377935622
1552	1857	0	0	0	0	0	0	1661377936642
1552	1857	0	0	0	0	0	0	1661377937662
1552	1857	0	0	0	0	0	0	1661377938682
1552	1857	0	0	0	0	0	0	1661377939702
1551	1857	0	0	0	0	0	0	1661377940722
1551	1857	0	0	0	0	0	0	1661377941742
1551	1857	0	0	0	0	0	0	1661377942762
1551	1857	0	0	0	0	0	0	1661377943782
1551	1857	0	0	0	0	0	0	1661377944802
1551	1857	0	0	0	0	0	0	1661377945822
1551	1857	0	0	0	0	0	0	1661377946842
1551	1857	0	0	0	0	0	0	1661377947862
1551	1857	0	0	0	0	0	0	1661377948882
1551	1857	0	0	0	0	0	0	1661377949902
1551	1857	0	0	0	0	0	0	1661377950922
1551	1857	0	0	0	0	0	0	1661377951942
1551	1857	0	0	0	0	0	0	1661377952962
1551	1857	0	0	0	0	0	0	1661377953982
1551	1857	0	0	0	0	0	0	1661377955002
1551	1857	0	0	0	0	0	0	1661377956022
1551	1857	0	0	0	0	0	0	1661377957042
1551	1857	0	0	0	0	0	0	1661377958062
1551	1857	0	0	0	0	0	0	1661377959082
1551	1857	0	0	0	0	0	0	1661377960102
1551	1857	0	0	0	0	0	0	1661377961122
1551	1857	0	0	0	0	0	0	1661377962142
1551	1857	0	0	0	0	0	0	1661377963162
1551	1857	0	0	0	0	0	0	1661377964182
1551	1856	0	0	0	0	0	0	1661377965202
1551	1856	0	0	0	0	0	0	1661377966222
1551	1856	0	0	0	0	0	0	1661377967242
1551	1856	0	0	0	0	0	0	1661377968262
1551	1856	0	0	0	0	0	0	1661377969282
1551	1856	0	0	0	0	0	0	1661377970302
1551	1856	0	0	0	0	0	0	1661377971322
1551	1856	0	0	0	0	0	0	1661377972342
1551	1856	0	0	0	0	0	0	1661377973362
1551	1856	0	0	0	0	0	0	1661377974382
1551	1856	0	0	0	0	0	0	1661377975402
1551	1856	0	0	0	0	0	0	1661377976422
1551	1856	0	0	0	0	0	0	1661377977442
1551	1856	0	0	0	0	0	0	1661377978462
1551	1856	0	0	0	0	0	0	1661377979482
1551	1856	0	0	0	0	0	0	1661377980502
1550	1856	0	0	0	0	0	0	1661377981522
1551	1855	0	0	0	0	0	0	1661377982542
1551	1854	0	0	0	0	0	0	1661377983562
1551	1852	0	0	0	0	0	0	1661377984582
1550	1850	0	0	0	0	0	0	1661377985602
1550	1850	0	0	0	0	0	0	1661377986622
1549	1847	0	0	0	0	0	0	1661377987642
1549	1844	0	0	0	0	0	0	1661377988662
1546	1841	0	0	0	0	0	0	1661377989682
1547	1839	0	0	0	0	0	0	1661377990702
1547	1838	0	0	0	0	0	0	1661377991722
1547	1838	0	0	0	0	0	0	1661377992742
1547	1835	0	0	0	0	0	0	1661377993762
1544	1833	0	0	0	0	0	0	1661377994782
1543	1832	0	0	0	0	0	0	1661377995802
1544	1832	0	0	0	0	0	0	1661377996822
1543	1831	0	0	0	0	0	0	1661377997842
1542	1830	0	0	0	0	0	0	1661377998862
1542	1829	0	0	0	0	0	0	1661377999882
1541	1829	0	0	0	0	0	0	1661378000902
1538	1829	0	0	0	0	0	0	1661378001922
1536	1829	0	0	0	0	0	0	1661378002942
1536	1829	0	0	0	0	0	0	1661378003962
1536	1829	0	0	0	0	0	0	1661378004982
1534	1829	0	0	0	0	0	0	1661378006002
1532	1829	0	0	0	0	0	0	1661378007022
1530	1829	0	0	0	0	0	0	1661378008042
1529	1829	0	0	0	0	0	0	1661378009062
1530	1829	0	0	0	0	0	0	1661378010082
1529	1829	0	0	0	0	0	0	1661378011102
1528	1829	0	0	0	0	0	0	1661378012122
1527	1829	0	0	0	0	0	0	1661378013142
1526	1829	0	0	0	0	0	0	1661378014162
1525	1829	0	0	0	0	0	0	1661378015182
1525	1829	0	0	0	0	0	0	1661378016202
1525	1829	0	0	0	0	0	0	1661378017222
1524	1829	0	0	0	0	0	0	1661378018242
1524	1829	0	0	0	0	0	0	1661378019262
1524	1829	0	0	0	0	0	0	1661378020282
1524	1829	0	0	0	0	0	0	1661378021302
1524	1829	0	0	0	0	0	0	1661378022322
1524	1829	0	0	0	0	0	0	1661378023342
1524	1829	0	0	0	0	0	0	1661378024362
1524	1829	0	0	0	0	0	0	1661378025382
1524	1829	0	0	0	0	0	0	1661378026402
1524	1829	0	0	0	0	0	0	1661378027422
1524	1829	0	0	0	0	0	0	1661378028442
1524	1829	0	0	0	0	0	0	1661378029462
1524	1829	0	0	0	0	0	0	1661378030482
1524	1829	0	0	0	0	0	0	1661378031502
1524	1829	0	0	0	0	0	0	1661378032522
1524	1829	0	0	0	0	0	0	1661378033542
1524	1829	0	0	0	0	0	0	1661378034562
1524	1829	0	0	0	0	0	0	1661378035582
1524	1829	0	0	0	0	0	0	1661378036602
1524	1829	0	0	0	0	0	0	1661378037622
1524	1829	0	0	0	0	0	0	1661378038642
1524	1829	0	0	0	0	0	0	1661378039662
1523	1829	0	0	0	0	0	0	1661378040682
1523	1829	0	0	0	0	0	0	1661378041702
1523	1829	0	0	0	0	0	0	1661378042722
1523	1829	0	0	0	0	0	0	1661378043742
1523	1829	0	0	0	0	0	0	1661378044762
1523	1829	0	0	0	0	0	0	1661378045782
1523	1829	0	0	0	0	0	0	1661378046802
1523	1829	0	0	0	0	0	0	1661378047822
1523	1829	0	0	0	0	0	0	1661378048842
1523	1827	0	0	0	0	0	0	1661378049862
1523	1818	0	0	0	0	0	0	1661378050882
1523	1812	0	0	0	0	0	0	1661378051902
1523	1809	0	0	0	0	0	0	1661378052922
1523	1806	0	0	0	0	0	0	1661378053942
1523	1804	0	0	0	0	0	0	1661378054962
1523	1803	0	0	0	0	0	0	1661378055982
1523	1802	0	0	0	0	0	0	1661378057002
1523	1801	0	0	0	0	0	0	1661378058022
1523	1801	0	0	0	0	0	0	1661378059042
1523	1801	0	0	0	0	0	0	1661378060062
1523	1801	0	0	0	0	0	0	1661378061082
1523	1801	0	0	0	0	0	0	1661378062102
1523	1801	0	0	0	0	0	0	1661378063122
1523	1801	0	0	0	0	0	0	1661378064142
1523	1801	0	0	0	0	0	0	1661378065162
1523	1801	0	0	0	0	0	0	1661378066182
1523	1801	0	0	0	0	0	0	1661378067202
1523	1801	0	0	0	0	0	0	1661378068222
1523	1801	0	0	0	0	0	0	1661378069242
1523	1801	0	0	0	0	0	0	1661378070262
1523	1801	0	0	0	0	0	0	1661378071282
1523	1801	0	0	0	0	0	0	1661378072302
1523	1801	0	0	0	0	0	0	1661378073322
1523	1801	0	0	0	0	0	0	1661378074342
1523	1801	0	0	0	0	0	0	1661378075362
1523	1801	0	0	0	0	0	0	1661378076382
1523	1801	0	0	0	0	0	0	1661378077402
1523	1801	0	0	0	0	0	0	1661378078422
1523	1801	0	0	0	0	0	0	1661378079442
1523	1801	0	0	0	0	0	0	1661378080462
1523	1801	0	0	0	0	0	0	1661378081482
1523	1801	0	0	0	0	0	0	1661378082502
1523	1801	0	0	0	0	0	0	1661378083522
1523	1801	0	0	0	0	0	0	1661378084542
1523	1801	0	0	0	0	0	0	1661378085562
1523	1801	0	0	0	0	0	0	1661378086582
1523	1801	0	0	0	0	0	0	1661378087602
1523	1801	0	0	0	0	0	0	1661378088622
1523	1801	0	0	0	0	0	0	1661378089642
1523	1801	0	0	0	0	0	0	1661378090662
1524	1801	0	0	0	0	0	0	1661378091682
1524	1801	0	0	0	0	0	0	1661378092702
1524	1801	0	0	0	0	0	0	1661378093722
1524	1801	0	0	0	0	0	0	1661378094742
1524	1801	0	0	0	0	0	0	1661378095762
1524	1801	0	0	0	0	0	0	1661378096782
1524	1801	0	0	0	0	0	0	1661378097802
1524	1801	0	0	0	0	0	0	1661378098822
1524	1801	0	0	0	0	0	0	1661378099842
1524	1801	0	0	0	0	0	0	1661378100862
1524	1801	0	0	0	0	0	0	1661378101882
1524	1801	0	0	0	0	0	0	1661378102902
1524	1801	0	0	0	0	0	0	1661378103922
1524	1801	0	0	0	0	0	0	1661378104942
1524	1801	0	0	0	0	0	0	1661378105962
1524	1801	0	0	0	0	0	0	1661378106982
1524	1801	0	0	0	0	0	0	1661378108002
1524	1801	0	0	0	0	0	0	1661378109022
1524	1801	0	0	0	0	0	0	1661378110042
1524	1800	0	0	0	0	0	0	1661378111062
1524	1800	0	0	0	0	0	0	1661378112082
1524	1800	0	0	0	0	0	0	1661378113102
1524	1800	0	0	0	0	0	0	1661378114122
1524	1800	0	0	0	0	0	0	1661378115142
1523	1800	0	0	0	0	0	0	1661378116162
1523	1800	0	0	0	0	0	0	1661378117182
1523	1800	0	0	0	0	0	0	1661378118202
1523	1800	0	0	0	0	0	0	1661378119222
1523	1800	0	0	0	0	0	0	1661378120242
1523	1800	0	0	0	0	0	0	1661378121262
1523	1800	0	0	0	0	0	0	1661378122282
1523	1800	0	0	0	0	0	0	1661378123302
1523	1801	0	0	0	0	0	0	1661378124322
1523	1801	0	0	0	0	0	0	1661378125342
1523	1801	0	0	0	0	0	0	1661378126362
1523	1801	0	0	0	0	0	0	1661378127382
1523	1801	0	0	0	0	0	0	1661378128402
1523	1801	0	0	0	0	0	0	1661378129422
1523	1801	0	0	0	0	0	0	1661378130442
1523	1801	0	0	0	0	0	0	1661378131462
1523	1801	0	0	0	0	0	0	1661378132482
1523	1801	0	0	0	0	0	0	1661378133502
1523	1801	0	0	0	0	0	0	1661378134522
1523	1801	0	0	0	0	0	0	1661378135542
1523	1801	0	0	0	0	0	0	1661378136562
1523	1801	0	0	0	0	0	0	1661378137582
1523	1801	0	0	0	0	0	0	1661378138602
1523	1801	0	0	0	0	0	0	1661378139622
1523	1801	0	0	0	0	0	0	1661378140642
1523	1801	0	0	0	0	0	0	1661378141662
1522	1801	0	0	0	0	0	0	1661378142682
1523	1801	0	0	0	0	0	0	1661378143702
1523	1801	0	0	0	0	0	0	1661378144722
1522	1801	0	0	0	0	0	0	1661378145742
1522	1801	0	0	0	0	0	0	1661378146762
1523	1801	0	0	0	0	0	0	1661378147782
1522	1801	0	0	0	0	0	0	1661378148802
1523	1801	0	0	0	0	0	0	1661378149822
1522	1801	0	0	0	0	0	0	1661378150842
1521	1801	0	0	0	0	0	0	1661378151862
1520	1801	0	0	0	0	0	0	1661378152882
1518	1801	0	0	0	0	0	0	1661378153902
1519	1800	0	0	0	0	0	0	1661378154922
1519	1800	0	0	0	0	0	0	1661378155942
1519	1800	0	0	0	0	0	0	1661378156962
1518	1799	0	0	0	0	0	0	1661378157982
1516	1798	0	0	0	0	0	0	1661378159002
1515	1798	0	0	0	0	0	0	1661378160022
1514	1798	0	0	0	0	0	0	1661378161042
1510	1799	0	0	0	0	0	0	1661378162062
1509	1800	0	0	0	0	0	0	1661378163082
1508	1799	0	0	0	0	0	0	1661378164102
1508	1798	0	0	0	0	0	0	1661378165122
1506	1797	0	0	0	0	0	0	1661378166142
1505	1796	0	0	0	0	0	0	1661378167162
1503	1794	0	0	0	0	0	0	1661378168182
1502	1791	0	0	0	0	0	0	1661378169202
1501	1787	0	0	0	0	0	0	1661378170222
1499	1788	0	0	0	0	0	0	1661378171242
1499	1784	0	0	0	0	0	0	1661378172262
1499	1783	0	0	0	0	0	0	1661378173282
1499	1781	0	0	0	0	0	0	1661378174302
1498	1779	0	0	0	0	0	0	1661378175322
1497	1778	0	0	0	0	0	0	1661378176342
1497	1778	0	0	0	0	0	0	1661378177362
1497	1777	0	0	0	0	0	0	1661378178382
1497	1777	0	0	0	0	0	0	1661378179402
1497	1776	0	0	0	0	0	0	1661378180422
1497	1775	0	0	0	0	0	0	1661378181442
1496	1774	0	0	0	0	0	0	1661378182462
1497	1773	0	0	0	0	0	0	1661378183482
1497	1773	0	0	0	0	0	0	1661378184502
1496	1773	0	0	0	0	0	0	1661378185522
1496	1773	0	0	0	0	0	0	1661378186542
1496	1773	0	0	0	0	0	0	1661378187562
1496	1773	0	0	0	0	0	0	1661378188582
1495	1773	0	0	0	0	0	0	1661378189602
1495	1773	0	0	0	0	0	0	1661378190622
1496	1773	0	0	0	0	0	0	1661378191642
1496	1773	0	0	0	0	0	0	1661378192662
1496	1773	0	0	0	0	0	0	1661378193682
1496	1773	0	0	0	0	0	0	1661378194702
1496	1773	0	0	0	0	0	0	1661378195722
1496	1773	0	0	0	0	0	0	1661378196742
1496	1773	0	0	0	0	0	0	1661378197762
1496	1773	0	0	0	0	0	0	1661378198782
1496	1773	0	0	0	0	0	0	1661378199802
1496	1773	0	0	0	0	0	0	1661378200822
1496	1773	0	0	0	0	0	0	1661378201842
1496	1773	0	0	0	0	0	0	1661378202862
1496	1773	0	0	0	0	0	0	1661378203882
1496	1773	0	0	0	0	0	0	1661378204902
1496	1773	0	0	0	0	0	0	1661378205922
1496	1773	0	0	0	0	0	0	1661378206942
1496	1773	0	0	0	0	0	0	1661378207962
1495	1773	0	0	0	0	0	0	1661378208982
1496	1773	0	0	0	0	0	0	1661378210002
1496	1773	0	0	0	0	0	0	1661378211022
1496	1773	0	0	0	0	0	0	1661378212042
1496	1773	0	0	0	0	0	0	1661378213062
1496	1773	0	0	0	0	0	0	1661378214082
1496	1773	0	0	0	0	0	0	1661378215102
1496	1773	0	0	0	0	0	0	1661378216122
1496	1773	0	0	0	0	0	0	1661378217142
1496	1773	0	0	0	0	0	0	1661378218162
1496	1773	0	0	0	0	0	0	1661378219182
1496	1773	0	0	0	0	0	0	1661378220202
1496	1773	0	0	0	0	0	0	1661378221222
1496	1773	0	0	0	0	0	0	1661378222242
1496	1773	0	0	0	0	0	0	1661378223262
1496	1773	0	0	0	0	0	0	1661378224282
1496	1773	0	0	0	0	0	0	1661378225302
1496	1773	0	0	0	0	0	0	1661378226322
1496	1773	0	0	0	0	0	0	1661378227342
1496	1773	0	0	0	0	0	0	1661378228362
1496	1773	0	0	0	0	0	0	1661378229382
1496	1773	0	0	0	0	0	0	1661378230402
1496	1773	0	0	0	0	0	0	1661378231422
1496	1773	0	0	0	0	0	0	1661378232442
1496	1773	0	0	0	0	0	0	1661378233462
1496	1773	0	0	0	0	0	0	1661378234482
1496	1773	0	0	0	0	0	0	1661378235502
1496	1773	0	0	0	0	0	0	1661378236522
1496	1773	0	0	0	0	0	0	1661378237542
1495	1773	0	0	0	0	0	0	1661378238562
1495	1773	0	0	0	0	0	0	1661378239582
1495	1773	0	0	0	0	0	0	1661378240602
1495	1773	0	0	0	0	0	0	1661378241622
1495	1773	0	0	0	0	0	0	1661378242642
1495	1773	0	0	0	0	0	0	1661378243662
1495	1773	0	0	0	0	0	0	1661378244682
1495	1773	0	0	0	0	0	0	1661378245702
1495	1773	0	0	0	0	0	0	1661378246722
1495	1773	0	0	0	0	0	0	1661378247742
1495	1773	0	0	0	0	0	0	1661378248762
1495	1773	0	0	0	0	0	0	1661378249782
1495	1773	0	0	0	0	0	0	1661378250802
1495	1773	0	0	0	0	0	0	1661378251822
1495	1773	0	0	0	0	0	0	1661378252842
1495	1773	0	0	0	0	0	0	1661378253862
1495	1773	0	0	0	0	0	0	1661378254882
1495	1773	0	0	0	0	0	0	1661378255902
1495	1773	0	0	0	0	0	0	1661378256922
1495	1773	0	0	0	0	0	0	1661378257942
1495	1773	0	0	0	0	0	0	1661378258962
1495	1773	0	0	0	0	0	0	1661378259982
1495	1773	0	0	0	0	0	0	1661378261002
1495	1773	0	0	0	0	0	0	1661378262022
1495	1773	0	0	0	0	0	0	1661378263042
1495	1773	0	0	0	0	0	0	1661378264062
1495	1773	0	0	0	0	0	0	1661378265082
1495	1773	0	0	0	0	0	0	1661378266102
1495	1773	0	0	0	0	0	0	1661378267122
1495	1773	0	0	0	0	0	0	1661378268142
1495	1773	0	0	0	0	0	0	1661378269162
1495	1773	0	0	0	0	0	0	1661378270182
1495	1773	0	0	0	0	0	0	1661378271202
1495	1773	0	0	0	0	0	0	1661378272222
1496	1773	0	0	0	0	0	0	1661378273242
1496	1773	0	0	0	0	0	0	1661378274262
1496	1773	0	0	0	0	0	0	1661378275282
1495	1773	0	0	0	0	0	0	1661378276302
1495	1773	0	0	0	0	0	0	1661378277322
1495	1773	0	0	0	0	0	0	1661378278342
1495	1773	0	0	0	0	0	0	1661378279362
1496	1773	0	0	0	0	0	0	1661378280382
1496	1773	0	0	0	0	0	0	1661378281402
1496	1773	0	0	0	0	0	0	1661378282422
1496	1773	0	0	0	0	0	0	1661378283442
1496	1773	0	0	0	0	0	0	1661378284462
1496	1772	0	0	0	0	0	0	1661378285482
1496	1772	0	0	0	0	0	0	1661378286502
1496	1771	0	0	0	0	0	0	1661378287522
1496	1771	0	0	0	0	0	0	1661378288542
1496	1770	0	0	0	0	0	0	1661378289562
1496	1771	0	0	0	0	0	0	1661378290582
1495	1771	0	0	0	0	0	0	1661378291602
1495	1770	0	0	0	0	0	0	1661378292622
1495	1769	0	0	0	0	0	0	1661378293642
1495	1768	0	0	0	0	0	0	1661378294662
1495	1767	0	0	0	0	0	0	1661378295682
1495	1764	0	0	0	0	0	0	1661378296702
1495	1763	0	0	0	0	0	0	1661378297722
1495	1763	0	0	0	0	0	0	1661378298742
1495	1762	0	0	0	0	0	0	1661378299762
1495	1761	0	0	0	0	0	0	1661378300782
1495	1759	0	0	0	0	0	0	1661378301802
1495	1758	0	0	0	0	0	0	1661378302822
1495	1757	0	0	0	0	0	0	1661378303842
1495	1756	0	0	0	0	0	0	1661378304862
1495	1755	0	0	0	0	0	0	1661378305882
1495	1754	0	0	0	0	0	0	1661378306902
1495	1754	0	0	0	0	0	0	1661378307922
1495	1753	0	0	0	0	0	0	1661378308942
1495	1752	0	0	0	0	0	0	1661378309962
1495	1751	0	0	0	0	0	0	1661378310982
1496	1750	0	0	0	0	0	0	1661378312002
1496	1749	0	0	0	0	0	0	1661378313022
1495	1749	0	0	0	0	0	0	1661378314042
1495	1749	0	0	0	0	0	0	1661378315062
1495	1748	0	0	0	0	0	0	1661378316082
1495	1748	0	0	0	0	0	0	1661378317102
1495	1748	0	0	0	0	0	0	1661378318122
1495	1747	0	0	0	0	0	0	1661378319142
1495	1747	0	0	0	0	0	0	1661378320162
1495	1746	0	0	0	0	0	0	1661378321182
1495	1746	0	0	0	0	0	0	1661378322202
1496	1746	0	0	0	0	0	0	1661378323222
1496	1745	0	0	0	0	0	0	1661378324242
1496	1745	0	0	0	0	0	0	1661378325262
1496	1745	0	0	0	0	0	0	1661378326282
1496	1745	0	0	0	0	0	0	1661378327302
1496	1745	0	0	0	0	0	0	1661378328322
1496	1745	0	0	0	0	0	0	1661378329342
1496	1745	0	0	0	0	0	0	1661378330362
1496	1745	0	0	0	0	0	0	1661378331382
1496	1745	0	0	0	0	0	0	1661378332402
1496	1745	0	0	0	0	0	0	1661378333422
1496	1745	0	0	0	0	0	0	1661378334442
1496	1745	0	0	0	0	0	0	1661378335462
1495	1745	0	0	0	0	0	0	1661378336482
1495	1745	0	0	0	0	0	0	1661378337502
1495	1745	0	0	0	0	0	0	1661378338522
1495	1745	0	0	0	0	0	0	1661378339542
1495	1745	0	0	0	0	0	0	1661378340562
1495	1745	0	0	0	0	0	0	1661378341582
1494	1745	0	0	0	0	0	0	1661378342602
1494	1745	0	0	0	0	0	0	1661378343622
1495	1745	0	0	0	0	0	0	1661378344642
1495	1745	0	0	0	0	0	0	1661378345662
1495	1745	0	0	0	0	0	0	1661378346682
1494	1745	0	0	0	0	0	0	1661378347702
1494	1745	0	0	0	0	0	0	1661378348722
1495	1745	0	0	0	0	0	0	1661378349742
1494	1745	0	0	0	0	0	0	1661378350762
1494	1745	0	0	0	0	0	0	1661378351782
1493	1745	0	0	0	0	0	0	1661378352802
1493	1745	0	0	0	0	0	0	1661378353822
1492	1745	0	0	0	0	0	0	1661378354842
1491	1745	0	0	0	0	0	0	1661378355862
1491	1745	0	0	0	0	0	0	1661378356882
1489	1745	0	0	0	0	0	0	1661378357902
1489	1745	0	0	0	0	0	0	1661378358922
1488	1745	0	0	0	0	0	0	1661378359942
1487	1745	0	0	0	0	0	0	1661378360962
1485	1745	0	0	0	0	0	0	1661378361982
1484	1745	0	0	0	0	0	0	1661378363002
1482	1745	0	0	0	0	0	0	1661378364022
1480	1745	0	0	0	0	0	0	1661378365042
1477	1745	0	0	0	0	0	0	1661378366062
1475	1745	0	0	0	0	0	0	1661378367082
1475	1745	0	0	0	0	0	0	1661378368102
1474	1745	0	0	0	0	0	0	1661378369122
1474	1745	0	0	0	0	0	0	1661378370142
1473	1745	0	0	0	0	0	0	1661378371162
1472	1745	0	0	0	0	0	0	1661378372182
1471	1745	0	0	0	0	0	0	1661378373202
1471	1745	0	0	0	0	0	0	1661378374222
1470	1745	0	0	0	0	0	0	1661378375242
1471	1745	0	0	0	0	0	0	1661378376262
1470	1745	0	0	0	0	0	0	1661378377282
1470	1745	0	0	0	0	0	0	1661378378302
1471	1745	0	0	0	0	0	0	1661378379322
1469	1745	0	0	0	0	0	0	1661378380342
1469	1745	0	0	0	0	0	0	1661378381362
1469	1745	0	0	0	0	0	0	1661378382382
1469	1745	0	0	0	0	0	0	1661378383402
1469	1745	0	0	0	0	0	0	1661378384422
1468	1745	0	0	0	0	0	0	1661378385442
1468	1745	0	0	0	0	0	0	1661378386462
1468	1745	0	0	0	0	0	0	1661378387482
1468	1745	0	0	0	0	0	0	1661378388502
1468	1745	0	0	0	0	0	0	1661378389522
1468	1745	0	0	0	0	0	0	1661378390542
1468	1745	0	0	0	0	0	0	1661378391562
1468	1745	0	0	0	0	0	0	1661378392582
1468	1745	0	0	0	0	0	0	1661378393602
1468	1745	0	0	0	0	0	0	1661378394622
1468	1745	0	0	0	0	0	0	1661378395642
1468	1745	0	0	0	0	0	0	1661378396662
1468	1745	0	0	0	0	0	0	1661378397682
1468	1745	0	0	0	0	0	0	1661378398702
1468	1745	0	0	0	0	0	0	1661378399722
1468	1745	0	0	0	0	0	0	1661378400742
1468	1745	0	0	0	0	0	0	1661378401762
1468	1745	0	0	0	0	0	0	1661378402782
1468	1745	0	0	0	0	0	0	1661378403802
1468	1745	0	0	0	0	0	0	1661378404822
1468	1745	0	0	0	0	0	0	1661378405842
1468	1745	0	0	0	0	0	0	1661378406862
1468	1745	0	0	0	0	0	0	1661378407882
1468	1745	0	0	0	0	0	0	1661378408902
1468	1745	0	0	0	0	0	0	1661378409922
1468	1745	0	0	0	0	0	0	1661378410942
1468	1745	0	0	0	0	0	0	1661378411962
1468	1745	0	0	0	0	0	0	1661378412982
1468	1745	0	0	0	0	0	0	1661378414002
1468	1745	0	0	0	0	0	0	1661378415022
1468	1745	0	0	0	0	0	0	1661378416042
1468	1745	0	0	0	0	0	0	1661378417062
1468	1745	0	0	0	0	0	0	1661378418082
1468	1745	0	0	0	0	0	0	1661378419102
1468	1745	0	0	0	0	0	0	1661378420122
1468	1745	0	0	0	0	0	0	1661378421142
1468	1745	0	0	0	0	0	0	1661378422162
1468	1745	0	0	0	0	0	0	1661378423182
1468	1745	0	0	0	0	0	0	1661378424202
1468	1745	0	0	0	0	0	0	1661378425222
1468	1745	0	0	0	0	0	0	1661378426242
1468	1745	0	0	0	0	0	0	1661378427262
1468	1745	0	0	0	0	0	0	1661378428282
1468	1745	0	0	0	0	0	0	1661378429302
1468	1745	0	0	0	0	0	0	1661378430322
1468	1745	0	0	0	0	0	0	1661378431342
1468	1745	0	0	0	0	0	0	1661378432362
1468	1745	0	0	0	0	0	0	1661378433382
1468	1745	0	0	0	0	0	0	1661378434402
1468	1745	0	0	0	0	0	0	1661378435422
1468	1745	0	0	0	0	0	0	1661378436442
1468	1745	0	0	0	0	0	0	1661378437462
1468	1745	0	0	0	0	0	0	1661378438482
1468	1745	0	0	0	0	0	0	1661378439502
1468	1745	0	0	0	0	0	0	1661378440522
1468	1745	0	0	0	0	0	0	1661378441542
1468	1745	0	0	0	0	0	0	1661378442562
1468	1745	0	0	0	0	0	0	1661378443582
1468	1745	0	0	0	0	0	0	1661378444602
1468	1745	0	0	0	0	0	0	1661378445622
1468	1745	0	0	0	0	0	0	1661378446642
1468	1745	0	0	0	0	0	0	1661378447662
1468	1745	0	0	0	0	0	0	1661378448682
1467	1745	0	0	0	0	0	0	1661378449702
1468	1745	0	0	0	0	0	0	1661378450722
1468	1745	0	0	0	0	0	0	1661378451742
1468	1745	0	0	0	0	0	0	1661378452762
1468	1745	0	0	0	0	0	0	1661378453782
1468	1745	0	0	0	0	0	0	1661378454802
1468	1745	0	0	0	0	0	0	1661378455822
1468	1745	0	0	0	0	0	0	1661378456842
1468	1745	0	0	0	0	0	0	1661378457862
1468	1745	0	0	0	0	0	0	1661378458882
1468	1745	0	0	0	0	0	0	1661378459902
1468	1745	0	0	0	0	0	0	1661378460922
1468	1745	0	0	0	0	0	0	1661378461942
1468	1745	0	0	0	0	0	0	1661378462962
1468	1745	0	0	0	0	0	0	1661378463982
1467	1745	0	0	0	0	0	0	1661378465002
1467	1745	0	0	0	0	0	0	1661378466022
1467	1745	0	0	0	0	0	0	1661378467042
1467	1745	0	0	0	0	0	0	1661378468062
1467	1745	0	0	0	0	0	0	1661378469082
1467	1745	0	0	0	0	0	0	1661378470102
1467	1745	0	0	0	0	0	0	1661378471122
1467	1745	0	0	0	0	0	0	1661378472142
1467	1745	0	0	0	0	0	0	1661378473162
1467	1745	0	0	0	0	0	0	1661378474182
1467	1745	0	0	0	0	0	0	1661378475202
1467	1745	0	0	0	0	0	0	1661378476222
1467	1745	0	0	0	0	0	0	1661378477242
1467	1745	0	0	0	0	0	0	1661378478262
1467	1745	0	0	0	0	0	0	1661378479282
1467	1745	0	0	0	0	0	0	1661378480302
1467	1745	0	0	0	0	0	0	1661378481322
1467	1745	0	0	0	0	0	0	1661378482342
1467	1745	0	0	0	0	0	0	1661378483362
1467	1745	0	0	0	0	0	0	1661378484382
1467	1745	0	0	0	0	0	0	1661378485402
1467	1745	0	0	0	0	0	0	1661378486422
1467	1745	0	0	0	0	0	0	1661378487442
1467	1745	0	0	0	0	0	0	1661378488462
1467	1745	0	0	0	0	0	0	1661378489482
1467	1745	0	0	0	0	0	0	1661378490502
1467	1745	0	0	0	0	0	0	1661378491522
1467	1745	0	0	0	0	0	0	1661378492542
1467	1745	0	0	0	0	0	0	1661378493562
1467	1745	0	0	0	0	0	0	1661378494582
1467	1745	0	0	0	0	0	0	1661378495602
1467	1745	0	0	0	0	0	0	1661378496622
1467	1745	0	0	0	0	0	0	1661378497642
1467	1745	0	0	0	0	0	0	1661378498662
1467	1745	0	0	0	0	0	0	1661378499682
1467	1745	0	0	0	0	0	0	1661378500702
1467	1745	0	0	0	0	0	0	1661378501722
1467	1745	0	0	0	0	0	0	1661378502742
1468	1745	0	0	0	0	0	0	1661378503762
1467	1745	0	0	0	0	0	0	1661378504782
1467	1745	0	0	0	0	0	0	1661378505802
1467	1745	0	0	0	0	0	0	1661378506822
1467	1745	0	0	0	0	0	0	1661378507842
1467	1745	0	0	0	0	0	0	1661378508862
1467	1745	0	0	0	0	0	0	1661378509882
1467	1745	0	0	0	0	0	0	1661378510902
1467	1745	0	0	0	0	0	0	1661378511922
1467	1745	0	0	0	0	0	0	1661378512942
1467	1745	0	0	0	0	0	0	1661378513962
1467	1745	0	0	0	0	0	0	1661378514982
1467	1745	0	0	0	0	0	0	1661378516002
1467	1745	0	0	0	0	0	0	1661378517022
1467	1745	0	0	0	0	0	0	1661378518042
1467	1745	0	0	0	0	0	0	1661378519062
1467	1745	0	0	0	0	0	0	1661378520082
1467	1745	0	0	0	0	0	0	1661378521102
1468	1745	0	0	0	0	0	0	1661378522122
1468	1745	0	0	0	0	0	0	1661378523142
1468	1745	0	0	0	0	0	0	1661378524162
1468	1745	0	0	0	0	0	0	1661378525182
1468	1745	0	0	0	0	0	0	1661378526202
1468	1745	0	0	0	0	0	0	1661378527222
1468	1745	0	0	0	0	0	0	1661378528242
1468	1745	0	0	0	0	0	0	1661378529262
1468	1745	0	0	0	0	0	0	1661378530282
1468	1745	0	0	0	0	0	0	1661378531302
1468	1745	0	0	0	0	0	0	1661378532322
1468	1745	0	0	0	0	0	0	1661378533342
1468	1745	0	0	0	0	0	0	1661378534362
1468	1745	0	0	0	0	0	0	1661378535382
1468	1745	0	0	0	0	0	0	1661378536402
1468	1745	0	0	0	0	0	0	1661378537422
1468	1745	0	0	0	0	0	0	1661378538442
1468	1745	0	0	0	0	0	0	1661378539462
1468	1745	0	0	0	0	0	0	1661378540482
1468	1745	0	0	0	0	0	0	1661378541502
1468	1745	0	0	0	0	0	0	1661378542522
1468	1745	0	0	0	0	0	0	1661378543542
1468	1745	0	0	0	0	0	0	1661378544562
1468	1745	0	0	0	0	0	0	1661378545582
1468	1745	0	0	0	0	0	0	1661378546602
1468	1745	0	0	0	0	0	0	1661378547622
1468	1745	0	0	0	0	0	0	1661378548642
1468	1745	0	0	0	0	0	0	1661378549662
1468	1745	0	0	0	0	0	0	1661378550682
1468	1745	0	0	0	0	0	0	1661378551702
1468	1745	0	0	0	0	0	0	1661378552722
1468	1745	0	0	0	0	0	0	1661378553742
1467	1745	0	0	0	0	0	0	1661378554762
1467	1745	0	0	0	0	0	0	1661378555782
1467	1745	0	0	0	0	0	0	1661378556802
1466	1745	0	0	0	0	0	0	1661378557822
1466	1745	0	0	0	0	0	0	1661378558842
1466	1745	0	0	0	0	0	0	1661378559862
1466	1745	0	0	0	0	0	0	1661378560882
1466	1745	0	0	0	0	0	0	1661378561902
1467	1745	0	0	0	0	0	0	1661378562922
1466	1745	0	0	0	0	0	0	1661378563942
1466	1745	0	0	0	0	0	0	1661378564962
1465	1745	0	0	0	0	0	0	1661378565982
1465	1745	0	0	0	0	0	0	1661378567002
1465	1745	0	0	0	0	0	0	1661378568022
1465	1745	0	0	0	0	0	0	1661378569042
1466	1745	0	0	0	0	0	0	1661378570062
1465	1745	0	0	0	0	0	0	1661378571082
1465	1745	0	0	0	0	0	0	1661378572102
1465	1745	0	0	0	0	0	0	1661378573122
1464	1745	0	0	0	0	0	0	1661378574142
1464	1745	0	0	0	0	0	0	1661378575162
1464	1745	0	0	0	0	0	0	1661378576182
1464	1745	0	0	0	0	0	0	1661378577202
1464	1745	0	0	0	0	0	0	1661378578222
1463	1745	0	0	0	0	0	0	1661378579242
1462	1745	0	0	0	0	0	0	1661378580262
1463	1745	0	0	0	0	0	0	1661378581282
1463	1745	0	0	0	0	0	0	1661378582302
1463	1745	0	0	0	0	0	0	1661378583322
1462	1745	0	0	0	0	0	0	1661378584342
1463	1745	0	0	0	0	0	0	1661378585362
1463	1745	0	0	0	0	0	0	1661378586382
1463	1745	0	0	0	0	0	0	1661378587402
1462	1745	0	0	0	0	0	0	1661378588422
1460	1745	0	0	0	0	0	0	1661378589442
1459	1745	0	0	0	0	0	0	1661378590462
1457	1745	0	0	0	0	0	0	1661378591482
1457	1745	0	0	0	0	0	0	1661378592502
1457	1745	0	0	0	0	0	0	1661378593522
1459	1745	0	0	0	0	0	0	1661378594542
1456	1745	0	0	0	0	0	0	1661378595562
1453	1745	0	0	0	0	0	0	1661378596582
1452	1745	0	0	0	0	0	0	1661378597602
1450	1745	0	0	0	0	0	0	1661378598622
1449	1745	0	0	0	0	0	0	1661378599642
1447	1745	0	0	0	0	0	0	1661378600662
1446	1745	0	0	0	0	0	0	1661378601682
1445	1745	0	0	0	0	0	0	1661378602702
1446	1745	0	0	0	0	0	0	1661378603722
1445	1745	0	0	0	0	0	0	1661378604742
1445	1745	0	0	0	0	0	0	1661378605762
1444	1745	0	0	0	0	0	0	1661378606782
1444	1745	0	0	0	0	0	0	1661378607802
1443	1745	0	0	0	0	0	0	1661378608822
1444	1745	0	0	0	0	0	0	1661378609842
1443	1745	0	0	0	0	0	0	1661378610862
1442	1745	0	0	0	0	0	0	1661378611882
1441	1745	0	0	0	0	0	0	1661378612902
1440	1745	0	0	0	0	0	0	1661378613922
1441	1745	0	0	0	0	0	0	1661378614942
1440	1745	0	0	0	0	0	0	1661378615962
1440	1745	0	0	0	0	0	0	1661378616982
1440	1745	0	0	0	0	0	0	1661378618002
1440	1745	0	0	0	0	0	0	1661378619022
1440	1745	0	0	0	0	0	0	1661378620042
1440	1745	0	0	0	0	0	0	1661378621062
1441	1745	0	0	0	0	0	0	1661378622082
1441	1745	0	0	0	0	0	0	1661378623102
1441	1745	0	0	0	0	0	0	1661378624122
1440	1745	0	0	0	0	0	0	1661378625142
1440	1745	0	0	0	0	0	0	1661378626162
1440	1745	0	0	0	0	0	0	1661378627182
1440	1745	0	0	0	0	0	0	1661378628202
1440	1745	0	0	0	0	0	0	1661378629222
1440	1744	0	0	0	0	0	0	1661378630242
1440	1744	0	0	0	0	0	0	1661378631262
1440	1744	0	0	0	0	0	0	1661378632282
1440	1744	0	0	0	0	0	0	1661378633302
1440	1744	0	0	0	0	0	0	1661378634322
1440	1744	0	0	0	0	0	0	1661378635342
