2398	924	0	0	0	0	0	0	1663098052393
2387	918	0	0	0	0	0	0	1663098053413
2375	905	0	0	0	0	0	0	1663098054433
2368	897	0	0	0	0	0	0	1663098055453
2360	883	0	0	0	0	0	0	1663098056473
2348	872	0	0	0	0	0	0	1663098057493
2341	866	0	0	0	0	0	0	1663098058513
2337	857	0	0	0	0	0	0	1663098059533
2334	846	0	0	0	0	0	0	1663098060553
2331	839	0	0	0	0	0	0	1663098061573
2322	835	0	0	0	0	0	0	1663098062593
2314	833	0	0	0	0	0	0	1663098063613
2309	824	0	0	0	0	0	0	1663098064633
2306	815	0	0	0	0	0	0	1663098065653
2304	810	0	0	0	0	0	0	1663098066673
2303	806	0	0	0	0	0	0	1663098067693
2302	804	0	0	0	0	0	0	1663098068713
2302	803	0	0	0	0	0	0	1663098069733
2302	800	0	0	0	0	0	0	1663098070753
2301	793	0	0	0	0	0	0	1663098071773
2294	785	0	0	0	0	0	0	1663098072793
2287	780	0	0	0	0	0	0	1663098073813
2282	777	0	0	0	0	0	0	1663098074833
2279	776	0	0	0	0	0	0	1663098075853
2277	775	0	0	0	0	0	0	1663098076873
2276	774	0	0	0	0	0	0	1663098077893
2275	774	0	0	0	0	0	0	1663098078913
2275	774	0	0	0	0	0	0	1663098079933
2274	774	0	0	0	0	0	0	1663098080953
2274	772	0	0	0	0	0	0	1663098081973
2274	765	0	0	0	0	0	0	1663098082993
2274	758	0	0	0	0	0	0	1663098084013
2274	754	0	0	0	0	0	0	1663098085033
2274	751	0	0	0	0	0	0	1663098086053
2273	749	0	0	0	0	0	0	1663098087073
2271	748	0	0	0	0	0	0	1663098088093
2265	747	0	0	0	0	0	0	1663098089113
2260	747	0	0	0	0	0	0	1663098090133
2254	747	0	0	0	0	0	0	1663098091153
2250	746	0	0	0	0	0	0	1663098092173
2248	746	0	0	0	0	0	0	1663098093193
2247	746	0	0	0	0	0	0	1663098094213
2247	746	0	0	0	0	0	0	1663098095233
2246	746	0	0	0	0	0	0	1663098096253
2246	746	0	0	0	0	0	0	1663098097273
2246	746	0	0	0	0	0	0	1663098098293
2246	746	0	0	0	0	0	0	1663098099313
2246	746	0	0	0	0	0	0	1663098100333
2246	746	0	0	0	0	0	0	1663098101353
2246	746	0	0	0	0	0	0	1663098102373
2246	745	0	0	0	0	0	0	1663098103393
2246	740	0	0	0	0	0	0	1663098104413
2246	734	0	0	0	0	0	0	1663098105433
2246	730	0	0	0	0	0	0	1663098106453
2246	726	0	0	0	0	0	0	1663098107473
2246	723	0	0	0	0	0	0	1663098108493
2246	721	0	0	0	0	0	0	1663098109513
2246	720	0	0	0	0	0	0	1663098110533
2246	719	0	0	0	0	0	0	1663098111553
2246	719	0	0	0	0	0	0	1663098112573
2246	719	0	0	0	0	0	0	1663098113593
2245	719	0	0	0	0	0	0	1663098114613
2245	719	0	0	0	0	0	0	1663098115633
2244	719	0	0	0	0	0	0	1663098116653
2242	719	0	0	0	0	0	0	1663098117673
2238	719	0	0	0	0	0	0	1663098118693
2234	719	0	0	0	0	0	0	1663098119713
2231	719	0	0	0	0	0	0	1663098120733
2227	719	0	0	0	0	0	0	1663098121753
2224	719	0	0	0	0	0	0	1663098122773
2221	719	0	0	0	0	0	0	1663098123793
2220	719	0	0	0	0	0	0	1663098124813
2219	719	0	0	0	0	0	0	1663098125833
2219	719	0	0	0	0	0	0	1663098126853
2218	719	0	0	0	0	0	0	1663098127873
2218	719	0	0	0	0	0	0	1663098128893
2218	719	0	0	0	0	0	0	1663098129913
2218	718	0	0	0	0	0	0	1663098130933
2218	718	0	0	0	0	0	0	1663098131953
2218	718	0	0	0	0	0	0	1663098132973
2218	718	0	0	0	0	0	0	1663098133993
2218	718	0	0	0	0	0	0	1663098135013
2218	718	0	0	0	0	0	0	1663098136033
2218	718	0	0	0	0	0	0	1663098137053
2218	718	0	0	0	0	0	0	1663098138073
2218	718	0	0	0	0	0	0	1663098139093
2218	718	0	0	0	0	0	0	1663098140113
2218	718	0	0	0	0	0	0	1663098141133
2218	718	0	0	0	0	0	0	1663098142153
2218	718	0	0	0	0	0	0	1663098143173
2218	718	0	0	0	0	0	0	1663098144193
2218	718	0	0	0	0	0	0	1663098145213
2218	718	0	0	0	0	0	0	1663098146233
2218	716	0	0	0	0	0	0	1663098147253
2218	715	0	0	0	0	0	0	1663098148273
2218	713	0	0	0	0	0	0	1663098149293
2218	711	0	0	0	0	0	0	1663098150313
2218	706	0	0	0	0	0	0	1663098151333
2218	703	0	0	0	0	0	0	1663098152353
2218	699	0	0	0	0	0	0	1663098153373
2218	696	0	0	0	0	0	0	1663098154393
2218	696	0	0	0	0	0	0	1663098155413
2218	694	0	0	0	0	0	0	1663098156433
2218	693	0	0	0	0	0	0	1663098157453
2218	692	0	0	0	0	0	0	1663098158473
2218	691	0	0	0	0	0	0	1663098159493
2218	691	0	0	0	0	0	0	1663098160513
2218	691	0	0	0	0	0	0	1663098161533
2218	691	0	0	0	0	0	0	1663098162553
2218	691	0	0	0	0	0	0	1663098163573
2218	691	0	0	0	0	0	0	1663098164593
2218	691	0	0	0	0	0	0	1663098165613
2218	691	0	0	0	0	0	0	1663098166633
2218	691	0	0	0	0	0	0	1663098167653
2218	691	0	0	0	0	0	0	1663098168673
2217	691	0	0	0	0	0	0	1663098169693
2216	691	0	0	0	0	0	0	1663098170713
2214	691	0	0	0	0	0	0	1663098171733
2212	691	0	0	0	0	0	0	1663098172753
2211	691	0	0	0	0	0	0	1663098173773
2210	691	0	0	0	0	0	0	1663098174793
2209	691	0	0	0	0	0	0	1663098175813
2207	691	0	0	0	0	0	0	1663098176833
2202	691	0	0	0	0	0	0	1663098177853
2200	691	0	0	0	0	0	0	1663098178873
2199	691	0	0	0	0	0	0	1663098179893
2197	691	0	0	0	0	0	0	1663098180913
2194	691	0	0	0	0	0	0	1663098181933
2194	691	0	0	0	0	0	0	1663098182953
2192	691	0	0	0	0	0	0	1663098183973
2192	691	0	0	0	0	0	0	1663098184993
2192	691	0	0	0	0	0	0	1663098186013
2191	691	0	0	0	0	0	0	1663098187033
2191	691	0	0	0	0	0	0	1663098188053
2190	691	0	0	0	0	0	0	1663098189073
2190	691	0	0	0	0	0	0	1663098190093
2190	691	0	0	0	0	0	0	1663098191113
2190	691	0	0	0	0	0	0	1663098192133
2190	691	0	0	0	0	0	0	1663098193153
2190	691	0	0	0	0	0	0	1663098194173
2190	691	0	0	0	0	0	0	1663098195193
2190	691	0	0	0	0	0	0	1663098196213
2190	691	0	0	0	0	0	0	1663098197233
2190	691	0	0	0	0	0	0	1663098198253
2190	691	0	0	0	0	0	0	1663098199273
2190	691	0	0	0	0	0	0	1663098200293
2190	691	0	0	0	0	0	0	1663098201313
2190	691	0	0	0	0	0	0	1663098202333
2190	691	0	0	0	0	0	0	1663098203353
2190	691	0	0	0	0	0	0	1663098204373
2190	691	0	0	0	0	0	0	1663098205393
2190	691	0	0	0	0	0	0	1663098206413
2190	691	0	0	0	0	0	0	1663098207433
2190	691	0	0	0	0	0	0	1663098208453
2190	691	0	0	0	0	0	0	1663098209473
2190	691	0	0	0	0	0	0	1663098210493
2190	691	0	0	0	0	0	0	1663098211513
2190	691	0	0	0	0	0	0	1663098212533
2190	691	0	0	0	0	0	0	1663098213553
2190	691	0	0	0	0	0	0	1663098214573
2190	691	0	0	0	0	0	0	1663098215593
2190	691	0	0	0	0	0	0	1663098216613
2190	691	0	0	0	0	0	0	1663098217633
2190	691	0	0	0	0	0	0	1663098218653
2190	691	0	0	0	0	0	0	1663098219673
2190	691	0	0	0	0	0	0	1663098220693
2190	691	0	0	0	0	0	0	1663098221713
2190	691	0	0	0	0	0	0	1663098222733
2190	691	0	0	0	0	0	0	1663098223753
2190	691	0	0	0	0	0	0	1663098224773
2190	691	0	0	0	0	0	0	1663098225793
2190	691	0	0	0	0	0	0	1663098226813
2190	691	0	0	0	0	0	0	1663098227833
2190	691	0	0	0	0	0	0	1663098228853
2190	691	0	0	0	0	0	0	1663098229873
2190	691	0	0	0	0	0	0	1663098230893
2190	691	0	0	0	0	0	0	1663098231913
2190	691	0	0	0	0	0	0	1663098232933
2190	691	0	0	0	0	0	0	1663098233953
2190	691	0	0	0	0	0	0	1663098234973
2190	691	0	0	0	0	0	0	1663098235993
2190	691	0	0	0	0	0	0	1663098237013
2190	691	0	0	0	0	0	0	1663098238033
2190	691	0	0	0	0	0	0	1663098239053
2190	691	0	0	0	0	0	0	1663098240073
2190	691	0	0	0	0	0	0	1663098241093
2190	691	0	0	0	0	0	0	1663098242113
2190	691	0	0	0	0	0	0	1663098243133
2190	690	0	0	0	0	0	0	1663098244153
2190	690	0	0	0	0	0	0	1663098245173
2190	690	0	0	0	0	0	0	1663098246193
2190	690	0	0	0	0	0	0	1663098247213
2190	690	0	0	0	0	0	0	1663098248233
2190	690	0	0	0	0	0	0	1663098249253
2190	690	0	0	0	0	0	0	1663098250273
2190	690	0	0	0	0	0	0	1663098251293
2190	689	0	0	0	0	0	0	1663098252313
2190	688	0	0	0	0	0	0	1663098253333
2190	680	0	0	0	0	0	0	1663098254353
2190	681	0	0	0	0	0	0	1663098255373
2190	682	0	0	0	0	0	0	1663098256393
2190	688	0	0	0	0	0	0	1663098257413
2190	686	0	0	0	0	0	0	1663098258433
2189	681	0	0	0	0	0	0	1663098259453
2188	682	0	0	0	0	0	0	1663098260473
2186	682	0	0	0	0	0	0	1663098261493
2183	680	0	0	0	0	0	0	1663098262513
2181	679	0	0	0	0	0	0	1663098263533
2180	677	0	0	0	0	0	0	1663098264553
2179	677	0	0	0	0	0	0	1663098265573
2176	678	0	0	0	0	0	0	1663098266593
2173	677	0	0	0	0	0	0	1663098267613
2172	677	0	0	0	0	0	0	1663098268633
2171	677	0	0	0	0	0	0	1663098269653
2168	677	0	0	0	0	0	0	1663098270673
2166	674	0	0	0	0	0	0	1663098271693
2164	671	0	0	0	0	0	0	1663098272713
2164	672	0	0	0	0	0	0	1663098273733
2163	672	0	0	0	0	0	0	1663098274753
2163	672	0	0	0	0	0	0	1663098275773
2162	670	0	0	0	0	0	0	1663098276793
2162	668	0	0	0	0	0	0	1663098277813
2162	668	0	0	0	0	0	0	1663098278833
2162	667	0	0	0	0	0	0	1663098279853
2162	667	0	0	0	0	0	0	1663098280873
2162	667	0	0	0	0	0	0	1663098281893
2162	666	0	0	0	0	0	0	1663098282913
2162	667	0	0	0	0	0	0	1663098283933
2162	666	0	0	0	0	0	0	1663098284953
2162	665	0	0	0	0	0	0	1663098285973
2162	664	0	0	0	0	0	0	1663098286993
2162	663	0	0	0	0	0	0	1663098288013
2162	663	0	0	0	0	0	0	1663098289033
2162	663	0	0	0	0	0	0	1663098290053
2162	663	0	0	0	0	0	0	1663098291073
2162	663	0	0	0	0	0	0	1663098292093
2162	663	0	0	0	0	0	0	1663098293113
2162	663	0	0	0	0	0	0	1663098294133
2162	663	0	0	0	0	0	0	1663098295153
2162	663	0	0	0	0	0	0	1663098296173
2162	663	0	0	0	0	0	0	1663098297193
2162	663	0	0	0	0	0	0	1663098298213
2162	663	0	0	0	0	0	0	1663098299233
2162	663	0	0	0	0	0	0	1663098300253
2162	663	0	0	0	0	0	0	1663098301273
2162	663	0	0	0	0	0	0	1663098302293
2162	663	0	0	0	0	0	0	1663098303313
2162	663	0	0	0	0	0	0	1663098304333
2162	663	0	0	0	0	0	0	1663098305353
2162	663	0	0	0	0	0	0	1663098306373
2162	663	0	0	0	0	0	0	1663098307393
2162	663	0	0	0	0	0	0	1663098308413
2162	663	0	0	0	0	0	0	1663098309433
2162	663	0	0	0	0	0	0	1663098310453
2162	663	0	0	0	0	0	0	1663098311473
2162	663	0	0	0	0	0	0	1663098312493
2162	663	0	0	0	0	0	0	1663098313513
2162	663	0	0	0	0	0	0	1663098314533
2162	663	0	0	0	0	0	0	1663098315553
2162	663	0	0	0	0	0	0	1663098316573
2162	663	0	0	0	0	0	0	1663098317593
2162	663	0	0	0	0	0	0	1663098318613
2162	663	0	0	0	0	0	0	1663098319633
2162	663	0	0	0	0	0	0	1663098320653
2162	663	0	0	0	0	0	0	1663098321673
2162	663	0	0	0	0	0	0	1663098322693
2162	663	0	0	0	0	0	0	1663098323713
2162	663	0	0	0	0	0	0	1663098324733
2162	663	0	0	0	0	0	0	1663098325753
2162	663	0	0	0	0	0	0	1663098326773
2162	663	0	0	0	0	0	0	1663098327793
2162	663	0	0	0	0	0	0	1663098328813
2162	663	0	0	0	0	0	0	1663098329833
2162	663	0	0	0	0	0	0	1663098330853
2162	663	0	0	0	0	0	0	1663098331873
2162	663	0	0	0	0	0	0	1663098332893
2162	663	0	0	0	0	0	0	1663098333913
2162	663	0	0	0	0	0	0	1663098334933
2162	663	0	0	0	0	0	0	1663098335953
2162	663	0	0	0	0	0	0	1663098336973
2162	663	0	0	0	0	0	0	1663098337993
2162	663	0	0	0	0	0	0	1663098339013
2162	663	0	0	0	0	0	0	1663098340033
2161	663	0	0	0	0	0	0	1663098341053
2160	663	0	0	0	0	0	0	1663098342073
2160	664	0	0	0	0	0	0	1663098343093
2159	664	0	0	0	0	0	0	1663098344113
2159	673	0	0	0	0	0	0	1663098345133
2156	679	0	0	0	0	0	0	1663098346153
2156	676	0	0	0	0	0	0	1663098347173
2153	677	0	0	0	0	0	0	1663098348193
2149	681	0	0	0	0	0	0	1663098349213
2147	681	0	0	0	0	0	0	1663098350233
2144	683	0	0	0	0	0	0	1663098351253
2143	685	0	0	0	0	0	0	1663098352273
2141	687	0	0	0	0	0	0	1663098353293
2141	688	0	0	0	0	0	0	1663098354313
2139	689	0	0	0	0	0	0	1663098355333
2138	689	0	0	0	0	0	0	1663098356353
2136	690	0	0	0	0	0	0	1663098357373
2135	690	0	0	0	0	0	0	1663098358393
2135	690	0	0	0	0	0	0	1663098359413
2135	690	0	0	0	0	0	0	1663098360433
2135	690	0	0	0	0	0	0	1663098361453
2134	690	0	0	0	0	0	0	1663098362473
2134	689	0	0	0	0	0	0	1663098363493
2134	689	0	0	0	0	0	0	1663098364513
2134	689	0	0	0	0	0	0	1663098365533
2134	689	0	0	0	0	0	0	1663098366553
2134	690	0	0	0	0	0	0	1663098367573
2134	690	0	0	0	0	0	0	1663098368593
2134	690	0	0	0	0	0	0	1663098369613
2134	690	0	0	0	0	0	0	1663098370633
2134	690	0	0	0	0	0	0	1663098371653
2134	690	0	0	0	0	0	0	1663098372673
2134	690	0	0	0	0	0	0	1663098373693
2134	690	0	0	0	0	0	0	1663098374713
2134	690	0	0	0	0	0	0	1663098375733
2134	690	0	0	0	0	0	0	1663098376753
2134	689	0	0	0	0	0	0	1663098377773
2134	689	0	0	0	0	0	0	1663098378793
2134	689	0	0	0	0	0	0	1663098379813
2134	689	0	0	0	0	0	0	1663098380833
2134	689	0	0	0	0	0	0	1663098381853
2134	688	0	0	0	0	0	0	1663098382873
2134	688	0	0	0	0	0	0	1663098383893
2134	687	0	0	0	0	0	0	1663098384913
2134	687	0	0	0	0	0	0	1663098385933
2134	687	0	0	0	0	0	0	1663098386953
2134	685	0	0	0	0	0	0	1663098387973
2134	685	0	0	0	0	0	0	1663098388993
2134	685	0	0	0	0	0	0	1663098390013
2134	683	0	0	0	0	0	0	1663098391033
2134	683	0	0	0	0	0	0	1663098392053
2134	682	0	0	0	0	0	0	1663098393073
2134	683	0	0	0	0	0	0	1663098394093
2134	683	0	0	0	0	0	0	1663098395113
2134	683	0	0	0	0	0	0	1663098396133
2134	683	0	0	0	0	0	0	1663098397153
2134	682	0	0	0	0	0	0	1663098398173
2134	681	0	0	0	0	0	0	1663098399193
2134	681	0	0	0	0	0	0	1663098400213
2134	681	0	0	0	0	0	0	1663098401233
2134	680	0	0	0	0	0	0	1663098402253
2134	678	0	0	0	0	0	0	1663098403273
2134	676	0	0	0	0	0	0	1663098404293
2134	677	0	0	0	0	0	0	1663098405313
2134	674	0	0	0	0	0	0	1663098406333
2134	673	0	0	0	0	0	0	1663098407353
2134	670	0	0	0	0	0	0	1663098408373
2134	672	0	0	0	0	0	0	1663098409393
2134	671	0	0	0	0	0	0	1663098410413
2134	670	0	0	0	0	0	0	1663098411433
2134	669	0	0	0	0	0	0	1663098412453
2134	668	0	0	0	0	0	0	1663098413473
2134	668	0	0	0	0	0	0	1663098414493
2134	668	0	0	0	0	0	0	1663098415513
2134	669	0	0	0	0	0	0	1663098416533
2134	669	0	0	0	0	0	0	1663098417553
2134	668	0	0	0	0	0	0	1663098418573
2134	667	0	0	0	0	0	0	1663098419593
2134	667	0	0	0	0	0	0	1663098420613
2134	666	0	0	0	0	0	0	1663098421633
2133	666	0	0	0	0	0	0	1663098422653
2132	665	0	0	0	0	0	0	1663098423673
2132	665	0	0	0	0	0	0	1663098424693
2133	666	0	0	0	0	0	0	1663098425713
2131	666	0	0	0	0	0	0	1663098426733
2131	665	0	0	0	0	0	0	1663098427753
2130	666	0	0	0	0	0	0	1663098428773
2127	665	0	0	0	0	0	0	1663098429793
2126	665	0	0	0	0	0	0	1663098430813
2124	665	0	0	0	0	0	0	1663098431833
2120	665	0	0	0	0	0	0	1663098432853
2117	664	0	0	0	0	0	0	1663098433873
2114	663	0	0	0	0	0	0	1663098434893
2112	663	0	0	0	0	0	0	1663098435913
2110	664	0	0	0	0	0	0	1663098436933
2108	664	0	0	0	0	0	0	1663098437953
2107	664	0	0	0	0	0	0	1663098438973
2107	663	0	0	0	0	0	0	1663098439993
2107	663	0	0	0	0	0	0	1663098441013
2107	663	0	0	0	0	0	0	1663098442033
2107	10397	0	0	0	0	0	0	1663098443053
2107	6504	0	0	0	0	0	0	1663098444073
2107	4168	0	0	0	0	0	0	1663098445093
2107	2766	0	0	0	0	0	0	1663098446113
2107	1925	0	0	0	0	0	0	1663098447133
2107	1420	0	0	0	0	0	0	1663098448153
2107	1117	0	0	0	0	0	0	1663098449173
2107	936	0	0	0	0	0	0	1663098450193
2107	827	0	0	0	0	0	0	1663098451213
2107	762	0	0	0	0	0	0	1663098452233
2107	722	0	0	0	0	0	0	1663098453253
2107	698	0	0	0	0	0	0	1663098454273
2107	684	0	0	0	0	0	0	1663098455293
2107	675	0	0	0	0	0	0	1663098456313
2107	670	0	0	0	0	0	0	1663098457333
2107	667	0	0	0	0	0	0	1663098458353
2106	665	0	0	0	0	0	0	1663098459373
2106	664	0	0	0	0	0	0	1663098460393
2106	664	0	0	0	0	0	0	1663098461413
2106	663	0	0	0	0	0	0	1663098462433
2106	663	0	0	0	0	0	0	1663098463453
2106	663	0	0	0	0	0	0	1663098464473
2106	663	0	0	0	0	0	0	1663098465493
2106	663	0	0	0	0	0	0	1663098466513
2106	663	0	0	0	0	0	0	1663098467533
2106	663	0	0	0	0	0	0	1663098468553
2106	663	0	0	0	0	0	0	1663098469573
2106	663	0	0	0	0	0	0	1663098470593
2106	663	0	0	0	0	0	0	1663098471613
2106	663	0	0	0	0	0	0	1663098472633
2106	663	0	0	0	0	0	0	1663098473653
2106	663	0	0	0	0	0	0	1663098474673
2106	663	0	0	0	0	0	0	1663098475693
2106	663	0	0	0	0	0	0	1663098476713
2106	663	0	0	0	0	0	0	1663098477733
2106	663	0	0	0	0	0	0	1663098478753
2106	663	0	0	0	0	0	0	1663098479773
2106	663	0	0	0	0	0	0	1663098480793
2106	663	0	0	0	0	0	0	1663098481813
2106	663	0	0	0	0	0	0	1663098482833
2106	663	0	0	0	0	0	0	1663098483853
2106	663	0	0	0	0	0	0	1663098484873
2106	663	0	0	0	0	0	0	1663098485893
2106	663	0	0	0	0	0	0	1663098486913
2106	663	0	0	0	0	0	0	1663098487933
2106	663	0	0	0	0	0	0	1663098488953
2106	663	0	0	0	0	0	0	1663098489973
2106	663	0	0	0	0	0	0	1663098490993
2106	663	0	0	0	0	0	0	1663098492013
2106	663	0	0	0	0	0	0	1663098493033
2106	663	0	0	0	0	0	0	1663098494053
2106	663	0	0	0	0	0	0	1663098495073
2106	663	0	0	0	0	0	0	1663098496093
2106	663	0	0	0	0	0	0	1663098497113
2106	663	0	0	0	0	0	0	1663098498133
2106	663	0	0	0	0	0	0	1663098499153
2106	663	0	0	0	0	0	0	1663098500173
2106	663	0	0	0	0	0	0	1663098501193
2106	663	0	0	0	0	0	0	1663098502213
2106	663	0	0	0	0	0	0	1663098503233
2106	663	0	0	0	0	0	0	1663098504253
2106	663	0	0	0	0	0	0	1663098505273
2106	663	0	0	0	0	0	0	1663098506293
2106	663	0	0	0	0	0	0	1663098507313
2106	663	0	0	0	0	0	0	1663098508333
2106	663	0	0	0	0	0	0	1663098509353
2106	663	0	0	0	0	0	0	1663098510373
2106	663	0	0	0	0	0	0	1663098511393
2106	663	0	0	0	0	0	0	1663098512413
2106	663	0	0	0	0	0	0	1663098513433
2106	663	0	0	0	0	0	0	1663098514453
2106	663	0	0	0	0	0	0	1663098515473
2106	663	0	0	0	0	0	0	1663098516493
2105	663	0	0	0	0	0	0	1663098517513
2104	663	0	0	0	0	0	0	1663098518533
2105	663	0	0	0	0	0	0	1663098519553
2104	663	0	0	0	0	0	0	1663098520573
2104	663	0	0	0	0	0	0	1663098521593
2103	663	0	0	0	0	0	0	1663098522613
2102	663	0	0	0	0	0	0	1663098523633
2102	663	0	0	0	0	0	0	1663098524653
2101	663	0	0	0	0	0	0	1663098525673
2097	663	0	0	0	0	0	0	1663098526693
2095	663	0	0	0	0	0	0	1663098527713
2093	663	0	0	0	0	0	0	1663098528733
2091	663	0	0	0	0	0	0	1663098529753
2090	663	0	0	0	0	0	0	1663098530773
2088	663	0	0	0	0	0	0	1663098531793
2087	663	0	0	0	0	0	0	1663098532813
2084	663	0	0	0	0	0	0	1663098533833
2083	663	0	0	0	0	0	0	1663098534853
2081	663	0	0	0	0	0	0	1663098535873
2080	663	0	0	0	0	0	0	1663098536893
2079	663	0	0	0	0	0	0	1663098537913
2079	663	0	0	0	0	0	0	1663098538933
2079	663	0	0	0	0	0	0	1663098539953
2079	663	0	0	0	0	0	0	1663098540973
2079	663	0	0	0	0	0	0	1663098541993
2079	663	0	0	0	0	0	0	1663098543013
2079	663	0	0	0	0	0	0	1663098544033
2079	663	0	0	0	0	0	0	1663098545053
2079	663	0	0	0	0	0	0	1663098546073
2079	663	0	0	0	0	0	0	1663098547093
2079	663	0	0	0	0	0	0	1663098548113
2079	663	0	0	0	0	0	0	1663098549133
2079	663	0	0	0	0	0	0	1663098550153
2079	663	0	0	0	0	0	0	1663098551173
2079	663	0	0	0	0	0	0	1663098552193
2079	663	0	0	0	0	0	0	1663098553213
2078	663	0	0	0	0	0	0	1663098554233
2078	663	0	0	0	0	0	0	1663098555253
2078	663	0	0	0	0	0	0	1663098556273
2078	663	0	0	0	0	0	0	1663098557293
2078	663	0	0	0	0	0	0	1663098558313
2078	663	0	0	0	0	0	0	1663098559333
2078	663	0	0	0	0	0	0	1663098560353
2078	663	0	0	0	0	0	0	1663098561373
2078	663	0	0	0	0	0	0	1663098562393
2078	663	0	0	0	0	0	0	1663098563413
2078	663	0	0	0	0	0	0	1663098564433
2078	663	0	0	0	0	0	0	1663098565453
2078	663	0	0	0	0	0	0	1663098566473
2078	663	0	0	0	0	0	0	1663098567493
2078	663	0	0	0	0	0	0	1663098568513
2078	663	0	0	0	0	0	0	1663098569533
2078	663	0	0	0	0	0	0	1663098570553
2078	663	0	0	0	0	0	0	1663098571573
2078	663	0	0	0	0	0	0	1663098572593
2078	663	0	0	0	0	0	0	1663098573613
2078	663	0	0	0	0	0	0	1663098574633
2078	663	0	0	0	0	0	0	1663098575653
2078	663	0	0	0	0	0	0	1663098576673
2078	663	0	0	0	0	0	0	1663098577693
2078	663	0	0	0	0	0	0	1663098578713
2078	663	0	0	0	0	0	0	1663098579733
2078	663	0	0	0	0	0	0	1663098580753
2078	10397	0	0	0	0	0	0	1663098581773
2078	6503	0	0	0	0	0	0	1663098582793
2078	4167	0	0	0	0	0	0	1663098583813
2078	2765	0	0	0	0	0	0	1663098584833
2078	1924	0	0	0	0	0	0	1663098585853
2078	1419	0	0	0	0	0	0	1663098586873
2078	1116	0	0	0	0	0	0	1663098587893
2078	935	0	0	0	0	0	0	1663098588913
2078	826	0	0	0	0	0	0	1663098589933
2078	761	0	0	0	0	0	0	1663098590953
2078	722	0	0	0	0	0	0	1663098591973
2078	698	0	0	0	0	0	0	1663098592993
2078	684	0	0	0	0	0	0	1663098594013
2078	675	0	0	0	0	0	0	1663098595033
2078	670	0	0	0	0	0	0	1663098596053
2078	667	0	0	0	0	0	0	1663098597073
2078	665	0	0	0	0	0	0	1663098598093
2078	664	0	0	0	0	0	0	1663098599113
2078	663	0	0	0	0	0	0	1663098600133
2078	663	0	0	0	0	0	0	1663098601153
2078	663	0	0	0	0	0	0	1663098602173
2078	663	0	0	0	0	0	0	1663098603193
2078	663	0	0	0	0	0	0	1663098604213
2078	663	0	0	0	0	0	0	1663098605233
2078	663	0	0	0	0	0	0	1663098606253
2078	663	0	0	0	0	0	0	1663098607273
2078	663	0	0	0	0	0	0	1663098608293
2078	663	0	0	0	0	0	0	1663098609313
2078	663	0	0	0	0	0	0	1663098610333
2078	663	0	0	0	0	0	0	1663098611353
2078	663	0	0	0	0	0	0	1663098612373
2078	663	0	0	0	0	0	0	1663098613393
2078	663	0	0	0	0	0	0	1663098614413
2078	663	0	0	0	0	0	0	1663098615433
2078	663	0	0	0	0	0	0	1663098616453
2078	663	0	0	0	0	0	0	1663098617473
2078	663	0	0	0	0	0	0	1663098618493
2078	663	0	0	0	0	0	0	1663098619513
2078	663	0	0	0	0	0	0	1663098620533
2078	663	0	0	0	0	0	0	1663098621553
2078	663	0	0	0	0	0	0	1663098622573
2078	663	0	0	0	0	0	0	1663098623593
2078	663	0	0	0	0	0	0	1663098624613
2078	663	0	0	0	0	0	0	1663098625633
2078	663	0	0	0	0	0	0	1663098626653
2078	663	0	0	0	0	0	0	1663098627673
2077	663	0	0	0	0	0	0	1663098628693
2077	663	0	0	0	0	0	0	1663098629713
2076	663	0	0	0	0	0	0	1663098630733
2075	663	0	0	0	0	0	0	1663098631753
2074	663	0	0	0	0	0	0	1663098632773
2074	663	0	0	0	0	0	0	1663098633793
2074	663	0	0	0	0	0	0	1663098634813
2074	663	0	0	0	0	0	0	1663098635833
2073	663	0	0	0	0	0	0	1663098636853
2072	663	0	0	0	0	0	0	1663098637873
2070	663	0	0	0	0	0	0	1663098638893
2069	663	0	0	0	0	0	0	1663098639913
2068	663	0	0	0	0	0	0	1663098640933
2067	663	0	0	0	0	0	0	1663098641953
2067	663	0	0	0	0	0	0	1663098642973
2065	663	0	0	0	0	0	0	1663098643993
2063	663	0	0	0	0	0	0	1663098645013
2062	663	0	0	0	0	0	0	1663098646033
2061	663	0	0	0	0	0	0	1663098647053
2060	663	0	0	0	0	0	0	1663098648073
2059	663	0	0	0	0	0	0	1663098649093
2057	663	0	0	0	0	0	0	1663098650113
2055	663	0	0	0	0	0	0	1663098651133
2053	663	0	0	0	0	0	0	1663098652153
2052	663	0	0	0	0	0	0	1663098653173
2051	663	0	0	0	0	0	0	1663098654193
2051	663	0	0	0	0	0	0	1663098655213
2051	663	0	0	0	0	0	0	1663098656233
2051	663	0	0	0	0	0	0	1663098657253
2051	663	0	0	0	0	0	0	1663098658273
2050	663	0	0	0	0	0	0	1663098659293
2050	663	0	0	0	0	0	0	1663098660313
2050	663	0	0	0	0	0	0	1663098661333
2050	663	0	0	0	0	0	0	1663098662353
2050	663	0	0	0	0	0	0	1663098663373
2050	663	0	0	0	0	0	0	1663098664393
2050	663	0	0	0	0	0	0	1663098665413
2050	663	0	0	0	0	0	0	1663098666433
2050	663	0	0	0	0	0	0	1663098667453
2050	663	0	0	0	0	0	0	1663098668473
2050	663	0	0	0	0	0	0	1663098669493
2050	663	0	0	0	0	0	0	1663098670513
2050	663	0	0	0	0	0	0	1663098671533
2050	663	0	0	0	0	0	0	1663098672553
2050	663	0	0	0	0	0	0	1663098673573
2050	663	0	0	0	0	0	0	1663098674593
2050	663	0	0	0	0	0	0	1663098675613
2050	663	0	0	0	0	0	0	1663098676633
2050	663	0	0	0	0	0	0	1663098677653
2050	663	0	0	0	0	0	0	1663098678673
2050	663	0	0	0	0	0	0	1663098679693
2050	663	0	0	0	0	0	0	1663098680713
2050	663	0	0	0	0	0	0	1663098681733
2050	663	0	0	0	0	0	0	1663098682753
2051	663	0	0	0	0	0	0	1663098683773
2051	663	0	0	0	0	0	0	1663098684793
2051	663	0	0	0	0	0	0	1663098685813
2051	663	0	0	0	0	0	0	1663098686833
2051	663	0	0	0	0	0	0	1663098687853
2051	663	0	0	0	0	0	0	1663098688873
2051	663	0	0	0	0	0	0	1663098689893
2051	663	0	0	0	0	0	0	1663098690913
2051	663	0	0	0	0	0	0	1663098691933
2051	663	0	0	0	0	0	0	1663098692953
2051	663	0	0	0	0	0	0	1663098693973
2051	663	0	0	0	0	0	0	1663098694993
2051	663	0	0	0	0	0	0	1663098696013
2051	663	0	0	0	0	0	0	1663098697033
2051	663	0	0	0	0	0	0	1663098698053
2051	663	0	0	0	0	0	0	1663098699073
2051	663	0	0	0	0	0	0	1663098700093
2051	663	0	0	0	0	0	0	1663098701113
2051	663	0	0	0	0	0	0	1663098702133
2051	663	0	0	0	0	0	0	1663098703153
2051	663	0	0	0	0	0	0	1663098704173
2051	663	0	0	0	0	0	0	1663098705193
2051	663	0	0	0	0	0	0	1663098706213
2051	663	0	0	0	0	0	0	1663098707233
2051	663	0	0	0	0	0	0	1663098708253
2051	663	0	0	0	0	0	0	1663098709273
2051	663	0	0	0	0	0	0	1663098710293
2051	663	0	0	0	0	0	0	1663098711313
2051	663	0	0	0	0	0	0	1663098712333
2051	663	0	0	0	0	0	0	1663098713353
2051	663	0	0	0	0	0	0	1663098714373
2051	663	0	0	0	0	0	0	1663098715393
2051	663	0	0	0	0	0	0	1663098716413
2051	663	0	0	0	0	0	0	1663098717433
2051	663	0	0	0	0	0	0	1663098718453
2051	663	0	0	0	0	0	0	1663098719473
2051	663	0	0	0	0	0	0	1663098720493
2051	663	0	0	0	0	0	0	1663098721513
2051	663	0	0	0	0	0	0	1663098722533
2051	663	0	0	0	0	0	0	1663098723553
2051	663	0	0	0	0	0	0	1663098724573
2051	663	0	0	0	0	0	0	1663098725593
2051	663	0	0	0	0	0	0	1663098726613
2051	663	0	0	0	0	0	0	1663098727633
2043	663	0	0	0	0	0	0	1663098728653
2035	663	0	0	0	0	0	0	1663098729673
2030	663	0	0	0	0	0	0	1663098730693
2027	663	0	0	0	0	0	0	1663098731713
2025	663	0	0	0	0	0	0	1663098732733
2024	663	0	0	0	0	0	0	1663098733753
2023	663	0	0	0	0	0	0	1663098734773
2023	663	0	0	0	0	0	0	1663098735793
2023	663	0	0	0	0	0	0	1663098736813
2023	663	0	0	0	0	0	0	1663098737833
2023	663	0	0	0	0	0	0	1663098738853
2023	663	0	0	0	0	0	0	1663098739873
2023	663	0	0	0	0	0	0	1663098740893
2022	663	0	0	0	0	0	0	1663098741913
2022	663	0	0	0	0	0	0	1663098742933
2022	663	0	0	0	0	0	0	1663098743953
2022	663	0	0	0	0	0	0	1663098744973
2022	663	0	0	0	0	0	0	1663098745993
2022	663	0	0	0	0	0	0	1663098747013
2022	663	0	0	0	0	0	0	1663098748033
2022	663	0	0	0	0	0	0	1663098749053
2022	663	0	0	0	0	0	0	1663098750073
2022	663	0	0	0	0	0	0	1663098751093
2022	663	0	0	0	0	0	0	1663098752113
2022	663	0	0	0	0	0	0	1663098753133
2022	663	0	0	0	0	0	0	1663098754153
2022	663	0	0	0	0	0	0	1663098755173
2022	663	0	0	0	0	0	0	1663098756193
2022	663	0	0	0	0	0	0	1663098757213
2022	663	0	0	0	0	0	0	1663098758233
2022	663	0	0	0	0	0	0	1663098759253
2022	663	0	0	0	0	0	0	1663098760273
2022	663	0	0	0	0	0	0	1663098761293
2022	663	0	0	0	0	0	0	1663098762313
2022	663	0	0	0	0	0	0	1663098763333
2022	663	0	0	0	0	0	0	1663098764353
2022	10397	0	0	0	0	0	0	1663098765373
2022	6503	0	0	0	0	0	0	1663098766393
2022	4167	0	0	0	0	0	0	1663098767413
2022	2765	0	0	0	0	0	0	1663098768433
2022	1924	0	0	0	0	0	0	1663098769453
2022	1419	0	0	0	0	0	0	1663098770473
2022	1116	0	0	0	0	0	0	1663098771493
2022	935	0	0	0	0	0	0	1663098772513
2022	826	0	0	0	0	0	0	1663098773533
2022	761	0	0	0	0	0	0	1663098774553
2022	722	0	0	0	0	0	0	1663098775573
2022	698	0	0	0	0	0	0	1663098776593
2022	684	0	0	0	0	0	0	1663098777613
2022	675	0	0	0	0	0	0	1663098778633
2022	670	0	0	0	0	0	0	1663098779653
2022	667	0	0	0	0	0	0	1663098780673
2022	665	0	0	0	0	0	0	1663098781693
2022	664	0	0	0	0	0	0	1663098782713
2022	663	0	0	0	0	0	0	1663098783733
2022	663	0	0	0	0	0	0	1663098784753
2022	663	0	0	0	0	0	0	1663098785773
2022	663	0	0	0	0	0	0	1663098786793
2022	663	0	0	0	0	0	0	1663098787813
2022	663	0	0	0	0	0	0	1663098788833
2022	663	0	0	0	0	0	0	1663098789853
2022	663	0	0	0	0	0	0	1663098790873
2022	663	0	0	0	0	0	0	1663098791893
2022	663	0	0	0	0	0	0	1663098792913
2022	663	0	0	0	0	0	0	1663098793933
2022	663	0	0	0	0	0	0	1663098794953
2022	663	0	0	0	0	0	0	1663098795973
2022	663	0	0	0	0	0	0	1663098796993
2022	663	0	0	0	0	0	0	1663098798013
2022	663	0	0	0	0	0	0	1663098799033
2022	663	0	0	0	0	0	0	1663098800053
2022	663	0	0	0	0	0	0	1663098801073
2022	663	0	0	0	0	0	0	1663098802093
2022	663	0	0	0	0	0	0	1663098803113
2022	663	0	0	0	0	0	0	1663098804133
2022	663	0	0	0	0	0	0	1663098805153
2022	663	0	0	0	0	0	0	1663098806173
2022	663	0	0	0	0	0	0	1663098807193
2022	663	0	0	0	0	0	0	1663098808213
2022	663	0	0	0	0	0	0	1663098809233
2022	663	0	0	0	0	0	0	1663098810253
2022	663	0	0	0	0	0	0	1663098811273
2022	663	0	0	0	0	0	0	1663098812293
2022	663	0	0	0	0	0	0	1663098813313
2021	663	0	0	0	0	0	0	1663098814333
2021	663	0	0	0	0	0	0	1663098815353
2021	663	0	0	0	0	0	0	1663098816373
2021	663	0	0	0	0	0	0	1663098817393
2021	663	0	0	0	0	0	0	1663098818413
2021	663	0	0	0	0	0	0	1663098819433
2021	663	0	0	0	0	0	0	1663098820453
2020	663	0	0	0	0	0	0	1663098821473
2020	663	0	0	0	0	0	0	1663098822493
2020	663	0	0	0	0	0	0	1663098823513
2018	663	0	0	0	0	0	0	1663098824533
2019	663	0	0	0	0	0	0	1663098825553
2019	663	0	0	0	0	0	0	1663098826573
2019	663	0	0	0	0	0	0	1663098827593
2019	663	0	0	0	0	0	0	1663098828613
2017	663	0	0	0	0	0	0	1663098829633
2018	663	0	0	0	0	0	0	1663098830653
2017	663	0	0	0	0	0	0	1663098831673
2015	663	0	0	0	0	0	0	1663098832693
2013	663	0	0	0	0	0	0	1663098833713
2013	663	0	0	0	0	0	0	1663098834733
2012	663	0	0	0	0	0	0	1663098835753
2013	663	0	0	0	0	0	0	1663098836773
2012	663	0	0	0	0	0	0	1663098837793
2012	663	0	0	0	0	0	0	1663098838813
2007	663	0	0	0	0	0	0	1663098839833
2008	663	0	0	0	0	0	0	1663098840853
2007	663	0	0	0	0	0	0	1663098841873
2007	663	0	0	0	0	0	0	1663098842893
2007	663	0	0	0	0	0	0	1663098843913
2007	663	0	0	0	0	0	0	1663098844933
2007	663	0	0	0	0	0	0	1663098845953
2006	663	0	0	0	0	0	0	1663098846973
2007	663	0	0	0	0	0	0	1663098847993
2006	663	0	0	0	0	0	0	1663098849013
2007	663	0	0	0	0	0	0	1663098850033
2008	663	0	0	0	0	0	0	1663098851053
2008	663	0	0	0	0	0	0	1663098852073
2006	663	0	0	0	0	0	0	1663098853093
2006	663	0	0	0	0	0	0	1663098854113
2006	663	0	0	0	0	0	0	1663098855133
2006	663	0	0	0	0	0	0	1663098856153
2004	663	0	0	0	0	0	0	1663098857173
2002	663	0	0	0	0	0	0	1663098858193
2002	663	0	0	0	0	0	0	1663098859213
2001	663	0	0	0	0	0	0	1663098860233
2001	663	0	0	0	0	0	0	1663098861253
2000	663	0	0	0	0	0	0	1663098862273
2000	663	0	0	0	0	0	0	1663098863293
1999	663	0	0	0	0	0	0	1663098864313
2000	663	0	0	0	0	0	0	1663098865333
1999	663	0	0	0	0	0	0	1663098866353
1999	663	0	0	0	0	0	0	1663098867373
1998	663	0	0	0	0	0	0	1663098868393
1998	663	0	0	0	0	0	0	1663098869413
1998	663	0	0	0	0	0	0	1663098870433
1998	663	0	0	0	0	0	0	1663098871453
1997	663	0	0	0	0	0	0	1663098872473
1997	663	0	0	0	0	0	0	1663098873493
1997	663	0	0	0	0	0	0	1663098874513
1996	663	0	0	0	0	0	0	1663098875533
1996	663	0	0	0	0	0	0	1663098876553
1997	663	0	0	0	0	0	0	1663098877573
1996	663	0	0	0	0	0	0	1663098878593
1996	663	0	0	0	0	0	0	1663098879613
1996	663	0	0	0	0	0	0	1663098880633
1997	663	0	0	0	0	0	0	1663098881653
1997	663	0	0	0	0	0	0	1663098882673
1996	663	0	0	0	0	0	0	1663098883693
1996	663	0	0	0	0	0	0	1663098884713
1996	663	0	0	0	0	0	0	1663098885733
1996	663	0	0	0	0	0	0	1663098886753
1996	663	0	0	0	0	0	0	1663098887773
1995	663	0	0	0	0	0	0	1663098888793
1995	663	0	0	0	0	0	0	1663098889813
1996	663	0	0	0	0	0	0	1663098890833
1996	663	0	0	0	0	0	0	1663098891853
1996	663	0	0	0	0	0	0	1663098892873
1996	663	0	0	0	0	0	0	1663098893893
1996	663	0	0	0	0	0	0	1663098894913
1996	663	0	0	0	0	0	0	1663098895933
1996	663	0	0	0	0	0	0	1663098896953
1995	663	0	0	0	0	0	0	1663098897973
1995	663	0	0	0	0	0	0	1663098898993
1995	663	0	0	0	0	0	0	1663098900013
1995	663	0	0	0	0	0	0	1663098901033
1995	663	0	0	0	0	0	0	1663098902053
1995	663	0	0	0	0	0	0	1663098903073
1995	663	0	0	0	0	0	0	1663098904093
1995	663	0	0	0	0	0	0	1663098905113
1995	663	0	0	0	0	0	0	1663098906133
1995	663	0	0	0	0	0	0	1663098907153
1995	663	0	0	0	0	0	0	1663098908173
1995	663	0	0	0	0	0	0	1663098909193
1995	663	0	0	0	0	0	0	1663098910213
1995	663	0	0	0	0	0	0	1663098911233
1995	663	0	0	0	0	0	0	1663098912253
1995	663	0	0	0	0	0	0	1663098913273
1995	663	0	0	0	0	0	0	1663098914293
1995	663	0	0	0	0	0	0	1663098915313
1995	663	0	0	0	0	0	0	1663098916333
1995	663	0	0	0	0	0	0	1663098917353
1995	663	0	0	0	0	0	0	1663098918373
1995	663	0	0	0	0	0	0	1663098919393
1995	663	0	0	0	0	0	0	1663098920413
11197	663	0	0	0	0	0	0	1663098921433
7516	663	0	0	0	0	0	0	1663098922453
5307	663	0	0	0	0	0	0	1663098923473
3982	663	0	0	0	0	0	0	1663098924493
3187	663	0	0	0	0	0	0	1663098925513
2710	663	0	0	0	0	0	0	1663098926533
2424	663	0	0	0	0	0	0	1663098927553
2252	663	0	0	0	0	0	0	1663098928573
2149	663	0	0	0	0	0	0	1663098929593
2087	663	0	0	0	0	0	0	1663098930613
2050	663	0	0	0	0	0	0	1663098931633
2028	663	0	0	0	0	0	0	1663098932653
2015	663	0	0	0	0	0	0	1663098933673
2007	663	0	0	0	0	0	0	1663098934693
2002	663	0	0	0	0	0	0	1663098935713
1999	663	0	0	0	0	0	0	1663098936733
1997	663	0	0	0	0	0	0	1663098937753
1996	663	0	0	0	0	0	0	1663098938773
1996	663	0	0	0	0	0	0	1663098939793
1996	663	0	0	0	0	0	0	1663098940813
1996	663	0	0	0	0	0	0	1663098941833
1995	663	0	0	0	0	0	0	1663098942853
1995	663	0	0	0	0	0	0	1663098943873
1995	663	0	0	0	0	0	0	1663098944893
1995	663	0	0	0	0	0	0	1663098945913
1995	663	0	0	0	0	0	0	1663098946933
1995	663	0	0	0	0	0	0	1663098947953
1995	663	0	0	0	0	0	0	1663098948973
1995	663	0	0	0	0	0	0	1663098949993
1995	663	0	0	0	0	0	0	1663098951013
1995	663	0	0	0	0	0	0	1663098952033
1995	663	0	0	0	0	0	0	1663098953053
1995	663	0	0	0	0	0	0	1663098954073
1995	663	0	0	0	0	0	0	1663098955093
1995	663	0	0	0	0	0	0	1663098956113
1995	663	0	0	0	0	0	0	1663098957133
1995	663	0	0	0	0	0	0	1663098958153
1995	663	0	0	0	0	0	0	1663098959173
1995	663	0	0	0	0	0	0	1663098960193
1995	663	0	0	0	0	0	0	1663098961213
1995	663	0	0	0	0	0	0	1663098962233
1995	663	0	0	0	0	0	0	1663098963253
1995	663	0	0	0	0	0	0	1663098964273
1995	663	0	0	0	0	0	0	1663098965293
1995	663	0	0	0	0	0	0	1663098966313
1995	663	0	0	0	0	0	0	1663098967333
1995	663	0	0	0	0	0	0	1663098968353
1995	663	0	0	0	0	0	0	1663098969373
1995	663	0	0	0	0	0	0	1663098970393
1995	663	0	0	0	0	0	0	1663098971413
1995	663	0	0	0	0	0	0	1663098972433
1995	663	0	0	0	0	0	0	1663098973453
1995	663	0	0	0	0	0	0	1663098974473
1995	663	0	0	0	0	0	0	1663098975493
1995	663	0	0	0	0	0	0	1663098976513
1995	663	0	0	0	0	0	0	1663098977533
1995	663	0	0	0	0	0	0	1663098978553
1995	663	0	0	0	0	0	0	1663098979573
1995	663	0	0	0	0	0	0	1663098980593
1995	663	0	0	0	0	0	0	1663098981613
1995	666	0	0	0	0	0	0	1663098982633
1995	672	0	0	0	0	0	0	1663098983653
1995	679	0	0	0	0	0	0	1663098984673
1995	682	0	0	0	0	0	0	1663098985693
1995	685	0	0	0	0	0	0	1663098986713
1995	687	0	0	0	0	0	0	1663098987733
1995	688	0	0	0	0	0	0	1663098988753
1995	689	0	0	0	0	0	0	1663098989773
1995	690	0	0	0	0	0	0	1663098990793
1995	690	0	0	0	0	0	0	1663098991813
1995	690	0	0	0	0	0	0	1663098992833
1995	690	0	0	0	0	0	0	1663098993853
1995	690	0	0	0	0	0	0	1663098994873
1995	690	0	0	0	0	0	0	1663098995893
1995	690	0	0	0	0	0	0	1663098996913
1995	682	0	0	0	0	0	0	1663098997933
1995	674	0	0	0	0	0	0	1663098998953
1995	669	0	0	0	0	0	0	1663098999973
1995	666	0	0	0	0	0	0	1663099000993
1995	665	0	0	0	0	0	0	1663099002013
1995	664	0	0	0	0	0	0	1663099003033
1995	663	0	0	0	0	0	0	1663099004053
1995	663	0	0	0	0	0	0	1663099005073
1995	663	0	0	0	0	0	0	1663099006093
1995	663	0	0	0	0	0	0	1663099007113
1995	663	0	0	0	0	0	0	1663099008133
1995	663	0	0	0	0	0	0	1663099009153
1995	663	0	0	0	0	0	0	1663099010173
1995	663	0	0	0	0	0	0	1663099011193
1995	663	0	0	0	0	0	0	1663099012213
1995	663	0	0	0	0	0	0	1663099013233
1995	663	0	0	0	0	0	0	1663099014253
1995	663	0	0	0	0	0	0	1663099015273
1995	663	0	0	0	0	0	0	1663099016293
1995	663	0	0	0	0	0	0	1663099017313
1995	663	0	0	0	0	0	0	1663099018333
1995	663	0	0	0	0	0	0	1663099019353
1995	663	0	0	0	0	0	0	1663099020373
1995	663	0	0	0	0	0	0	1663099021393
1995	663	0	0	0	0	0	0	1663099022413
1995	663	0	0	0	0	0	0	1663099023433
1995	663	0	0	0	0	0	0	1663099024453
1995	663	0	0	0	0	0	0	1663099025473
1995	663	0	0	0	0	0	0	1663099026493
1995	663	0	0	0	0	0	0	1663099027513
1995	663	0	0	0	0	0	0	1663099028533
1995	663	0	0	0	0	0	0	1663099029553
1995	663	0	0	0	0	0	0	1663099030573
1995	663	0	0	0	0	0	0	1663099031593
1995	663	0	0	0	0	0	0	1663099032613
1995	663	0	0	0	0	0	0	1663099033633
1995	663	0	0	0	0	0	0	1663099034653
1995	663	0	0	0	0	0	0	1663099035673
1995	663	0	0	0	0	0	0	1663099036693
1995	663	0	0	0	0	0	0	1663099037713
1995	663	0	0	0	0	0	0	1663099038733
1995	663	0	0	0	0	0	0	1663099039753
1995	663	0	0	0	0	0	0	1663099040773
1995	663	0	0	0	0	0	0	1663099041793
1995	663	0	0	0	0	0	0	1663099042813
1995	663	0	0	0	0	0	0	1663099043833
1995	663	0	0	0	0	0	0	1663099044853
1995	663	0	0	0	0	0	0	1663099045873
1995	663	0	0	0	0	0	0	1663099046893
1995	663	0	0	0	0	0	0	1663099047943
1995	663	0	0	0	0	0	0	1663099048963
1995	663	0	0	0	0	0	0	1663099049983
1995	663	0	0	0	0	0	0	1663099051003
1995	663	0	0	0	0	0	0	1663099052023
1995	663	0	0	0	0	0	0	1663099053043
1995	663	0	0	0	0	0	0	1663099054063
1995	663	0	0	0	0	0	0	1663099055083
1995	663	0	0	0	0	0	0	1663099056103
1995	663	0	0	0	0	0	0	1663099057123
1995	663	0	0	0	0	0	0	1663099058143
1995	663	0	0	0	0	0	0	1663099059163
1995	663	0	0	0	0	0	0	1663099060183
1995	663	0	0	0	0	0	0	1663099061203
1995	663	0	0	0	0	0	0	1663099062223
1995	663	0	0	0	0	0	0	1663099063243
1995	663	0	0	0	0	0	0	1663099064263
1995	663	0	0	0	0	0	0	1663099065283
1995	663	0	0	0	0	0	0	1663099066303
1995	663	0	0	0	0	0	0	1663099067323
1995	663	0	0	0	0	0	0	1663099068343
1995	663	0	0	0	0	0	0	1663099069363
1995	663	0	0	0	0	0	0	1663099070383
1995	663	0	0	0	0	0	0	1663099071403
1995	663	0	0	0	0	0	0	1663099072423
1995	663	0	0	0	0	0	0	1663099073443
1995	663	0	0	0	0	0	0	1663099074463
1995	663	0	0	0	0	0	0	1663099075483
1995	663	0	0	0	0	0	0	1663099076503
1995	663	0	0	0	0	0	0	1663099077523
1995	663	0	0	0	0	0	0	1663099078543
1995	663	0	0	0	0	0	0	1663099079563
1995	663	0	0	0	0	0	0	1663099080583
1995	663	0	0	0	0	0	0	1663099081603
1995	663	0	0	0	0	0	0	1663099082623
1995	663	0	0	0	0	0	0	1663099083643
1995	663	0	0	0	0	0	0	1663099084663
1995	663	0	0	0	0	0	0	1663099085683
1995	663	0	0	0	0	0	0	1663099086703
1995	663	0	0	0	0	0	0	1663099087723
1995	663	0	0	0	0	0	0	1663099088743
1995	663	0	0	0	0	0	0	1663099089763
1995	663	0	0	0	0	0	0	1663099090783
1995	663	0	0	0	0	0	0	1663099091803
1995	663	0	0	0	0	0	0	1663099092823
1995	663	0	0	0	0	0	0	1663099093843
1995	663	0	0	0	0	0	0	1663099094863
1995	663	0	0	0	0	0	0	1663099095883
1995	663	0	0	0	0	0	0	1663099096903
1995	663	0	0	0	0	0	0	1663099097923
1995	663	0	0	0	0	0	0	1663099098943
1995	663	0	0	0	0	0	0	1663099099963
1995	663	0	0	0	0	0	0	1663099100983
1995	663	0	0	0	0	0	0	1663099102003
1995	663	0	0	0	0	0	0	1663099103023
1995	663	0	0	0	0	0	0	1663099104043
1995	663	0	0	0	0	0	0	1663099105063
1995	663	0	0	0	0	0	0	1663099106083
1995	663	0	0	0	0	0	0	1663099107103
1995	663	0	0	0	0	0	0	1663099108123
1995	663	0	0	0	0	0	0	1663099109143
1995	663	0	0	0	0	0	0	1663099110163
1995	663	0	0	0	0	0	0	1663099111183
1995	663	0	0	0	0	0	0	1663099112203
1995	663	0	0	0	0	0	0	1663099113223
1995	663	0	0	0	0	0	0	1663099114243
1995	663	0	0	0	0	0	0	1663099115263
1995	663	0	0	0	0	0	0	1663099116283
1995	663	0	0	0	0	0	0	1663099117303
1995	663	0	0	0	0	0	0	1663099118323
1995	663	0	0	0	0	0	0	1663099119343
1995	663	0	0	0	0	0	0	1663099120363
1995	663	0	0	0	0	0	0	1663099121383
1995	663	0	0	0	0	0	0	1663099122403
1995	663	0	0	0	0	0	0	1663099123423
1995	663	0	0	0	0	0	0	1663099124443
1995	663	0	0	0	0	0	0	1663099125463
1995	663	0	0	0	0	0	0	1663099126483
1995	663	0	0	0	0	0	0	1663099127503
1995	663	0	0	0	0	0	0	1663099128523
1995	663	0	0	0	0	0	0	1663099129543
1995	663	0	0	0	0	0	0	1663099130563
1995	663	0	0	0	0	0	0	1663099131583
1995	663	0	0	0	0	0	0	1663099132603
1995	663	0	0	0	0	0	0	1663099133623
1995	663	0	0	0	0	0	0	1663099134643
1995	663	0	0	0	0	0	0	1663099135663
1995	663	0	0	0	0	0	0	1663099136683
1995	663	0	0	0	0	0	0	1663099137703
1995	663	0	0	0	0	0	0	1663099138723
1995	663	0	0	0	0	0	0	1663099139743
1995	663	0	0	0	0	0	0	1663099140763
1995	663	0	0	0	0	0	0	1663099141783
1995	663	0	0	0	0	0	0	1663099142803
1995	663	0	0	0	0	0	0	1663099143823
1995	663	0	0	0	0	0	0	1663099144843
1995	663	0	0	0	0	0	0	1663099145863
1995	663	0	0	0	0	0	0	1663099146883
1995	663	0	0	0	0	0	0	1663099147903
1995	663	0	0	0	0	0	0	1663099148923
1995	663	0	0	0	0	0	0	1663099149943
1995	663	0	0	0	0	0	0	1663099150963
1995	663	0	0	0	0	0	0	1663099151983
1995	663	0	0	0	0	0	0	1663099153003
1995	663	0	0	0	0	0	0	1663099154023
1995	663	0	0	0	0	0	0	1663099155043
1995	663	0	0	0	0	0	0	1663099156063
1995	663	0	0	0	0	0	0	1663099157083
1995	663	0	0	0	0	0	0	1663099158103
1995	663	0	0	0	0	0	0	1663099159123
1995	663	0	0	0	0	0	0	1663099160143
1995	663	0	0	0	0	0	0	1663099161163
1995	663	0	0	0	0	0	0	1663099162183
1995	663	0	0	0	0	0	0	1663099163203
1995	663	0	0	0	0	0	0	1663099164223
1995	663	0	0	0	0	0	0	1663099165243
1995	663	0	0	0	0	0	0	1663099166263
1995	663	0	0	0	0	0	0	1663099167283
1995	663	0	0	0	0	0	0	1663099168303
1995	663	0	0	0	0	0	0	1663099169323
1995	663	0	0	0	0	0	0	1663099170343
1995	663	0	0	0	0	0	0	1663099171363
1995	663	0	0	0	0	0	0	1663099172383
1995	663	0	0	0	0	0	0	1663099173403
1995	663	0	0	0	0	0	0	1663099174423
1995	663	0	0	0	0	0	0	1663099175443
1995	663	0	0	0	0	0	0	1663099176463
1995	663	0	0	0	0	0	0	1663099177483
1995	663	0	0	0	0	0	0	1663099178503
1995	663	0	0	0	0	0	0	1663099179523
1995	663	0	0	0	0	0	0	1663099180543
1995	663	0	0	0	0	0	0	1663099181563
1995	663	0	0	0	0	0	0	1663099182583
1995	663	0	0	0	0	0	0	1663099183603
1995	663	0	0	0	0	0	0	1663099184623
1995	663	0	0	0	0	0	0	1663099185643
1995	663	0	0	0	0	0	0	1663099186663
1995	663	0	0	0	0	0	0	1663099187683
1995	663	0	0	0	0	0	0	1663099188703
1995	663	0	0	0	0	0	0	1663099189723
1995	663	0	0	0	0	0	0	1663099190743
1995	663	0	0	0	0	0	0	1663099191763
1995	663	0	0	0	0	0	0	1663099192783
1995	663	0	0	0	0	0	0	1663099193803
1995	663	0	0	0	0	0	0	1663099194823
1995	663	0	0	0	0	0	0	1663099195843
1995	663	0	0	0	0	0	0	1663099196863
1995	663	0	0	0	0	0	0	1663099197883
1995	663	0	0	0	0	0	0	1663099198903
1995	663	0	0	0	0	0	0	1663099199923
1995	663	0	0	0	0	0	0	1663099200943
1995	663	0	0	0	0	0	0	1663099201963
1995	663	0	0	0	0	0	0	1663099202983
1995	663	0	0	0	0	0	0	1663099204003
1995	663	0	0	0	0	0	0	1663099205023
1995	663	0	0	0	0	0	0	1663099206043
1995	663	0	0	0	0	0	0	1663099207063
1995	663	0	0	0	0	0	0	1663099208083
1995	663	0	0	0	0	0	0	1663099209103
1995	663	0	0	0	0	0	0	1663099210123
1995	663	0	0	0	0	0	0	1663099211143
1995	663	0	0	0	0	0	0	1663099212163
1995	663	0	0	0	0	0	0	1663099213183
1995	663	0	0	0	0	0	0	1663099214203
1995	663	0	0	0	0	0	0	1663099215223
1995	663	0	0	0	0	0	0	1663099216243
1995	663	0	0	0	0	0	0	1663099217263
1995	663	0	0	0	0	0	0	1663099218283
1995	663	0	0	0	0	0	0	1663099219303
1995	663	0	0	0	0	0	0	1663099220323
1995	663	0	0	0	0	0	0	1663099221343
1995	663	0	0	0	0	0	0	1663099222363
1995	663	0	0	0	0	0	0	1663099223383
1995	663	0	0	0	0	0	0	1663099224403
1995	663	0	0	0	0	0	0	1663099225423
1995	663	0	0	0	0	0	0	1663099226443
1995	663	0	0	0	0	0	0	1663099227463
1995	663	0	0	0	0	0	0	1663099228483
1995	663	0	0	0	0	0	0	1663099229503
1995	663	0	0	0	0	0	0	1663099230523
1995	663	0	0	0	0	0	0	1663099231543
1995	663	0	0	0	0	0	0	1663099232563
1995	663	0	0	0	0	0	0	1663099233583
1995	663	0	0	0	0	0	0	1663099234603
1995	663	0	0	0	0	0	0	1663099235623
1995	663	0	0	0	0	0	0	1663099236643
1995	663	0	0	0	0	0	0	1663099237663
1995	663	0	0	0	0	0	0	1663099238683
1995	663	0	0	0	0	0	0	1663099239703
1995	663	0	0	0	0	0	0	1663099240723
1995	663	0	0	0	0	0	0	1663099241743
1995	663	0	0	0	0	0	0	1663099242763
1995	663	0	0	0	0	0	0	1663099243783
1995	663	0	0	0	0	0	0	1663099244803
1995	663	0	0	0	0	0	0	1663099245823
1995	663	0	0	0	0	0	0	1663099246843
1995	663	0	0	0	0	0	0	1663099247863
1995	663	0	0	0	0	0	0	1663099248883
1995	663	0	0	0	0	0	0	1663099249903
1995	663	0	0	0	0	0	0	1663099250923
1995	663	0	0	0	0	0	0	1663099251943
