1257	2310	0	0	0	0	0	0	1662576386044
1252	2296	0	0	0	0	0	0	1662576387064
1240	2289	0	0	0	0	0	0	1662576388084
1220	2284	0	0	0	0	0	0	1662576389104
1207	2280	0	0	0	0	0	0	1662576390124
1198	2278	0	0	0	0	0	0	1662576391144
1184	2266	0	0	0	0	0	0	1662576392164
1175	2259	0	0	0	0	0	0	1662576393184
1169	2254	0	0	0	0	0	0	1662576394204
1166	2251	0	0	0	0	0	0	1662576395224
1164	2250	0	0	0	0	0	0	1662576396244
1159	2249	0	0	0	0	0	0	1662576397264
1149	2248	0	0	0	0	0	0	1662576398284
1143	2247	0	0	0	0	0	0	1662576399304
1139	2241	0	0	0	0	0	0	1662576400324
1137	2232	0	0	0	0	0	0	1662576401344
1135	2227	0	0	0	0	0	0	1662576402364
1134	2224	0	0	0	0	0	0	1662576403384
1134	2222	0	0	0	0	0	0	1662576404404
1134	2221	0	0	0	0	0	0	1662576405424
1134	2220	0	0	0	0	0	0	1662576406444
1134	2220	0	0	0	0	0	0	1662576407464
1134	2220	0	0	0	0	0	0	1662576408484
1134	2219	0	0	0	0	0	0	1662576409504
1134	2219	0	0	0	0	0	0	1662576410524
1134	2215	0	0	0	0	0	0	1662576411544
1134	2207	0	0	0	0	0	0	1662576412564
1134	2201	0	0	0	0	0	0	1662576413584
1134	2197	0	0	0	0	0	0	1662576414604
1134	2195	0	0	0	0	0	0	1662576415624
1134	2193	0	0	0	0	0	0	1662576416644
1134	2192	0	0	0	0	0	0	1662576417664
1134	2191	0	0	0	0	0	0	1662576418684
1133	2191	0	0	0	0	0	0	1662576419704
1133	2191	0	0	0	0	0	0	1662576420724
1133	2191	0	0	0	0	0	0	1662576421744
1133	2189	0	0	0	0	0	0	1662576422764
1133	2182	0	0	0	0	0	0	1662576423784
1133	2174	0	0	0	0	0	0	1662576424804
1133	2170	0	0	0	0	0	0	1662576425824
1132	2167	0	0	0	0	0	0	1662576426844
1132	2165	0	0	0	0	0	0	1662576427864
1131	2165	0	0	0	0	0	0	1662576428884
1131	2164	0	0	0	0	0	0	1662576429904
1130	2164	0	0	0	0	0	0	1662576430924
1131	2164	0	0	0	0	0	0	1662576431944
1131	2164	0	0	0	0	0	0	1662576432964
1131	2163	0	0	0	0	0	0	1662576433984
1131	2159	0	0	0	0	0	0	1662576435004
1132	2152	0	0	0	0	0	0	1662576436024
1131	2145	0	0	0	0	0	0	1662576437044
1130	2141	0	0	0	0	0	0	1662576438064
1130	2138	0	0	0	0	0	0	1662576439084
1130	2137	0	0	0	0	0	0	1662576440104
1130	2136	0	0	0	0	0	0	1662576441124
1130	2136	0	0	0	0	0	0	1662576442144
1129	2135	0	0	0	0	0	0	1662576443164
1130	2134	0	0	0	0	0	0	1662576444184
1128	2135	0	0	0	0	0	0	1662576445204
1130	2134	0	0	0	0	0	0	1662576446224
1129	2132	0	0	0	0	0	0	1662576447244
1130	2127	0	0	0	0	0	0	1662576448264
1129	2121	0	0	0	0	0	0	1662576449284
1130	2116	0	0	0	0	0	0	1662576450304
1129	2113	0	0	0	0	0	0	1662576451324
1129	2111	0	0	0	0	0	0	1662576452344
1129	2109	0	0	0	0	0	0	1662576453364
1128	2108	0	0	0	0	0	0	1662576454384
1126	2108	0	0	0	0	0	0	1662576455404
1125	2108	0	0	0	0	0	0	1662576456424
1125	2108	0	0	0	0	0	0	1662576457444
1125	2108	0	0	0	0	0	0	1662576458464
1125	2108	0	0	0	0	0	0	1662576459484
1126	2108	0	0	0	0	0	0	1662576460504
1129	2107	0	0	0	0	0	0	1662576461524
1129	2104	0	0	0	0	0	0	1662576462544
1128	2097	0	0	0	0	0	0	1662576463564
1128	2091	0	0	0	0	0	0	1662576464584
1128	2086	0	0	0	0	0	0	1662576465604
1129	2083	0	0	0	0	0	0	1662576466624
1131	2081	0	0	0	0	0	0	1662576467644
1132	2080	0	0	0	0	0	0	1662576468664
1132	2080	0	0	0	0	0	0	1662576469684
1132	2080	0	0	0	0	0	0	1662576470704
1132	2080	0	0	0	0	0	0	1662576471724
1132	2080	0	0	0	0	0	0	1662576472744
1132	2080	0	0	0	0	0	0	1662576473764
1132	2080	0	0	0	0	0	0	1662576474784
1132	2080	0	0	0	0	0	0	1662576475804
1133	2080	0	0	0	0	0	0	1662576476824
1133	2078	0	0	0	0	0	0	1662576477844
1133	2076	0	0	0	0	0	0	1662576478864
1133	2069	0	0	0	0	0	0	1662576479884
1133	2062	0	0	0	0	0	0	1662576480904
1133	2058	0	0	0	0	0	0	1662576481924
1133	2055	0	0	0	0	0	0	1662576482944
1133	2053	0	0	0	0	0	0	1662576483964
1133	2052	0	0	0	0	0	0	1662576484984
1133	2052	0	0	0	0	0	0	1662576486004
1133	2052	0	0	0	0	0	0	1662576487024
1133	2052	0	0	0	0	0	0	1662576488044
1133	2052	0	0	0	0	0	0	1662576489064
1133	2052	0	0	0	0	0	0	1662576490084
1133	2052	0	0	0	0	0	0	1662576491104
1133	2052	0	0	0	0	0	0	1662576492124
1133	2052	0	0	0	0	0	0	1662576493144
1133	2051	0	0	0	0	0	0	1662576494164
1133	2049	0	0	0	0	0	0	1662576495184
1133	2045	0	0	0	0	0	0	1662576496204
1133	2038	0	0	0	0	0	0	1662576497224
1133	2032	0	0	0	0	0	0	1662576498244
1133	2028	0	0	0	0	0	0	1662576499264
1133	2026	0	0	0	0	0	0	1662576500284
1133	2025	0	0	0	0	0	0	1662576501304
1133	2024	0	0	0	0	0	0	1662576502324
1133	2024	0	0	0	0	0	0	1662576503344
1133	2024	0	0	0	0	0	0	1662576504364
1133	2024	0	0	0	0	0	0	1662576505384
1133	2024	0	0	0	0	0	0	1662576506404
1133	2024	0	0	0	0	0	0	1662576507424
1133	2024	0	0	0	0	0	0	1662576508444
1133	2024	0	0	0	0	0	0	1662576509464
1133	2024	0	0	0	0	0	0	1662576510484
1133	2024	0	0	0	0	0	0	1662576511504
1133	2024	0	0	0	0	0	0	1662576512524
1133	2024	0	0	0	0	0	0	1662576513544
1133	2023	0	0	0	0	0	0	1662576514564
1133	2020	0	0	0	0	0	0	1662576515584
1133	2016	0	0	0	0	0	0	1662576516604
1133	2008	0	0	0	0	0	0	1662576517624
1133	2003	0	0	0	0	0	0	1662576518644
1133	2000	0	0	0	0	0	0	1662576519664
1133	1998	0	0	0	0	0	0	1662576520684
1133	1997	0	0	0	0	0	0	1662576521704
1133	1996	0	0	0	0	0	0	1662576522724
1133	1996	0	0	0	0	0	0	1662576523744
1133	1996	0	0	0	0	0	0	1662576524764
1133	1996	0	0	0	0	0	0	1662576525784
1133	1996	0	0	0	0	0	0	1662576526804
1133	1996	0	0	0	0	0	0	1662576527824
1133	1996	0	0	0	0	0	0	1662576528844
1133	1996	0	0	0	0	0	0	1662576529864
1133	1996	0	0	0	0	0	0	1662576530884
1133	1996	0	0	0	0	0	0	1662576531904
1133	1996	0	0	0	0	0	0	1662576532924
1133	1996	0	0	0	0	0	0	1662576533944
1133	1996	0	0	0	0	0	0	1662576534964
1133	1995	0	0	0	0	0	0	1662576535984
1133	1994	0	0	0	0	0	0	1662576537004
1133	1992	0	0	0	0	0	0	1662576538024
1133	1987	0	0	0	0	0	0	1662576539044
1133	1983	0	0	0	0	0	0	1662576540064
1133	1981	0	0	0	0	0	0	1662576541084
1133	1978	0	0	0	0	0	0	1662576542104
1133	1974	0	0	0	0	0	0	1662576543124
1133	1971	0	0	0	0	0	0	1662576544144
1133	1970	0	0	0	0	0	0	1662576545164
1133	1969	0	0	0	0	0	0	1662576546184
1133	1968	0	0	0	0	0	0	1662576547204
1133	1968	0	0	0	0	0	0	1662576548224
1133	1968	0	0	0	0	0	0	1662576549244
1133	1968	0	0	0	0	0	0	1662576550264
1133	1968	0	0	0	0	0	0	1662576551284
1133	1968	0	0	0	0	0	0	1662576552304
1133	1968	0	0	0	0	0	0	1662576553324
1133	1968	0	0	0	0	0	0	1662576554344
1133	1968	0	0	0	0	0	0	1662576555364
1133	1968	0	0	0	0	0	0	1662576556384
1133	1968	0	0	0	0	0	0	1662576557404
1133	1968	0	0	0	0	0	0	1662576558424
1133	1968	0	0	0	0	0	0	1662576559444
1133	1968	0	0	0	0	0	0	1662576560464
1133	1968	0	0	0	0	0	0	1662576561484
1133	1968	0	0	0	0	0	0	1662576562504
1133	1968	0	0	0	0	0	0	1662576563524
1133	1966	0	0	0	0	0	0	1662576564544
1133	1963	0	0	0	0	0	0	1662576565564
1133	1958	0	0	0	0	0	0	1662576566584
1133	1955	0	0	0	0	0	0	1662576567604
1133	1950	0	0	0	0	0	0	1662576568624
1133	1946	0	0	0	0	0	0	1662576569644
1133	1943	0	0	0	0	0	0	1662576570664
1133	1942	0	0	0	0	0	0	1662576571684
1133	1941	0	0	0	0	0	0	1662576572704
1133	1941	0	0	0	0	0	0	1662576573724
1133	1941	0	0	0	0	0	0	1662576574744
1133	1941	0	0	0	0	0	0	1662576575764
1133	1941	0	0	0	0	0	0	1662576576784
1133	1940	0	0	0	0	0	0	1662576577804
1133	1940	0	0	0	0	0	0	1662576578824
1133	1940	0	0	0	0	0	0	1662576579844
1133	1940	0	0	0	0	0	0	1662576580864
1133	1940	0	0	0	0	0	0	1662576581884
1133	1940	0	0	0	0	0	0	1662576582904
1133	1940	0	0	0	0	0	0	1662576583924
1133	1940	0	0	0	0	0	0	1662576584944
1133	1940	0	0	0	0	0	0	1662576585964
1133	1940	0	0	0	0	0	0	1662576586984
1133	1940	0	0	0	0	0	0	1662576588004
1133	1940	0	0	0	0	0	0	1662576589024
1133	1940	0	0	0	0	0	0	1662576590044
1133	1940	0	0	0	0	0	0	1662576591064
1133	1940	0	0	0	0	0	0	1662576592084
1133	1940	0	0	0	0	0	0	1662576593104
1133	1940	0	0	0	0	0	0	1662576594124
1133	1940	0	0	0	0	0	0	1662576595144
1133	1939	0	0	0	0	0	0	1662576596164
1133	1937	0	0	0	0	0	0	1662576597184
1133	1933	0	0	0	0	0	0	1662576598204
1133	1930	0	0	0	0	0	0	1662576599224
1133	1925	0	0	0	0	0	0	1662576600244
1133	1920	0	0	0	0	0	0	1662576601264
1133	1917	0	0	0	0	0	0	1662576602284
1133	1915	0	0	0	0	0	0	1662576603304
1133	1914	0	0	0	0	0	0	1662576604324
1133	1913	0	0	0	0	0	0	1662576605344
1133	1912	0	0	0	0	0	0	1662576606364
1133	1912	0	0	0	0	0	0	1662576607384
1133	1912	0	0	0	0	0	0	1662576608404
1133	1912	0	0	0	0	0	0	1662576609424
1133	1912	0	0	0	0	0	0	1662576610444
1133	1912	0	0	0	0	0	0	1662576611464
1133	1912	0	0	0	0	0	0	1662576612484
1133	1912	0	0	0	0	0	0	1662576613504
1133	1912	0	0	0	0	0	0	1662576614524
1133	1912	0	0	0	0	0	0	1662576615544
1133	1912	0	0	0	0	0	0	1662576616564
1133	1912	0	0	0	0	0	0	1662576617584
1133	1912	0	0	0	0	0	0	1662576618604
1133	1912	0	0	0	0	0	0	1662576619624
1133	1912	0	0	0	0	0	0	1662576620644
1133	1912	0	0	0	0	0	0	1662576621664
1133	1912	0	0	0	0	0	0	1662576622684
1133	1912	0	0	0	0	0	0	1662576623704
1134	1912	0	0	0	0	0	0	1662576624724
1135	1912	0	0	0	0	0	0	1662576625744
1135	1912	0	0	0	0	0	0	1662576626764
1135	1912	0	0	0	0	0	0	1662576627784
1134	1912	0	0	0	0	0	0	1662576628804
1134	1911	0	0	0	0	0	0	1662576629824
1134	1908	0	0	0	0	0	0	1662576630844
1134	1907	0	0	0	0	0	0	1662576631864
1135	1904	0	0	0	0	0	0	1662576632884
1135	1902	0	0	0	0	0	0	1662576633904
1135	1897	0	0	0	0	0	0	1662576634924
1136	1893	0	0	0	0	0	0	1662576635944
1136	1889	0	0	0	0	0	0	1662576636964
1137	1887	0	0	0	0	0	0	1662576637984
1138	1886	0	0	0	0	0	0	1662576639004
1138	1885	0	0	0	0	0	0	1662576640024
1141	1885	0	0	0	0	0	0	1662576641044
1146	1885	0	0	0	0	0	0	1662576642064
1149	1885	0	0	0	0	0	0	1662576643084
1151	1885	0	0	0	0	0	0	1662576644104
1153	1884	0	0	0	0	0	0	1662576645124
1155	1884	0	0	0	0	0	0	1662576646144
1157	1884	0	0	0	0	0	0	1662576647164
1158	1884	0	0	0	0	0	0	1662576648184
1159	1884	0	0	0	0	0	0	1662576649204
1160	1884	0	0	0	0	0	0	1662576650224
1160	1884	0	0	0	0	0	0	1662576651244
1161	1884	0	0	0	0	0	0	1662576652264
1161	1884	0	0	0	0	0	0	1662576653284
1161	1884	0	0	0	0	0	0	1662576654304
1161	1884	0	0	0	0	0	0	1662576655324
1161	1884	0	0	0	0	0	0	1662576656344
1161	1884	0	0	0	0	0	0	1662576657364
1161	1884	0	0	0	0	0	0	1662576658384
1161	1884	0	0	0	0	0	0	1662576659404
1161	1884	0	0	0	0	0	0	1662576660424
1161	1884	0	0	0	0	0	0	1662576661444
1161	1884	0	0	0	0	0	0	1662576662464
1161	1884	0	0	0	0	0	0	1662576663484
1161	1884	0	0	0	0	0	0	1662576664504
1161	1884	0	0	0	0	0	0	1662576665524
1161	1884	0	0	0	0	0	0	1662576666544
1161	1883	0	0	0	0	0	0	1662576667564
1161	1878	0	0	0	0	0	0	1662576668584
1161	1871	0	0	0	0	0	0	1662576669604
1161	1868	0	0	0	0	0	0	1662576670624
1161	1866	0	0	0	0	0	0	1662576671644
1161	1866	0	0	0	0	0	0	1662576672664
1161	1865	0	0	0	0	0	0	1662576673684
1161	1864	0	0	0	0	0	0	1662576674704
1161	1861	0	0	0	0	0	0	1662576675724
1161	1859	0	0	0	0	0	0	1662576676744
1161	1858	0	0	0	0	0	0	1662576677764
1161	1857	0	0	0	0	0	0	1662576678784
1161	1857	0	0	0	0	0	0	1662576679804
1161	1857	0	0	0	0	0	0	1662576680824
1161	1856	0	0	0	0	0	0	1662576681844
1161	1856	0	0	0	0	0	0	1662576682864
1161	1858	0	0	0	0	0	0	1662576683884
1161	1857	0	0	0	0	0	0	1662576684904
1161	1857	0	0	0	0	0	0	1662576685924
1161	1857	0	0	0	0	0	0	1662576686944
1161	1857	0	0	0	0	0	0	1662576687964
1161	1857	0	0	0	0	0	0	1662576688984
1161	1857	0	0	0	0	0	0	1662576690004
1161	1856	0	0	0	0	0	0	1662576691024
1161	1856	0	0	0	0	0	0	1662576692044
1161	1856	0	0	0	0	0	0	1662576693064
1161	1856	0	0	0	0	0	0	1662576694084
1161	1856	0	0	0	0	0	0	1662576695104
1161	1856	0	0	0	0	0	0	1662576696124
1161	1856	0	0	0	0	0	0	1662576697144
1161	1856	0	0	0	0	0	0	1662576698164
1161	1856	0	0	0	0	0	0	1662576699184
1161	1856	0	0	0	0	0	0	1662576700204
1161	1856	0	0	0	0	0	0	1662576701224
1161	1856	0	0	0	0	0	0	1662576702244
1161	1856	0	0	0	0	0	0	1662576703264
1161	1856	0	0	0	0	0	0	1662576704284
1161	1856	0	0	0	0	0	0	1662576705304
1161	1856	0	0	0	0	0	0	1662576706324
1161	1856	0	0	0	0	0	0	1662576707344
1161	1856	0	0	0	0	0	0	1662576708364
1161	1856	0	0	0	0	0	0	1662576709384
1161	1856	0	0	0	0	0	0	1662576710404
1161	1856	0	0	0	0	0	0	1662576711424
1161	1856	0	0	0	0	0	0	1662576712444
1161	1856	0	0	0	0	0	0	1662576713464
1161	1856	0	0	0	0	0	0	1662576714484
1161	1856	0	0	0	0	0	0	1662576715504
1161	1856	0	0	0	0	0	0	1662576716524
1161	1856	0	0	0	0	0	0	1662576717544
1161	1856	0	0	0	0	0	0	1662576718564
1161	1856	0	0	0	0	0	0	1662576719584
1161	1855	0	0	0	0	0	0	1662576720604
1161	1852	0	0	0	0	0	0	1662576721624
1161	1851	0	0	0	0	0	0	1662576722644
1161	1853	0	0	0	0	0	0	1662576723664
1161	1852	0	0	0	0	0	0	1662576724684
1161	1847	0	0	0	0	0	0	1662576725704
1161	1842	0	0	0	0	0	0	1662576726724
1161	1837	0	0	0	0	0	0	1662576727744
1161	1833	0	0	0	0	0	0	1662576728764
1161	1831	0	0	0	0	0	0	1662576729784
1161	1830	0	0	0	0	0	0	1662576730804
1161	1829	0	0	0	0	0	0	1662576731824
1161	1829	0	0	0	0	0	0	1662576732844
1161	1829	0	0	0	0	0	0	1662576733864
1161	1829	0	0	0	0	0	0	1662576734884
1161	1828	0	0	0	0	0	0	1662576735904
1161	1828	0	0	0	0	0	0	1662576736924
1161	1830	0	0	0	0	0	0	1662576737944
1161	1829	0	0	0	0	0	0	1662576738964
1161	1829	0	0	0	0	0	0	1662576739984
1161	1829	0	0	0	0	0	0	1662576741004
1161	1829	0	0	0	0	0	0	1662576742024
1161	1829	0	0	0	0	0	0	1662576743044
1161	1828	0	0	0	0	0	0	1662576744064
1161	1828	0	0	0	0	0	0	1662576745084
1161	1828	0	0	0	0	0	0	1662576746104
1161	1828	0	0	0	0	0	0	1662576747124
1161	1828	0	0	0	0	0	0	1662576748144
1161	1828	0	0	0	0	0	0	1662576749164
1161	1828	0	0	0	0	0	0	1662576750184
1161	1828	0	0	0	0	0	0	1662576751204
1161	1828	0	0	0	0	0	0	1662576752224
1161	1828	0	0	0	0	0	0	1662576753244
1161	1828	0	0	0	0	0	0	1662576754264
1161	1828	0	0	0	0	0	0	1662576755284
1161	1828	0	0	0	0	0	0	1662576756304
1161	1828	0	0	0	0	0	0	1662576757324
1161	1828	0	0	0	0	0	0	1662576758344
1161	1828	0	0	0	0	0	0	1662576759364
1161	1828	0	0	0	0	0	0	1662576760384
1161	1828	0	0	0	0	0	0	1662576761404
1161	1828	0	0	0	0	0	0	1662576762424
1161	1828	0	0	0	0	0	0	1662576763444
1161	1828	0	0	0	0	0	0	1662576764464
1161	1828	0	0	0	0	0	0	1662576765484
1161	1828	0	0	0	0	0	0	1662576766504
1161	1828	0	0	0	0	0	0	1662576767524
1161	1828	0	0	0	0	0	0	1662576768544
1161	1828	0	0	0	0	0	0	1662576769564
1161	1828	0	0	0	0	0	0	1662576770584
1161	1828	0	0	0	0	0	0	1662576771604
1161	1828	0	0	0	0	0	0	1662576772624
1161	1828	0	0	0	0	0	0	1662576773644
1161	1828	0	0	0	0	0	0	1662576774664
1161	1828	0	0	0	0	0	0	1662576775684
1161	1818	0	0	0	0	0	0	1662576776704
1161	1811	0	0	0	0	0	0	1662576777724
1161	1807	0	0	0	0	0	0	1662576778744
1161	1804	0	0	0	0	0	0	1662576779764
1161	1802	0	0	0	0	0	0	1662576780784
1161	1801	0	0	0	0	0	0	1662576781804
1161	1801	0	0	0	0	0	0	1662576782824
1161	1801	0	0	0	0	0	0	1662576783844
1161	1803	0	0	0	0	0	0	1662576784864
1161	1802	0	0	0	0	0	0	1662576785884
1161	1801	0	0	0	0	0	0	1662576786904
1161	1801	0	0	0	0	0	0	1662576787924
1161	1801	0	0	0	0	0	0	1662576788944
1161	1801	0	0	0	0	0	0	1662576789964
1161	1801	0	0	0	0	0	0	1662576790984
1161	1801	0	0	0	0	0	0	1662576792004
1161	1801	0	0	0	0	0	0	1662576793024
1161	1800	0	0	0	0	0	0	1662576794044
1161	1800	0	0	0	0	0	0	1662576795064
1161	1800	0	0	0	0	0	0	1662576796084
1161	1800	0	0	0	0	0	0	1662576797104
1161	1800	0	0	0	0	0	0	1662576798124
1161	1800	0	0	0	0	0	0	1662576799144
1161	1800	0	0	0	0	0	0	1662576800164
1161	1800	0	0	0	0	0	0	1662576801184
1161	1800	0	0	0	0	0	0	1662576802204
1161	1800	0	0	0	0	0	0	1662576803224
1161	1800	0	0	0	0	0	0	1662576804244
1161	1800	0	0	0	0	0	0	1662576805264
1161	1800	0	0	0	0	0	0	1662576806284
1161	1800	0	0	0	0	0	0	1662576807304
1161	1800	0	0	0	0	0	0	1662576808324
1161	1800	0	0	0	0	0	0	1662576809344
1161	1800	0	0	0	0	0	0	1662576810364
1161	1800	0	0	0	0	0	0	1662576811384
1161	1800	0	0	0	0	0	0	1662576812404
1161	1800	0	0	0	0	0	0	1662576813424
1161	1800	0	0	0	0	0	0	1662576814444
1161	1800	0	0	0	0	0	0	1662576815464
1161	1800	0	0	0	0	0	0	1662576816484
1161	1800	0	0	0	0	0	0	1662576817504
1161	1800	0	0	0	0	0	0	1662576818524
1161	1800	0	0	0	0	0	0	1662576819544
1161	1800	0	0	0	0	0	0	1662576820564
1161	1800	0	0	0	0	0	0	1662576821584
1161	1800	0	0	0	0	0	0	1662576822604
1161	1800	0	0	0	0	0	0	1662576823624
1161	1799	0	0	0	0	0	0	1662576824644
1161	1799	0	0	0	0	0	0	1662576825664
1161	1799	0	0	0	0	0	0	1662576826684
1161	1799	0	0	0	0	0	0	1662576827704
1161	1799	0	0	0	0	0	0	1662576828724
1161	1797	0	0	0	0	0	0	1662576829744
1161	1796	0	0	0	0	0	0	1662576830764
1161	1794	0	0	0	0	0	0	1662576831784
1161	1792	0	0	0	0	0	0	1662576832804
1161	1789	0	0	0	0	0	0	1662576833824
1161	1788	0	0	0	0	0	0	1662576834844
1161	1788	0	0	0	0	0	0	1662576835864
1161	1786	0	0	0	0	0	0	1662576836884
1161	1786	0	0	0	0	0	0	1662576837904
1161	1783	0	0	0	0	0	0	1662576838924
1161	1781	0	0	0	0	0	0	1662576839944
1161	1779	0	0	0	0	0	0	1662576840964
1161	1776	0	0	0	0	0	0	1662576841984
1161	1775	0	0	0	0	0	0	1662576843004
1161	1774	0	0	0	0	0	0	1662576844024
1161	1773	0	0	0	0	0	0	1662576845044
1161	1773	0	0	0	0	0	0	1662576846064
1161	1773	0	0	0	0	0	0	1662576847084
1161	1773	0	0	0	0	0	0	1662576848104
1161	1772	0	0	0	0	0	0	1662576849124
1161	1772	0	0	0	0	0	0	1662576850144
1161	1772	0	0	0	0	0	0	1662576851164
1161	1772	0	0	0	0	0	0	1662576852184
1161	1772	0	0	0	0	0	0	1662576853204
1161	1772	0	0	0	0	0	0	1662576854224
1161	1772	0	0	0	0	0	0	1662576855244
1161	1772	0	0	0	0	0	0	1662576856264
1161	1772	0	0	0	0	0	0	1662576857284
1161	1772	0	0	0	0	0	0	1662576858304
1161	1772	0	0	0	0	0	0	1662576859324
1161	1772	0	0	0	0	0	0	1662576860344
1161	1772	0	0	0	0	0	0	1662576861364
1161	1772	0	0	0	0	0	0	1662576862384
1161	1772	0	0	0	0	0	0	1662576863404
1161	1772	0	0	0	0	0	0	1662576864424
1161	1772	0	0	0	0	0	0	1662576865444
1161	1772	0	0	0	0	0	0	1662576866464
1161	1772	0	0	0	0	0	0	1662576867484
1161	1772	0	0	0	0	0	0	1662576868504
1161	1772	0	0	0	0	0	0	1662576869524
1161	1772	0	0	0	0	0	0	1662576870544
1161	1772	0	0	0	0	0	0	1662576871564
1161	1772	0	0	0	0	0	0	1662576872584
1161	1772	0	0	0	0	0	0	1662576873604
1161	1772	0	0	0	0	0	0	1662576874624
1161	1772	0	0	0	0	0	0	1662576875644
1161	1772	0	0	0	0	0	0	1662576876664
1161	1772	0	0	0	0	0	0	1662576877684
1161	1772	0	0	0	0	0	0	1662576878704
1161	1772	0	0	0	0	0	0	1662576879724
1161	1772	0	0	0	0	0	0	1662576880744
1161	1772	0	0	0	0	0	0	1662576881764
1161	1772	0	0	0	0	0	0	1662576882784
1161	1772	0	0	0	0	0	0	1662576883804
1161	1772	0	0	0	0	0	0	1662576884824
1161	1772	0	0	0	0	0	0	1662576885844
1161	1772	0	0	0	0	0	0	1662576886864
1161	1772	0	0	0	0	0	0	1662576887884
1161	1772	0	0	0	0	0	0	1662576888904
1161	1772	0	0	0	0	0	0	1662576889924
10696	1772	0	0	0	0	0	0	1662576890944
6883	1772	0	0	0	0	0	0	1662576891964
4594	1772	0	0	0	0	0	0	1662576892984
3221	1772	0	0	0	0	0	0	1662576894004
2397	1772	0	0	0	0	0	0	1662576895024
1903	1772	0	0	0	0	0	0	1662576896044
1606	1771	0	0	0	0	0	0	1662576897064
1428	1771	0	0	0	0	0	0	1662576898084
1321	1771	0	0	0	0	0	0	1662576899104
1257	1771	0	0	0	0	0	0	1662576900124
1219	1770	0	0	0	0	0	0	1662576901144
1196	1770	0	0	0	0	0	0	1662576902164
1183	1768	0	0	0	0	0	0	1662576903184
1176	1768	0	0	0	0	0	0	1662576904204
1170	1767	0	0	0	0	0	0	1662576905224
1167	1765	0	0	0	0	0	0	1662576906244
1165	1765	0	0	0	0	0	0	1662576907264
1165	1763	0	0	0	0	0	0	1662576908284
1164	1760	0	0	0	0	0	0	1662576909304
1163	1758	0	0	0	0	0	0	1662576910324
1162	1757	0	0	0	0	0	0	1662576911344
1162	1755	0	0	0	0	0	0	1662576912364
1164	1754	0	0	0	0	0	0	1662576913384
1163	1751	0	0	0	0	0	0	1662576914404
1162	1750	0	0	0	0	0	0	1662576915424
1162	1748	0	0	0	0	0	0	1662576916444
1163	1747	0	0	0	0	0	0	1662576917464
1163	1746	0	0	0	0	0	0	1662576918484
1165	1745	0	0	0	0	0	0	1662576919504
1164	1745	0	0	0	0	0	0	1662576920524
1164	1745	0	0	0	0	0	0	1662576921544
1165	1745	0	0	0	0	0	0	1662576922564
1165	1745	0	0	0	0	0	0	1662576923584
1164	1745	0	0	0	0	0	0	1662576924604
1164	1745	0	0	0	0	0	0	1662576925624
1163	1745	0	0	0	0	0	0	1662576926644
1163	1745	0	0	0	0	0	0	1662576927664
1163	1745	0	0	0	0	0	0	1662576928684
1162	1745	0	0	0	0	0	0	1662576929704
1162	1745	0	0	0	0	0	0	1662576930724
1162	1745	0	0	0	0	0	0	1662576931744
1162	1745	0	0	0	0	0	0	1662576932764
1162	1750	0	0	0	0	0	0	1662576933784
1161	1748	0	0	0	0	0	0	1662576934804
1162	1747	0	0	0	0	0	0	1662576935824
1168	1746	0	0	0	0	0	0	1662576936844
1171	1745	0	0	0	0	0	0	1662576937864
1172	1745	0	0	0	0	0	0	1662576938884
1171	1745	0	0	0	0	0	0	1662576939904
1172	1745	0	0	0	0	0	0	1662576940924
1173	1745	0	0	0	0	0	0	1662576941944
1171	1745	0	0	0	0	0	0	1662576942964
1172	1745	0	0	0	0	0	0	1662576943984
1171	1745	0	0	0	0	0	0	1662576945004
1172	1744	0	0	0	0	0	0	1662576946024
1172	1744	0	0	0	0	0	0	1662576947044
1172	1744	0	0	0	0	0	0	1662576948064
1172	1744	0	0	0	0	0	0	1662576949084
1171	1744	0	0	0	0	0	0	1662576950104
1170	1744	0	0	0	0	0	0	1662576951124
1167	1744	0	0	0	0	0	0	1662576952144
1166	1744	0	0	0	0	0	0	1662576953164
1165	1745	0	0	0	0	0	0	1662576954184
1166	1745	0	0	0	0	0	0	1662576955204
1166	1745	0	0	0	0	0	0	1662576956224
1168	1745	0	0	0	0	0	0	1662576957244
1168	1745	0	0	0	0	0	0	1662576958264
1169	1744	0	0	0	0	0	0	1662576959284
1170	1744	0	0	0	0	0	0	1662576960304
1173	1744	0	0	0	0	0	0	1662576961324
1173	1744	0	0	0	0	0	0	1662576962344
1176	1744	0	0	0	0	0	0	1662576963364
1177	1744	0	0	0	0	0	0	1662576964384
1177	1744	0	0	0	0	0	0	1662576965404
1179	1744	0	0	0	0	0	0	1662576966424
1181	1744	0	0	0	0	0	0	1662576967444
1182	1744	0	0	0	0	0	0	1662576968464
1182	1744	0	0	0	0	0	0	1662576969484
1182	1744	0	0	0	0	0	0	1662576970504
1183	1744	0	0	0	0	0	0	1662576971524
1184	1744	0	0	0	0	0	0	1662576972544
1186	1744	0	0	0	0	0	0	1662576973564
1187	1744	0	0	0	0	0	0	1662576974584
1187	1744	0	0	0	0	0	0	1662576975604
1188	1744	0	0	0	0	0	0	1662576976624
1189	1744	0	0	0	0	0	0	1662576977644
1188	1744	0	0	0	0	0	0	1662576978664
1188	1744	0	0	0	0	0	0	1662576979684
1188	1744	0	0	0	0	0	0	1662576980704
1188	1743	0	0	0	0	0	0	1662576981724
1188	1743	0	0	0	0	0	0	1662576982744
1187	1743	0	0	0	0	0	0	1662576983764
1187	1743	0	0	0	0	0	0	1662576984784
1187	1743	0	0	0	0	0	0	1662576985804
1187	1742	0	0	0	0	0	0	1662576986824
1187	1742	0	0	0	0	0	0	1662576987844
1186	1742	0	0	0	0	0	0	1662576988864
1187	1741	0	0	0	0	0	0	1662576989884
1187	1741	0	0	0	0	0	0	1662576990904
1187	1740	0	0	0	0	0	0	1662576991924
1187	1739	0	0	0	0	0	0	1662576992944
1188	1740	0	0	0	0	0	0	1662576993964
1188	1738	0	0	0	0	0	0	1662576994984
1188	1737	0	0	0	0	0	0	1662576996004
1188	1736	0	0	0	0	0	0	1662576997024
1188	1735	0	0	0	0	0	0	1662576998044
1188	1733	0	0	0	0	0	0	1662576999064
1188	1732	0	0	0	0	0	0	1662577000084
1188	1729	0	0	0	0	0	0	1662577001104
1188	1730	0	0	0	0	0	0	1662577002124
1188	1727	0	0	0	0	0	0	1662577003144
1188	1725	0	0	0	0	0	0	1662577004164
1188	1724	0	0	0	0	0	0	1662577005184
1187	1723	0	0	0	0	0	0	1662577006204
1187	1721	0	0	0	0	0	0	1662577007224
1187	1720	0	0	0	0	0	0	1662577008244
1187	1719	0	0	0	0	0	0	1662577009264
1186	1718	0	0	0	0	0	0	1662577010284
1186	1718	0	0	0	0	0	0	1662577011304
1186	1717	0	0	0	0	0	0	1662577012324
1186	1720	0	0	0	0	0	0	1662577013344
1186	1720	0	0	0	0	0	0	1662577014364
1186	1719	0	0	0	0	0	0	1662577015384
1187	1718	0	0	0	0	0	0	1662577016404
1187	1718	0	0	0	0	0	0	1662577017424
1186	1717	0	0	0	0	0	0	1662577018444
1187	1717	0	0	0	0	0	0	1662577019464
1188	1717	0	0	0	0	0	0	1662577020484
1188	1717	0	0	0	0	0	0	1662577021504
1188	1717	0	0	0	0	0	0	1662577022524
1189	1717	0	0	0	0	0	0	1662577023544
1189	1717	0	0	0	0	0	0	1662577024564
1189	1717	0	0	0	0	0	0	1662577025584
1189	1717	0	0	0	0	0	0	1662577026604
1189	1717	0	0	0	0	0	0	1662577027624
1189	1717	0	0	0	0	0	0	1662577028644
1189	1717	0	0	0	0	0	0	1662577029664
1189	1717	0	0	0	0	0	0	1662577030684
1189	1717	0	0	0	0	0	0	1662577031704
1188	1717	0	0	0	0	0	0	1662577032724
1188	1717	0	0	0	0	0	0	1662577033744
1188	1716	0	0	0	0	0	0	1662577034764
1188	1716	0	0	0	0	0	0	1662577035784
1188	1716	0	0	0	0	0	0	1662577036804
1188	1716	0	0	0	0	0	0	1662577037824
1188	1717	0	0	0	0	0	0	1662577038844
1188	1717	0	0	0	0	0	0	1662577039864
1188	1717	0	0	0	0	0	0	1662577040884
1188	1717	0	0	0	0	0	0	1662577041904
1188	1717	0	0	0	0	0	0	1662577042924
1188	1717	0	0	0	0	0	0	1662577043944
1188	1717	0	0	0	0	0	0	1662577044964
1188	1717	0	0	0	0	0	0	1662577045984
1188	1717	0	0	0	0	0	0	1662577047004
1188	1717	0	0	0	0	0	0	1662577048024
1188	1717	0	0	0	0	0	0	1662577049044
1188	1717	0	0	0	0	0	0	1662577050064
1188	1717	0	0	0	0	0	0	1662577051084
1188	1717	0	0	0	0	0	0	1662577052104
1188	1717	0	0	0	0	0	0	1662577053124
1188	1716	0	0	0	0	0	0	1662577054144
1189	1716	0	0	0	0	0	0	1662577055164
1189	1716	0	0	0	0	0	0	1662577056184
1189	1716	0	0	0	0	0	0	1662577057204
1189	1717	0	0	0	0	0	0	1662577058224
1189	1717	0	0	0	0	0	0	1662577059244
1189	1717	0	0	0	0	0	0	1662577060264
1189	1717	0	0	0	0	0	0	1662577061284
1189	1717	0	0	0	0	0	0	1662577062304
1189	1717	0	0	0	0	0	0	1662577063324
1189	1717	0	0	0	0	0	0	1662577064344
1189	1716	0	0	0	0	0	0	1662577065364
1189	1710	0	0	0	0	0	0	1662577066384
1189	1704	0	0	0	0	0	0	1662577067404
1189	1709	0	0	0	0	0	0	1662577068424
1189	1712	0	0	0	0	0	0	1662577069444
1189	1714	0	0	0	0	0	0	1662577070464
1189	1715	0	0	0	0	0	0	1662577071484
1189	1715	0	0	0	0	0	0	1662577072504
1189	1716	0	0	0	0	0	0	1662577073524
1189	11029	0	0	0	0	0	0	1662577074544
1189	7304	0	0	0	0	0	0	1662577075564
1189	5069	0	0	0	0	0	0	1662577076584
1189	3728	0	0	0	0	0	0	1662577077604
1189	2923	0	0	0	0	0	0	1662577078624
1189	2440	0	0	0	0	0	0	1662577079644
1189	2150	0	0	0	0	0	0	1662577080664
1189	1976	0	0	0	0	0	0	1662577081684
1189	1872	0	0	0	0	0	0	1662577082704
1189	1810	0	0	0	0	0	0	1662577083724
1189	1772	0	0	0	0	0	0	1662577084744
1189	1750	0	0	0	0	0	0	1662577085764
1189	1737	0	0	0	0	0	0	1662577086784
1189	1729	0	0	0	0	0	0	1662577087804
1189	1724	0	0	0	0	0	0	1662577088824
1189	1721	0	0	0	0	0	0	1662577089844
1189	1719	0	0	0	0	0	0	1662577090864
1189	1718	0	0	0	0	0	0	1662577091884
1189	1717	0	0	0	0	0	0	1662577092904
1189	1717	0	0	0	0	0	0	1662577093924
1189	1717	0	0	0	0	0	0	1662577094944
1189	1717	0	0	0	0	0	0	1662577095964
1189	1717	0	0	0	0	0	0	1662577096984
1189	1717	0	0	0	0	0	0	1662577098004
1189	1717	0	0	0	0	0	0	1662577099024
1189	1717	0	0	0	0	0	0	1662577100044
1189	1717	0	0	0	0	0	0	1662577101064
1189	1717	0	0	0	0	0	0	1662577102084
1189	1717	0	0	0	0	0	0	1662577103104
1189	1717	0	0	0	0	0	0	1662577104124
1189	1717	0	0	0	0	0	0	1662577105144
1189	1716	0	0	0	0	0	0	1662577106164
1189	1716	0	0	0	0	0	0	1662577107184
1189	1716	0	0	0	0	0	0	1662577108204
1189	1716	0	0	0	0	0	0	1662577109224
1189	1716	0	0	0	0	0	0	1662577110244
1189	1716	0	0	0	0	0	0	1662577111264
1189	1716	0	0	0	0	0	0	1662577112284
1189	1715	0	0	0	0	0	0	1662577113304
1189	1715	0	0	0	0	0	0	1662577114324
1189	1715	0	0	0	0	0	0	1662577115344
1189	1715	0	0	0	0	0	0	1662577116364
1189	1715	0	0	0	0	0	0	1662577117384
1189	1715	0	0	0	0	0	0	1662577118404
1189	1715	0	0	0	0	0	0	1662577119424
1189	1715	0	0	0	0	0	0	1662577120444
1189	1715	0	0	0	0	0	0	1662577121464
1189	1715	0	0	0	0	0	0	1662577122484
1189	1715	0	0	0	0	0	0	1662577123504
1189	1715	0	0	0	0	0	0	1662577124524
1189	1714	0	0	0	0	0	0	1662577125544
1189	1711	0	0	0	0	0	0	1662577126564
1189	1712	0	0	0	0	0	0	1662577127584
1189	1711	0	0	0	0	0	0	1662577128604
1189	1711	0	0	0	0	0	0	1662577129624
1189	1709	0	0	0	0	0	0	1662577130644
1189	1710	0	0	0	0	0	0	1662577131664
1189	1709	0	0	0	0	0	0	1662577132684
1189	1708	0	0	0	0	0	0	1662577133704
1189	1707	0	0	0	0	0	0	1662577134724
1189	1707	0	0	0	0	0	0	1662577135744
1189	1705	0	0	0	0	0	0	1662577136764
1189	1703	0	0	0	0	0	0	1662577137784
1189	1701	0	0	0	0	0	0	1662577138804
1189	1699	0	0	0	0	0	0	1662577139824
1189	1696	0	0	0	0	0	0	1662577140844
1189	1695	0	0	0	0	0	0	1662577141864
1189	1692	0	0	0	0	0	0	1662577142884
1189	1691	0	0	0	0	0	0	1662577143904
1189	1690	0	0	0	0	0	0	1662577144924
1189	1689	0	0	0	0	0	0	1662577145944
1189	1689	0	0	0	0	0	0	1662577146964
1189	1689	0	0	0	0	0	0	1662577147984
1189	1689	0	0	0	0	0	0	1662577149004
1189	1689	0	0	0	0	0	0	1662577150024
1189	1689	0	0	0	0	0	0	1662577151044
1189	1689	0	0	0	0	0	0	1662577152064
1189	1689	0	0	0	0	0	0	1662577153084
1189	1689	0	0	0	0	0	0	1662577154104
1189	1689	0	0	0	0	0	0	1662577155124
1189	1689	0	0	0	0	0	0	1662577156144
1189	1689	0	0	0	0	0	0	1662577157164
1189	1689	0	0	0	0	0	0	1662577158184
1189	1689	0	0	0	0	0	0	1662577159204
1189	1689	0	0	0	0	0	0	1662577160224
1189	1689	0	0	0	0	0	0	1662577161244
1189	1689	0	0	0	0	0	0	1662577162264
1189	1689	0	0	0	0	0	0	1662577163284
1189	1689	0	0	0	0	0	0	1662577164304
1189	1689	0	0	0	0	0	0	1662577165324
1189	1689	0	0	0	0	0	0	1662577166344
1189	1689	0	0	0	0	0	0	1662577167364
1189	1689	0	0	0	0	0	0	1662577168384
1189	1689	0	0	0	0	0	0	1662577169404
1189	1689	0	0	0	0	0	0	1662577170424
1189	1688	0	0	0	0	0	0	1662577171444
1189	1688	0	0	0	0	0	0	1662577172464
1189	1688	0	0	0	0	0	0	1662577173484
1189	1688	0	0	0	0	0	0	1662577174504
1189	1688	0	0	0	0	0	0	1662577175524
1189	1688	0	0	0	0	0	0	1662577176544
1189	1688	0	0	0	0	0	0	1662577177564
1189	1689	0	0	0	0	0	0	1662577178584
1189	1689	0	0	0	0	0	0	1662577179604
1189	1689	0	0	0	0	0	0	1662577180624
1189	1689	0	0	0	0	0	0	1662577181644
1189	1689	0	0	0	0	0	0	1662577182664
1189	1689	0	0	0	0	0	0	1662577183684
1189	1689	0	0	0	0	0	0	1662577184704
1189	1689	0	0	0	0	0	0	1662577185724
1189	1689	0	0	0	0	0	0	1662577186744
1189	1689	0	0	0	0	0	0	1662577187764
1189	1689	0	0	0	0	0	0	1662577188784
1189	1689	0	0	0	0	0	0	1662577189804
1189	1689	0	0	0	0	0	0	1662577190824
1189	1689	0	0	0	0	0	0	1662577191844
1189	1689	0	0	0	0	0	0	1662577192864
1189	1689	0	0	0	0	0	0	1662577193884
1189	1689	0	0	0	0	0	0	1662577194904
1189	1689	0	0	0	0	0	0	1662577195924
1189	1689	0	0	0	0	0	0	1662577196944
1189	1689	0	0	0	0	0	0	1662577197964
1189	1689	0	0	0	0	0	0	1662577198984
1189	1689	0	0	0	0	0	0	1662577200004
1189	1689	0	0	0	0	0	0	1662577201024
1189	1689	0	0	0	0	0	0	1662577202044
1189	1689	0	0	0	0	0	0	1662577203064
1189	1689	0	0	0	0	0	0	1662577204084
1189	1689	0	0	0	0	0	0	1662577205104
1189	1689	0	0	0	0	0	0	1662577206124
1189	1689	0	0	0	0	0	0	1662577207144
1190	1689	0	0	0	0	0	0	1662577208164
1190	1689	0	0	0	0	0	0	1662577209184
1190	1688	0	0	0	0	0	0	1662577210204
1189	1688	0	0	0	0	0	0	1662577211224
1189	1688	0	0	0	0	0	0	1662577212244
1189	1688	0	0	0	0	0	0	1662577213264
1189	1688	0	0	0	0	0	0	1662577214284
1189	1688	0	0	0	0	0	0	1662577215304
1189	1688	0	0	0	0	0	0	1662577216324
1189	1688	0	0	0	0	0	0	1662577217344
1189	1688	0	0	0	0	0	0	1662577218364
1189	1688	0	0	0	0	0	0	1662577219384
1190	1686	0	0	0	0	0	0	1662577220404
1192	1686	0	0	0	0	0	0	1662577221424
1194	1686	0	0	0	0	0	0	1662577222444
1195	1685	0	0	0	0	0	0	1662577223464
1198	1683	0	0	0	0	0	0	1662577224484
1197	1684	0	0	0	0	0	0	1662577225504
1200	1684	0	0	0	0	0	0	1662577226524
1200	1684	0	0	0	0	0	0	1662577227544
1197	1684	0	0	0	0	0	0	1662577228564
1198	1685	0	0	0	0	0	0	1662577229584
1197	1685	0	0	0	0	0	0	1662577230604
1195	1680	0	0	0	0	0	0	1662577231624
1194	1677	0	0	0	0	0	0	1662577232644
1192	1672	0	0	0	0	0	0	1662577233664
1190	1672	0	0	0	0	0	0	1662577234684
1190	1673	0	0	0	0	0	0	1662577235704
1189	1671	0	0	0	0	0	0	1662577236724
1191	1671	0	0	0	0	0	0	1662577237744
1191	1671	0	0	0	0	0	0	1662577238764
1191	1673	0	0	0	0	0	0	1662577239784
1192	1674	0	0	0	0	0	0	1662577240804
1192	1674	0	0	0	0	0	0	1662577241824
1193	1674	0	0	0	0	0	0	1662577242844
1194	1674	0	0	0	0	0	0	1662577243864
1194	1674	0	0	0	0	0	0	1662577244884
1195	1676	0	0	0	0	0	0	1662577245904
1195	1677	0	0	0	0	0	0	1662577246924
1196	1678	0	0	0	0	0	0	1662577247944
1196	1680	0	0	0	0	0	0	1662577248964
1198	1676	0	0	0	0	0	0	1662577249984
1200	1670	0	0	0	0	0	0	1662577251004
1200	1667	0	0	0	0	0	0	1662577252024
1201	1667	0	0	0	0	0	0	1662577253044
1201	1668	0	0	0	0	0	0	1662577254064
1202	1669	0	0	0	0	0	0	1662577255084
1204	1669	0	0	0	0	0	0	1662577256104
1206	1668	0	0	0	0	0	0	1662577257124
1206	1668	0	0	0	0	0	0	1662577258144
1204	1669	0	0	0	0	0	0	1662577259164
1204	1669	0	0	0	0	0	0	1662577260184
1205	1669	0	0	0	0	0	0	1662577261204
1204	1668	0	0	0	0	0	0	1662577262224
1206	1668	0	0	0	0	0	0	1662577263244
1208	1667	0	0	0	0	0	0	1662577264264
1209	1665	0	0	0	0	0	0	1662577265284
1209	1663	0	0	0	0	0	0	1662577266304
1205	1662	0	0	0	0	0	0	1662577267324
1207	1661	0	0	0	0	0	0	1662577268344
1207	1661	0	0	0	0	0	0	1662577269364
1208	1661	0	0	0	0	0	0	1662577270384
1210	1661	0	0	0	0	0	0	1662577271404
1212	1661	0	0	0	0	0	0	1662577272424
1213	1661	0	0	0	0	0	0	1662577273444
1212	1661	0	0	0	0	0	0	1662577274464
1213	1661	0	0	0	0	0	0	1662577275484
1211	1661	0	0	0	0	0	0	1662577276504
1207	1661	0	0	0	0	0	0	1662577277524
1205	1661	0	0	0	0	0	0	1662577278544
1209	1661	0	0	0	0	0	0	1662577279564
1212	1661	0	0	0	0	0	0	1662577280584
1212	1672	0	0	0	0	0	0	1662577281604
1206	1685	0	0	0	0	0	0	1662577282624
1203	1687	0	0	0	0	0	0	1662577283644
1200	1688	0	0	0	0	0	0	1662577284664
1201	1688	0	0	0	0	0	0	1662577285684
1202	1688	0	0	0	0	0	0	1662577286704
1206	1688	0	0	0	0	0	0	1662577287724
1209	1688	0	0	0	0	0	0	1662577288744
1212	1688	0	0	0	0	0	0	1662577289764
1214	1688	0	0	0	0	0	0	1662577290784
1215	1688	0	0	0	0	0	0	1662577291804
1216	1688	0	0	0	0	0	0	1662577292824
1216	1688	0	0	0	0	0	0	1662577293844
1216	1688	0	0	0	0	0	0	1662577294864
1216	1688	0	0	0	0	0	0	1662577295884
1216	1688	0	0	0	0	0	0	1662577296904
1216	1688	0	0	0	0	0	0	1662577297924
1216	1688	0	0	0	0	0	0	1662577298944
1216	1688	0	0	0	0	0	0	1662577299964
1216	1688	0	0	0	0	0	0	1662577300984
1216	1688	0	0	0	0	0	0	1662577302004
1216	1688	0	0	0	0	0	0	1662577303024
1216	1688	0	0	0	0	0	0	1662577304044
1216	1688	0	0	0	0	0	0	1662577305064
1216	1688	0	0	0	0	0	0	1662577306084
1216	1688	0	0	0	0	0	0	1662577307104
1216	1688	0	0	0	0	0	0	1662577308124
1216	1688	0	0	0	0	0	0	1662577309144
1216	1689	0	0	0	0	0	0	1662577310164
1216	1689	0	0	0	0	0	0	1662577311184
1216	1689	0	0	0	0	0	0	1662577312204
1216	1689	0	0	0	0	0	0	1662577313224
1216	1689	0	0	0	0	0	0	1662577314244
1216	1688	0	0	0	0	0	0	1662577315264
1216	1688	0	0	0	0	0	0	1662577316284
1216	1688	0	0	0	0	0	0	1662577317304
1216	1688	0	0	0	0	0	0	1662577318324
1216	1688	0	0	0	0	0	0	1662577319344
1216	1688	0	0	0	0	0	0	1662577320364
1216	1686	0	0	0	0	0	0	1662577321384
1216	1687	0	0	0	0	0	0	1662577322404
1216	1687	0	0	0	0	0	0	1662577323424
1216	1687	0	0	0	0	0	0	1662577324444
1216	1687	0	0	0	0	0	0	1662577325464
1216	1688	0	0	0	0	0	0	1662577326484
1216	1688	0	0	0	0	0	0	1662577327504
1216	1688	0	0	0	0	0	0	1662577328524
1216	1688	0	0	0	0	0	0	1662577329544
1216	1688	0	0	0	0	0	0	1662577330564
1216	1688	0	0	0	0	0	0	1662577331584
1216	1688	0	0	0	0	0	0	1662577332604
1216	1688	0	0	0	0	0	0	1662577333624
1216	1688	0	0	0	0	0	0	1662577334644
1216	1688	0	0	0	0	0	0	1662577335664
1216	1688	0	0	0	0	0	0	1662577336684
1216	1687	0	0	0	0	0	0	1662577337704
1216	1688	0	0	0	0	0	0	1662577338724
1216	1688	0	0	0	0	0	0	1662577339744
1216	1689	0	0	0	0	0	0	1662577340764
1216	1689	0	0	0	0	0	0	1662577341784
1216	1689	0	0	0	0	0	0	1662577342804
1216	1689	0	0	0	0	0	0	1662577343824
1216	1688	0	0	0	0	0	0	1662577344844
1216	1688	0	0	0	0	0	0	1662577345864
1216	1688	0	0	0	0	0	0	1662577346884
1216	1688	0	0	0	0	0	0	1662577347904
1216	1688	0	0	0	0	0	0	1662577348924
1216	1688	0	0	0	0	0	0	1662577349944
1216	1688	0	0	0	0	0	0	1662577350964
1216	1688	0	0	0	0	0	0	1662577351984
1216	1688	0	0	0	0	0	0	1662577353004
1216	1688	0	0	0	0	0	0	1662577354024
1216	1688	0	0	0	0	0	0	1662577355044
1216	1687	0	0	0	0	0	0	1662577356064
1216	1684	0	0	0	0	0	0	1662577357084
1216	1677	0	0	0	0	0	0	1662577358104
1216	1677	0	0	0	0	0	0	1662577359124
1216	1677	0	0	0	0	0	0	1662577360144
1216	1680	0	0	0	0	0	0	1662577361164
1216	1681	0	0	0	0	0	0	1662577362184
1216	1682	0	0	0	0	0	0	1662577363204
1216	1684	0	0	0	0	0	0	1662577364224
1216	1685	0	0	0	0	0	0	1662577365244
1216	1686	0	0	0	0	0	0	1662577366264
1216	1686	0	0	0	0	0	0	1662577367284
1216	1683	0	0	0	0	0	0	1662577368304
1216	1684	0	0	0	0	0	0	1662577369324
1216	1695	0	0	0	0	0	0	1662577370344
1217	1698	0	0	0	0	0	0	1662577371364
1217	1685	0	0	0	0	0	0	1662577372384
1217	1680	0	0	0	0	0	0	1662577373404
1217	1675	0	0	0	0	0	0	1662577374424
1217	1675	0	0	0	0	0	0	1662577375444
1217	1676	0	0	0	0	0	0	1662577376464
1217	1677	0	0	0	0	0	0	1662577377484
1217	1678	0	0	0	0	0	0	1662577378504
1217	1679	0	0	0	0	0	0	1662577379524
1217	1681	0	0	0	0	0	0	1662577380544
1217	1683	0	0	0	0	0	0	1662577381564
1217	1684	0	0	0	0	0	0	1662577382584
1217	1685	0	0	0	0	0	0	1662577383604
1217	1685	0	0	0	0	0	0	1662577384624
1217	1686	0	0	0	0	0	0	1662577385644
1217	1686	0	0	0	0	0	0	1662577386664
1217	1687	0	0	0	0	0	0	1662577387684
1217	1687	0	0	0	0	0	0	1662577388704
1217	1687	0	0	0	0	0	0	1662577389724
1217	1687	0	0	0	0	0	0	1662577390744
1217	1687	0	0	0	0	0	0	1662577391764
1217	1681	0	0	0	0	0	0	1662577392784
1217	1673	0	0	0	0	0	0	1662577393804
1217	1668	0	0	0	0	0	0	1662577394824
1217	1665	0	0	0	0	0	0	1662577395844
1217	1663	0	0	0	0	0	0	1662577396864
1217	1662	0	0	0	0	0	0	1662577397884
1217	1662	0	0	0	0	0	0	1662577398904
1217	1662	0	0	0	0	0	0	1662577399924
1217	1661	0	0	0	0	0	0	1662577400944
1217	1661	0	0	0	0	0	0	1662577401964
1217	1661	0	0	0	0	0	0	1662577402984
1217	1661	0	0	0	0	0	0	1662577404004
1217	1661	0	0	0	0	0	0	1662577405024
1217	1661	0	0	0	0	0	0	1662577406044
1217	1661	0	0	0	0	0	0	1662577407064
1217	1661	0	0	0	0	0	0	1662577408084
1217	1661	0	0	0	0	0	0	1662577409104
1217	1661	0	0	0	0	0	0	1662577410124
1217	1661	0	0	0	0	0	0	1662577411144
1217	1661	0	0	0	0	0	0	1662577412164
1217	1661	0	0	0	0	0	0	1662577413184
1217	1661	0	0	0	0	0	0	1662577414204
1217	1661	0	0	0	0	0	0	1662577415224
1217	1661	0	0	0	0	0	0	1662577416244
1217	1661	0	0	0	0	0	0	1662577417264
1217	1661	0	0	0	0	0	0	1662577418284
1217	1661	0	0	0	0	0	0	1662577419304
1217	1661	0	0	0	0	0	0	1662577420324
1217	1661	0	0	0	0	0	0	1662577421344
1217	1661	0	0	0	0	0	0	1662577422364
10730	1661	0	0	0	0	0	0	1662577423384
6925	1661	0	0	0	0	0	0	1662577424404
4642	1661	0	0	0	0	0	0	1662577425424
3272	1661	0	0	0	0	0	0	1662577426444
2450	1661	0	0	0	0	0	0	1662577427464
1956	1661	0	0	0	0	0	0	1662577428484
1660	1661	0	0	0	0	0	0	1662577429504
1483	1661	0	0	0	0	0	0	1662577430524
1376	1661	0	0	0	0	0	0	1662577431544
1312	1661	0	0	0	0	0	0	1662577432564
1274	1661	0	0	0	0	0	0	1662577433584
1251	1661	0	0	0	0	0	0	1662577434604
1237	1661	0	0	0	0	0	0	1662577435624
1229	1661	0	0	0	0	0	0	1662577436644
1224	1661	0	0	0	0	0	0	1662577437664
1221	1661	0	0	0	0	0	0	1662577438684
1219	1661	0	0	0	0	0	0	1662577439704
1218	1661	0	0	0	0	0	0	1662577440724
1217	1661	0	0	0	0	0	0	1662577441744
1217	1661	0	0	0	0	0	0	1662577442764
1217	1661	0	0	0	0	0	0	1662577443784
1217	1661	0	0	0	0	0	0	1662577444804
1217	1661	0	0	0	0	0	0	1662577445824
1217	1661	0	0	0	0	0	0	1662577446844
1217	1661	0	0	0	0	0	0	1662577447864
1217	1661	0	0	0	0	0	0	1662577448884
1217	1661	0	0	0	0	0	0	1662577449904
1217	1661	0	0	0	0	0	0	1662577450924
1217	1661	0	0	0	0	0	0	1662577451944
1217	1661	0	0	0	0	0	0	1662577452964
1217	1661	0	0	0	0	0	0	1662577453984
1217	1661	0	0	0	0	0	0	1662577455004
1217	1661	0	0	0	0	0	0	1662577456024
1217	1661	0	0	0	0	0	0	1662577457044
1217	1661	0	0	0	0	0	0	1662577458064
1217	1661	0	0	0	0	0	0	1662577459084
1217	1661	0	0	0	0	0	0	1662577460104
1217	1661	0	0	0	0	0	0	1662577461124
1217	1661	0	0	0	0	0	0	1662577462144
1217	1661	0	0	0	0	0	0	1662577463164
1217	1661	0	0	0	0	0	0	1662577464184
1217	1661	0	0	0	0	0	0	1662577465204
1217	1661	0	0	0	0	0	0	1662577466224
1217	1661	0	0	0	0	0	0	1662577467244
1217	1665	0	0	0	0	0	0	1662577468264
1217	1675	0	0	0	0	0	0	1662577469284
1217	1683	0	0	0	0	0	0	1662577470304
1217	1666	0	0	0	0	0	0	1662577471324
1217	1667	0	0	0	0	0	0	1662577472344
1217	1675	0	0	0	0	0	0	1662577473364
1217	1658	0	0	0	0	0	0	1662577474384
1217	1648	0	0	0	0	0	0	1662577475404
1217	1654	0	0	0	0	0	0	1662577476424
1217	1651	0	0	0	0	0	0	1662577477444
1217	1644	0	0	0	0	0	0	1662577478464
1217	1644	0	0	0	0	0	0	1662577479484
1217	1662	0	0	0	0	0	0	1662577480504
1217	1673	0	0	0	0	0	0	1662577481524
1217	1670	0	0	0	0	0	0	1662577482544
1217	1665	0	0	0	0	0	0	1662577483564
1217	1661	0	0	0	0	0	0	1662577484584
1217	1650	0	0	0	0	0	0	1662577485604
1217	1643	0	0	0	0	0	0	1662577486624
1217	1639	0	0	0	0	0	0	1662577487644
1217	1636	0	0	0	0	0	0	1662577488664
1217	1635	0	0	0	0	0	0	1662577489684
1217	1634	0	0	0	0	0	0	1662577490704
1217	1634	0	0	0	0	0	0	1662577491724
1217	1634	0	0	0	0	0	0	1662577492744
1217	1633	0	0	0	0	0	0	1662577493764
1217	1633	0	0	0	0	0	0	1662577494784
1217	1633	0	0	0	0	0	0	1662577495804
1217	1634	0	0	0	0	0	0	1662577496824
1217	1640	0	0	0	0	0	0	1662577497844
1217	1642	0	0	0	0	0	0	1662577498864
1217	1644	0	0	0	0	0	0	1662577499884
1217	1645	0	0	0	0	0	0	1662577500904
1217	1647	0	0	0	0	0	0	1662577501924
1217	1644	0	0	0	0	0	0	1662577502944
1217	1639	0	0	0	0	0	0	1662577503964
1217	1637	0	0	0	0	0	0	1662577504984
1217	1636	0	0	0	0	0	0	1662577506004
1217	1639	0	0	0	0	0	0	1662577507024
1217	1640	0	0	0	0	0	0	1662577508044
1217	1641	0	0	0	0	0	0	1662577509064
1217	1639	0	0	0	0	0	0	1662577510084
1219	1637	0	0	0	0	0	0	1662577511104
1219	1635	0	0	0	0	0	0	1662577512124
1218	1634	0	0	0	0	0	0	1662577513144
1219	1634	0	0	0	0	0	0	1662577514164
1220	1634	0	0	0	0	0	0	1662577515184
1221	1634	0	0	0	0	0	0	1662577516204
1221	1634	0	0	0	0	0	0	1662577517224
1220	1633	0	0	0	0	0	0	1662577518244
1219	1645	0	0	0	0	0	0	1662577519264
1218	1640	0	0	0	0	0	0	1662577520284
1217	1643	0	0	0	0	0	0	1662577521304
1217	1645	0	0	0	0	0	0	1662577522324
1217	1644	0	0	0	0	0	0	1662577523344
1217	1642	0	0	0	0	0	0	1662577524364
1217	1642	0	0	0	0	0	0	1662577525384
1217	1650	0	0	0	0	0	0	1662577526404
1217	1654	0	0	0	0	0	0	1662577527424
1217	1657	0	0	0	0	0	0	1662577528444
1217	1658	0	0	0	0	0	0	1662577529464
1218	1656	0	0	0	0	0	0	1662577530484
1218	1655	0	0	0	0	0	0	1662577531504
1218	1657	0	0	0	0	0	0	1662577532524
1218	1659	0	0	0	0	0	0	1662577533544
1218	1660	0	0	0	0	0	0	1662577534564
1223	1661	0	0	0	0	0	0	1662577535584
1231	1661	0	0	0	0	0	0	1662577536604
1236	1661	0	0	0	0	0	0	1662577537624
1239	1661	0	0	0	0	0	0	1662577538644
1241	1661	0	0	0	0	0	0	1662577539664
1242	1661	0	0	0	0	0	0	1662577540684
1243	1661	0	0	0	0	0	0	1662577541704
1242	1661	0	0	0	0	0	0	1662577542724
1235	1661	0	0	0	0	0	0	1662577543744
1229	1661	0	0	0	0	0	0	1662577544764
1224	1661	0	0	0	0	0	0	1662577545784
1222	1661	0	0	0	0	0	0	1662577546804
1221	1661	0	0	0	0	0	0	1662577547824
1220	1661	0	0	0	0	0	0	1662577548844
1220	1661	0	0	0	0	0	0	1662577549864
1219	1661	0	0	0	0	0	0	1662577550884
1219	1661	0	0	0	0	0	0	1662577551904
1219	1661	0	0	0	0	0	0	1662577552924
1219	1661	0	0	0	0	0	0	1662577553944
1220	1661	0	0	0	0	0	0	1662577554964
1219	1661	0	0	0	0	0	0	1662577555984
1219	1661	0	0	0	0	0	0	1662577557004
1223	1661	0	0	0	0	0	0	1662577558024
1231	1661	0	0	0	0	0	0	1662577559044
1236	1661	0	0	0	0	0	0	1662577560064
1239	1661	0	0	0	0	0	0	1662577561084
1241	1661	0	0	0	0	0	0	1662577562104
1243	1661	0	0	0	0	0	0	1662577563124
1244	1649	0	0	0	0	0	0	1662577564144
1244	1643	0	0	0	0	0	0	1662577565164
1244	1639	0	0	0	0	0	0	1662577566184
1244	1641	0	0	0	0	0	0	1662577567204
1244	1646	0	0	0	0	0	0	1662577568224
1238	1651	0	0	0	0	0	0	1662577569244
1233	1655	0	0	0	0	0	0	1662577570264
1229	1657	0	0	0	0	0	0	1662577571284
1226	1659	0	0	0	0	0	0	1662577572304
1226	1660	0	0	0	0	0	0	1662577573324
1226	1660	0	0	0	0	0	0	1662577574344
1226	1660	0	0	0	0	0	0	1662577575364
1227	10996	0	0	0	0	0	0	1662577576384
1230	7262	0	0	0	0	0	0	1662577577404
1232	5022	0	0	0	0	0	0	1662577578424
1235	3678	0	0	0	0	0	0	1662577579444
1238	2871	0	0	0	0	0	0	1662577580464
1237	2387	0	0	0	0	0	0	1662577581484
1238	2097	0	0	0	0	0	0	1662577582504
1240	1923	0	0	0	0	0	0	1662577583524
1240	1818	0	0	0	0	0	0	1662577584544
