2723	1230	0	0	0	0	0	0	1663704164675
2712	1224	0	0	0	0	0	0	1663704165695
2700	1211	0	0	0	0	0	0	1663704166715
2687	1202	0	0	0	0	0	0	1663704167735
2678	1187	0	0	0	0	0	0	1663704168755
2663	1177	0	0	0	0	0	0	1663704169775
2653	1163	0	0	0	0	0	0	1663704170795
2647	1152	0	0	0	0	0	0	1663704171815
2633	1145	0	0	0	0	0	0	1663704172835
2624	1140	0	0	0	0	0	0	1663704173855
2619	1130	0	0	0	0	0	0	1663704174875
2616	1121	0	0	0	0	0	0	1663704175895
2612	1116	0	0	0	0	0	0	1663704176915
2602	1112	0	0	0	0	0	0	1663704177935
2595	1107	0	0	0	0	0	0	1663704178955
2590	1096	0	0	0	0	0	0	1663704179975
2587	1089	0	0	0	0	0	0	1663704180995
2585	1085	0	0	0	0	0	0	1663704182015
2583	1082	0	0	0	0	0	0	1663704183035
2577	1081	0	0	0	0	0	0	1663704184055
2569	1076	0	0	0	0	0	0	1663704185075
2563	1067	0	0	0	0	0	0	1663704186095
2560	1061	0	0	0	0	0	0	1663704187115
2558	1057	0	0	0	0	0	0	1663704188135
2557	1055	0	0	0	0	0	0	1663704189155
2556	1054	0	0	0	0	0	0	1663704190175
2555	1053	0	0	0	0	0	0	1663704191195
2555	1052	0	0	0	0	0	0	1663704192215
2555	1049	0	0	0	0	0	0	1663704193235
2555	1039	0	0	0	0	0	0	1663704194255
2551	1033	0	0	0	0	0	0	1663704195275
2543	1029	0	0	0	0	0	0	1663704196295
2537	1027	0	0	0	0	0	0	1663704197315
2533	1026	0	0	0	0	0	0	1663704198335
2530	1025	0	0	0	0	0	0	1663704199355
2528	1024	0	0	0	0	0	0	1663704200375
2527	1024	0	0	0	0	0	0	1663704201395
2526	1024	0	0	0	0	0	0	1663704202415
2526	1024	0	0	0	0	0	0	1663704203435
2526	1020	0	0	0	0	0	0	1663704204455
2526	1010	0	0	0	0	0	0	1663704205475
2526	1004	0	0	0	0	0	0	1663704206495
2526	1001	0	0	0	0	0	0	1663704207515
2526	999	0	0	0	0	0	0	1663704208535
2525	997	0	0	0	0	0	0	1663704209555
2524	996	0	0	0	0	0	0	1663704210575
2519	996	0	0	0	0	0	0	1663704211595
2512	996	0	0	0	0	0	0	1663704212615
2507	996	0	0	0	0	0	0	1663704213635
2503	996	0	0	0	0	0	0	1663704214655
2501	995	0	0	0	0	0	0	1663704215675
2500	994	0	0	0	0	0	0	1663704216695
2499	990	0	0	0	0	0	0	1663704217715
2498	982	0	0	0	0	0	0	1663704218735
2498	976	0	0	0	0	0	0	1663704219755
2498	973	0	0	0	0	0	0	1663704220775
2498	971	0	0	0	0	0	0	1663704221795
2498	970	0	0	0	0	0	0	1663704222815
2498	969	0	0	0	0	0	0	1663704223835
2498	969	0	0	0	0	0	0	1663704224855
2498	969	0	0	0	0	0	0	1663704225875
2498	968	0	0	0	0	0	0	1663704226895
2498	957	0	0	0	0	0	0	1663704227915
2498	961	0	0	0	0	0	0	1663704228935
2498	964	0	0	0	0	0	0	1663704229955
2498	966	0	0	0	0	0	0	1663704230975
2498	967	0	0	0	0	0	0	1663704231995
2497	968	0	0	0	0	0	0	1663704233015
2494	968	0	0	0	0	0	0	1663704234035
2493	966	0	0	0	0	0	0	1663704235055
2487	962	0	0	0	0	0	0	1663704236075
2482	956	0	0	0	0	0	0	1663704237095
2477	950	0	0	0	0	0	0	1663704238115
2476	946	0	0	0	0	0	0	1663704239135
2474	944	0	0	0	0	0	0	1663704240155
2472	942	0	0	0	0	0	0	1663704241175
2472	941	0	0	0	0	0	0	1663704242195
2471	941	0	0	0	0	0	0	1663704243215
2471	941	0	0	0	0	0	0	1663704244235
2471	941	0	0	0	0	0	0	1663704245255
2471	941	0	0	0	0	0	0	1663704246275
2471	941	0	0	0	0	0	0	1663704247295
2471	941	0	0	0	0	0	0	1663704248315
2471	941	0	0	0	0	0	0	1663704249335
2470	941	0	0	0	0	0	0	1663704250355
2470	940	0	0	0	0	0	0	1663704251375
2470	940	0	0	0	0	0	0	1663704252395
2470	940	0	0	0	0	0	0	1663704253415
2470	940	0	0	0	0	0	0	1663704254435
2471	939	0	0	0	0	0	0	1663704255455
2470	934	0	0	0	0	0	0	1663704256475
2470	930	0	0	0	0	0	0	1663704257495
2470	925	0	0	0	0	0	0	1663704258515
2470	920	0	0	0	0	0	0	1663704259535
2470	917	0	0	0	0	0	0	1663704260555
2470	915	0	0	0	0	0	0	1663704261575
2470	914	0	0	0	0	0	0	1663704262595
2470	913	0	0	0	0	0	0	1663704263615
2470	913	0	0	0	0	0	0	1663704264635
2470	913	0	0	0	0	0	0	1663704265655
2470	913	0	0	0	0	0	0	1663704266675
2470	913	0	0	0	0	0	0	1663704267695
2470	913	0	0	0	0	0	0	1663704268715
2470	913	0	0	0	0	0	0	1663704269735
2470	913	0	0	0	0	0	0	1663704270755
2470	913	0	0	0	0	0	0	1663704271775
2470	913	0	0	0	0	0	0	1663704272795
2470	913	0	0	0	0	0	0	1663704273815
2470	913	0	0	0	0	0	0	1663704274835
2489	913	0	0	0	0	0	0	1663704275855
2481	913	0	0	0	0	0	0	1663704276875
2476	913	0	0	0	0	0	0	1663704277895
2473	911	0	0	0	0	0	0	1663704278915
2472	907	0	0	0	0	0	0	1663704279935
2471	903	0	0	0	0	0	0	1663704280955
2470	897	0	0	0	0	0	0	1663704281975
2469	893	0	0	0	0	0	0	1663704282995
2468	890	0	0	0	0	0	0	1663704284015
2467	888	0	0	0	0	0	0	1663704285035
2466	887	0	0	0	0	0	0	1663704286055
2463	886	0	0	0	0	0	0	1663704287075
2458	885	0	0	0	0	0	0	1663704288095
2456	885	0	0	0	0	0	0	1663704289115
2452	885	0	0	0	0	0	0	1663704290135
2448	885	0	0	0	0	0	0	1663704291155
2446	885	0	0	0	0	0	0	1663704292175
2445	885	0	0	0	0	0	0	1663704293195
2444	885	0	0	0	0	0	0	1663704294215
2443	885	0	0	0	0	0	0	1663704295235
2443	885	0	0	0	0	0	0	1663704296255
2443	885	0	0	0	0	0	0	1663704297275
2443	885	0	0	0	0	0	0	1663704298295
2443	885	0	0	0	0	0	0	1663704299315
2442	885	0	0	0	0	0	0	1663704300335
2442	885	0	0	0	0	0	0	1663704301355
2442	885	0	0	0	0	0	0	1663704302375
2442	885	0	0	0	0	0	0	1663704303395
2442	885	0	0	0	0	0	0	1663704304415
2442	885	0	0	0	0	0	0	1663704305435
2442	885	0	0	0	0	0	0	1663704306455
2442	884	0	0	0	0	0	0	1663704307475
2442	882	0	0	0	0	0	0	1663704308495
2442	878	0	0	0	0	0	0	1663704309515
2442	874	0	0	0	0	0	0	1663704310535
2442	869	0	0	0	0	0	0	1663704311555
2442	866	0	0	0	0	0	0	1663704312575
2442	863	0	0	0	0	0	0	1663704313595
2442	861	0	0	0	0	0	0	1663704314615
2442	859	0	0	0	0	0	0	1663704315635
2442	858	0	0	0	0	0	0	1663704316655
2442	857	0	0	0	0	0	0	1663704317675
2442	857	0	0	0	0	0	0	1663704318695
2442	857	0	0	0	0	0	0	1663704319715
2442	857	0	0	0	0	0	0	1663704320735
2442	857	0	0	0	0	0	0	1663704321755
2442	857	0	0	0	0	0	0	1663704322775
2442	857	0	0	0	0	0	0	1663704323795
2442	857	0	0	0	0	0	0	1663704324815
2442	857	0	0	0	0	0	0	1663704325835
2442	857	0	0	0	0	0	0	1663704326855
2442	857	0	0	0	0	0	0	1663704327875
2442	857	0	0	0	0	0	0	1663704328895
2442	857	0	0	0	0	0	0	1663704329915
2442	857	0	0	0	0	0	0	1663704330935
2442	857	0	0	0	0	0	0	1663704331955
2442	857	0	0	0	0	0	0	1663704332975
2442	857	0	0	0	0	0	0	1663704333995
2442	857	0	0	0	0	0	0	1663704335015
2442	857	0	0	0	0	0	0	1663704336035
2442	857	0	0	0	0	0	0	1663704337055
2442	857	0	0	0	0	0	0	1663704338075
2442	857	0	0	0	0	0	0	1663704339095
2442	857	0	0	0	0	0	0	1663704340115
2442	853	0	0	0	0	0	0	1663704341135
2442	848	0	0	0	0	0	0	1663704342155
2442	847	0	0	0	0	0	0	1663704343175
2442	841	0	0	0	0	0	0	1663704344195
2442	837	0	0	0	0	0	0	1663704345215
2442	834	0	0	0	0	0	0	1663704346235
2442	832	0	0	0	0	0	0	1663704347255
2442	831	0	0	0	0	0	0	1663704348275
2442	830	0	0	0	0	0	0	1663704349295
2442	830	0	0	0	0	0	0	1663704350315
2442	830	0	0	0	0	0	0	1663704351335
2438	835	0	0	0	0	0	0	1663704352355
2431	842	0	0	0	0	0	0	1663704353375
2433	838	0	0	0	0	0	0	1663704354395
2437	834	0	0	0	0	0	0	1663704355415
2439	832	0	0	0	0	0	0	1663704356435
2440	831	0	0	0	0	0	0	1663704357455
2441	830	0	0	0	0	0	0	1663704358475
2442	830	0	0	0	0	0	0	1663704359495
2442	830	0	0	0	0	0	0	1663704360515
2442	830	0	0	0	0	0	0	1663704361535
2442	830	0	0	0	0	0	0	1663704362555
2442	830	0	0	0	0	0	0	1663704363575
2442	830	0	0	0	0	0	0	1663704364595
2442	830	0	0	0	0	0	0	1663704365615
2442	830	0	0	0	0	0	0	1663704366635
2442	830	0	0	0	0	0	0	1663704367655
2442	830	0	0	0	0	0	0	1663704368675
2442	830	0	0	0	0	0	0	1663704369695
2442	830	0	0	0	0	0	0	1663704370715
2442	830	0	0	0	0	0	0	1663704371735
2442	830	0	0	0	0	0	0	1663704372755
2442	830	0	0	0	0	0	0	1663704373775
2443	830	0	0	0	0	0	0	1663704374795
2443	830	0	0	0	0	0	0	1663704375815
2443	830	0	0	0	0	0	0	1663704376835
2443	830	0	0	0	0	0	0	1663704377855
2443	830	0	0	0	0	0	0	1663704378875
2443	830	0	0	0	0	0	0	1663704379895
2443	830	0	0	0	0	0	0	1663704380915
2442	829	0	0	0	0	0	0	1663704381935
2442	829	0	0	0	0	0	0	1663704382955
2442	828	0	0	0	0	0	0	1663704383975
2442	827	0	0	0	0	0	0	1663704384995
2442	826	0	0	0	0	0	0	1663704386015
2442	824	0	0	0	0	0	0	1663704387035
2442	823	0	0	0	0	0	0	1663704388055
2442	818	0	0	0	0	0	0	1663704389075
2442	813	0	0	0	0	0	0	1663704390095
2442	810	0	0	0	0	0	0	1663704391115
2442	808	0	0	0	0	0	0	1663704392135
2442	805	0	0	0	0	0	0	1663704393155
2442	804	0	0	0	0	0	0	1663704394175
2442	803	0	0	0	0	0	0	1663704395195
2442	802	0	0	0	0	0	0	1663704396215
2442	802	0	0	0	0	0	0	1663704397235
2442	802	0	0	0	0	0	0	1663704398255
2442	802	0	0	0	0	0	0	1663704399275
2442	802	0	0	0	0	0	0	1663704400295
2442	802	0	0	0	0	0	0	1663704401315
2442	802	0	0	0	0	0	0	1663704402335
2442	802	0	0	0	0	0	0	1663704403355
2442	802	0	0	0	0	0	0	1663704404375
2442	802	0	0	0	0	0	0	1663704405395
2442	802	0	0	0	0	0	0	1663704406415
2442	802	0	0	0	0	0	0	1663704407435
2442	802	0	0	0	0	0	0	1663704408455
2442	802	0	0	0	0	0	0	1663704409475
2442	802	0	0	0	0	0	0	1663704410495
2442	802	0	0	0	0	0	0	1663704411515
2442	802	0	0	0	0	0	0	1663704412535
2442	802	0	0	0	0	0	0	1663704413555
2441	802	0	0	0	0	0	0	1663704414575
2442	802	0	0	0	0	0	0	1663704415595
2442	802	0	0	0	0	0	0	1663704416615
2441	802	0	0	0	0	0	0	1663704417635
2441	802	0	0	0	0	0	0	1663704418655
2440	802	0	0	0	0	0	0	1663704419675
2440	802	0	0	0	0	0	0	1663704420695
2440	802	0	0	0	0	0	0	1663704421715
2440	802	0	0	0	0	0	0	1663704422735
2440	802	0	0	0	0	0	0	1663704423755
2441	802	0	0	0	0	0	0	1663704424775
2440	802	0	0	0	0	0	0	1663704425795
2440	802	0	0	0	0	0	0	1663704426815
2440	802	0	0	0	0	0	0	1663704427835
2440	802	0	0	0	0	0	0	1663704428855
2440	802	0	0	0	0	0	0	1663704429875
2440	802	0	0	0	0	0	0	1663704430895
2439	802	0	0	0	0	0	0	1663704431915
2439	802	0	0	0	0	0	0	1663704432935
2437	802	0	0	0	0	0	0	1663704433955
2436	801	0	0	0	0	0	0	1663704434975
2436	799	0	0	0	0	0	0	1663704435995
2436	798	0	0	0	0	0	0	1663704437015
2437	797	0	0	0	0	0	0	1663704438035
2437	792	0	0	0	0	0	0	1663704439055
2437	785	0	0	0	0	0	0	1663704440075
2437	781	0	0	0	0	0	0	1663704441095
2438	778	0	0	0	0	0	0	1663704442115
2439	776	0	0	0	0	0	0	1663704443135
2440	775	0	0	0	0	0	0	1663704444155
2440	775	0	0	0	0	0	0	1663704445175
2440	774	0	0	0	0	0	0	1663704446195
2440	774	0	0	0	0	0	0	1663704447215
2441	774	0	0	0	0	0	0	1663704448235
2440	774	0	0	0	0	0	0	1663704449255
2440	774	0	0	0	0	0	0	1663704450275
2441	774	0	0	0	0	0	0	1663704451295
2441	774	0	0	0	0	0	0	1663704452315
2441	774	0	0	0	0	0	0	1663704453335
2441	774	0	0	0	0	0	0	1663704454355
2441	774	0	0	0	0	0	0	1663704455375
2442	774	0	0	0	0	0	0	1663704456395
2442	774	0	0	0	0	0	0	1663704457415
2442	774	0	0	0	0	0	0	1663704458435
2442	774	0	0	0	0	0	0	1663704459455
2442	774	0	0	0	0	0	0	1663704460475
2442	774	0	0	0	0	0	0	1663704461495
2442	774	0	0	0	0	0	0	1663704462515
2442	774	0	0	0	0	0	0	1663704463535
2442	774	0	0	0	0	0	0	1663704464555
2441	774	0	0	0	0	0	0	1663704465575
2441	774	0	0	0	0	0	0	1663704466595
2440	774	0	0	0	0	0	0	1663704467615
2440	774	0	0	0	0	0	0	1663704468635
2437	774	0	0	0	0	0	0	1663704469655
2437	774	0	0	0	0	0	0	1663704470675
2437	774	0	0	0	0	0	0	1663704471695
2437	774	0	0	0	0	0	0	1663704472715
2437	774	0	0	0	0	0	0	1663704473735
2436	774	0	0	0	0	0	0	1663704474755
2434	774	0	0	0	0	0	0	1663704475775
2434	774	0	0	0	0	0	0	1663704476795
2435	774	0	0	0	0	0	0	1663704477815
2435	774	0	0	0	0	0	0	1663704478835
2431	774	0	0	0	0	0	0	1663704479855
2430	774	0	0	0	0	0	0	1663704480875
2429	774	0	0	0	0	0	0	1663704481895
2432	774	0	0	0	0	0	0	1663704482915
2432	774	0	0	0	0	0	0	1663704483935
2433	773	0	0	0	0	0	0	1663704484955
2432	773	0	0	0	0	0	0	1663704485975
2432	773	0	0	0	0	0	0	1663704486995
2430	773	0	0	0	0	0	0	1663704488015
2432	772	0	0	0	0	0	0	1663704489035
2433	770	0	0	0	0	0	0	1663704490055
2430	762	0	0	0	0	0	0	1663704491075
2426	758	0	0	0	0	0	0	1663704492095
2426	756	0	0	0	0	0	0	1663704493115
2426	755	0	0	0	0	0	0	1663704494135
2423	755	0	0	0	0	0	0	1663704495155
2424	752	0	0	0	0	0	0	1663704496175
2424	750	0	0	0	0	0	0	1663704497195
2425	749	0	0	0	0	0	0	1663704498215
2425	749	0	0	0	0	0	0	1663704499235
2423	748	0	0	0	0	0	0	1663704500255
2423	748	0	0	0	0	0	0	1663704501275
2422	747	0	0	0	0	0	0	1663704502295
2422	747	0	0	0	0	0	0	1663704503315
2422	747	0	0	0	0	0	0	1663704504335
2422	747	0	0	0	0	0	0	1663704505355
2420	747	0	0	0	0	0	0	1663704506375
2420	747	0	0	0	0	0	0	1663704507395
2418	747	0	0	0	0	0	0	1663704508415
2417	747	0	0	0	0	0	0	1663704509435
2417	746	0	0	0	0	0	0	1663704510455
2417	746	0	0	0	0	0	0	1663704511475
2416	746	0	0	0	0	0	0	1663704512495
2415	746	0	0	0	0	0	0	1663704513515
2415	746	0	0	0	0	0	0	1663704514535
2416	746	0	0	0	0	0	0	1663704515555
2415	746	0	0	0	0	0	0	1663704516575
2415	746	0	0	0	0	0	0	1663704517595
2416	746	0	0	0	0	0	0	1663704518615
2415	746	0	0	0	0	0	0	1663704519635
2415	746	0	0	0	0	0	0	1663704520655
2414	746	0	0	0	0	0	0	1663704521675
2414	746	0	0	0	0	0	0	1663704522695
2414	746	0	0	0	0	0	0	1663704523715
2415	746	0	0	0	0	0	0	1663704524735
2415	746	0	0	0	0	0	0	1663704525755
2415	746	0	0	0	0	0	0	1663704526775
2415	746	0	0	0	0	0	0	1663704527795
2415	746	0	0	0	0	0	0	1663704528815
2415	746	0	0	0	0	0	0	1663704529835
2415	746	0	0	0	0	0	0	1663704530855
2415	746	0	0	0	0	0	0	1663704531875
2415	746	0	0	0	0	0	0	1663704532895
2415	746	0	0	0	0	0	0	1663704533915
2415	746	0	0	0	0	0	0	1663704534935
2415	746	0	0	0	0	0	0	1663704535955
2415	746	0	0	0	0	0	0	1663704536975
2415	746	0	0	0	0	0	0	1663704537995
2414	746	0	0	0	0	0	0	1663704539015
2414	746	0	0	0	0	0	0	1663704540035
2414	746	0	0	0	0	0	0	1663704541055
2414	746	0	0	0	0	0	0	1663704542075
2414	746	0	0	0	0	0	0	1663704543095
2414	746	0	0	0	0	0	0	1663704544115
2414	746	0	0	0	0	0	0	1663704545135
2414	746	0	0	0	0	0	0	1663704546155
2415	746	0	0	0	0	0	0	1663704547175
2415	746	0	0	0	0	0	0	1663704548195
2415	738	0	0	0	0	0	0	1663704549215
2415	741	0	0	0	0	0	0	1663704550235
2415	741	0	0	0	0	0	0	1663704551255
2415	742	0	0	0	0	0	0	1663704552275
2415	744	0	0	0	0	0	0	1663704553295
2415	744	0	0	0	0	0	0	1663704554315
2415	743	0	0	0	0	0	0	1663704555335
2415	743	0	0	0	0	0	0	1663704556355
2415	742	0	0	0	0	0	0	1663704557375
2415	741	0	0	0	0	0	0	1663704558395
2415	740	0	0	0	0	0	0	1663704559415
2415	738	0	0	0	0	0	0	1663704560435
2415	736	0	0	0	0	0	0	1663704561455
2415	735	0	0	0	0	0	0	1663704562475
2415	734	0	0	0	0	0	0	1663704563495
2415	734	0	0	0	0	0	0	1663704564515
2415	733	0	0	0	0	0	0	1663704565535
2415	730	0	0	0	0	0	0	1663704566555
2415	727	0	0	0	0	0	0	1663704567575
2415	726	0	0	0	0	0	0	1663704568595
2415	723	0	0	0	0	0	0	1663704569615
2415	722	0	0	0	0	0	0	1663704570635
2415	721	0	0	0	0	0	0	1663704571655
2415	720	0	0	0	0	0	0	1663704572675
2414	719	0	0	0	0	0	0	1663704573695
2414	719	0	0	0	0	0	0	1663704574715
2414	719	0	0	0	0	0	0	1663704575735
2414	719	0	0	0	0	0	0	1663704576755
2414	719	0	0	0	0	0	0	1663704577775
2414	719	0	0	0	0	0	0	1663704578795
2414	719	0	0	0	0	0	0	1663704579815
2415	719	0	0	0	0	0	0	1663704580835
2415	719	0	0	0	0	0	0	1663704581855
2415	719	0	0	0	0	0	0	1663704582875
2415	719	0	0	0	0	0	0	1663704583895
2415	719	0	0	0	0	0	0	1663704584915
2415	719	0	0	0	0	0	0	1663704585935
2415	719	0	0	0	0	0	0	1663704586955
2415	719	0	0	0	0	0	0	1663704587975
2414	719	0	0	0	0	0	0	1663704588995
2414	719	0	0	0	0	0	0	1663704590015
2414	719	0	0	0	0	0	0	1663704591035
2414	719	0	0	0	0	0	0	1663704592055
2414	719	0	0	0	0	0	0	1663704593075
2415	719	0	0	0	0	0	0	1663704594095
2415	719	0	0	0	0	0	0	1663704595115
2415	719	0	0	0	0	0	0	1663704596135
2415	719	0	0	0	0	0	0	1663704597155
2415	719	0	0	0	0	0	0	1663704598175
2415	719	0	0	0	0	0	0	1663704599195
2415	719	0	0	0	0	0	0	1663704600215
2415	719	0	0	0	0	0	0	1663704601235
2415	719	0	0	0	0	0	0	1663704602255
2415	719	0	0	0	0	0	0	1663704603275
2415	719	0	0	0	0	0	0	1663704604295
2415	719	0	0	0	0	0	0	1663704605315
2415	719	0	0	0	0	0	0	1663704606335
2415	719	0	0	0	0	0	0	1663704607355
2415	719	0	0	0	0	0	0	1663704608375
2415	719	0	0	0	0	0	0	1663704609395
2414	719	0	0	0	0	0	0	1663704610415
2414	719	0	0	0	0	0	0	1663704611435
2414	719	0	0	0	0	0	0	1663704612455
2414	719	0	0	0	0	0	0	1663704613475
2414	719	0	0	0	0	0	0	1663704614495
2414	719	0	0	0	0	0	0	1663704615515
2414	719	0	0	0	0	0	0	1663704616535
2414	719	0	0	0	0	0	0	1663704617555
2414	719	0	0	0	0	0	0	1663704618575
2414	719	0	0	0	0	0	0	1663704619595
2414	719	0	0	0	0	0	0	1663704620615
2414	719	0	0	0	0	0	0	1663704621635
2414	719	0	0	0	0	0	0	1663704622655
2414	719	0	0	0	0	0	0	1663704623675
2414	719	0	0	0	0	0	0	1663704624695
2414	719	0	0	0	0	0	0	1663704625715
2415	719	0	0	0	0	0	0	1663704626735
2415	719	0	0	0	0	0	0	1663704627755
2415	719	0	0	0	0	0	0	1663704628775
2415	719	0	0	0	0	0	0	1663704629795
2414	719	0	0	0	0	0	0	1663704630815
2414	719	0	0	0	0	0	0	1663704631835
2414	718	0	0	0	0	0	0	1663704632855
2414	718	0	0	0	0	0	0	1663704633875
2414	718	0	0	0	0	0	0	1663704634895
2414	718	0	0	0	0	0	0	1663704635915
2414	718	0	0	0	0	0	0	1663704636935
2414	717	0	0	0	0	0	0	1663704637955
2414	717	0	0	0	0	0	0	1663704638975
2414	716	0	0	0	0	0	0	1663704639995
2414	715	0	0	0	0	0	0	1663704641015
2415	714	0	0	0	0	0	0	1663704642035
2415	714	0	0	0	0	0	0	1663704643055
2415	711	0	0	0	0	0	0	1663704644075
2415	710	0	0	0	0	0	0	1663704645095
2415	708	0	0	0	0	0	0	1663704646115
2415	706	0	0	0	0	0	0	1663704647135
2415	703	0	0	0	0	0	0	1663704648155
2415	702	0	0	0	0	0	0	1663704649175
2415	699	0	0	0	0	0	0	1663704650195
2415	701	0	0	0	0	0	0	1663704651215
2415	701	0	0	0	0	0	0	1663704652235
2415	700	0	0	0	0	0	0	1663704653255
2415	698	0	0	0	0	0	0	1663704654275
2415	697	0	0	0	0	0	0	1663704655295
2415	696	0	0	0	0	0	0	1663704656315
2415	694	0	0	0	0	0	0	1663704657335
2415	693	0	0	0	0	0	0	1663704658355
2415	692	0	0	0	0	0	0	1663704659375
2415	691	0	0	0	0	0	0	1663704660395
2415	691	0	0	0	0	0	0	1663704661415
2415	691	0	0	0	0	0	0	1663704662435
2415	691	0	0	0	0	0	0	1663704663455
2415	691	0	0	0	0	0	0	1663704664475
2415	691	0	0	0	0	0	0	1663704665495
2414	691	0	0	0	0	0	0	1663704666515
2414	691	0	0	0	0	0	0	1663704667535
2415	691	0	0	0	0	0	0	1663704668555
2414	691	0	0	0	0	0	0	1663704669575
2414	691	0	0	0	0	0	0	1663704670595
2414	691	0	0	0	0	0	0	1663704671615
2414	691	0	0	0	0	0	0	1663704672635
2414	691	0	0	0	0	0	0	1663704673655
2414	691	0	0	0	0	0	0	1663704674675
2414	691	0	0	0	0	0	0	1663704675695
2415	691	0	0	0	0	0	0	1663704676715
2415	691	0	0	0	0	0	0	1663704677735
2415	691	0	0	0	0	0	0	1663704678755
2415	691	0	0	0	0	0	0	1663704679775
2415	691	0	0	0	0	0	0	1663704680795
2415	691	0	0	0	0	0	0	1663704681815
2415	691	0	0	0	0	0	0	1663704682835
2415	691	0	0	0	0	0	0	1663704683855
2415	691	0	0	0	0	0	0	1663704684875
2415	691	0	0	0	0	0	0	1663704685895
2415	691	0	0	0	0	0	0	1663704686915
2415	691	0	0	0	0	0	0	1663704687935
2415	691	0	0	0	0	0	0	1663704688955
2415	691	0	0	0	0	0	0	1663704689975
2415	691	0	0	0	0	0	0	1663704690995
2415	691	0	0	0	0	0	0	1663704692015
2415	691	0	0	0	0	0	0	1663704693035
2414	691	0	0	0	0	0	0	1663704694055
2415	691	0	0	0	0	0	0	1663704695075
2415	691	0	0	0	0	0	0	1663704696095
2415	691	0	0	0	0	0	0	1663704697115
2415	691	0	0	0	0	0	0	1663704698135
2415	691	0	0	0	0	0	0	1663704699155
2415	691	0	0	0	0	0	0	1663704700175
2415	691	0	0	0	0	0	0	1663704701195
2415	691	0	0	0	0	0	0	1663704702215
2415	691	0	0	0	0	0	0	1663704703235
2415	691	0	0	0	0	0	0	1663704704255
2415	691	0	0	0	0	0	0	1663704705275
2415	691	0	0	0	0	0	0	1663704706295
2415	691	0	0	0	0	0	0	1663704707315
2415	691	0	0	0	0	0	0	1663704708335
2415	691	0	0	0	0	0	0	1663704709355
2415	691	0	0	0	0	0	0	1663704710375
2415	691	0	0	0	0	0	0	1663704711395
2415	691	0	0	0	0	0	0	1663704712415
2415	691	0	0	0	0	0	0	1663704713435
2415	691	0	0	0	0	0	0	1663704714455
2415	691	0	0	0	0	0	0	1663704715475
2415	691	0	0	0	0	0	0	1663704716495
2415	691	0	0	0	0	0	0	1663704717515
2415	691	0	0	0	0	0	0	1663704718535
2415	691	0	0	0	0	0	0	1663704719555
2415	691	0	0	0	0	0	0	1663704720575
2415	691	0	0	0	0	0	0	1663704721595
2415	691	0	0	0	0	0	0	1663704722615
2415	691	0	0	0	0	0	0	1663704723635
2415	691	0	0	0	0	0	0	1663704724655
2415	691	0	0	0	0	0	0	1663704725675
2414	691	0	0	0	0	0	0	1663704726695
2414	691	0	0	0	0	0	0	1663704727715
2414	691	0	0	0	0	0	0	1663704728735
2414	691	0	0	0	0	0	0	1663704729755
2414	691	0	0	0	0	0	0	1663704730775
2414	691	0	0	0	0	0	0	1663704731795
2414	691	0	0	0	0	0	0	1663704732815
2414	691	0	0	0	0	0	0	1663704733835
2414	691	0	0	0	0	0	0	1663704734855
2414	691	0	0	0	0	0	0	1663704735875
2414	691	0	0	0	0	0	0	1663704736895
2414	691	0	0	0	0	0	0	1663704737915
2414	691	0	0	0	0	0	0	1663704738935
2414	691	0	0	0	0	0	0	1663704739955
2414	691	0	0	0	0	0	0	1663704740975
2414	691	0	0	0	0	0	0	1663704741995
2414	691	0	0	0	0	0	0	1663704743015
2414	690	0	0	0	0	0	0	1663704744035
2414	690	0	0	0	0	0	0	1663704745055
2414	690	0	0	0	0	0	0	1663704746075
2414	690	0	0	0	0	0	0	1663704747095
2414	690	0	0	0	0	0	0	1663704748115
2414	690	0	0	0	0	0	0	1663704749135
2414	690	0	0	0	0	0	0	1663704750155
2414	690	0	0	0	0	0	0	1663704751175
2414	690	0	0	0	0	0	0	1663704752195
2414	690	0	0	0	0	0	0	1663704753215
2414	690	0	0	0	0	0	0	1663704754235
2414	690	0	0	0	0	0	0	1663704755255
2414	690	0	0	0	0	0	0	1663704756275
2414	690	0	0	0	0	0	0	1663704757295
2414	690	0	0	0	0	0	0	1663704758315
2414	690	0	0	0	0	0	0	1663704759335
2414	690	0	0	0	0	0	0	1663704760355
2414	690	0	0	0	0	0	0	1663704761375
2414	690	0	0	0	0	0	0	1663704762395
2414	690	0	0	0	0	0	0	1663704763415
2415	690	0	0	0	0	0	0	1663704764435
2414	690	0	0	0	0	0	0	1663704765455
2414	690	0	0	0	0	0	0	1663704766475
2414	690	0	0	0	0	0	0	1663704767495
2414	690	0	0	0	0	0	0	1663704768515
2414	690	0	0	0	0	0	0	1663704769535
2413	690	0	0	0	0	0	0	1663704770555
2412	690	0	0	0	0	0	0	1663704771575
2413	690	0	0	0	0	0	0	1663704772595
2412	690	0	0	0	0	0	0	1663704773615
2412	690	0	0	0	0	0	0	1663704774635
2412	690	0	0	0	0	0	0	1663704775655
2411	689	0	0	0	0	0	0	1663704776675
2410	690	0	0	0	0	0	0	1663704777695
2411	690	0	0	0	0	0	0	1663704778715
2411	690	0	0	0	0	0	0	1663704779735
2411	690	0	0	0	0	0	0	1663704780755
2410	690	0	0	0	0	0	0	1663704781775
2411	690	0	0	0	0	0	0	1663704782795
2409	690	0	0	0	0	0	0	1663704783815
2407	690	0	0	0	0	0	0	1663704784835
2406	690	0	0	0	0	0	0	1663704785855
2406	690	0	0	0	0	0	0	1663704786875
2404	690	0	0	0	0	0	0	1663704787895
2403	690	0	0	0	0	0	0	1663704788915
11441	690	0	0	0	0	0	0	1663704789935
7823	689	0	0	0	0	0	0	1663704790955
5651	690	0	0	0	0	0	0	1663704791975
4349	690	0	0	0	0	0	0	1663704792995
3566	690	0	0	0	0	0	0	1663704794015
3097	690	0	0	0	0	0	0	1663704795035
2815	690	0	0	0	0	0	0	1663704796055
2644	690	0	0	0	0	0	0	1663704797075
2542	690	0	0	0	0	0	0	1663704798095
2481	689	0	0	0	0	0	0	1663704799115
2445	688	0	0	0	0	0	0	1663704800135
2423	689	0	0	0	0	0	0	1663704801155
2409	690	0	0	0	0	0	0	1663704802175
2400	690	0	0	0	0	0	0	1663704803195
2396	689	0	0	0	0	0	0	1663704804215
2393	688	0	0	0	0	0	0	1663704805235
2391	688	0	0	0	0	0	0	1663704806255
2390	688	0	0	0	0	0	0	1663704807275
2389	688	0	0	0	0	0	0	1663704808295
2388	689	0	0	0	0	0	0	1663704809315
2387	689	0	0	0	0	0	0	1663704810335
11432	684	0	0	0	0	0	0	1663704811355
7814	683	0	0	0	0	0	0	1663704812375
5643	684	0	0	0	0	0	0	1663704813395
4340	684	0	0	0	0	0	0	1663704814415
3559	686	0	0	0	0	0	0	1663704815435
3090	685	0	0	0	0	0	0	1663704816455
2809	685	0	0	0	0	0	0	1663704817475
2640	686	0	0	0	0	0	0	1663704818495
2539	688	0	0	0	0	0	0	1663704819515
2478	688	0	0	0	0	0	0	1663704820535
2442	687	0	0	0	0	0	0	1663704821555
2420	688	0	0	0	0	0	0	1663704822575
2407	689	0	0	0	0	0	0	1663704823595
2399	690	0	0	0	0	0	0	1663704824615
2394	689	0	0	0	0	0	0	1663704825635
2391	689	0	0	0	0	0	0	1663704826655
2389	689	0	0	0	0	0	0	1663704827675
2388	689	0	0	0	0	0	0	1663704828695
2387	688	0	0	0	0	0	0	1663704829715
2387	688	0	0	0	0	0	0	1663704830735
2387	689	0	0	0	0	0	0	1663704831755
2387	688	0	0	0	0	0	0	1663704832775
2387	687	0	0	0	0	0	0	1663704833795
2387	679	0	0	0	0	0	0	1663704834815
2387	674	0	0	0	0	0	0	1663704835835
2387	678	0	0	0	0	0	0	1663704836855
2387	681	0	0	0	0	0	0	1663704837875
2387	681	0	0	0	0	0	0	1663704838895
2387	676	0	0	0	0	0	0	1663704839915
2387	673	0	0	0	0	0	0	1663704840935
2387	670	0	0	0	0	0	0	1663704841955
2387	670	0	0	0	0	0	0	1663704842975
2387	676	0	0	0	0	0	0	1663704843995
2387	679	0	0	0	0	0	0	1663704845015
2387	680	0	0	0	0	0	0	1663704846035
2387	680	0	0	0	0	0	0	1663704847055
2387	682	0	0	0	0	0	0	1663704848075
2387	680	0	0	0	0	0	0	1663704849095
2387	681	0	0	0	0	0	0	1663704850115
2387	682	0	0	0	0	0	0	1663704851135
2387	681	0	0	0	0	0	0	1663704852155
2386	682	0	0	0	0	0	0	1663704853175
2386	681	0	0	0	0	0	0	1663704854195
2386	678	0	0	0	0	0	0	1663704855215
2386	674	0	0	0	0	0	0	1663704856235
2386	675	0	0	0	0	0	0	1663704857255
2386	676	0	0	0	0	0	0	1663704858275
2386	675	0	0	0	0	0	0	1663704859295
2386	674	0	0	0	0	0	0	1663704860315
2386	674	0	0	0	0	0	0	1663704861335
2386	676	0	0	0	0	0	0	1663704862355
2387	676	0	0	0	0	0	0	1663704863375
2387	675	0	0	0	0	0	0	1663704864395
2387	676	0	0	0	0	0	0	1663704865415
2387	676	0	0	0	0	0	0	1663704866435
2387	677	0	0	0	0	0	0	1663704867455
2387	675	0	0	0	0	0	0	1663704868475
2387	675	0	0	0	0	0	0	1663704869495
2387	676	0	0	0	0	0	0	1663704870515
2387	676	0	0	0	0	0	0	1663704871535
2387	675	0	0	0	0	0	0	1663704872555
2387	675	0	0	0	0	0	0	1663704873575
2387	675	0	0	0	0	0	0	1663704874595
2387	675	0	0	0	0	0	0	1663704875615
2387	675	0	0	0	0	0	0	1663704876635
2386	672	0	0	0	0	0	0	1663704877655
2386	673	0	0	0	0	0	0	1663704878675
2387	672	0	0	0	0	0	0	1663704879695
2386	672	0	0	0	0	0	0	1663704880715
2386	670	0	0	0	0	0	0	1663704881735
2386	670	0	0	0	0	0	0	1663704882755
2386	671	0	0	0	0	0	0	1663704883775
2386	669	0	0	0	0	0	0	1663704884795
2386	668	0	0	0	0	0	0	1663704885815
2386	668	0	0	0	0	0	0	1663704886835
2386	668	0	0	0	0	0	0	1663704887855
2386	667	0	0	0	0	0	0	1663704888875
2386	668	0	0	0	0	0	0	1663704889895
2387	667	0	0	0	0	0	0	1663704890915
2387	666	0	0	0	0	0	0	1663704891935
2387	666	0	0	0	0	0	0	1663704892955
2387	666	0	0	0	0	0	0	1663704893975
2387	666	0	0	0	0	0	0	1663704894995
2387	666	0	0	0	0	0	0	1663704896015
2387	666	0	0	0	0	0	0	1663704897035
2387	668	0	0	0	0	0	0	1663704898055
2387	667	0	0	0	0	0	0	1663704899075
2387	666	0	0	0	0	0	0	1663704900095
2387	666	0	0	0	0	0	0	1663704901115
2387	666	0	0	0	0	0	0	1663704902135
2387	666	0	0	0	0	0	0	1663704903155
2387	666	0	0	0	0	0	0	1663704904175
2387	666	0	0	0	0	0	0	1663704905195
2387	666	0	0	0	0	0	0	1663704906215
2387	665	0	0	0	0	0	0	1663704907235
2387	665	0	0	0	0	0	0	1663704908255
2387	665	0	0	0	0	0	0	1663704909275
2387	664	0	0	0	0	0	0	1663704910295
2387	663	0	0	0	0	0	0	1663704911315
2387	663	0	0	0	0	0	0	1663704912335
2387	663	0	0	0	0	0	0	1663704913355
2387	663	0	0	0	0	0	0	1663704914375
2387	663	0	0	0	0	0	0	1663704915395
2387	663	0	0	0	0	0	0	1663704916415
2387	663	0	0	0	0	0	0	1663704917435
2387	663	0	0	0	0	0	0	1663704918455
2387	663	0	0	0	0	0	0	1663704919475
2387	663	0	0	0	0	0	0	1663704920495
2387	663	0	0	0	0	0	0	1663704921515
2387	663	0	0	0	0	0	0	1663704922535
2387	663	0	0	0	0	0	0	1663704923555
2387	664	0	0	0	0	0	0	1663704924575
2387	664	0	0	0	0	0	0	1663704925595
2387	664	0	0	0	0	0	0	1663704926615
2387	663	0	0	0	0	0	0	1663704927635
2387	663	0	0	0	0	0	0	1663704928655
2387	663	0	0	0	0	0	0	1663704929675
2387	663	0	0	0	0	0	0	1663704930695
2387	663	0	0	0	0	0	0	1663704931715
2387	663	0	0	0	0	0	0	1663704932735
2387	663	0	0	0	0	0	0	1663704933755
2387	663	0	0	0	0	0	0	1663704934775
2387	663	0	0	0	0	0	0	1663704935795
2387	663	0	0	0	0	0	0	1663704936815
2387	663	0	0	0	0	0	0	1663704937835
2387	664	0	0	0	0	0	0	1663704938855
2387	664	0	0	0	0	0	0	1663704939875
2387	664	0	0	0	0	0	0	1663704940895
2387	663	0	0	0	0	0	0	1663704941915
2387	663	0	0	0	0	0	0	1663704942935
2387	663	0	0	0	0	0	0	1663704943955
2387	663	0	0	0	0	0	0	1663704944975
2387	663	0	0	0	0	0	0	1663704945995
2387	663	0	0	0	0	0	0	1663704947015
2387	663	0	0	0	0	0	0	1663704948035
2387	663	0	0	0	0	0	0	1663704949055
2387	663	0	0	0	0	0	0	1663704950075
2387	663	0	0	0	0	0	0	1663704951095
2387	663	0	0	0	0	0	0	1663704952115
2387	663	0	0	0	0	0	0	1663704953135
2387	663	0	0	0	0	0	0	1663704954155
2387	663	0	0	0	0	0	0	1663704955175
2387	663	0	0	0	0	0	0	1663704956195
2387	663	0	0	0	0	0	0	1663704957215
2387	663	0	0	0	0	0	0	1663704958235
2387	663	0	0	0	0	0	0	1663704959255
2387	663	0	0	0	0	0	0	1663704960275
2387	663	0	0	0	0	0	0	1663704961295
2387	663	0	0	0	0	0	0	1663704962315
2387	663	0	0	0	0	0	0	1663704963335
2387	663	0	0	0	0	0	0	1663704964355
2387	663	0	0	0	0	0	0	1663704965375
2387	663	0	0	0	0	0	0	1663704966395
2387	663	0	0	0	0	0	0	1663704967415
2386	663	0	0	0	0	0	0	1663704968435
2387	663	0	0	0	0	0	0	1663704969455
2387	668	0	0	0	0	0	0	1663704970475
2387	666	0	0	0	0	0	0	1663704971495
2387	665	0	0	0	0	0	0	1663704972515
2387	664	0	0	0	0	0	0	1663704973535
2387	664	0	0	0	0	0	0	1663704974555
2387	663	0	0	0	0	0	0	1663704975575
2387	663	0	0	0	0	0	0	1663704976595
2387	663	0	0	0	0	0	0	1663704977615
2387	663	0	0	0	0	0	0	1663704978635
2387	663	0	0	0	0	0	0	1663704979655
2387	663	0	0	0	0	0	0	1663704980675
2387	663	0	0	0	0	0	0	1663704981695
2387	663	0	0	0	0	0	0	1663704982715
2387	663	0	0	0	0	0	0	1663704983735
2387	663	0	0	0	0	0	0	1663704984755
2387	663	0	0	0	0	0	0	1663704985775
2387	663	0	0	0	0	0	0	1663704986795
2387	663	0	0	0	0	0	0	1663704987815
2387	663	0	0	0	0	0	0	1663704988835
2387	663	0	0	0	0	0	0	1663704989855
2387	663	0	0	0	0	0	0	1663704990875
2387	663	0	0	0	0	0	0	1663704991895
2387	663	0	0	0	0	0	0	1663704992915
2387	663	0	0	0	0	0	0	1663704993935
2387	663	0	0	0	0	0	0	1663704994955
2387	663	0	0	0	0	0	0	1663704995975
2387	663	0	0	0	0	0	0	1663704996995
2387	663	0	0	0	0	0	0	1663704998015
2387	663	0	0	0	0	0	0	1663704999035
2387	663	0	0	0	0	0	0	1663705000055
2387	663	0	0	0	0	0	0	1663705001075
2387	663	0	0	0	0	0	0	1663705002095
2387	663	0	0	0	0	0	0	1663705003115
2387	663	0	0	0	0	0	0	1663705004135
2387	663	0	0	0	0	0	0	1663705005155
2387	663	0	0	0	0	0	0	1663705006175
2387	663	0	0	0	0	0	0	1663705007195
2387	663	0	0	0	0	0	0	1663705008215
2387	663	0	0	0	0	0	0	1663705009235
2387	663	0	0	0	0	0	0	1663705010255
2387	663	0	0	0	0	0	0	1663705011275
2387	663	0	0	0	0	0	0	1663705012295
2387	663	0	0	0	0	0	0	1663705013315
2387	663	0	0	0	0	0	0	1663705014335
2387	663	0	0	0	0	0	0	1663705015355
2387	663	0	0	0	0	0	0	1663705016375
2387	663	0	0	0	0	0	0	1663705017395
2387	663	0	0	0	0	0	0	1663705018415
2387	663	0	0	0	0	0	0	1663705019435
2387	663	0	0	0	0	0	0	1663705020455
2387	663	0	0	0	0	0	0	1663705021475
2387	663	0	0	0	0	0	0	1663705022495
2387	663	0	0	0	0	0	0	1663705023515
2387	663	0	0	0	0	0	0	1663705024535
2387	663	0	0	0	0	0	0	1663705025555
2387	663	0	0	0	0	0	0	1663705026575
2387	663	0	0	0	0	0	0	1663705027595
2387	663	0	0	0	0	0	0	1663705028615
2387	663	0	0	0	0	0	0	1663705029635
2387	663	0	0	0	0	0	0	1663705030655
2387	663	0	0	0	0	0	0	1663705031675
2386	663	0	0	0	0	0	0	1663705032695
2386	663	0	0	0	0	0	0	1663705033715
2386	663	0	0	0	0	0	0	1663705034735
2386	663	0	0	0	0	0	0	1663705035755
2386	663	0	0	0	0	0	0	1663705036775
2386	663	0	0	0	0	0	0	1663705037795
2386	663	0	0	0	0	0	0	1663705038815
2387	663	0	0	0	0	0	0	1663705039835
2387	663	0	0	0	0	0	0	1663705040855
2387	663	0	0	0	0	0	0	1663705041875
2387	663	0	0	0	0	0	0	1663705042895
2387	663	0	0	0	0	0	0	1663705043915
2387	663	0	0	0	0	0	0	1663705044935
2387	663	0	0	0	0	0	0	1663705045955
2387	663	0	0	0	0	0	0	1663705046975
2387	663	0	0	0	0	0	0	1663705047995
2387	663	0	0	0	0	0	0	1663705049015
2387	663	0	0	0	0	0	0	1663705050035
2387	663	0	0	0	0	0	0	1663705051055
2387	663	0	0	0	0	0	0	1663705052075
2387	663	0	0	0	0	0	0	1663705053095
2387	663	0	0	0	0	0	0	1663705054115
2387	663	0	0	0	0	0	0	1663705055135
2387	663	0	0	0	0	0	0	1663705056155
2387	663	0	0	0	0	0	0	1663705057175
2387	663	0	0	0	0	0	0	1663705058195
2387	663	0	0	0	0	0	0	1663705059215
2387	663	0	0	0	0	0	0	1663705060235
2387	663	0	0	0	0	0	0	1663705061255
2387	663	0	0	0	0	0	0	1663705062275
2387	663	0	0	0	0	0	0	1663705063295
2387	663	0	0	0	0	0	0	1663705064315
2387	663	0	0	0	0	0	0	1663705065335
2387	663	0	0	0	0	0	0	1663705066355
2387	663	0	0	0	0	0	0	1663705067375
2387	663	0	0	0	0	0	0	1663705068395
2387	663	0	0	0	0	0	0	1663705069415
2387	663	0	0	0	0	0	0	1663705070435
2387	663	0	0	0	0	0	0	1663705071455
2387	663	0	0	0	0	0	0	1663705072475
2387	663	0	0	0	0	0	0	1663705073495
2387	663	0	0	0	0	0	0	1663705074515
2387	663	0	0	0	0	0	0	1663705075535
2387	663	0	0	0	0	0	0	1663705076555
2387	663	0	0	0	0	0	0	1663705077575
2387	663	0	0	0	0	0	0	1663705078595
2387	663	0	0	0	0	0	0	1663705079615
2387	663	0	0	0	0	0	0	1663705080635
2387	663	0	0	0	0	0	0	1663705081655
2387	663	0	0	0	0	0	0	1663705082675
2387	663	0	0	0	0	0	0	1663705083695
2387	663	0	0	0	0	0	0	1663705084715
2387	663	0	0	0	0	0	0	1663705085735
2387	663	0	0	0	0	0	0	1663705086755
2387	663	0	0	0	0	0	0	1663705087775
2387	663	0	0	0	0	0	0	1663705088795
2387	663	0	0	0	0	0	0	1663705089815
2387	663	0	0	0	0	0	0	1663705090835
2387	663	0	0	0	0	0	0	1663705091855
2387	663	0	0	0	0	0	0	1663705092875
2387	663	0	0	0	0	0	0	1663705093895
2387	663	0	0	0	0	0	0	1663705094915
2387	663	0	0	0	0	0	0	1663705095935
2387	663	0	0	0	0	0	0	1663705096955
2387	663	0	0	0	0	0	0	1663705097975
2387	663	0	0	0	0	0	0	1663705098995
2387	663	0	0	0	0	0	0	1663705100015
2387	663	0	0	0	0	0	0	1663705101035
11432	663	0	0	0	0	0	0	1663705102055
7814	663	0	0	0	0	0	0	1663705103075
5643	663	0	0	0	0	0	0	1663705104095
4340	663	0	0	0	0	0	0	1663705105115
3559	663	0	0	0	0	0	0	1663705106135
3090	663	0	0	0	0	0	0	1663705107155
2809	663	0	0	0	0	0	0	1663705108175
2640	663	0	0	0	0	0	0	1663705109195
2539	663	0	0	0	0	0	0	1663705110215
2478	663	0	0	0	0	0	0	1663705111235
2442	663	0	0	0	0	0	0	1663705112255
2420	663	0	0	0	0	0	0	1663705113275
2407	663	0	0	0	0	0	0	1663705114295
2399	663	0	0	0	0	0	0	1663705115315
2394	663	0	0	0	0	0	0	1663705116335
2391	663	0	0	0	0	0	0	1663705117355
2389	663	0	0	0	0	0	0	1663705118375
2388	663	0	0	0	0	0	0	1663705119395
2387	663	0	0	0	0	0	0	1663705120415
2387	663	0	0	0	0	0	0	1663705121435
2387	663	0	0	0	0	0	0	1663705122455
2387	663	0	0	0	0	0	0	1663705123475
2387	663	0	0	0	0	0	0	1663705124495
2387	663	0	0	0	0	0	0	1663705125515
2387	663	0	0	0	0	0	0	1663705126535
2387	663	0	0	0	0	0	0	1663705127555
2387	663	0	0	0	0	0	0	1663705128575
2386	663	0	0	0	0	0	0	1663705129595
2385	663	0	0	0	0	0	0	1663705130615
2380	663	0	0	0	0	0	0	1663705131635
2372	663	0	0	0	0	0	0	1663705132655
2367	663	0	0	0	0	0	0	1663705133675
2364	663	0	0	0	0	0	0	1663705134695
2371	663	0	0	0	0	0	0	1663705135715
2377	663	0	0	0	0	0	0	1663705136735
2381	663	0	0	0	0	0	0	1663705137755
2383	663	0	0	0	0	0	0	1663705138775
2384	663	0	0	0	0	0	0	1663705139795
2385	663	0	0	0	0	0	0	1663705140815
2386	663	0	0	0	0	0	0	1663705141835
2386	663	0	0	0	0	0	0	1663705142855
2387	663	0	0	0	0	0	0	1663705143875
2387	663	0	0	0	0	0	0	1663705144895
2387	663	0	0	0	0	0	0	1663705145915
2387	663	0	0	0	0	0	0	1663705146935
2387	663	0	0	0	0	0	0	1663705147955
2387	663	0	0	0	0	0	0	1663705148975
2387	663	0	0	0	0	0	0	1663705149995
2387	663	0	0	0	0	0	0	1663705151015
2387	663	0	0	0	0	0	0	1663705152035
2387	663	0	0	0	0	0	0	1663705153055
2387	663	0	0	0	0	0	0	1663705154075
2387	663	0	0	0	0	0	0	1663705155095
2387	663	0	0	0	0	0	0	1663705156115
2387	663	0	0	0	0	0	0	1663705157135
2387	663	0	0	0	0	0	0	1663705158155
2387	663	0	0	0	0	0	0	1663705159175
2387	663	0	0	0	0	0	0	1663705160195
2387	663	0	0	0	0	0	0	1663705161215
2386	663	0	0	0	0	0	0	1663705162235
2387	663	0	0	0	0	0	0	1663705163255
2387	663	0	0	0	0	0	0	1663705164275
2387	663	0	0	0	0	0	0	1663705165295
2387	663	0	0	0	0	0	0	1663705166315
2387	663	0	0	0	0	0	0	1663705167335
2387	663	0	0	0	0	0	0	1663705168355
2387	663	0	0	0	0	0	0	1663705169375
2387	663	0	0	0	0	0	0	1663705170395
2387	663	0	0	0	0	0	0	1663705171415
2387	663	0	0	0	0	0	0	1663705172435
2387	663	0	0	0	0	0	0	1663705173455
2387	663	0	0	0	0	0	0	1663705174475
2387	663	0	0	0	0	0	0	1663705175495
2387	663	0	0	0	0	0	0	1663705176515
2387	663	0	0	0	0	0	0	1663705177535
2387	663	0	0	0	0	0	0	1663705178555
2387	663	0	0	0	0	0	0	1663705179575
2387	663	0	0	0	0	0	0	1663705180595
2387	663	0	0	0	0	0	0	1663705181615
2387	663	0	0	0	0	0	0	1663705182635
2387	663	0	0	0	0	0	0	1663705183655
2387	663	0	0	0	0	0	0	1663705184675
2387	663	0	0	0	0	0	0	1663705185695
2387	663	0	0	0	0	0	0	1663705186715
2387	663	0	0	0	0	0	0	1663705187735
2387	663	0	0	0	0	0	0	1663705188755
2387	663	0	0	0	0	0	0	1663705189775
2387	663	0	0	0	0	0	0	1663705190795
2387	663	0	0	0	0	0	0	1663705191815
2387	663	0	0	0	0	0	0	1663705192835
2387	663	0	0	0	0	0	0	1663705193855
2387	663	0	0	0	0	0	0	1663705194875
2387	663	0	0	0	0	0	0	1663705195895
2387	663	0	0	0	0	0	0	1663705196915
2387	663	0	0	0	0	0	0	1663705197935
2387	663	0	0	0	0	0	0	1663705198955
2387	663	0	0	0	0	0	0	1663705199975
2387	663	0	0	0	0	0	0	1663705200995
2387	663	0	0	0	0	0	0	1663705202015
2387	663	0	0	0	0	0	0	1663705203035
2387	663	0	0	0	0	0	0	1663705204055
2387	663	0	0	0	0	0	0	1663705205075
2387	663	0	0	0	0	0	0	1663705206095
2387	663	0	0	0	0	0	0	1663705207115
2387	663	0	0	0	0	0	0	1663705208135
2387	663	0	0	0	0	0	0	1663705209155
2387	663	0	0	0	0	0	0	1663705210175
2387	663	0	0	0	0	0	0	1663705211195
2387	663	0	0	0	0	0	0	1663705212215
2387	663	0	0	0	0	0	0	1663705213235
2387	663	0	0	0	0	0	0	1663705214255
2387	663	0	0	0	0	0	0	1663705215275
2387	663	0	0	0	0	0	0	1663705216295
2387	663	0	0	0	0	0	0	1663705217315
2387	663	0	0	0	0	0	0	1663705218335
2387	663	0	0	0	0	0	0	1663705219355
2387	663	0	0	0	0	0	0	1663705220375
2387	663	0	0	0	0	0	0	1663705221395
2386	663	0	0	0	0	0	0	1663705222415
2386	663	0	0	0	0	0	0	1663705223435
2386	663	0	0	0	0	0	0	1663705224455
2386	663	0	0	0	0	0	0	1663705225475
2386	663	0	0	0	0	0	0	1663705226495
2386	663	0	0	0	0	0	0	1663705227515
2387	663	0	0	0	0	0	0	1663705228535
2387	663	0	0	0	0	0	0	1663705229555
2387	663	0	0	0	0	0	0	1663705230575
2387	663	0	0	0	0	0	0	1663705231595
2387	663	0	0	0	0	0	0	1663705232615
2387	663	0	0	0	0	0	0	1663705233635
2387	663	0	0	0	0	0	0	1663705234655
2387	663	0	0	0	0	0	0	1663705235675
2387	663	0	0	0	0	0	0	1663705236695
2387	663	0	0	0	0	0	0	1663705237715
2387	663	0	0	0	0	0	0	1663705238735
2387	663	0	0	0	0	0	0	1663705239755
2387	663	0	0	0	0	0	0	1663705240775
2387	663	0	0	0	0	0	0	1663705241795
2387	663	0	0	0	0	0	0	1663705242815
2387	663	0	0	0	0	0	0	1663705243835
2387	663	0	0	0	0	0	0	1663705244855
2387	663	0	0	0	0	0	0	1663705245875
2387	663	0	0	0	0	0	0	1663705246895
2387	663	0	0	0	0	0	0	1663705247915
2387	663	0	0	0	0	0	0	1663705248935
2387	663	0	0	0	0	0	0	1663705249955
2387	663	0	0	0	0	0	0	1663705250975
2387	663	0	0	0	0	0	0	1663705251995
2387	663	0	0	0	0	0	0	1663705253015
2387	663	0	0	0	0	0	0	1663705254035
2387	663	0	0	0	0	0	0	1663705255055
2387	663	0	0	0	0	0	0	1663705256075
2387	663	0	0	0	0	0	0	1663705257095
2387	663	0	0	0	0	0	0	1663705258115
2387	663	0	0	0	0	0	0	1663705259135
2387	663	0	0	0	0	0	0	1663705260155
2387	663	0	0	0	0	0	0	1663705261175
2387	663	0	0	0	0	0	0	1663705262195
2387	663	0	0	0	0	0	0	1663705263215
2387	663	0	0	0	0	0	0	1663705264235
2387	663	0	0	0	0	0	0	1663705265255
2387	663	0	0	0	0	0	0	1663705266275
2387	663	0	0	0	0	0	0	1663705267295
2387	663	0	0	0	0	0	0	1663705268315
2387	663	0	0	0	0	0	0	1663705269335
2387	663	0	0	0	0	0	0	1663705270355
2387	663	0	0	0	0	0	0	1663705271375
2387	663	0	0	0	0	0	0	1663705272395
2387	663	0	0	0	0	0	0	1663705273415
2387	663	0	0	0	0	0	0	1663705274435
2387	663	0	0	0	0	0	0	1663705275455
2387	663	0	0	0	0	0	0	1663705276475
2387	663	0	0	0	0	0	0	1663705277495
2387	663	0	0	0	0	0	0	1663705278515
2387	663	0	0	0	0	0	0	1663705279535
2387	663	0	0	0	0	0	0	1663705280555
2387	663	0	0	0	0	0	0	1663705281575
2387	663	0	0	0	0	0	0	1663705282595
2387	663	0	0	0	0	0	0	1663705283615
2387	663	0	0	0	0	0	0	1663705284635
2387	663	0	0	0	0	0	0	1663705285655
2387	663	0	0	0	0	0	0	1663705286675
2387	663	0	0	0	0	0	0	1663705287695
2387	663	0	0	0	0	0	0	1663705288715
2387	663	0	0	0	0	0	0	1663705289735
2387	663	0	0	0	0	0	0	1663705290755
2387	663	0	0	0	0	0	0	1663705291775
2387	663	0	0	0	0	0	0	1663705292795
2387	663	0	0	0	0	0	0	1663705293815
2387	663	0	0	0	0	0	0	1663705294835
2387	663	0	0	0	0	0	0	1663705295855
2387	663	0	0	0	0	0	0	1663705296875
2387	663	0	0	0	0	0	0	1663705297895
2387	663	0	0	0	0	0	0	1663705298915
2387	663	0	0	0	0	0	0	1663705299935
2387	663	0	0	0	0	0	0	1663705300955
2387	663	0	0	0	0	0	0	1663705301975
2387	663	0	0	0	0	0	0	1663705302995
2387	663	0	0	0	0	0	0	1663705304015
2387	663	0	0	0	0	0	0	1663705305035
2387	663	0	0	0	0	0	0	1663705306055
2387	663	0	0	0	0	0	0	1663705307075
2387	663	0	0	0	0	0	0	1663705308095
2387	663	0	0	0	0	0	0	1663705309115
2387	663	0	0	0	0	0	0	1663705310135
2387	663	0	0	0	0	0	0	1663705311155
2387	663	0	0	0	0	0	0	1663705312175
2387	663	0	0	0	0	0	0	1663705313195
2387	663	0	0	0	0	0	0	1663705314215
2387	663	0	0	0	0	0	0	1663705315235
2387	663	0	0	0	0	0	0	1663705316255
2387	663	0	0	0	0	0	0	1663705317275
2387	663	0	0	0	0	0	0	1663705318295
2387	663	0	0	0	0	0	0	1663705319315
2387	663	0	0	0	0	0	0	1663705320335
2387	662	0	0	0	0	0	0	1663705321355
2387	650	0	0	0	0	0	0	1663705322375
2387	655	0	0	0	0	0	0	1663705323395
2387	658	0	0	0	0	0	0	1663705324415
2387	660	0	0	0	0	0	0	1663705325435
2387	661	0	0	0	0	0	0	1663705326455
2387	662	0	0	0	0	0	0	1663705327475
2387	662	0	0	0	0	0	0	1663705328495
2387	662	0	0	0	0	0	0	1663705329515
2387	662	0	0	0	0	0	0	1663705330535
2387	662	0	0	0	0	0	0	1663705331555
2387	662	0	0	0	0	0	0	1663705332575
2387	662	0	0	0	0	0	0	1663705333595
2387	662	0	0	0	0	0	0	1663705334615
2387	662	0	0	0	0	0	0	1663705335635
2387	662	0	0	0	0	0	0	1663705336655
2387	662	0	0	0	0	0	0	1663705337675
2387	662	0	0	0	0	0	0	1663705338695
2387	662	0	0	0	0	0	0	1663705339715
2387	662	0	0	0	0	0	0	1663705340735
2387	662	0	0	0	0	0	0	1663705341755
2387	662	0	0	0	0	0	0	1663705342775
2387	662	0	0	0	0	0	0	1663705343795
2387	662	0	0	0	0	0	0	1663705344815
2387	662	0	0	0	0	0	0	1663705345835
2387	662	0	0	0	0	0	0	1663705346855
2387	662	0	0	0	0	0	0	1663705347875
2387	662	0	0	0	0	0	0	1663705348895
2387	662	0	0	0	0	0	0	1663705349915
2387	662	0	0	0	0	0	0	1663705350935
2387	662	0	0	0	0	0	0	1663705351955
2387	662	0	0	0	0	0	0	1663705352975
2387	662	0	0	0	0	0	0	1663705353995
2387	662	0	0	0	0	0	0	1663705355015
2387	662	0	0	0	0	0	0	1663705356035
2387	662	0	0	0	0	0	0	1663705357055
2387	663	0	0	0	0	0	0	1663705358075
2387	663	0	0	0	0	0	0	1663705359095
2387	663	0	0	0	0	0	0	1663705360115
2387	663	0	0	0	0	0	0	1663705361135
2387	663	0	0	0	0	0	0	1663705362155
2387	663	0	0	0	0	0	0	1663705363175
