2927	2396	0	0	0	0	0	0	1653684551387
2910	2393	0	0	0	0	0	0	1653684552407
2888	2391	0	0	0	0	0	0	1653684553427
2867	2390	0	0	0	0	0	0	1653684554447
2844	2389	0	0	0	0	0	0	1653684555467
2821	2389	0	0	0	0	0	0	1653684556487
2800	2389	0	0	0	0	0	0	1653684557507
2783	2389	0	0	0	0	0	0	1653684558527
2765	2389	0	0	0	0	0	0	1653684559547
2751	2389	0	0	0	0	0	0	1653684560567
2736	2389	0	0	0	0	0	0	1653684561587
2722	2389	0	0	0	0	0	0	1653684562607
2714	2388	0	0	0	0	0	0	1653684563627
2700	2388	0	0	0	0	0	0	1653684564647
2689	2388	0	0	0	0	0	0	1653684565667
2700	2388	0	0	0	0	0	0	1653684566687
2679	2388	0	0	0	0	0	0	1653684567707
2665	2388	0	0	0	0	0	0	1653684568727
2657	2388	0	0	0	0	0	0	1653684569747
2648	2388	0	0	0	0	0	0	1653684570767
2636	2388	0	0	0	0	0	0	1653684571787
2628	2388	0	0	0	0	0	0	1653684572807
2624	2388	0	0	0	0	0	0	1653684573827
2621	2389	0	0	0	0	0	0	1653684574847
2616	2393	0	0	0	0	0	0	1653684575867
2606	2394	0	0	0	0	0	0	1653684576887
2599	2395	0	0	0	0	0	0	1653684577907
2595	2399	0	0	0	0	0	0	1653684578927
2592	2405	0	0	0	0	0	0	1653684579947
2591	2409	0	0	0	0	0	0	1653684580967
2590	2412	0	0	0	0	0	0	1653684581987
2589	2413	0	0	0	0	0	0	1653684583007
2581	2414	0	0	0	0	0	0	1653684584027
2573	2415	0	0	0	0	0	0	1653684585047
2568	2416	0	0	0	0	0	0	1653684586067
2565	2416	0	0	0	0	0	0	1653684587087
2563	2416	0	0	0	0	0	0	1653684588107
2562	2416	0	0	0	0	0	0	1653684589127
2562	2416	0	0	0	0	0	0	1653684590147
2562	2416	0	0	0	0	0	0	1653684591167
2558	2416	0	0	0	0	0	0	1653684592187
2554	2416	0	0	0	0	0	0	1653684593207
2547	2416	0	0	0	0	0	0	1653684594227
2542	2416	0	0	0	0	0	0	1653684595247
2538	2416	0	0	0	0	0	0	1653684596267
2536	2416	0	0	0	0	0	0	1653684597287
2535	2416	0	0	0	0	0	0	1653684598307
2534	2416	0	0	0	0	0	0	1653684599327
2533	2416	0	0	0	0	0	0	1653684600347
2533	2416	0	0	0	0	0	0	1653684601367
2532	2416	0	0	0	0	0	0	1653684602387
2527	2416	0	0	0	0	0	0	1653684603407
2520	2416	0	0	0	0	0	0	1653684604427
2514	2416	0	0	0	0	0	0	1653684605447
2510	2416	0	0	0	0	0	0	1653684606467
2508	2416	0	0	0	0	0	0	1653684607487
2507	2416	0	0	0	0	0	0	1653684608507
2506	2416	0	0	0	0	0	0	1653684609527
2505	2416	0	0	0	0	0	0	1653684610547
2504	2416	0	0	0	0	0	0	1653684611567
2503	2416	0	0	0	0	0	0	1653684612587
2504	2416	0	0	0	0	0	0	1653684613607
2504	2416	0	0	0	0	0	0	1653684614627
2504	2416	0	0	0	0	0	0	1653684615647
2504	2416	0	0	0	0	0	0	1653684616667
2503	2416	0	0	0	0	0	0	1653684617687
2502	2416	0	0	0	0	0	0	1653684618707
2493	2416	0	0	0	0	0	0	1653684619727
2486	2416	0	0	0	0	0	0	1653684620747
2482	2416	0	0	0	0	0	0	1653684621767
2479	2416	0	0	0	0	0	0	1653684622787
2478	2416	0	0	0	0	0	0	1653684623807
2477	2416	0	0	0	0	0	0	1653684624827
2477	2416	0	0	0	0	0	0	1653684625847
2476	2416	0	0	0	0	0	0	1653684626867
2475	2416	0	0	0	0	0	0	1653684627887
2475	2416	0	0	0	0	0	0	1653684628907
2475	2416	0	0	0	0	0	0	1653684629927
2475	2416	0	0	0	0	0	0	1653684630947
2476	2416	0	0	0	0	0	0	1653684631967
2476	2416	0	0	0	0	0	0	1653684632987
2475	2416	0	0	0	0	0	0	1653684634007
2470	2416	0	0	0	0	0	0	1653684635027
2462	2416	0	0	0	0	0	0	1653684636047
2457	2408	0	0	0	0	0	0	1653684637067
2453	2403	0	0	0	0	0	0	1653684638087
2451	2400	0	0	0	0	0	0	1653684639107
2450	2398	0	0	0	0	0	0	1653684640127
2449	2397	0	0	0	0	0	0	1653684641147
2448	2396	0	0	0	0	0	0	1653684642167
2448	2393	0	0	0	0	0	0	1653684643187
2448	2392	0	0	0	0	0	0	1653684644207
2448	2391	0	0	0	0	0	0	1653684645227
2448	2391	0	0	0	0	0	0	1653684646247
2447	2392	0	0	0	0	0	0	1653684647267
2446	2402	0	0	0	0	0	0	1653684648287
2443	2408	0	0	0	0	0	0	1653684649307
2436	2411	0	0	0	0	0	0	1653684650327
2430	2410	0	0	0	0	0	0	1653684651347
2426	2404	0	0	0	0	0	0	1653684652367
2424	2399	0	0	0	0	0	0	1653684653387
2422	2395	0	0	0	0	0	0	1653684654407
2421	2393	0	0	0	0	0	0	1653684655427
2420	2391	0	0	0	0	0	0	1653684656447
2420	2390	0	0	0	0	0	0	1653684657467
2420	2389	0	0	0	0	0	0	1653684658487
2420	2389	0	0	0	0	0	0	1653684659507
2420	2389	0	0	0	0	0	0	1653684660527
2420	2389	0	0	0	0	0	0	1653684661547
2419	2389	0	0	0	0	0	0	1653684662567
2419	2388	0	0	0	0	0	0	1653684663587
2419	2388	0	0	0	0	0	0	1653684664607
2419	2388	0	0	0	0	0	0	1653684665627
2419	2388	0	0	0	0	0	0	1653684666647
2416	2388	0	0	0	0	0	0	1653684667667
2410	2388	0	0	0	0	0	0	1653684668687
2404	2388	0	0	0	0	0	0	1653684669707
2399	2388	0	0	0	0	0	0	1653684670727
2396	2388	0	0	0	0	0	0	1653684671747
2397	2388	0	0	0	0	0	0	1653684672767
2396	2388	0	0	0	0	0	0	1653684673787
2395	2388	0	0	0	0	0	0	1653684674807
2393	2388	0	0	0	0	0	0	1653684675827
2392	2388	0	0	0	0	0	0	1653684676847
2392	2388	0	0	0	0	0	0	1653684677867
2392	2388	0	0	0	0	0	0	1653684678887
2392	2388	0	0	0	0	0	0	1653684679907
2392	2388	0	0	0	0	0	0	1653684680927
2392	2388	0	0	0	0	0	0	1653684681947
2392	2388	0	0	0	0	0	0	1653684682967
2392	2388	0	0	0	0	0	0	1653684683987
2392	2386	0	0	0	0	0	0	1653684685007
2392	2384	0	0	0	0	0	0	1653684686027
2392	2383	0	0	0	0	0	0	1653684687047
2392	2383	0	0	0	0	0	0	1653684688067
2392	2384	0	0	0	0	0	0	1653684689087
2392	2385	0	0	0	0	0	0	1653684690107
2392	2386	0	0	0	0	0	0	1653684691127
2392	2387	0	0	0	0	0	0	1653684692147
2391	2387	0	0	0	0	0	0	1653684693167
2391	2387	0	0	0	0	0	0	1653684694187
2391	2384	0	0	0	0	0	0	1653684695207
2391	2375	0	0	0	0	0	0	1653684696227
2390	2369	0	0	0	0	0	0	1653684697247
2387	2366	0	0	0	0	0	0	1653684698267
2387	2364	0	0	0	0	0	0	1653684699287
2382	2363	0	0	0	0	0	0	1653684700307
2375	2362	0	0	0	0	0	0	1653684701327
2370	2361	0	0	0	0	0	0	1653684702347
2367	2361	0	0	0	0	0	0	1653684703367
2365	2363	0	0	0	0	0	0	1653684704387
2364	2362	0	0	0	0	0	0	1653684705407
2364	2361	0	0	0	0	0	0	1653684706427
2364	2361	0	0	0	0	0	0	1653684707447
2363	2361	0	0	0	0	0	0	1653684708467
2363	2361	0	0	0	0	0	0	1653684709487
2363	2361	0	0	0	0	0	0	1653684710507
2363	2361	0	0	0	0	0	0	1653684711527
2363	2361	0	0	0	0	0	0	1653684712547
2363	2361	0	0	0	0	0	0	1653684713567
2363	2361	0	0	0	0	0	0	1653684714587
2362	2365	0	0	0	0	0	0	1653684715607
2358	2375	0	0	0	0	0	0	1653684716627
2354	2379	0	0	0	0	0	0	1653684717647
2347	2376	0	0	0	0	0	0	1653684718667
2350	2371	0	0	0	0	0	0	1653684719687
2355	2367	0	0	0	0	0	0	1653684720707
2358	2364	0	0	0	0	0	0	1653684721727
2360	2363	0	0	0	0	0	0	1653684722747
2357	2362	0	0	0	0	0	0	1653684723767
2353	2362	0	0	0	0	0	0	1653684724787
2347	2362	0	0	0	0	0	0	1653684725807
2343	2361	0	0	0	0	0	0	1653684726827
2340	2361	0	0	0	0	0	0	1653684727847
2338	2361	0	0	0	0	0	0	1653684728867
2336	2361	0	0	0	0	0	0	1653684729887
2336	2361	0	0	0	0	0	0	1653684730907
2336	2361	0	0	0	0	0	0	1653684731927
2336	2361	0	0	0	0	0	0	1653684732947
2335	2361	0	0	0	0	0	0	1653684733967
2335	2361	0	0	0	0	0	0	1653684734987
2335	2361	0	0	0	0	0	0	1653684736007
2335	2361	0	0	0	0	0	0	1653684737027
2335	2361	0	0	0	0	0	0	1653684738047
2335	2361	0	0	0	0	0	0	1653684739067
2335	2361	0	0	0	0	0	0	1653684740087
2335	2361	0	0	0	0	0	0	1653684741107
2335	2361	0	0	0	0	0	0	1653684742127
2335	2361	0	0	0	0	0	0	1653684743147
2336	2361	0	0	0	0	0	0	1653684744167
2336	2360	0	0	0	0	0	0	1653684745187
2336	2360	0	0	0	0	0	0	1653684746207
2336	2360	0	0	0	0	0	0	1653684747227
2335	2357	0	0	0	0	0	0	1653684748247
2335	2351	0	0	0	0	0	0	1653684749267
2334	2350	0	0	0	0	0	0	1653684750287
2332	2351	0	0	0	0	0	0	1653684751307
2332	2354	0	0	0	0	0	0	1653684752327
2331	2354	0	0	0	0	0	0	1653684753347
2323	2346	0	0	0	0	0	0	1653684754367
2318	2341	0	0	0	0	0	0	1653684755387
2314	2338	0	0	0	0	0	0	1653684756407
2313	2339	0	0	0	0	0	0	1653684757427
2312	2350	0	0	0	0	0	0	1653684758447
2313	2354	0	0	0	0	0	0	1653684759467
2313	2357	0	0	0	0	0	0	1653684760487
2312	2359	0	0	0	0	0	0	1653684761507
2310	2359	0	0	0	0	0	0	1653684762527
2308	2359	0	0	0	0	0	0	1653684763547
2308	2360	0	0	0	0	0	0	1653684764567
2307	2360	0	0	0	0	0	0	1653684765587
2307	2360	0	0	0	0	0	0	1653684766607
2307	2360	0	0	0	0	0	0	1653684767627
2307	2360	0	0	0	0	0	0	1653684768647
2307	2360	0	0	0	0	0	0	1653684769667
2307	2360	0	0	0	0	0	0	1653684770687
2307	2360	0	0	0	0	0	0	1653684771707
2307	2360	0	0	0	0	0	0	1653684772727
2307	2360	0	0	0	0	0	0	1653684773747
2307	2360	0	0	0	0	0	0	1653684774767
2307	2360	0	0	0	0	0	0	1653684775787
2307	2360	0	0	0	0	0	0	1653684776807
2307	2360	0	0	0	0	0	0	1653684777827
2306	2360	0	0	0	0	0	0	1653684778847
2307	2360	0	0	0	0	0	0	1653684779867
2307	2360	0	0	0	0	0	0	1653684780887
2307	2360	0	0	0	0	0	0	1653684781907
2307	2360	0	0	0	0	0	0	1653684782927
2307	2360	0	0	0	0	0	0	1653684783947
2307	2360	0	0	0	0	0	0	1653684784967
2307	2361	0	0	0	0	0	0	1653684785987
2305	2361	0	0	0	0	0	0	1653684787007
2306	2361	0	0	0	0	0	0	1653684788027
2304	2361	0	0	0	0	0	0	1653684789047
2302	2361	0	0	0	0	0	0	1653684790067
2298	2361	0	0	0	0	0	0	1653684791087
2296	2361	0	0	0	0	0	0	1653684792107
2295	2361	0	0	0	0	0	0	1653684793127
2291	2361	0	0	0	0	0	0	1653684794147
2290	2361	0	0	0	0	0	0	1653684795167
2286	2361	0	0	0	0	0	0	1653684796187
2284	2361	0	0	0	0	0	0	1653684797207
2282	2361	0	0	0	0	0	0	1653684798227
2280	2361	0	0	0	0	0	0	1653684799247
2280	2361	0	0	0	0	0	0	1653684800267
2279	2361	0	0	0	0	0	0	1653684801287
2279	2361	0	0	0	0	0	0	1653684802307
2279	2361	0	0	0	0	0	0	1653684803327
2280	2361	0	0	0	0	0	0	1653684804347
2279	2361	0	0	0	0	0	0	1653684805367
2279	2361	0	0	0	0	0	0	1653684806387
2279	2361	0	0	0	0	0	0	1653684807407
2279	2361	0	0	0	0	0	0	1653684808427
2279	2361	0	0	0	0	0	0	1653684809447
2279	2361	0	0	0	0	0	0	1653684810467
2279	2361	0	0	0	0	0	0	1653684811487
2279	2361	0	0	0	0	0	0	1653684812507
2279	2361	0	0	0	0	0	0	1653684813527
2279	2360	0	0	0	0	0	0	1653684814547
2279	2360	0	0	0	0	0	0	1653684815567
2279	2358	0	0	0	0	0	0	1653684816587
2279	2357	0	0	0	0	0	0	1653684817607
2279	2358	0	0	0	0	0	0	1653684818627
2279	2357	0	0	0	0	0	0	1653684819647
2279	2354	0	0	0	0	0	0	1653684820667
2279	2353	0	0	0	0	0	0	1653684821687
2279	2353	0	0	0	0	0	0	1653684822707
2279	2354	0	0	0	0	0	0	1653684823727
2279	2350	0	0	0	0	0	0	1653684824747
2279	2359	0	0	0	0	0	0	1653684825767
2279	2361	0	0	0	0	0	0	1653684826787
2278	2361	0	0	0	0	0	0	1653684827807
2271	2361	0	0	0	0	0	0	1653684828827
2264	2361	0	0	0	0	0	0	1653684829847
2261	2361	0	0	0	0	0	0	1653684830867
2257	2360	0	0	0	0	0	0	1653684831887
2255	2359	0	0	0	0	0	0	1653684832907
2255	2357	0	0	0	0	0	0	1653684833927
2254	2355	0	0	0	0	0	0	1653684834947
2253	2351	0	0	0	0	0	0	1653684835967
2252	2355	0	0	0	0	0	0	1653684836987
2252	2357	0	0	0	0	0	0	1653684838007
2251	2359	0	0	0	0	0	0	1653684839027
2251	2359	0	0	0	0	0	0	1653684840047
2251	2360	0	0	0	0	0	0	1653684841067
2251	2367	0	0	0	0	0	0	1653684842087
2251	2376	0	0	0	0	0	0	1653684843107
2251	2380	0	0	0	0	0	0	1653684844127
2251	2376	0	0	0	0	0	0	1653684845147
2251	2371	0	0	0	0	0	0	1653684846167
2251	2367	0	0	0	0	0	0	1653684847187
2251	2364	0	0	0	0	0	0	1653684848207
2251	2363	0	0	0	0	0	0	1653684849227
2251	2362	0	0	0	0	0	0	1653684850247
2251	2362	0	0	0	0	0	0	1653684851267
2251	2360	0	0	0	0	0	0	1653684852287
2251	2358	0	0	0	0	0	0	1653684853307
2251	2354	0	0	0	0	0	0	1653684854327
2250	2346	0	0	0	0	0	0	1653684855347
2251	2349	0	0	0	0	0	0	1653684856367
2251	2351	0	0	0	0	0	0	1653684857387
2251	2344	0	0	0	0	0	0	1653684858407
2251	2340	0	0	0	0	0	0	1653684859427
2251	2337	0	0	0	0	0	0	1653684860447
2251	2335	0	0	0	0	0	0	1653684861467
2251	2334	0	0	0	0	0	0	1653684862487
2251	2336	0	0	0	0	0	0	1653684863507
2251	2344	0	0	0	0	0	0	1653684864527
2251	2348	0	0	0	0	0	0	1653684865547
2251	2343	0	0	0	0	0	0	1653684866567
2251	2339	0	0	0	0	0	0	1653684867587
2251	2336	0	0	0	0	0	0	1653684868607
2251	2335	0	0	0	0	0	0	1653684869627
2251	2334	0	0	0	0	0	0	1653684870647
2251	2334	0	0	0	0	0	0	1653684871667
2251	2334	0	0	0	0	0	0	1653684872687
2251	2333	0	0	0	0	0	0	1653684873707
2251	2333	0	0	0	0	0	0	1653684874727
2251	2333	0	0	0	0	0	0	1653684875747
2251	2333	0	0	0	0	0	0	1653684876767
2251	2333	0	0	0	0	0	0	1653684877787
2251	2332	0	0	0	0	0	0	1653684878807
2251	2340	0	0	0	0	0	0	1653684879827
2251	2347	0	0	0	0	0	0	1653684880847
2251	2341	0	0	0	0	0	0	1653684881867
2251	2338	0	0	0	0	0	0	1653684882887
2251	2336	0	0	0	0	0	0	1653684883907
2251	2337	0	0	0	0	0	0	1653684884927
2249	2335	0	0	0	0	0	0	1653684885947
2245	2334	0	0	0	0	0	0	1653684886967
2245	2335	0	0	0	0	0	0	1653684887987
2244	2344	0	0	0	0	0	0	1653684889007
2241	2351	0	0	0	0	0	0	1653684890027
2237	2354	0	0	0	0	0	0	1653684891047
2233	2352	0	0	0	0	0	0	1653684892067
2230	2345	0	0	0	0	0	0	1653684893087
2228	2341	0	0	0	0	0	0	1653684894107
2226	2338	0	0	0	0	0	0	1653684895127
2227	2336	0	0	0	0	0	0	1653684896147
2226	2335	0	0	0	0	0	0	1653684897167
2225	2334	0	0	0	0	0	0	1653684898187
2224	2333	0	0	0	0	0	0	1653684899207
2224	2333	0	0	0	0	0	0	1653684900227
2224	2333	0	0	0	0	0	0	1653684901247
2224	2333	0	0	0	0	0	0	1653684902267
2224	2333	0	0	0	0	0	0	1653684903287
2223	2333	0	0	0	0	0	0	1653684904307
2223	2333	0	0	0	0	0	0	1653684905327
2223	2333	0	0	0	0	0	0	1653684906347
2223	2333	0	0	0	0	0	0	1653684907367
2223	2333	0	0	0	0	0	0	1653684908387
2223	2333	0	0	0	0	0	0	1653684909407
2223	2333	0	0	0	0	0	0	1653684910427
2223	2333	0	0	0	0	0	0	1653684911447
2223	2332	0	0	0	0	0	0	1653684912467
2223	2332	0	0	0	0	0	0	1653684913487
2223	2333	0	0	0	0	0	0	1653684914507
2223	2372	0	0	0	0	0	0	1653684915527
2223	2382	0	0	0	0	0	0	1653684916547
2223	2384	0	0	0	0	0	0	1653684917567
2223	2386	0	0	0	0	0	0	1653684918587
2223	2387	0	0	0	0	0	0	1653684919607
2216	2387	0	0	0	0	0	0	1653684920627
2209	2385	0	0	0	0	0	0	1653684921647
2204	2384	0	0	0	0	0	0	1653684922667
2201	2384	0	0	0	0	0	0	1653684923687
2199	2383	0	0	0	0	0	0	1653684924707
2200	2376	0	0	0	0	0	0	1653684925727
2206	2370	0	0	0	0	0	0	1653684926747
2213	2359	0	0	0	0	0	0	1653684927767
2217	2349	0	0	0	0	0	0	1653684928787
2212	2342	0	0	0	0	0	0	1653684929807
2207	2339	0	0	0	0	0	0	1653684930827
2202	2336	0	0	0	0	0	0	1653684931847
2200	2334	0	0	0	0	0	0	1653684932867
2199	2328	0	0	0	0	0	0	1653684933887
2199	2323	0	0	0	0	0	0	1653684934907
2199	2319	0	0	0	0	0	0	1653684935927
2198	2314	0	0	0	0	0	0	1653684936947
2197	2311	0	0	0	0	0	0	1653684937967
2197	2308	0	0	0	0	0	0	1653684938987
2202	2312	0	0	0	0	0	0	1653684940007
2200	2309	0	0	0	0	0	0	1653684941027
2198	2307	0	0	0	0	0	0	1653684942047
2196	2306	0	0	0	0	0	0	1653684943067
2196	2306	0	0	0	0	0	0	1653684944087
2196	2306	0	0	0	0	0	0	1653684945107
2195	2306	0	0	0	0	0	0	1653684946127
2195	2306	0	0	0	0	0	0	1653684947147
2195	2305	0	0	0	0	0	0	1653684948167
2195	2305	0	0	0	0	0	0	1653684949187
2195	2305	0	0	0	0	0	0	1653684950207
2195	2305	0	0	0	0	0	0	1653684951227
2195	2305	0	0	0	0	0	0	1653684952247
2195	2305	0	0	0	0	0	0	1653684953267
2195	2305	0	0	0	0	0	0	1653684954287
2195	2305	0	0	0	0	0	0	1653684955307
2195	2305	0	0	0	0	0	0	1653684956327
2195	2305	0	0	0	0	0	0	1653684957347
2194	2305	0	0	0	0	0	0	1653684958367
2194	2305	0	0	0	0	0	0	1653684959387
2194	2305	0	0	0	0	0	0	1653684960407
2194	2305	0	0	0	0	0	0	1653684961427
2194	2305	0	0	0	0	0	0	1653684962447
2194	2305	0	0	0	0	0	0	1653684963467
2195	2305	0	0	0	0	0	0	1653684964487
2195	2305	0	0	0	0	0	0	1653684965507
2195	2305	0	0	0	0	0	0	1653684966527
2195	2305	0	0	0	0	0	0	1653684967547
2195	2305	0	0	0	0	0	0	1653684968567
2195	2305	0	0	0	0	0	0	1653684969587
2195	2305	0	0	0	0	0	0	1653684970607
2194	2305	0	0	0	0	0	0	1653684971627
2194	2305	0	0	0	0	0	0	1653684972647
2195	2304	0	0	0	0	0	0	1653684973667
2195	2304	0	0	0	0	0	0	1653684974687
2195	2305	0	0	0	0	0	0	1653684975707
2195	2305	0	0	0	0	0	0	1653684976727
2195	2305	0	0	0	0	0	0	1653684977747
2195	2305	0	0	0	0	0	0	1653684978767
2195	2305	0	0	0	0	0	0	1653684979787
2195	2305	0	0	0	0	0	0	1653684980807
2194	2304	0	0	0	0	0	0	1653684981827
2193	2304	0	0	0	0	0	0	1653684982847
2193	2304	0	0	0	0	0	0	1653684983867
2193	2303	0	0	0	0	0	0	1653684984887
2193	2303	0	0	0	0	0	0	1653684985907
2194	2302	0	0	0	0	0	0	1653684986927
2195	2300	0	0	0	0	0	0	1653684987947
2195	2298	0	0	0	0	0	0	1653684988967
2195	2293	0	0	0	0	0	0	1653684989987
2194	2291	0	0	0	0	0	0	1653684991007
2192	2289	0	0	0	0	0	0	1653684992027
2188	2287	0	0	0	0	0	0	1653684993047
2183	2287	0	0	0	0	0	0	1653684994067
2178	2287	0	0	0	0	0	0	1653684995087
2175	2290	0	0	0	0	0	0	1653684996107
2172	2288	0	0	0	0	0	0	1653684997127
2170	2287	0	0	0	0	0	0	1653684998147
2168	2284	0	0	0	0	0	0	1653684999167
11300	2282	0	0	0	0	0	0	1653685000187
7647	2282	0	0	0	0	0	0	1653685001207
5455	2280	0	0	0	0	0	0	1653685002227
4140	2279	0	0	0	0	0	0	1653685003247
3350	2279	0	0	0	0	0	0	1653685004267
2877	2278	0	0	0	0	0	0	1653685005287
2593	2278	0	0	0	0	0	0	1653685006307
2423	2277	0	0	0	0	0	0	1653685007327
2320	2277	0	0	0	0	0	0	1653685008347
2259	2277	0	0	0	0	0	0	1653685009367
2222	2277	0	0	0	0	0	0	1653685010387
2200	2277	0	0	0	0	0	0	1653685011407
2186	2277	0	0	0	0	0	0	1653685012427
2178	2277	0	0	0	0	0	0	1653685013447
2173	2277	0	0	0	0	0	0	1653685014467
2171	2277	0	0	0	0	0	0	1653685015487
2169	2277	0	0	0	0	0	0	1653685016507
2168	2287	0	0	0	0	0	0	1653685017527
2167	2294	0	0	0	0	0	0	1653685018547
2167	2294	0	0	0	0	0	0	1653685019567
2167	2287	0	0	0	0	0	0	1653685020587
2167	2289	0	0	0	0	0	0	1653685021607
2167	2300	0	0	0	0	0	0	1653685022627
2167	2302	0	0	0	0	0	0	1653685023647
2167	2303	0	0	0	0	0	0	1653685024667
2167	2309	0	0	0	0	0	0	1653685025687
2167	2308	0	0	0	0	0	0	1653685026707
2167	2307	0	0	0	0	0	0	1653685027727
2167	2306	0	0	0	0	0	0	1653685028747
2167	2297	0	0	0	0	0	0	1653685029767
2167	2289	0	0	0	0	0	0	1653685030787
2167	2284	0	0	0	0	0	0	1653685031807
2167	2281	0	0	0	0	0	0	1653685032827
2167	2279	0	0	0	0	0	0	1653685033847
2167	2278	0	0	0	0	0	0	1653685034867
2167	2277	0	0	0	0	0	0	1653685035887
2167	2277	0	0	0	0	0	0	1653685036907
2167	2277	0	0	0	0	0	0	1653685037927
2167	2277	0	0	0	0	0	0	1653685038947
2167	2277	0	0	0	0	0	0	1653685039967
2167	2277	0	0	0	0	0	0	1653685040987
2167	2277	0	0	0	0	0	0	1653685042007
2167	2277	0	0	0	0	0	0	1653685043027
2167	2277	0	0	0	0	0	0	1653685044047
2167	2277	0	0	0	0	0	0	1653685045067
2167	2286	0	0	0	0	0	0	1653685046087
2167	2286	0	0	0	0	0	0	1653685047107
2167	2305	0	0	0	0	0	0	1653685048127
2169	2318	0	0	0	0	0	0	1653685049147
2168	2313	0	0	0	0	0	0	1653685050167
2174	2312	0	0	0	0	0	0	1653685051187
2177	2309	0	0	0	0	0	0	1653685052207
2173	2307	0	0	0	0	0	0	1653685053227
2170	2306	0	0	0	0	0	0	1653685054247
2169	2305	0	0	0	0	0	0	1653685055267
2168	2305	0	0	0	0	0	0	1653685056287
2168	2305	0	0	0	0	0	0	1653685057307
2168	2304	0	0	0	0	0	0	1653685058327
2167	2303	0	0	0	0	0	0	1653685059347
2167	2300	0	0	0	0	0	0	1653685060367
2167	2294	0	0	0	0	0	0	1653685061387
2167	2289	0	0	0	0	0	0	1653685062407
2167	2288	0	0	0	0	0	0	1653685063427
2167	2283	0	0	0	0	0	0	1653685064447
2167	2281	0	0	0	0	0	0	1653685065467
2167	2279	0	0	0	0	0	0	1653685066487
2167	2278	0	0	0	0	0	0	1653685067507
2167	2277	0	0	0	0	0	0	1653685068527
2167	2277	0	0	0	0	0	0	1653685069547
2167	2277	0	0	0	0	0	0	1653685070567
2167	2277	0	0	0	0	0	0	1653685071587
2167	2277	0	0	0	0	0	0	1653685072607
2167	2277	0	0	0	0	0	0	1653685073627
2167	2277	0	0	0	0	0	0	1653685074647
2167	2277	0	0	0	0	0	0	1653685075667
2167	2277	0	0	0	0	0	0	1653685076687
2167	2277	0	0	0	0	0	0	1653685077707
2167	2277	0	0	0	0	0	0	1653685078727
2167	2277	0	0	0	0	0	0	1653685079747
2167	2277	0	0	0	0	0	0	1653685080767
2167	2277	0	0	0	0	0	0	1653685081787
2167	2277	0	0	0	0	0	0	1653685082807
2167	2277	0	0	0	0	0	0	1653685083827
2167	2277	0	0	0	0	0	0	1653685084847
2167	2277	0	0	0	0	0	0	1653685085867
2167	2277	0	0	0	0	0	0	1653685086887
2167	2277	0	0	0	0	0	0	1653685087907
2166	2277	0	0	0	0	0	0	1653685088927
2166	2277	0	0	0	0	0	0	1653685089947
2166	2277	0	0	0	0	0	0	1653685090967
2167	2277	0	0	0	0	0	0	1653685091987
2167	2277	0	0	0	0	0	0	1653685093007
2167	2277	0	0	0	0	0	0	1653685094027
2166	2277	0	0	0	0	0	0	1653685095047
2166	2277	0	0	0	0	0	0	1653685096067
2166	2277	0	0	0	0	0	0	1653685097087
2167	2277	0	0	0	0	0	0	1653685098107
2167	2277	0	0	0	0	0	0	1653685099127
2167	2277	0	0	0	0	0	0	1653685100147
2167	2277	0	0	0	0	0	0	1653685101167
2167	2277	0	0	0	0	0	0	1653685102187
2167	2276	0	0	0	0	0	0	1653685103207
2167	2276	0	0	0	0	0	0	1653685104227
2167	2276	0	0	0	0	0	0	1653685105247
2167	2276	0	0	0	0	0	0	1653685106267
2167	2276	0	0	0	0	0	0	1653685107287
2167	2276	0	0	0	0	0	0	1653685108307
2167	2276	0	0	0	0	0	0	1653685109327
2167	2275	0	0	0	0	0	0	1653685110347
2167	2273	0	0	0	0	0	0	1653685111367
2167	2274	0	0	0	0	0	0	1653685112387
2166	2275	0	0	0	0	0	0	1653685113407
2163	2276	0	0	0	0	0	0	1653685114427
2157	2277	0	0	0	0	0	0	1653685115447
2155	2284	0	0	0	0	0	0	1653685116467
2158	2281	0	0	0	0	0	0	1653685117487
2164	2279	0	0	0	0	0	0	1653685118507
2196	2278	0	0	0	0	0	0	1653685119527
2220	2266	0	0	0	0	0	0	1653685120547
2232	2265	0	0	0	0	0	0	1653685121567
2240	2269	0	0	0	0	0	0	1653685122587
2244	2272	0	0	0	0	0	0	1653685123607
2247	2274	0	0	0	0	0	0	1653685124627
2249	2275	0	0	0	0	0	0	1653685125647
2250	2276	0	0	0	0	0	0	1653685126667
2250	2276	0	0	0	0	0	0	1653685127687
2250	2276	0	0	0	0	0	0	1653685128707
2250	2276	0	0	0	0	0	0	1653685129727
2250	2276	0	0	0	0	0	0	1653685130747
2250	2276	0	0	0	0	0	0	1653685131767
2250	2277	0	0	0	0	0	0	1653685132787
2251	2277	0	0	0	0	0	0	1653685133807
2251	2277	0	0	0	0	0	0	1653685134827
2251	2277	0	0	0	0	0	0	1653685135847
2251	2277	0	0	0	0	0	0	1653685136867
2251	2277	0	0	0	0	0	0	1653685137887
2251	2277	0	0	0	0	0	0	1653685138907
2251	2277	0	0	0	0	0	0	1653685139927
2251	2277	0	0	0	0	0	0	1653685140947
2251	2277	0	0	0	0	0	0	1653685141967
2250	2277	0	0	0	0	0	0	1653685142987
2250	2277	0	0	0	0	0	0	1653685144007
2248	2277	0	0	0	0	0	0	1653685145027
2248	2277	0	0	0	0	0	0	1653685146047
2246	2277	0	0	0	0	0	0	1653685147067
2246	2277	0	0	0	0	0	0	1653685148087
2244	2279	0	0	0	0	0	0	1653685149107
2245	2280	0	0	0	0	0	0	1653685150127
2243	2281	0	0	0	0	0	0	1653685151147
2239	2281	0	0	0	0	0	0	1653685152167
2238	2282	0	0	0	0	0	0	1653685153187
2239	2284	0	0	0	0	0	0	1653685154207
2238	2288	0	0	0	0	0	0	1653685155227
2237	2291	0	0	0	0	0	0	1653685156247
2236	2292	0	0	0	0	0	0	1653685157267
2238	2290	0	0	0	0	0	0	1653685158287
2236	2290	0	0	0	0	0	0	1653685159307
2235	2288	0	0	0	0	0	0	1653685160327
2238	2288	0	0	0	0	0	0	1653685161347
2236	2288	0	0	0	0	0	0	1653685162367
2234	2290	0	0	0	0	0	0	1653685163387
2232	2291	0	0	0	0	0	0	1653685164407
2229	2291	0	0	0	0	0	0	1653685165427
2228	2292	0	0	0	0	0	0	1653685166447
2227	2294	0	0	0	0	0	0	1653685167467
2226	2295	0	0	0	0	0	0	1653685168487
2225	2293	0	0	0	0	0	0	1653685169507
2224	2290	0	0	0	0	0	0	1653685170527
2226	2287	0	0	0	0	0	0	1653685171547
2224	2284	0	0	0	0	0	0	1653685172567
2224	2282	0	0	0	0	0	0	1653685173587
2224	2282	0	0	0	0	0	0	1653685174607
2224	2280	0	0	0	0	0	0	1653685175627
2224	2279	0	0	0	0	0	0	1653685176647
2224	2278	0	0	0	0	0	0	1653685177667
2223	2279	0	0	0	0	0	0	1653685178687
2223	2279	0	0	0	0	0	0	1653685179707
2222	2279	0	0	0	0	0	0	1653685180727
2223	2278	0	0	0	0	0	0	1653685181747
2224	2278	0	0	0	0	0	0	1653685182767
2223	2278	0	0	0	0	0	0	1653685183787
2223	2278	0	0	0	0	0	0	1653685184807
2223	2278	0	0	0	0	0	0	1653685185827
2223	2277	0	0	0	0	0	0	1653685186847
2223	2277	0	0	0	0	0	0	1653685187867
2223	2277	0	0	0	0	0	0	1653685188887
2223	2278	0	0	0	0	0	0	1653685189907
2223	2278	0	0	0	0	0	0	1653685190927
2223	2278	0	0	0	0	0	0	1653685191947
2222	2277	0	0	0	0	0	0	1653685192967
2223	2277	0	0	0	0	0	0	1653685193987
2223	2277	0	0	0	0	0	0	1653685195007
2223	2277	0	0	0	0	0	0	1653685196027
2223	2277	0	0	0	0	0	0	1653685197047
2223	2277	0	0	0	0	0	0	1653685198067
2223	2277	0	0	0	0	0	0	1653685199087
2223	2277	0	0	0	0	0	0	1653685200107
2223	2277	0	0	0	0	0	0	1653685201127
2223	2277	0	0	0	0	0	0	1653685202147
2223	2277	0	0	0	0	0	0	1653685203167
2223	2277	0	0	0	0	0	0	1653685204187
2223	2277	0	0	0	0	0	0	1653685205207
2223	2277	0	0	0	0	0	0	1653685206227
2223	2282	0	0	0	0	0	0	1653685207247
2223	2286	0	0	0	0	0	0	1653685208267
2222	2283	0	0	0	0	0	0	1653685209287
2223	2280	0	0	0	0	0	0	1653685210307
2223	2279	0	0	0	0	0	0	1653685211327
2223	2278	0	0	0	0	0	0	1653685212347
2224	2278	0	0	0	0	0	0	1653685213367
2223	2277	0	0	0	0	0	0	1653685214387
2223	2277	0	0	0	0	0	0	1653685215407
2222	2277	0	0	0	0	0	0	1653685216427
2222	2277	0	0	0	0	0	0	1653685217447
2222	2277	0	0	0	0	0	0	1653685218467
2222	2277	0	0	0	0	0	0	1653685219487
2222	2277	0	0	0	0	0	0	1653685220507
2222	2277	0	0	0	0	0	0	1653685221527
2223	2277	0	0	0	0	0	0	1653685222547
2223	2277	0	0	0	0	0	0	1653685223567
2223	2277	0	0	0	0	0	0	1653685224587
2223	2277	0	0	0	0	0	0	1653685225607
2223	2277	0	0	0	0	0	0	1653685226627
2223	2277	0	0	0	0	0	0	1653685227647
2223	2277	0	0	0	0	0	0	1653685228667
2222	2277	0	0	0	0	0	0	1653685229687
2222	2277	0	0	0	0	0	0	1653685230707
2222	2277	0	0	0	0	0	0	1653685231727
2223	2277	0	0	0	0	0	0	1653685232747
2222	2277	0	0	0	0	0	0	1653685233767
2221	2277	0	0	0	0	0	0	1653685234787
2219	2277	0	0	0	0	0	0	1653685235807
2219	2277	0	0	0	0	0	0	1653685236827
2218	2278	0	0	0	0	0	0	1653685237847
2220	2277	0	0	0	0	0	0	1653685238867
2221	2280	0	0	0	0	0	0	1653685239887
2220	2279	0	0	0	0	0	0	1653685240907
2221	2278	0	0	0	0	0	0	1653685241927
2218	2277	0	0	0	0	0	0	1653685242947
2213	2277	0	0	0	0	0	0	1653685243967
2209	2277	0	0	0	0	0	0	1653685244987
2210	2277	0	0	0	0	0	0	1653685246007
2211	2277	0	0	0	0	0	0	1653685247027
2209	2277	0	0	0	0	0	0	1653685248047
2208	2277	0	0	0	0	0	0	1653685249067
2211	2277	0	0	0	0	0	0	1653685250087
2214	2277	0	0	0	0	0	0	1653685251107
2218	2277	0	0	0	0	0	0	1653685252127
2219	2277	0	0	0	0	0	0	1653685253147
2219	2277	0	0	0	0	0	0	1653685254167
2221	2277	0	0	0	0	0	0	1653685255187
2221	2277	0	0	0	0	0	0	1653685256207
2221	2277	0	0	0	0	0	0	1653685257227
2221	2277	0	0	0	0	0	0	1653685258247
2221	2277	0	0	0	0	0	0	1653685259267
2217	2277	0	0	0	0	0	0	1653685260287
2216	2277	0	0	0	0	0	0	1653685261307
2212	2274	0	0	0	0	0	0	1653685262327
2207	2272	0	0	0	0	0	0	1653685263347
2202	2271	0	0	0	0	0	0	1653685264367
2199	2268	0	0	0	0	0	0	1653685265387
2197	2266	0	0	0	0	0	0	1653685266407
2197	2266	0	0	0	0	0	0	1653685267427
2197	2262	0	0	0	0	0	0	1653685268447
2197	2258	0	0	0	0	0	0	1653685269467
2198	2257	0	0	0	0	0	0	1653685270487
2197	2259	0	0	0	0	0	0	1653685271507
2197	2255	0	0	0	0	0	0	1653685272527
2196	2253	0	0	0	0	0	0	1653685273547
2196	2251	0	0	0	0	0	0	1653685274567
2196	2250	0	0	0	0	0	0	1653685275587
2195	2249	0	0	0	0	0	0	1653685276607
2195	2249	0	0	0	0	0	0	1653685277627
2195	2249	0	0	0	0	0	0	1653685278647
2195	2249	0	0	0	0	0	0	1653685279667
2195	2249	0	0	0	0	0	0	1653685280687
2195	2249	0	0	0	0	0	0	1653685281707
2195	2249	0	0	0	0	0	0	1653685282727
2195	2249	0	0	0	0	0	0	1653685283747
2195	2249	0	0	0	0	0	0	1653685284767
2195	2249	0	0	0	0	0	0	1653685285787
2195	2249	0	0	0	0	0	0	1653685286807
2195	2249	0	0	0	0	0	0	1653685287827
2195	2249	0	0	0	0	0	0	1653685288847
2195	2249	0	0	0	0	0	0	1653685289867
2195	2249	0	0	0	0	0	0	1653685290887
2195	2249	0	0	0	0	0	0	1653685291907
2195	2249	0	0	0	0	0	0	1653685292927
2195	2249	0	0	0	0	0	0	1653685293947
2195	2249	0	0	0	0	0	0	1653685294967
2195	2249	0	0	0	0	0	0	1653685295987
2195	2249	0	0	0	0	0	0	1653685297007
2195	2249	0	0	0	0	0	0	1653685298027
2195	2249	0	0	0	0	0	0	1653685299047
2195	2249	0	0	0	0	0	0	1653685300067
2195	2249	0	0	0	0	0	0	1653685301087
2195	2249	0	0	0	0	0	0	1653685302107
2195	2249	0	0	0	0	0	0	1653685303127
2195	2249	0	0	0	0	0	0	1653685304147
2195	2249	0	0	0	0	0	0	1653685305167
2195	2249	0	0	0	0	0	0	1653685306187
2195	2249	0	0	0	0	0	0	1653685307207
2195	2249	0	0	0	0	0	0	1653685308227
2195	2249	0	0	0	0	0	0	1653685309247
2195	2249	0	0	0	0	0	0	1653685310267
2195	2249	0	0	0	0	0	0	1653685311287
2195	2249	0	0	0	0	0	0	1653685312307
2195	2249	0	0	0	0	0	0	1653685313327
2195	2249	0	0	0	0	0	0	1653685314347
2195	2249	0	0	0	0	0	0	1653685315367
2195	2249	0	0	0	0	0	0	1653685316387
2195	2249	0	0	0	0	0	0	1653685317407
2195	2249	0	0	0	0	0	0	1653685318427
2195	2249	0	0	0	0	0	0	1653685319447
2195	2248	0	0	0	0	0	0	1653685320467
2195	2248	0	0	0	0	0	0	1653685321487
2195	2248	0	0	0	0	0	0	1653685322507
2195	2248	0	0	0	0	0	0	1653685323527
2195	2249	0	0	0	0	0	0	1653685324547
2195	2249	0	0	0	0	0	0	1653685325567
2195	2249	0	0	0	0	0	0	1653685326587
2195	2249	0	0	0	0	0	0	1653685327607
2195	2249	0	0	0	0	0	0	1653685328627
2195	2249	0	0	0	0	0	0	1653685329647
2195	2249	0	0	0	0	0	0	1653685330667
2195	2249	0	0	0	0	0	0	1653685331687
2195	2249	0	0	0	0	0	0	1653685332707
2195	2249	0	0	0	0	0	0	1653685333727
2195	2249	0	0	0	0	0	0	1653685334747
2195	2249	0	0	0	0	0	0	1653685335767
2195	2249	0	0	0	0	0	0	1653685336787
2195	2249	0	0	0	0	0	0	1653685337807
2195	2249	0	0	0	0	0	0	1653685338827
2195	2249	0	0	0	0	0	0	1653685339847
2194	2249	0	0	0	0	0	0	1653685340867
2195	2249	0	0	0	0	0	0	1653685341887
2195	2249	0	0	0	0	0	0	1653685342907
2195	2256	0	0	0	0	0	0	1653685343927
2195	2257	0	0	0	0	0	0	1653685344947
2195	2254	0	0	0	0	0	0	1653685345967
2195	2252	0	0	0	0	0	0	1653685346987
2195	2251	0	0	0	0	0	0	1653685348007
2195	2250	0	0	0	0	0	0	1653685349027
2195	2250	0	0	0	0	0	0	1653685350047
2195	2249	0	0	0	0	0	0	1653685351067
2194	2249	0	0	0	0	0	0	1653685352087
2195	2249	0	0	0	0	0	0	1653685353107
2195	2249	0	0	0	0	0	0	1653685354127
2195	2249	0	0	0	0	0	0	1653685355147
2195	2249	0	0	0	0	0	0	1653685356167
2195	2249	0	0	0	0	0	0	1653685357187
2195	2249	0	0	0	0	0	0	1653685358207
2195	2249	0	0	0	0	0	0	1653685359227
2194	2249	0	0	0	0	0	0	1653685360247
2194	2249	0	0	0	0	0	0	1653685361267
2195	2248	0	0	0	0	0	0	1653685362287
2195	2248	0	0	0	0	0	0	1653685363307
2195	2248	0	0	0	0	0	0	1653685364327
2195	2248	0	0	0	0	0	0	1653685365347
2195	2248	0	0	0	0	0	0	1653685366367
2195	2247	0	0	0	0	0	0	1653685367387
2195	2248	0	0	0	0	0	0	1653685368407
2195	2248	0	0	0	0	0	0	1653685369427
2195	2247	0	0	0	0	0	0	1653685370447
2195	2249	0	0	0	0	0	0	1653685371467
2195	2249	0	0	0	0	0	0	1653685372487
2195	2248	0	0	0	0	0	0	1653685373507
2194	2248	0	0	0	0	0	0	1653685374527
2194	2248	0	0	0	0	0	0	1653685375547
2195	2248	0	0	0	0	0	0	1653685376567
2195	2248	0	0	0	0	0	0	1653685377587
2194	2249	0	0	0	0	0	0	1653685378607
2194	2249	0	0	0	0	0	0	1653685379627
2195	2249	0	0	0	0	0	0	1653685380647
2194	2249	0	0	0	0	0	0	1653685381667
2193	2249	0	0	0	0	0	0	1653685382687
2193	2249	0	0	0	0	0	0	1653685383707
2194	2249	0	0	0	0	0	0	1653685384727
2194	2249	0	0	0	0	0	0	1653685385747
2194	2249	0	0	0	0	0	0	1653685386767
2189	2249	0	0	0	0	0	0	1653685387787
2181	2258	0	0	0	0	0	0	1653685388807
2176	2266	0	0	0	0	0	0	1653685389827
2180	2262	0	0	0	0	0	0	1653685390847
2185	2257	0	0	0	0	0	0	1653685391867
2189	2253	0	0	0	0	0	0	1653685392887
2191	2251	0	0	0	0	0	0	1653685393907
2192	2250	0	0	0	0	0	0	1653685394927
2193	2249	0	0	0	0	0	0	1653685395947
2193	2249	0	0	0	0	0	0	1653685396967
2193	2249	0	0	0	0	0	0	1653685397987
2192	2249	0	0	0	0	0	0	1653685399007
2188	2249	0	0	0	0	0	0	1653685400027
2182	2249	0	0	0	0	0	0	1653685401047
2181	2249	0	0	0	0	0	0	1653685402067
2177	2249	0	0	0	0	0	0	1653685403087
2174	2249	0	0	0	0	0	0	1653685404107
2173	2249	0	0	0	0	0	0	1653685405127
2173	2249	0	0	0	0	0	0	1653685406147
2173	2249	0	0	0	0	0	0	1653685407167
2173	2249	0	0	0	0	0	0	1653685408187
2174	2249	0	0	0	0	0	0	1653685409207
2172	2248	0	0	0	0	0	0	1653685410227
2171	2247	0	0	0	0	0	0	1653685411247
2173	2244	0	0	0	0	0	0	1653685412267
2173	2242	0	0	0	0	0	0	1653685413287
2173	2238	0	0	0	0	0	0	1653685414307
2171	2234	0	0	0	0	0	0	1653685415327
2171	2231	0	0	0	0	0	0	1653685416347
2175	2230	0	0	0	0	0	0	1653685417367
2177	2232	0	0	0	0	0	0	1653685418387
2179	2237	0	0	0	0	0	0	1653685419407
2181	2231	0	0	0	0	0	0	1653685420427
2179	2227	0	0	0	0	0	0	1653685421447
2175	2225	0	0	0	0	0	0	1653685422467
2172	2223	0	0	0	0	0	0	1653685423487
2169	2222	0	0	0	0	0	0	1653685424507
2169	2221	0	0	0	0	0	0	1653685425527
2168	2221	0	0	0	0	0	0	1653685426547
2169	2221	0	0	0	0	0	0	1653685427567
2169	2221	0	0	0	0	0	0	1653685428587
2169	2221	0	0	0	0	0	0	1653685429607
2168	2221	0	0	0	0	0	0	1653685430627
2168	2220	0	0	0	0	0	0	1653685431647
2167	2220	0	0	0	0	0	0	1653685432667
2167	2220	0	0	0	0	0	0	1653685433687
2167	2220	0	0	0	0	0	0	1653685434707
2167	2220	0	0	0	0	0	0	1653685435727
2167	2220	0	0	0	0	0	0	1653685436747
2167	2220	0	0	0	0	0	0	1653685437767
2167	2220	0	0	0	0	0	0	1653685438787
2167	2220	0	0	0	0	0	0	1653685439807
2167	2221	0	0	0	0	0	0	1653685440827
2167	2221	0	0	0	0	0	0	1653685441847
2167	2221	0	0	0	0	0	0	1653685442867
2167	2221	0	0	0	0	0	0	1653685443887
2167	2221	0	0	0	0	0	0	1653685444907
2167	2221	0	0	0	0	0	0	1653685445927
2167	2221	0	0	0	0	0	0	1653685446947
2167	2221	0	0	0	0	0	0	1653685447967
2168	2221	0	0	0	0	0	0	1653685448987
2168	2221	0	0	0	0	0	0	1653685450007
2167	2221	0	0	0	0	0	0	1653685451027
2167	2221	0	0	0	0	0	0	1653685452047
2167	2221	0	0	0	0	0	0	1653685453067
2167	2221	0	0	0	0	0	0	1653685454087
2167	2221	0	0	0	0	0	0	1653685455107
2167	2221	0	0	0	0	0	0	1653685456127
2168	2221	0	0	0	0	0	0	1653685457147
2167	2221	0	0	0	0	0	0	1653685458167
2167	2221	0	0	0	0	0	0	1653685459187
2167	2221	0	0	0	0	0	0	1653685460207
2167	2221	0	0	0	0	0	0	1653685461227
2167	2221	0	0	0	0	0	0	1653685462247
2167	2221	0	0	0	0	0	0	1653685463267
2167	2221	0	0	0	0	0	0	1653685464287
2167	2221	0	0	0	0	0	0	1653685465307
2167	2221	0	0	0	0	0	0	1653685466327
2167	2221	0	0	0	0	0	0	1653685467347
2167	2221	0	0	0	0	0	0	1653685468367
2167	2221	0	0	0	0	0	0	1653685469387
2167	2221	0	0	0	0	0	0	1653685470407
2167	2221	0	0	0	0	0	0	1653685471427
2167	2221	0	0	0	0	0	0	1653685472447
2167	2221	0	0	0	0	0	0	1653685473467
2167	2220	0	0	0	0	0	0	1653685474487
2167	2220	0	0	0	0	0	0	1653685475507
2167	2220	0	0	0	0	0	0	1653685476527
2166	2220	0	0	0	0	0	0	1653685477547
2167	2223	0	0	0	0	0	0	1653685478567
2167	2222	0	0	0	0	0	0	1653685479587
2168	2222	0	0	0	0	0	0	1653685480607
2167	2221	0	0	0	0	0	0	1653685481627
2167	2219	0	0	0	0	0	0	1653685482647
2168	2218	0	0	0	0	0	0	1653685483667
2168	2218	0	0	0	0	0	0	1653685484687
2167	2217	0	0	0	0	0	0	1653685485707
2167	2217	0	0	0	0	0	0	1653685486727
2167	2216	0	0	0	0	0	0	1653685487747
2167	2215	0	0	0	0	0	0	1653685488767
2167	2217	0	0	0	0	0	0	1653685489787
2166	2215	0	0	0	0	0	0	1653685490807
2166	2213	0	0	0	0	0	0	1653685491827
2166	2212	0	0	0	0	0	0	1653685492847
2167	2215	0	0	0	0	0	0	1653685493867
2167	2217	0	0	0	0	0	0	1653685494887
2167	2219	0	0	0	0	0	0	1653685495907
2167	2220	0	0	0	0	0	0	1653685496927
2167	2220	0	0	0	0	0	0	1653685497947
2167	2220	0	0	0	0	0	0	1653685498967
2168	2220	0	0	0	0	0	0	1653685499987
2168	2220	0	0	0	0	0	0	1653685501007
2168	2220	0	0	0	0	0	0	1653685502027
2168	2220	0	0	0	0	0	0	1653685503047
2168	2220	0	0	0	0	0	0	1653685504067
2168	2220	0	0	0	0	0	0	1653685505087
2167	2220	0	0	0	0	0	0	1653685506107
2167	2220	0	0	0	0	0	0	1653685507127
2167	2220	0	0	0	0	0	0	1653685508147
2167	2221	0	0	0	0	0	0	1653685509167
2167	2221	0	0	0	0	0	0	1653685510187
2167	2221	0	0	0	0	0	0	1653685511207
2167	2221	0	0	0	0	0	0	1653685512227
2167	2221	0	0	0	0	0	0	1653685513247
2167	2221	0	0	0	0	0	0	1653685514267
2167	2220	0	0	0	0	0	0	1653685515287
2167	2220	0	0	0	0	0	0	1653685516307
2167	2220	0	0	0	0	0	0	1653685517327
2167	2220	0	0	0	0	0	0	1653685518347
2167	2220	0	0	0	0	0	0	1653685519367
2167	2221	0	0	0	0	0	0	1653685520387
2167	2221	0	0	0	0	0	0	1653685521407
2167	2220	0	0	0	0	0	0	1653685522427
2166	2220	0	0	0	0	0	0	1653685523447
2166	2220	0	0	0	0	0	0	1653685524467
2166	2220	0	0	0	0	0	0	1653685525487
2166	2220	0	0	0	0	0	0	1653685526507
2166	2220	0	0	0	0	0	0	1653685527527
2167	2220	0	0	0	0	0	0	1653685528547
2167	2220	0	0	0	0	0	0	1653685529567
2167	2220	0	0	0	0	0	0	1653685530587
2167	2220	0	0	0	0	0	0	1653685531607
2166	2220	0	0	0	0	0	0	1653685532627
2166	2220	0	0	0	0	0	0	1653685533647
2166	2220	0	0	0	0	0	0	1653685534667
2166	2220	0	0	0	0	0	0	1653685535687
2167	2220	0	0	0	0	0	0	1653685536707
2167	2220	0	0	0	0	0	0	1653685537727
2167	2220	0	0	0	0	0	0	1653685538747
2168	2220	0	0	0	0	0	0	1653685539767
2168	2220	0	0	0	0	0	0	1653685540787
2168	2219	0	0	0	0	0	0	1653685541807
2167	2219	0	0	0	0	0	0	1653685542827
2167	2220	0	0	0	0	0	0	1653685543847
2167	2219	0	0	0	0	0	0	1653685544867
2167	2218	0	0	0	0	0	0	1653685545887
2167	2218	0	0	0	0	0	0	1653685546907
2167	2218	0	0	0	0	0	0	1653685547927
2167	2217	0	0	0	0	0	0	1653685548947
2167	2217	0	0	0	0	0	0	1653685549967
2167	2216	0	0	0	0	0	0	1653685550987
2167	2215	0	0	0	0	0	0	1653685552007
2167	2216	0	0	0	0	0	0	1653685553027
2167	2216	0	0	0	0	0	0	1653685554047
2167	2218	0	0	0	0	0	0	1653685555067
2167	2219	0	0	0	0	0	0	1653685556087
2167	2220	0	0	0	0	0	0	1653685557107
2167	2219	0	0	0	0	0	0	1653685558127
2167	2220	0	0	0	0	0	0	1653685559147
2168	2220	0	0	0	0	0	0	1653685560167
2168	2220	0	0	0	0	0	0	1653685561187
2167	2220	0	0	0	0	0	0	1653685562207
2167	2220	0	0	0	0	0	0	1653685563227
2167	2220	0	0	0	0	0	0	1653685564247
2167	2219	0	0	0	0	0	0	1653685565267
2167	2219	0	0	0	0	0	0	1653685566287
2167	2220	0	0	0	0	0	0	1653685567307
2167	2220	0	0	0	0	0	0	1653685568327
2167	2220	0	0	0	0	0	0	1653685569347
2167	2220	0	0	0	0	0	0	1653685570367
2167	2220	0	0	0	0	0	0	1653685571387
2167	2220	0	0	0	0	0	0	1653685572407
2167	2220	0	0	0	0	0	0	1653685573427
2166	2220	0	0	0	0	0	0	1653685574447
2168	2231	0	0	0	0	0	0	1653685575467
2168	2237	0	0	0	0	0	0	1653685576487
2168	2237	0	0	0	0	0	0	1653685577507
2168	2234	0	0	0	0	0	0	1653685578527
2168	2233	0	0	0	0	0	0	1653685579547
2167	2228	0	0	0	0	0	0	1653685580567
2167	2225	0	0	0	0	0	0	1653685581587
2167	2223	0	0	0	0	0	0	1653685582607
2167	2222	0	0	0	0	0	0	1653685583627
2167	2220	0	0	0	0	0	0	1653685584647
2168	2219	0	0	0	0	0	0	1653685585667
2168	2217	0	0	0	0	0	0	1653685586687
2168	2214	0	0	0	0	0	0	1653685587707
2167	2213	0	0	0	0	0	0	1653685588727
2167	2211	0	0	0	0	0	0	1653685589747
2165	2211	0	0	0	0	0	0	1653685590767
2160	2213	0	0	0	0	0	0	1653685591787
2159	2213	0	0	0	0	0	0	1653685592807
2157	2210	0	0	0	0	0	0	1653685593827
2160	2213	0	0	0	0	0	0	1653685594847
2163	2216	0	0	0	0	0	0	1653685595867
2155	2226	0	0	0	0	0	0	1653685596887
2148	2232	0	0	0	0	0	0	1653685597907
2146	2237	0	0	0	0	0	0	1653685598927
2144	2234	0	0	0	0	0	0	1653685599947
2142	2229	0	0	0	0	0	0	1653685600967
2141	2226	0	0	0	0	0	0	1653685601987
2142	2224	0	0	0	0	0	0	1653685603007
2141	2227	0	0	0	0	0	0	1653685604027
2140	2235	0	0	0	0	0	0	1653685605047
2140	2241	0	0	0	0	0	0	1653685606067
2140	2244	0	0	0	0	0	0	1653685607087
2140	2246	0	0	0	0	0	0	1653685608107
2140	2247	0	0	0	0	0	0	1653685609127
2140	2248	0	0	0	0	0	0	1653685610147
2139	2248	0	0	0	0	0	0	1653685611167
2139	2248	0	0	0	0	0	0	1653685612187
2139	2248	0	0	0	0	0	0	1653685613207
2139	2246	0	0	0	0	0	0	1653685614227
2139	2241	0	0	0	0	0	0	1653685615247
2139	2236	0	0	0	0	0	0	1653685616267
2139	2231	0	0	0	0	0	0	1653685617287
2139	2233	0	0	0	0	0	0	1653685618307
2139	2239	0	0	0	0	0	0	1653685619327
2139	2243	0	0	0	0	0	0	1653685620347
2139	2245	0	0	0	0	0	0	1653685621367
2140	2247	0	0	0	0	0	0	1653685622387
2140	2247	0	0	0	0	0	0	1653685623407
2140	2247	0	0	0	0	0	0	1653685624427
2139	2247	0	0	0	0	0	0	1653685625447
2139	2248	0	0	0	0	0	0	1653685626467
2139	11348	0	0	0	0	0	0	1653685627487
2139	7708	0	0	0	0	0	0	1653685628507
2139	5524	0	0	0	0	0	0	1653685629527
2139	4214	0	0	0	0	0	0	1653685630547
2138	3422	0	0	0	0	0	0	1653685631567
2138	2942	0	0	0	0	0	0	1653685632587
2139	2653	0	0	0	0	0	0	1653685633607
2139	2480	0	0	0	0	0	0	1653685634627
2139	2376	0	0	0	0	0	0	1653685635647
2139	2314	0	0	0	0	0	0	1653685636667
2139	2277	0	0	0	0	0	0	1653685637687
2139	2255	0	0	0	0	0	0	1653685638707
2139	2241	0	0	0	0	0	0	1653685639727
2139	2233	0	0	0	0	0	0	1653685640747
2139	2228	0	0	0	0	0	0	1653685641767
2139	2225	0	0	0	0	0	0	1653685642787
2139	2223	0	0	0	0	0	0	1653685643807
2139	2222	0	0	0	0	0	0	1653685644827
2139	2221	0	0	0	0	0	0	1653685645847
2139	2220	0	0	0	0	0	0	1653685646867
2139	2220	0	0	0	0	0	0	1653685647887
2139	2220	0	0	0	0	0	0	1653685648907
2139	2220	0	0	0	0	0	0	1653685649927
2139	2220	0	0	0	0	0	0	1653685650947
2139	2220	0	0	0	0	0	0	1653685651967
2139	2220	0	0	0	0	0	0	1653685652987
2139	2220	0	0	0	0	0	0	1653685654007
2139	2220	0	0	0	0	0	0	1653685655027
2139	2220	0	0	0	0	0	0	1653685656047
2139	2220	0	0	0	0	0	0	1653685657067
2139	2220	0	0	0	0	0	0	1653685658087
2139	2220	0	0	0	0	0	0	1653685659107
2139	2220	0	0	0	0	0	0	1653685660127
2139	2220	0	0	0	0	0	0	1653685661147
2139	2220	0	0	0	0	0	0	1653685662167
2139	2220	0	0	0	0	0	0	1653685663187
2139	2220	0	0	0	0	0	0	1653685664207
2139	2220	0	0	0	0	0	0	1653685665227
2139	2217	0	0	0	0	0	0	1653685666247
2139	2214	0	0	0	0	0	0	1653685667267
2139	2209	0	0	0	0	0	0	1653685668287
2139	2204	0	0	0	0	0	0	1653685669307
2139	2200	0	0	0	0	0	0	1653685670327
2139	2198	0	0	0	0	0	0	1653685671347
2139	2196	0	0	0	0	0	0	1653685672367
2139	2195	0	0	0	0	0	0	1653685673387
2139	2194	0	0	0	0	0	0	1653685674407
2139	2193	0	0	0	0	0	0	1653685675427
2139	2193	0	0	0	0	0	0	1653685676447
2139	2193	0	0	0	0	0	0	1653685677467
2139	2193	0	0	0	0	0	0	1653685678487
2139	2193	0	0	0	0	0	0	1653685679507
2139	2193	0	0	0	0	0	0	1653685680527
2139	2193	0	0	0	0	0	0	1653685681547
2139	2193	0	0	0	0	0	0	1653685682567
2138	2193	0	0	0	0	0	0	1653685683587
2138	2193	0	0	0	0	0	0	1653685684607
2139	2193	0	0	0	0	0	0	1653685685627
2139	2193	0	0	0	0	0	0	1653685686647
2139	2192	0	0	0	0	0	0	1653685687667
2139	2192	0	0	0	0	0	0	1653685688687
2138	2193	0	0	0	0	0	0	1653685689707
2139	2193	0	0	0	0	0	0	1653685690727
2139	2193	0	0	0	0	0	0	1653685691747
2139	2193	0	0	0	0	0	0	1653685692767
2139	2204	0	0	0	0	0	0	1653685693787
2139	2211	0	0	0	0	0	0	1653685694807
2139	2215	0	0	0	0	0	0	1653685695827
2139	2217	0	0	0	0	0	0	1653685696847
2139	2219	0	0	0	0	0	0	1653685697867
2139	2220	0	0	0	0	0	0	1653685698887
2139	2220	0	0	0	0	0	0	1653685699907
2139	2220	0	0	0	0	0	0	1653685700927
2139	2220	0	0	0	0	0	0	1653685701947
2139	2220	0	0	0	0	0	0	1653685702967
2139	2220	0	0	0	0	0	0	1653685703987
2138	2220	0	0	0	0	0	0	1653685705007
2138	2220	0	0	0	0	0	0	1653685706027
2138	2220	0	0	0	0	0	0	1653685707047
2138	2220	0	0	0	0	0	0	1653685708067
2139	2220	0	0	0	0	0	0	1653685709087
2139	2220	0	0	0	0	0	0	1653685710107
2139	2220	0	0	0	0	0	0	1653685711127
2139	2219	0	0	0	0	0	0	1653685712147
2139	2218	0	0	0	0	0	0	1653685713167
2139	2217	0	0	0	0	0	0	1653685714187
2139	2217	0	0	0	0	0	0	1653685715207
2139	2216	0	0	0	0	0	0	1653685716227
2139	2215	0	0	0	0	0	0	1653685717247
2139	2212	0	0	0	0	0	0	1653685718267
2139	2212	0	0	0	0	0	0	1653685719287
2139	2207	0	0	0	0	0	0	1653685720307
2139	2201	0	0	0	0	0	0	1653685721327
2139	2198	0	0	0	0	0	0	1653685722347
2139	2196	0	0	0	0	0	0	1653685723367
2142	2195	0	0	0	0	0	0	1653685724387
2146	2198	0	0	0	0	0	0	1653685725407
2143	2197	0	0	0	0	0	0	1653685726427
2141	2195	0	0	0	0	0	0	1653685727447
2141	2194	0	0	0	0	0	0	1653685728467
2141	2194	0	0	0	0	0	0	1653685729487
2140	2193	0	0	0	0	0	0	1653685730507
2140	2193	0	0	0	0	0	0	1653685731527
2140	2192	0	0	0	0	0	0	1653685732547
2139	2192	0	0	0	0	0	0	1653685733567
2144	2192	0	0	0	0	0	0	1653685734587
2153	2192	0	0	0	0	0	0	1653685735607
2159	2192	0	0	0	0	0	0	1653685736627
2162	2192	0	0	0	0	0	0	1653685737647
2164	2193	0	0	0	0	0	0	1653685738667
2165	2193	0	0	0	0	0	0	1653685739687
2166	2193	0	0	0	0	0	0	1653685740707
2166	2193	0	0	0	0	0	0	1653685741727
2167	2193	0	0	0	0	0	0	1653685742747
2167	2193	0	0	0	0	0	0	1653685743767
2166	2193	0	0	0	0	0	0	1653685744787
2161	2193	0	0	0	0	0	0	1653685745807
2155	2194	0	0	0	0	0	0	1653685746827
2150	2194	0	0	0	0	0	0	1653685747847
2147	2193	0	0	0	0	0	0	1653685748867
2146	2193	0	0	0	0	0	0	1653685749887
