2252	1202	0	0	0	0	0	0	1656594987269
2241	1196	0	0	0	0	0	0	1656594988289
2232	1184	0	0	0	0	0	0	1656594989309
2226	1175	0	0	0	0	0	0	1656594990329
2223	1170	0	0	0	0	0	0	1656594991349
2221	1158	0	0	0	0	0	0	1656594992369
2220	1149	0	0	0	0	0	0	1656594993389
2219	1144	0	0	0	0	0	0	1656594994409
2219	1140	0	0	0	0	0	0	1656594995429
2219	1137	0	0	0	0	0	0	1656594996449
2218	1128	0	0	0	0	0	0	1656594997469
2217	1120	0	0	0	0	0	0	1656594998489
2214	1115	0	0	0	0	0	0	1656594999509
2206	1112	0	0	0	0	0	0	1656595000529
2200	1110	0	0	0	0	0	0	1656595001549
2196	1109	0	0	0	0	0	0	1656595002569
2194	1108	0	0	0	0	0	0	1656595003589
2193	1107	0	0	0	0	0	0	1656595004609
2192	1101	0	0	0	0	0	0	1656595005629
2191	1093	0	0	0	0	0	0	1656595006649
2191	1088	0	0	0	0	0	0	1656595007669
2191	1085	0	0	0	0	0	0	1656595008689
2190	1082	0	0	0	0	0	0	1656595009709
2190	1081	0	0	0	0	0	0	1656595010729
2190	1081	0	0	0	0	0	0	1656595011749
2190	1080	0	0	0	0	0	0	1656595012769
2190	1080	0	0	0	0	0	0	1656595013789
2190	1080	0	0	0	0	0	0	1656595014809
2190	1080	0	0	0	0	0	0	1656595015829
2190	1080	0	0	0	0	0	0	1656595016849
2190	1078	0	0	0	0	0	0	1656595017869
2190	1075	0	0	0	0	0	0	1656595018889
2190	1068	0	0	0	0	0	0	1656595019909
2190	1062	0	0	0	0	0	0	1656595020929
2190	1058	0	0	0	0	0	0	1656595021949
2190	1055	0	0	0	0	0	0	1656595022969
2190	1054	0	0	0	0	0	0	1656595023989
2188	1053	0	0	0	0	0	0	1656595025009
2187	1052	0	0	0	0	0	0	1656595026029
2184	1052	0	0	0	0	0	0	1656595027049
2180	1052	0	0	0	0	0	0	1656595028069
2174	1052	0	0	0	0	0	0	1656595029089
2171	1052	0	0	0	0	0	0	1656595030109
2167	1052	0	0	0	0	0	0	1656595031129
2165	1052	0	0	0	0	0	0	1656595032149
2164	1052	0	0	0	0	0	0	1656595033169
2163	1052	0	0	0	0	0	0	1656595034189
2163	1052	0	0	0	0	0	0	1656595035209
2163	1052	0	0	0	0	0	0	1656595036229
2163	1052	0	0	0	0	0	0	1656595037249
2163	1051	0	0	0	0	0	0	1656595038269
2163	1047	0	0	0	0	0	0	1656595039289
2162	1043	0	0	0	0	0	0	1656595040309
2162	1037	0	0	0	0	0	0	1656595041329
2162	1033	0	0	0	0	0	0	1656595042349
2162	1029	0	0	0	0	0	0	1656595043369
2162	1027	0	0	0	0	0	0	1656595044389
2162	1026	0	0	0	0	0	0	1656595045409
2162	1025	0	0	0	0	0	0	1656595046429
2162	1024	0	0	0	0	0	0	1656595047449
2162	1024	0	0	0	0	0	0	1656595048469
2162	1024	0	0	0	0	0	0	1656595049489
2162	1024	0	0	0	0	0	0	1656595050509
2162	1024	0	0	0	0	0	0	1656595051529
2162	1024	0	0	0	0	0	0	1656595052549
2162	1024	0	0	0	0	0	0	1656595053569
2162	1024	0	0	0	0	0	0	1656595054589
2162	1024	0	0	0	0	0	0	1656595055609
2162	1024	0	0	0	0	0	0	1656595056629
2162	1024	0	0	0	0	0	0	1656595057649
2161	1024	0	0	0	0	0	0	1656595058669
2158	1024	0	0	0	0	0	0	1656595059689
2156	1024	0	0	0	0	0	0	1656595060709
2152	1024	0	0	0	0	0	0	1656595061729
2147	1024	0	0	0	0	0	0	1656595062749
2142	1024	0	0	0	0	0	0	1656595063769
2139	1024	0	0	0	0	0	0	1656595064789
2137	1024	0	0	0	0	0	0	1656595065809
2136	1024	0	0	0	0	0	0	1656595066829
2135	1024	0	0	0	0	0	0	1656595067849
2135	1024	0	0	0	0	0	0	1656595068869
2135	1024	0	0	0	0	0	0	1656595069889
2135	1024	0	0	0	0	0	0	1656595070909
2135	1024	0	0	0	0	0	0	1656595071929
2134	1023	0	0	0	0	0	0	1656595072949
2134	1022	0	0	0	0	0	0	1656595073969
2134	1020	0	0	0	0	0	0	1656595074989
2134	1017	0	0	0	0	0	0	1656595076009
2134	1015	0	0	0	0	0	0	1656595077029
2134	1011	0	0	0	0	0	0	1656595078049
2134	1007	0	0	0	0	0	0	1656595079069
2134	1003	0	0	0	0	0	0	1656595080089
2134	1001	0	0	0	0	0	0	1656595081109
2134	999	0	0	0	0	0	0	1656595082129
2134	998	0	0	0	0	0	0	1656595083149
2134	997	0	0	0	0	0	0	1656595084169
2134	997	0	0	0	0	0	0	1656595085189
2134	997	0	0	0	0	0	0	1656595086209
2134	997	0	0	0	0	0	0	1656595087229
2134	997	0	0	0	0	0	0	1656595088249
2134	997	0	0	0	0	0	0	1656595089269
2134	997	0	0	0	0	0	0	1656595090289
2134	997	0	0	0	0	0	0	1656595091309
2134	997	0	0	0	0	0	0	1656595092329
2134	996	0	0	0	0	0	0	1656595093349
2134	996	0	0	0	0	0	0	1656595094369
2131	996	0	0	0	0	0	0	1656595095389
2129	996	0	0	0	0	0	0	1656595096409
2126	996	0	0	0	0	0	0	1656595097429
2120	996	0	0	0	0	0	0	1656595098449
2116	996	0	0	0	0	0	0	1656595099469
2113	996	0	0	0	0	0	0	1656595100489
2110	996	0	0	0	0	0	0	1656595101509
2108	996	0	0	0	0	0	0	1656595102529
2107	996	0	0	0	0	0	0	1656595103549
2107	996	0	0	0	0	0	0	1656595104569
2107	996	0	0	0	0	0	0	1656595105589
2107	996	0	0	0	0	0	0	1656595106609
2107	996	0	0	0	0	0	0	1656595107629
2107	996	0	0	0	0	0	0	1656595108649
2107	996	0	0	0	0	0	0	1656595109669
2107	996	0	0	0	0	0	0	1656595110689
2107	996	0	0	0	0	0	0	1656595111709
2107	996	0	0	0	0	0	0	1656595112729
2107	996	0	0	0	0	0	0	1656595113749
2107	996	0	0	0	0	0	0	1656595114769
2107	996	0	0	0	0	0	0	1656595115789
2107	996	0	0	0	0	0	0	1656595116809
2107	996	0	0	0	0	0	0	1656595117829
2107	996	0	0	0	0	0	0	1656595118849
2107	996	0	0	0	0	0	0	1656595119869
2107	996	0	0	0	0	0	0	1656595120889
2107	996	0	0	0	0	0	0	1656595121909
2107	996	0	0	0	0	0	0	1656595122929
2107	996	0	0	0	0	0	0	1656595123949
2106	996	0	0	0	0	0	0	1656595124969
2106	996	0	0	0	0	0	0	1656595125989
2106	996	0	0	0	0	0	0	1656595127009
2106	996	0	0	0	0	0	0	1656595128029
2106	994	0	0	0	0	0	0	1656595129049
2106	993	0	0	0	0	0	0	1656595130069
2106	991	0	0	0	0	0	0	1656595131089
2105	989	0	0	0	0	0	0	1656595132109
2105	987	0	0	0	0	0	0	1656595133129
2105	983	0	0	0	0	0	0	1656595134149
2105	981	0	0	0	0	0	0	1656595135169
2103	979	0	0	0	0	0	0	1656595136189
2099	977	0	0	0	0	0	0	1656595137209
2095	975	0	0	0	0	0	0	1656595138229
2092	973	0	0	0	0	0	0	1656595139249
2088	971	0	0	0	0	0	0	1656595140269
2085	970	0	0	0	0	0	0	1656595141289
2082	970	0	0	0	0	0	0	1656595142309
2081	969	0	0	0	0	0	0	1656595143329
2080	969	0	0	0	0	0	0	1656595144349
2080	969	0	0	0	0	0	0	1656595145369
2079	969	0	0	0	0	0	0	1656595146389
2079	969	0	0	0	0	0	0	1656595147409
2079	969	0	0	0	0	0	0	1656595148429
2079	969	0	0	0	0	0	0	1656595149449
2079	969	0	0	0	0	0	0	1656595150469
2079	969	0	0	0	0	0	0	1656595151489
2079	969	0	0	0	0	0	0	1656595152509
2079	968	0	0	0	0	0	0	1656595153529
2079	968	0	0	0	0	0	0	1656595154549
2079	968	0	0	0	0	0	0	1656595155569
2079	968	0	0	0	0	0	0	1656595156589
2079	968	0	0	0	0	0	0	1656595157609
2079	968	0	0	0	0	0	0	1656595158629
2079	968	0	0	0	0	0	0	1656595159649
2079	968	0	0	0	0	0	0	1656595160669
2079	968	0	0	0	0	0	0	1656595161689
2079	968	0	0	0	0	0	0	1656595162709
2079	968	0	0	0	0	0	0	1656595163729
2079	968	0	0	0	0	0	0	1656595164749
2079	968	0	0	0	0	0	0	1656595165769
2079	968	0	0	0	0	0	0	1656595166789
2079	968	0	0	0	0	0	0	1656595167809
2079	968	0	0	0	0	0	0	1656595168829
2078	968	0	0	0	0	0	0	1656595169849
2078	968	0	0	0	0	0	0	1656595170869
2078	968	0	0	0	0	0	0	1656595171889
2078	968	0	0	0	0	0	0	1656595172909
2078	968	0	0	0	0	0	0	1656595173929
2077	968	0	0	0	0	0	0	1656595174949
2077	968	0	0	0	0	0	0	1656595175969
2076	968	0	0	0	0	0	0	1656595176989
2074	968	0	0	0	0	0	0	1656595178009
2072	968	0	0	0	0	0	0	1656595179029
2069	968	0	0	0	0	0	0	1656595180049
2067	968	0	0	0	0	0	0	1656595181069
2063	968	0	0	0	0	0	0	1656595182089
2060	968	0	0	0	0	0	0	1656595183109
2057	974	0	0	0	0	0	0	1656595184129
2054	983	0	0	0	0	0	0	1656595185149
2053	987	0	0	0	0	0	0	1656595186169
2052	990	0	0	0	0	0	0	1656595187189
2051	981	0	0	0	0	0	0	1656595188209
2051	976	0	0	0	0	0	0	1656595189229
2051	973	0	0	0	0	0	0	1656595190249
2051	971	0	0	0	0	0	0	1656595191269
2051	970	0	0	0	0	0	0	1656595192289
2051	969	0	0	0	0	0	0	1656595193309
2051	969	0	0	0	0	0	0	1656595194329
2051	969	0	0	0	0	0	0	1656595195349
2051	969	0	0	0	0	0	0	1656595196369
2051	969	0	0	0	0	0	0	1656595197389
2051	969	0	0	0	0	0	0	1656595198409
2051	969	0	0	0	0	0	0	1656595199429
2051	969	0	0	0	0	0	0	1656595200449
2051	969	0	0	0	0	0	0	1656595201469
2051	968	0	0	0	0	0	0	1656595202489
2051	968	0	0	0	0	0	0	1656595203509
2051	968	0	0	0	0	0	0	1656595204529
2051	968	0	0	0	0	0	0	1656595205549
2051	968	0	0	0	0	0	0	1656595206569
2051	968	0	0	0	0	0	0	1656595207589
2051	968	0	0	0	0	0	0	1656595208609
2051	968	0	0	0	0	0	0	1656595209629
2051	968	0	0	0	0	0	0	1656595210649
2051	968	0	0	0	0	0	0	1656595211669
2051	968	0	0	0	0	0	0	1656595212689
2051	968	0	0	0	0	0	0	1656595213709
2051	968	0	0	0	0	0	0	1656595214729
2051	968	0	0	0	0	0	0	1656595215749
2051	968	0	0	0	0	0	0	1656595216769
2051	968	0	0	0	0	0	0	1656595217789
2050	968	0	0	0	0	0	0	1656595218809
2050	968	0	0	0	0	0	0	1656595219829
2050	968	0	0	0	0	0	0	1656595220849
2050	968	0	0	0	0	0	0	1656595221869
2050	968	0	0	0	0	0	0	1656595222889
2050	968	0	0	0	0	0	0	1656595223909
2049	968	0	0	0	0	0	0	1656595224929
2049	968	0	0	0	0	0	0	1656595225949
2048	968	0	0	0	0	0	0	1656595226969
2048	968	0	0	0	0	0	0	1656595227989
2046	968	0	0	0	0	0	0	1656595229009
2043	968	0	0	0	0	0	0	1656595230029
2040	968	0	0	0	0	0	0	1656595231049
2038	968	0	0	0	0	0	0	1656595232069
2035	968	0	0	0	0	0	0	1656595233089
2033	968	0	0	0	0	0	0	1656595234109
2029	968	0	0	0	0	0	0	1656595235129
2027	968	0	0	0	0	0	0	1656595236149
2025	968	0	0	0	0	0	0	1656595237169
2024	968	0	0	0	0	0	0	1656595238189
2023	968	0	0	0	0	0	0	1656595239209
2023	968	0	0	0	0	0	0	1656595240229
2023	968	0	0	0	0	0	0	1656595241249
2023	968	0	0	0	0	0	0	1656595242269
2023	968	0	0	0	0	0	0	1656595243289
2023	968	0	0	0	0	0	0	1656595244309
2023	968	0	0	0	0	0	0	1656595245329
2023	968	0	0	0	0	0	0	1656595246349
2023	968	0	0	0	0	0	0	1656595247369
2023	968	0	0	0	0	0	0	1656595248389
2023	968	0	0	0	0	0	0	1656595249409
2023	967	0	0	0	0	0	0	1656595250429
2023	967	0	0	0	0	0	0	1656595251449
2023	967	0	0	0	0	0	0	1656595252469
2023	967	0	0	0	0	0	0	1656595253489
2023	967	0	0	0	0	0	0	1656595254509
2023	966	0	0	0	0	0	0	1656595255529
2023	964	0	0	0	0	0	0	1656595256549
2023	962	0	0	0	0	0	0	1656595257569
2023	960	0	0	0	0	0	0	1656595258589
2023	961	0	0	0	0	0	0	1656595259609
2023	959	0	0	0	0	0	0	1656595260629
2023	957	0	0	0	0	0	0	1656595261649
2023	956	0	0	0	0	0	0	1656595262669
2023	953	0	0	0	0	0	0	1656595263689
2023	950	0	0	0	0	0	0	1656595264709
2023	949	0	0	0	0	0	0	1656595265729
2023	948	0	0	0	0	0	0	1656595266749
2023	947	0	0	0	0	0	0	1656595267769
2023	946	0	0	0	0	0	0	1656595268789
2023	944	0	0	0	0	0	0	1656595269809
2023	946	0	0	0	0	0	0	1656595270829
2023	944	0	0	0	0	0	0	1656595271849
2023	944	0	0	0	0	0	0	1656595272869
2023	943	0	0	0	0	0	0	1656595273889
2023	942	0	0	0	0	0	0	1656595274909
2023	941	0	0	0	0	0	0	1656595275929
2023	941	0	0	0	0	0	0	1656595276949
2023	941	0	0	0	0	0	0	1656595277969
2023	941	0	0	0	0	0	0	1656595278989
2023	941	0	0	0	0	0	0	1656595280009
2023	941	0	0	0	0	0	0	1656595281029
2022	941	0	0	0	0	0	0	1656595282049
2022	941	0	0	0	0	0	0	1656595283069
2022	940	0	0	0	0	0	0	1656595284089
2022	940	0	0	0	0	0	0	1656595285109
2021	940	0	0	0	0	0	0	1656595286129
2020	940	0	0	0	0	0	0	1656595287149
2019	940	0	0	0	0	0	0	1656595288169
2019	940	0	0	0	0	0	0	1656595289189
2016	940	0	0	0	0	0	0	1656595290209
2012	940	0	0	0	0	0	0	1656595291229
2011	940	0	0	0	0	0	0	1656595292249
2007	940	0	0	0	0	0	0	1656595293269
2004	940	0	0	0	0	0	0	1656595294289
2001	940	0	0	0	0	0	0	1656595295309
1998	940	0	0	0	0	0	0	1656595296329
1996	940	0	0	0	0	0	0	1656595297349
1995	940	0	0	0	0	0	0	1656595298369
1995	940	0	0	0	0	0	0	1656595299389
1995	940	0	0	0	0	0	0	1656595300409
1995	940	0	0	0	0	0	0	1656595301429
1995	940	0	0	0	0	0	0	1656595302449
1995	940	0	0	0	0	0	0	1656595303469
1995	940	0	0	0	0	0	0	1656595304489
1995	940	0	0	0	0	0	0	1656595305509
1995	940	0	0	0	0	0	0	1656595306529
1995	940	0	0	0	0	0	0	1656595307549
1995	940	0	0	0	0	0	0	1656595308569
1995	940	0	0	0	0	0	0	1656595309589
1995	940	0	0	0	0	0	0	1656595310609
1995	940	0	0	0	0	0	0	1656595311629
1995	940	0	0	0	0	0	0	1656595312649
1995	940	0	0	0	0	0	0	1656595313669
1995	940	0	0	0	0	0	0	1656595314689
1995	940	0	0	0	0	0	0	1656595315709
1995	940	0	0	0	0	0	0	1656595316729
1995	940	0	0	0	0	0	0	1656595317749
1995	940	0	0	0	0	0	0	1656595318769
1995	940	0	0	0	0	0	0	1656595319789
1995	940	0	0	0	0	0	0	1656595320809
1995	940	0	0	0	0	0	0	1656595321829
1995	940	0	0	0	0	0	0	1656595322849
1994	940	0	0	0	0	0	0	1656595323869
1994	940	0	0	0	0	0	0	1656595324889
1994	940	0	0	0	0	0	0	1656595325909
1994	940	0	0	0	0	0	0	1656595326929
1994	940	0	0	0	0	0	0	1656595327949
1994	940	0	0	0	0	0	0	1656595328969
1994	940	0	0	0	0	0	0	1656595329989
1994	940	0	0	0	0	0	0	1656595331009
1994	940	0	0	0	0	0	0	1656595332029
1994	940	0	0	0	0	0	0	1656595333049
1994	940	0	0	0	0	0	0	1656595334069
1994	940	0	0	0	0	0	0	1656595335089
1994	940	0	0	0	0	0	0	1656595336109
1994	940	0	0	0	0	0	0	1656595337129
1994	940	0	0	0	0	0	0	1656595338149
1994	940	0	0	0	0	0	0	1656595339169
1994	940	0	0	0	0	0	0	1656595340189
1994	940	0	0	0	0	0	0	1656595341209
1994	940	0	0	0	0	0	0	1656595342229
1994	940	0	0	0	0	0	0	1656595343249
1994	940	0	0	0	0	0	0	1656595344269
1994	940	0	0	0	0	0	0	1656595345289
1994	940	0	0	0	0	0	0	1656595346309
1994	940	0	0	0	0	0	0	1656595347329
1994	940	0	0	0	0	0	0	1656595348349
1994	940	0	0	0	0	0	0	1656595349369
1994	940	0	0	0	0	0	0	1656595350389
1994	940	0	0	0	0	0	0	1656595351409
1994	940	0	0	0	0	0	0	1656595352429
1994	940	0	0	0	0	0	0	1656595353449
1993	940	0	0	0	0	0	0	1656595354469
1993	940	0	0	0	0	0	0	1656595355489
1991	940	0	0	0	0	0	0	1656595356509
1991	940	0	0	0	0	0	0	1656595357529
1990	940	0	0	0	0	0	0	1656595358549
1990	940	0	0	0	0	0	0	1656595359569
1987	940	0	0	0	0	0	0	1656595360589
1985	940	0	0	0	0	0	0	1656595361609
1984	940	0	0	0	0	0	0	1656595362629
1982	940	0	0	0	0	0	0	1656595363649
1980	940	0	0	0	0	0	0	1656595364669
1977	940	0	0	0	0	0	0	1656595365689
1975	940	0	0	0	0	0	0	1656595366709
1972	940	0	0	0	0	0	0	1656595367729
1971	940	0	0	0	0	0	0	1656595368749
1970	940	0	0	0	0	0	0	1656595369769
1970	940	0	0	0	0	0	0	1656595370789
1968	940	0	0	0	0	0	0	1656595371809
1968	940	0	0	0	0	0	0	1656595372829
1967	940	0	0	0	0	0	0	1656595373849
1967	966	0	0	0	0	0	0	1656595374869
1967	1002	0	0	0	0	0	0	1656595375889
1967	1000	0	0	0	0	0	0	1656595376909
1967	998	0	0	0	0	0	0	1656595377929
1967	997	0	0	0	0	0	0	1656595378949
1967	997	0	0	0	0	0	0	1656595379969
1966	997	0	0	0	0	0	0	1656595380989
1966	997	0	0	0	0	0	0	1656595382009
1966	997	0	0	0	0	0	0	1656595383029
1966	996	0	0	0	0	0	0	1656595384049
1966	996	0	0	0	0	0	0	1656595385069
1966	996	0	0	0	0	0	0	1656595386089
1981	996	0	0	0	0	0	0	1656595387109
1975	996	0	0	0	0	0	0	1656595388129
1972	996	0	0	0	0	0	0	1656595389149
1970	996	0	0	0	0	0	0	1656595390169
1969	996	0	0	0	0	0	0	1656595391189
1968	996	0	0	0	0	0	0	1656595392209
1967	996	0	0	0	0	0	0	1656595393229
1967	995	0	0	0	0	0	0	1656595394249
1967	995	0	0	0	0	0	0	1656595395269
1967	995	0	0	0	0	0	0	1656595396289
1967	995	0	0	0	0	0	0	1656595397309
1967	994	0	0	0	0	0	0	1656595398329
1967	993	0	0	0	0	0	0	1656595399349
1967	991	0	0	0	0	0	0	1656595400369
1967	988	0	0	0	0	0	0	1656595401389
1967	985	0	0	0	0	0	0	1656595402409
1967	983	0	0	0	0	0	0	1656595403429
1967	977	0	0	0	0	0	0	1656595404449
1967	974	0	0	0	0	0	0	1656595405469
1967	972	0	0	0	0	0	0	1656595406489
1967	970	0	0	0	0	0	0	1656595407509
1967	969	0	0	0	0	0	0	1656595408529
1967	969	0	0	0	0	0	0	1656595409549
1967	969	0	0	0	0	0	0	1656595410569
1967	969	0	0	0	0	0	0	1656595411589
1967	969	0	0	0	0	0	0	1656595412609
1967	969	0	0	0	0	0	0	1656595413629
1967	969	0	0	0	0	0	0	1656595414649
1967	969	0	0	0	0	0	0	1656595415669
1966	969	0	0	0	0	0	0	1656595416689
1966	969	0	0	0	0	0	0	1656595417709
1966	969	0	0	0	0	0	0	1656595418729
1966	968	0	0	0	0	0	0	1656595419749
1966	968	0	0	0	0	0	0	1656595420769
1966	968	0	0	0	0	0	0	1656595421789
1966	968	0	0	0	0	0	0	1656595422809
1966	968	0	0	0	0	0	0	1656595423829
1966	968	0	0	0	0	0	0	1656595424849
1966	968	0	0	0	0	0	0	1656595425869
1966	968	0	0	0	0	0	0	1656595426889
1966	968	0	0	0	0	0	0	1656595427909
1966	968	0	0	0	0	0	0	1656595428929
1966	968	0	0	0	0	0	0	1656595429949
1966	968	0	0	0	0	0	0	1656595430969
1966	968	0	0	0	0	0	0	1656595431989
1966	968	0	0	0	0	0	0	1656595433009
1966	968	0	0	0	0	0	0	1656595434029
1966	968	0	0	0	0	0	0	1656595435049
1966	968	0	0	0	0	0	0	1656595436069
1966	968	0	0	0	0	0	0	1656595437089
1966	968	0	0	0	0	0	0	1656595438109
1965	968	0	0	0	0	0	0	1656595439129
1964	968	0	0	0	0	0	0	1656595440149
1963	968	0	0	0	0	0	0	1656595441169
1962	968	0	0	0	0	0	0	1656595442189
1962	968	0	0	0	0	0	0	1656595443209
1960	958	0	0	0	0	0	0	1656595444229
1958	962	0	0	0	0	0	0	1656595445249
1956	964	0	0	0	0	0	0	1656595446269
1954	966	0	0	0	0	0	0	1656595447289
1951	967	0	0	0	0	0	0	1656595448309
1951	967	0	0	0	0	0	0	1656595449329
1948	967	0	0	0	0	0	0	1656595450349
1947	968	0	0	0	0	0	0	1656595451369
1945	968	0	0	0	0	0	0	1656595452389
1944	968	0	0	0	0	0	0	1656595453409
1942	968	0	0	0	0	0	0	1656595454429
1941	968	0	0	0	0	0	0	1656595455449
1940	968	0	0	0	0	0	0	1656595456469
1939	968	0	0	0	0	0	0	1656595457489
1939	968	0	0	0	0	0	0	1656595458509
1939	968	0	0	0	0	0	0	1656595459529
1939	968	0	0	0	0	0	0	1656595460549
1939	968	0	0	0	0	0	0	1656595461569
1939	968	0	0	0	0	0	0	1656595462589
1939	968	0	0	0	0	0	0	1656595463609
1939	968	0	0	0	0	0	0	1656595464629
1939	968	0	0	0	0	0	0	1656595465649
1939	968	0	0	0	0	0	0	1656595466669
1939	968	0	0	0	0	0	0	1656595467689
1939	968	0	0	0	0	0	0	1656595468709
1939	968	0	0	0	0	0	0	1656595469729
1939	968	0	0	0	0	0	0	1656595470749
1939	968	0	0	0	0	0	0	1656595471769
1939	968	0	0	0	0	0	0	1656595472789
1939	968	0	0	0	0	0	0	1656595473809
1939	968	0	0	0	0	0	0	1656595474829
1939	968	0	0	0	0	0	0	1656595475849
1939	968	0	0	0	0	0	0	1656595476869
1939	968	0	0	0	0	0	0	1656595477889
1939	968	0	0	0	0	0	0	1656595478909
1939	968	0	0	0	0	0	0	1656595479929
1939	968	0	0	0	0	0	0	1656595480949
1939	968	0	0	0	0	0	0	1656595481969
1939	968	0	0	0	0	0	0	1656595482989
1939	968	0	0	0	0	0	0	1656595484009
1939	968	0	0	0	0	0	0	1656595485029
1939	968	0	0	0	0	0	0	1656595486049
1938	968	0	0	0	0	0	0	1656595487069
1938	968	0	0	0	0	0	0	1656595488089
1938	968	0	0	0	0	0	0	1656595489109
1939	968	0	0	0	0	0	0	1656595490129
1939	968	0	0	0	0	0	0	1656595491149
1939	968	0	0	0	0	0	0	1656595492169
1939	968	0	0	0	0	0	0	1656595493189
1939	968	0	0	0	0	0	0	1656595494209
1939	968	0	0	0	0	0	0	1656595495229
1939	968	0	0	0	0	0	0	1656595496249
1939	968	0	0	0	0	0	0	1656595497269
1939	968	0	0	0	0	0	0	1656595498289
1939	968	0	0	0	0	0	0	1656595499309
1939	968	0	0	0	0	0	0	1656595500329
1939	968	0	0	0	0	0	0	1656595501349
1939	968	0	0	0	0	0	0	1656595502369
1939	968	0	0	0	0	0	0	1656595503389
1939	968	0	0	0	0	0	0	1656595504409
1939	968	0	0	0	0	0	0	1656595505429
1939	968	0	0	0	0	0	0	1656595506449
1939	968	0	0	0	0	0	0	1656595507469
1939	968	0	0	0	0	0	0	1656595508489
1939	967	0	0	0	0	0	0	1656595509509
1939	967	0	0	0	0	0	0	1656595510529
1939	967	0	0	0	0	0	0	1656595511549
1939	967	0	0	0	0	0	0	1656595512569
1939	966	0	0	0	0	0	0	1656595513589
1939	966	0	0	0	0	0	0	1656595514609
1939	966	0	0	0	0	0	0	1656595515629
1939	966	0	0	0	0	0	0	1656595516649
1939	966	0	0	0	0	0	0	1656595517669
1939	965	0	0	0	0	0	0	1656595518689
1939	963	0	0	0	0	0	0	1656595519709
1939	963	0	0	0	0	0	0	1656595520729
1939	962	0	0	0	0	0	0	1656595521749
1939	960	0	0	0	0	0	0	1656595522769
1939	957	0	0	0	0	0	0	1656595523789
1939	957	0	0	0	0	0	0	1656595524809
1939	956	0	0	0	0	0	0	1656595525829
1939	954	0	0	0	0	0	0	1656595526849
1939	954	0	0	0	0	0	0	1656595527869
1939	953	0	0	0	0	0	0	1656595528889
1939	952	0	0	0	0	0	0	1656595529909
1938	950	0	0	0	0	0	0	1656595530929
1938	950	0	0	0	0	0	0	1656595531949
1938	947	0	0	0	0	0	0	1656595532969
1938	947	0	0	0	0	0	0	1656595533989
1938	947	0	0	0	0	0	0	1656595535009
1938	946	0	0	0	0	0	0	1656595536029
1938	944	0	0	0	0	0	0	1656595537049
1937	943	0	0	0	0	0	0	1656595538069
1938	942	0	0	0	0	0	0	1656595539089
1938	943	0	0	0	0	0	0	1656595540109
1937	943	0	0	0	0	0	0	1656595541129
1937	942	0	0	0	0	0	0	1656595542149
1936	942	0	0	0	0	0	0	1656595543169
1936	942	0	0	0	0	0	0	1656595544189
1935	941	0	0	0	0	0	0	1656595545209
1932	941	0	0	0	0	0	0	1656595546229
1931	941	0	0	0	0	0	0	1656595547249
1931	941	0	0	0	0	0	0	1656595548269
1929	941	0	0	0	0	0	0	1656595549289
1929	941	0	0	0	0	0	0	1656595550309
1926	941	0	0	0	0	0	0	1656595551329
1924	941	0	0	0	0	0	0	1656595552349
1922	941	0	0	0	0	0	0	1656595553369
1921	941	0	0	0	0	0	0	1656595554389
1919	941	0	0	0	0	0	0	1656595555409
1917	941	0	0	0	0	0	0	1656595556429
1915	941	0	0	0	0	0	0	1656595557449
1915	941	0	0	0	0	0	0	1656595558469
1914	941	0	0	0	0	0	0	1656595559489
1913	941	0	0	0	0	0	0	1656595560509
1913	941	0	0	0	0	0	0	1656595561529
1912	941	0	0	0	0	0	0	1656595562549
1911	941	0	0	0	0	0	0	1656595563569
1911	941	0	0	0	0	0	0	1656595564589
1911	941	0	0	0	0	0	0	1656595565609
1911	941	0	0	0	0	0	0	1656595566629
1911	941	0	0	0	0	0	0	1656595567649
1911	941	0	0	0	0	0	0	1656595568669
1911	941	0	0	0	0	0	0	1656595569689
1911	941	0	0	0	0	0	0	1656595570709
1911	941	0	0	0	0	0	0	1656595571729
1911	941	0	0	0	0	0	0	1656595572749
1911	941	0	0	0	0	0	0	1656595573769
1911	941	0	0	0	0	0	0	1656595574789
1911	941	0	0	0	0	0	0	1656595575809
1911	941	0	0	0	0	0	0	1656595576829
1911	941	0	0	0	0	0	0	1656595577849
1911	941	0	0	0	0	0	0	1656595578869
1911	941	0	0	0	0	0	0	1656595579889
1911	941	0	0	0	0	0	0	1656595580909
1911	941	0	0	0	0	0	0	1656595581929
1911	941	0	0	0	0	0	0	1656595582949
1911	941	0	0	0	0	0	0	1656595583969
1911	941	0	0	0	0	0	0	1656595584989
1911	941	0	0	0	0	0	0	1656595586009
1911	941	0	0	0	0	0	0	1656595587029
1911	941	0	0	0	0	0	0	1656595588049
1911	940	0	0	0	0	0	0	1656595589069
1910	940	0	0	0	0	0	0	1656595590089
1910	940	0	0	0	0	0	0	1656595591109
1910	940	0	0	0	0	0	0	1656595592129
1910	940	0	0	0	0	0	0	1656595593149
1910	940	0	0	0	0	0	0	1656595594169
1910	940	0	0	0	0	0	0	1656595595189
1910	940	0	0	0	0	0	0	1656595596209
1910	940	0	0	0	0	0	0	1656595597229
1910	940	0	0	0	0	0	0	1656595598249
1910	940	0	0	0	0	0	0	1656595599269
1910	940	0	0	0	0	0	0	1656595600289
1910	940	0	0	0	0	0	0	1656595601309
1910	940	0	0	0	0	0	0	1656595602329
1910	940	0	0	0	0	0	0	1656595603349
1910	940	0	0	0	0	0	0	1656595604369
1910	940	0	0	0	0	0	0	1656595605389
1910	940	0	0	0	0	0	0	1656595606409
1910	940	0	0	0	0	0	0	1656595607429
1910	940	0	0	0	0	0	0	1656595608449
1910	940	0	0	0	0	0	0	1656595609469
1910	940	0	0	0	0	0	0	1656595610489
1910	940	0	0	0	0	0	0	1656595611509
1910	940	0	0	0	0	0	0	1656595612529
1910	940	0	0	0	0	0	0	1656595613549
1910	940	0	0	0	0	0	0	1656595614569
1910	940	0	0	0	0	0	0	1656595615589
1910	940	0	0	0	0	0	0	1656595616609
1910	940	0	0	0	0	0	0	1656595617629
1910	940	0	0	0	0	0	0	1656595618649
1910	940	0	0	0	0	0	0	1656595619669
1910	940	0	0	0	0	0	0	1656595620689
1910	940	0	0	0	0	0	0	1656595621709
1910	940	0	0	0	0	0	0	1656595622729
1910	940	0	0	0	0	0	0	1656595623749
1910	940	0	0	0	0	0	0	1656595624769
1910	940	0	0	0	0	0	0	1656595625789
1910	940	0	0	0	0	0	0	1656595626809
1910	940	0	0	0	0	0	0	1656595627829
1910	940	0	0	0	0	0	0	1656595628849
1910	940	0	0	0	0	0	0	1656595629869
1910	940	0	0	0	0	0	0	1656595630889
1910	940	0	0	0	0	0	0	1656595631909
1910	940	0	0	0	0	0	0	1656595632929
1910	940	0	0	0	0	0	0	1656595633949
1910	940	0	0	0	0	0	0	1656595634969
1910	940	0	0	0	0	0	0	1656595635989
1910	940	0	0	0	0	0	0	1656595637009
1910	940	0	0	0	0	0	0	1656595638029
1910	940	0	0	0	0	0	0	1656595639049
1910	940	0	0	0	0	0	0	1656595640069
1910	940	0	0	0	0	0	0	1656595641089
1910	940	0	0	0	0	0	0	1656595642109
1910	940	0	0	0	0	0	0	1656595643129
1910	940	0	0	0	0	0	0	1656595644149
1910	940	0	0	0	0	0	0	1656595645169
1910	940	0	0	0	0	0	0	1656595646189
1910	940	0	0	0	0	0	0	1656595647209
1910	940	0	0	0	0	0	0	1656595648229
1910	940	0	0	0	0	0	0	1656595649249
1910	940	0	0	0	0	0	0	1656595650269
1910	940	0	0	0	0	0	0	1656595651289
1910	940	0	0	0	0	0	0	1656595652309
1910	940	0	0	0	0	0	0	1656595653329
1910	940	0	0	0	0	0	0	1656595654349
1910	940	0	0	0	0	0	0	1656595655369
1910	940	0	0	0	0	0	0	1656595656389
1910	940	0	0	0	0	0	0	1656595657409
1910	940	0	0	0	0	0	0	1656595658429
1910	940	0	0	0	0	0	0	1656595659449
1910	940	0	0	0	0	0	0	1656595660469
1910	940	0	0	0	0	0	0	1656595661489
1910	940	0	0	0	0	0	0	1656595662509
1910	940	0	0	0	0	0	0	1656595663529
1910	940	0	0	0	0	0	0	1656595664549
1910	940	0	0	0	0	0	0	1656595665569
1910	940	0	0	0	0	0	0	1656595666589
1910	940	0	0	0	0	0	0	1656595667609
1910	940	0	0	0	0	0	0	1656595668629
1910	940	0	0	0	0	0	0	1656595669649
1910	940	0	0	0	0	0	0	1656595670669
1910	940	0	0	0	0	0	0	1656595671689
1910	940	0	0	0	0	0	0	1656595672709
1909	940	0	0	0	0	0	0	1656595673729
1909	940	0	0	0	0	0	0	1656595674749
1909	940	0	0	0	0	0	0	1656595675769
1909	940	0	0	0	0	0	0	1656595676789
1908	940	0	0	0	0	0	0	1656595677809
1909	940	0	0	0	0	0	0	1656595678829
1909	940	0	0	0	0	0	0	1656595679849
1907	940	0	0	0	0	0	0	1656595680869
1906	940	0	0	0	0	0	0	1656595681889
1905	940	0	0	0	0	0	0	1656595682909
1905	940	0	0	0	0	0	0	1656595683929
1905	940	0	0	0	0	0	0	1656595684949
1904	940	0	0	0	0	0	0	1656595685969
1901	940	0	0	0	0	0	0	1656595686989
1901	940	0	0	0	0	0	0	1656595688009
1900	940	0	0	0	0	0	0	1656595689029
1899	940	0	0	0	0	0	0	1656595690049
1899	940	0	0	0	0	0	0	1656595691069
1898	940	0	0	0	0	0	0	1656595692089
1898	940	0	0	0	0	0	0	1656595693109
1895	940	0	0	0	0	0	0	1656595694129
1894	940	0	0	0	0	0	0	1656595695149
1892	940	0	0	0	0	0	0	1656595696169
1891	940	0	0	0	0	0	0	1656595697189
1891	940	0	0	0	0	0	0	1656595698209
1889	940	0	0	0	0	0	0	1656595699229
1888	940	0	0	0	0	0	0	1656595700249
1887	940	0	0	0	0	0	0	1656595701269
1886	940	0	0	0	0	0	0	1656595702289
1886	940	0	0	0	0	0	0	1656595703309
1886	940	0	0	0	0	0	0	1656595704329
1885	940	0	0	0	0	0	0	1656595705349
1885	940	0	0	0	0	0	0	1656595706369
1885	940	0	0	0	0	0	0	1656595707389
1884	940	0	0	0	0	0	0	1656595708409
1883	940	0	0	0	0	0	0	1656595709429
1883	940	0	0	0	0	0	0	1656595710449
1883	940	0	0	0	0	0	0	1656595711469
1883	940	0	0	0	0	0	0	1656595712489
1883	940	0	0	0	0	0	0	1656595713509
1883	940	0	0	0	0	0	0	1656595714529
1883	940	0	0	0	0	0	0	1656595715549
1883	940	0	0	0	0	0	0	1656595716569
1883	940	0	0	0	0	0	0	1656595717589
1883	940	0	0	0	0	0	0	1656595718609
1883	940	0	0	0	0	0	0	1656595719629
1883	940	0	0	0	0	0	0	1656595720649
1883	940	0	0	0	0	0	0	1656595721669
1883	940	0	0	0	0	0	0	1656595722689
1883	940	0	0	0	0	0	0	1656595723709
1883	940	0	0	0	0	0	0	1656595724729
1883	940	0	0	0	0	0	0	1656595725749
1883	940	0	0	0	0	0	0	1656595726769
1883	940	0	0	0	0	0	0	1656595727789
1883	940	0	0	0	0	0	0	1656595728809
1883	940	0	0	0	0	0	0	1656595729829
1883	940	0	0	0	0	0	0	1656595730849
1883	940	0	0	0	0	0	0	1656595731869
1883	940	0	0	0	0	0	0	1656595732889
1883	940	0	0	0	0	0	0	1656595733909
1883	940	0	0	0	0	0	0	1656595734929
1883	940	0	0	0	0	0	0	1656595735949
1883	940	0	0	0	0	0	0	1656595736969
1883	940	0	0	0	0	0	0	1656595737989
1883	940	0	0	0	0	0	0	1656595739009
1883	940	0	0	0	0	0	0	1656595740029
1883	940	0	0	0	0	0	0	1656595741049
1883	940	0	0	0	0	0	0	1656595742069
1883	940	0	0	0	0	0	0	1656595743089
1883	940	0	0	0	0	0	0	1656595744109
1883	940	0	0	0	0	0	0	1656595745129
1883	939	0	0	0	0	0	0	1656595746149
1883	939	0	0	0	0	0	0	1656595747169
1883	938	0	0	0	0	0	0	1656595748189
1883	938	0	0	0	0	0	0	1656595749209
1883	938	0	0	0	0	0	0	1656595750229
1883	938	0	0	0	0	0	0	1656595751249
1883	938	0	0	0	0	0	0	1656595752269
1883	938	0	0	0	0	0	0	1656595753289
1883	939	0	0	0	0	0	0	1656595754309
1883	938	0	0	0	0	0	0	1656595755329
1883	939	0	0	0	0	0	0	1656595756349
1883	938	0	0	0	0	0	0	1656595757369
1883	938	0	0	0	0	0	0	1656595758389
1883	937	0	0	0	0	0	0	1656595759409
1883	937	0	0	0	0	0	0	1656595760429
1883	938	0	0	0	0	0	0	1656595761449
1883	936	0	0	0	0	0	0	1656595762469
1883	936	0	0	0	0	0	0	1656595763489
1883	936	0	0	0	0	0	0	1656595764509
1883	935	0	0	0	0	0	0	1656595765529
1883	936	0	0	0	0	0	0	1656595766549
1883	936	0	0	0	0	0	0	1656595767569
1883	935	0	0	0	0	0	0	1656595768589
1883	935	0	0	0	0	0	0	1656595769609
1883	934	0	0	0	0	0	0	1656595770629
1883	932	0	0	0	0	0	0	1656595771649
1883	932	0	0	0	0	0	0	1656595772669
1883	932	0	0	0	0	0	0	1656595773689
1883	931	0	0	0	0	0	0	1656595774709
1883	931	0	0	0	0	0	0	1656595775729
1883	930	0	0	0	0	0	0	1656595776749
1883	929	0	0	0	0	0	0	1656595777769
1883	928	0	0	0	0	0	0	1656595778789
1883	927	0	0	0	0	0	0	1656595779809
1883	926	0	0	0	0	0	0	1656595780829
1883	927	0	0	0	0	0	0	1656595781849
1883	927	0	0	0	0	0	0	1656595782869
1883	926	0	0	0	0	0	0	1656595783889
1883	926	0	0	0	0	0	0	1656595784909
1883	925	0	0	0	0	0	0	1656595785929
1883	924	0	0	0	0	0	0	1656595786949
1883	924	0	0	0	0	0	0	1656595787969
1883	924	0	0	0	0	0	0	1656595788989
1883	923	0	0	0	0	0	0	1656595790009
1883	922	0	0	0	0	0	0	1656595791029
1883	921	0	0	0	0	0	0	1656595792049
1883	920	0	0	0	0	0	0	1656595793069
1883	921	0	0	0	0	0	0	1656595794089
1883	921	0	0	0	0	0	0	1656595795109
1883	920	0	0	0	0	0	0	1656595796129
1883	919	0	0	0	0	0	0	1656595797149
1883	921	0	0	0	0	0	0	1656595798169
1883	920	0	0	0	0	0	0	1656595799189
1883	919	0	0	0	0	0	0	1656595800209
1883	918	0	0	0	0	0	0	1656595801229
1883	918	0	0	0	0	0	0	1656595802249
1883	918	0	0	0	0	0	0	1656595803269
1883	924	0	0	0	0	0	0	1656595804289
1883	921	0	0	0	0	0	0	1656595805309
1883	920	0	0	0	0	0	0	1656595806329
1883	918	0	0	0	0	0	0	1656595807349
1883	916	0	0	0	0	0	0	1656595808369
1883	916	0	0	0	0	0	0	1656595809389
1883	916	0	0	0	0	0	0	1656595810409
1883	915	0	0	0	0	0	0	1656595811429
1883	916	0	0	0	0	0	0	1656595812449
1883	915	0	0	0	0	0	0	1656595813469
1883	915	0	0	0	0	0	0	1656595814489
1883	914	0	0	0	0	0	0	1656595815509
1883	914	0	0	0	0	0	0	1656595816529
1883	913	0	0	0	0	0	0	1656595817549
1883	913	0	0	0	0	0	0	1656595818569
1883	913	0	0	0	0	0	0	1656595819589
1883	914	0	0	0	0	0	0	1656595820609
1883	914	0	0	0	0	0	0	1656595821629
1883	913	0	0	0	0	0	0	1656595822649
1883	913	0	0	0	0	0	0	1656595823669
1883	913	0	0	0	0	0	0	1656595824689
1883	913	0	0	0	0	0	0	1656595825709
1883	913	0	0	0	0	0	0	1656595826729
1883	913	0	0	0	0	0	0	1656595827749
1883	913	0	0	0	0	0	0	1656595828769
1883	913	0	0	0	0	0	0	1656595829789
1883	913	0	0	0	0	0	0	1656595830809
1883	913	0	0	0	0	0	0	1656595831829
1883	913	0	0	0	0	0	0	1656595832849
1883	913	0	0	0	0	0	0	1656595833869
1883	913	0	0	0	0	0	0	1656595834889
1883	913	0	0	0	0	0	0	1656595835909
1883	913	0	0	0	0	0	0	1656595836929
1883	913	0	0	0	0	0	0	1656595837949
1883	913	0	0	0	0	0	0	1656595838969
1883	913	0	0	0	0	0	0	1656595839989
1883	913	0	0	0	0	0	0	1656595841009
1883	913	0	0	0	0	0	0	1656595842029
1883	913	0	0	0	0	0	0	1656595843049
1883	913	0	0	0	0	0	0	1656595844069
1883	913	0	0	0	0	0	0	1656595845089
1883	913	0	0	0	0	0	0	1656595846109
1883	913	0	0	0	0	0	0	1656595847129
1883	913	0	0	0	0	0	0	1656595848149
1883	913	0	0	0	0	0	0	1656595849169
1883	913	0	0	0	0	0	0	1656595850189
1883	913	0	0	0	0	0	0	1656595851209
1883	913	0	0	0	0	0	0	1656595852229
1883	913	0	0	0	0	0	0	1656595853249
1883	913	0	0	0	0	0	0	1656595854269
1883	913	0	0	0	0	0	0	1656595855289
1883	913	0	0	0	0	0	0	1656595856309
1883	913	0	0	0	0	0	0	1656595857329
1883	913	0	0	0	0	0	0	1656595858349
1883	913	0	0	0	0	0	0	1656595859369
1883	913	0	0	0	0	0	0	1656595860389
1883	913	0	0	0	0	0	0	1656595861409
1883	913	0	0	0	0	0	0	1656595862429
1883	913	0	0	0	0	0	0	1656595863449
1883	913	0	0	0	0	0	0	1656595864469
1883	913	0	0	0	0	0	0	1656595865489
1882	913	0	0	0	0	0	0	1656595866509
1882	913	0	0	0	0	0	0	1656595867529
1882	913	0	0	0	0	0	0	1656595868549
1882	913	0	0	0	0	0	0	1656595869569
1882	913	0	0	0	0	0	0	1656595870589
1882	913	0	0	0	0	0	0	1656595871609
1882	913	0	0	0	0	0	0	1656595872629
1882	913	0	0	0	0	0	0	1656595873649
1882	913	0	0	0	0	0	0	1656595874669
1882	913	0	0	0	0	0	0	1656595875689
1882	913	0	0	0	0	0	0	1656595876709
1882	913	0	0	0	0	0	0	1656595877729
1882	913	0	0	0	0	0	0	1656595878749
1882	913	0	0	0	0	0	0	1656595879769
1882	913	0	0	0	0	0	0	1656595880789
1882	913	0	0	0	0	0	0	1656595881809
1882	913	0	0	0	0	0	0	1656595882829
1883	913	0	0	0	0	0	0	1656595883849
1883	913	0	0	0	0	0	0	1656595884869
1883	913	0	0	0	0	0	0	1656595885889
1883	913	0	0	0	0	0	0	1656595886909
1882	913	0	0	0	0	0	0	1656595887929
1882	913	0	0	0	0	0	0	1656595888949
1882	913	0	0	0	0	0	0	1656595889969
1882	913	0	0	0	0	0	0	1656595890989
1881	913	0	0	0	0	0	0	1656595892009
1881	913	0	0	0	0	0	0	1656595893029
1882	913	0	0	0	0	0	0	1656595894049
1882	913	0	0	0	0	0	0	1656595895069
1882	912	0	0	0	0	0	0	1656595896089
1882	912	0	0	0	0	0	0	1656595897109
1882	912	0	0	0	0	0	0	1656595898129
1882	912	0	0	0	0	0	0	1656595899149
1882	912	0	0	0	0	0	0	1656595900169
1881	912	0	0	0	0	0	0	1656595901189
1881	912	0	0	0	0	0	0	1656595902209
1880	912	0	0	0	0	0	0	1656595903229
1879	912	0	0	0	0	0	0	1656595904249
1879	912	0	0	0	0	0	0	1656595905269
1878	912	0	0	0	0	0	0	1656595906289
1880	912	0	0	0	0	0	0	1656595907309
1879	912	0	0	0	0	0	0	1656595908329
1879	912	0	0	0	0	0	0	1656595909349
1879	912	0	0	0	0	0	0	1656595910369
1878	912	0	0	0	0	0	0	1656595911389
1877	912	0	0	0	0	0	0	1656595912409
1878	912	0	0	0	0	0	0	1656595913429
1878	912	0	0	0	0	0	0	1656595914449
1877	912	0	0	0	0	0	0	1656595915469
1878	912	0	0	0	0	0	0	1656595916489
1877	912	0	0	0	0	0	0	1656595917509
1876	912	0	0	0	0	0	0	1656595918529
1876	912	0	0	0	0	0	0	1656595919549
1875	912	0	0	0	0	0	0	1656595920569
1874	912	0	0	0	0	0	0	1656595921589
1871	912	0	0	0	0	0	0	1656595922609
1872	912	0	0	0	0	0	0	1656595923629
1873	912	0	0	0	0	0	0	1656595924649
1871	912	0	0	0	0	0	0	1656595925669
1871	912	0	0	0	0	0	0	1656595926689
1871	912	0	0	0	0	0	0	1656595927709
1870	912	0	0	0	0	0	0	1656595928729
1868	912	0	0	0	0	0	0	1656595929749
1870	912	0	0	0	0	0	0	1656595930769
1870	912	0	0	0	0	0	0	1656595931789
1870	912	0	0	0	0	0	0	1656595932809
1869	912	0	0	0	0	0	0	1656595933829
1870	912	0	0	0	0	0	0	1656595934849
1867	912	0	0	0	0	0	0	1656595935869
1866	912	0	0	0	0	0	0	1656595936889
1867	912	0	0	0	0	0	0	1656595937909
1868	912	0	0	0	0	0	0	1656595938929
1867	912	0	0	0	0	0	0	1656595939949
1866	912	0	0	0	0	0	0	1656595940969
1864	912	0	0	0	0	0	0	1656595941989
1864	912	0	0	0	0	0	0	1656595943009
1863	912	0	0	0	0	0	0	1656595944029
1864	912	0	0	0	0	0	0	1656595945049
1864	912	0	0	0	0	0	0	1656595946069
1862	912	0	0	0	0	0	0	1656595947089
1862	912	0	0	0	0	0	0	1656595948109
1863	912	0	0	0	0	0	0	1656595949129
1862	912	0	0	0	0	0	0	1656595950149
1861	912	0	0	0	0	0	0	1656595951169
1860	912	0	0	0	0	0	0	1656595952189
1859	912	0	0	0	0	0	0	1656595953209
1860	912	0	0	0	0	0	0	1656595954229
1859	912	0	0	0	0	0	0	1656595955249
1859	912	0	0	0	0	0	0	1656595956269
1859	912	0	0	0	0	0	0	1656595957289
1859	912	0	0	0	0	0	0	1656595958309
1858	912	0	0	0	0	0	0	1656595959329
1858	912	0	0	0	0	0	0	1656595960349
1858	912	0	0	0	0	0	0	1656595961369
1857	912	0	0	0	0	0	0	1656595962389
1857	912	0	0	0	0	0	0	1656595963409
1856	912	0	0	0	0	0	0	1656595964429
1856	912	0	0	0	0	0	0	1656595965449
1856	912	0	0	0	0	0	0	1656595966469
1856	912	0	0	0	0	0	0	1656595967489
1856	912	0	0	0	0	0	0	1656595968509
1856	912	0	0	0	0	0	0	1656595969529
1856	912	0	0	0	0	0	0	1656595970549
1856	912	0	0	0	0	0	0	1656595971569
1855	912	0	0	0	0	0	0	1656595972589
1855	912	0	0	0	0	0	0	1656595973609
1855	912	0	0	0	0	0	0	1656595974629
1855	912	0	0	0	0	0	0	1656595975649
1855	912	0	0	0	0	0	0	1656595976669
1855	912	0	0	0	0	0	0	1656595977689
1855	912	0	0	0	0	0	0	1656595978709
1856	912	0	0	0	0	0	0	1656595979729
1856	912	0	0	0	0	0	0	1656595980749
1855	911	0	0	0	0	0	0	1656595981769
1855	911	0	0	0	0	0	0	1656595982789
1855	909	0	0	0	0	0	0	1656595983809
1855	910	0	0	0	0	0	0	1656595984829
1855	911	0	0	0	0	0	0	1656595985849
1855	912	0	0	0	0	0	0	1656595986869
1855	912	0	0	0	0	0	0	1656595987889
1855	912	0	0	0	0	0	0	1656595988909
1855	912	0	0	0	0	0	0	1656595989929
1855	912	0	0	0	0	0	0	1656595990949
1855	912	0	0	0	0	0	0	1656595991969
1855	912	0	0	0	0	0	0	1656595992989
1855	912	0	0	0	0	0	0	1656595994009
1855	912	0	0	0	0	0	0	1656595995029
1855	912	0	0	0	0	0	0	1656595996049
1855	912	0	0	0	0	0	0	1656595997069
1855	912	0	0	0	0	0	0	1656595998089
1855	912	0	0	0	0	0	0	1656595999109
1855	912	0	0	0	0	0	0	1656596000129
1855	912	0	0	0	0	0	0	1656596001149
1855	912	0	0	0	0	0	0	1656596002169
1855	912	0	0	0	0	0	0	1656596003189
1855	912	0	0	0	0	0	0	1656596004209
1855	912	0	0	0	0	0	0	1656596005229
1855	912	0	0	0	0	0	0	1656596006249
1855	912	0	0	0	0	0	0	1656596007269
1855	912	0	0	0	0	0	0	1656596008289
1855	912	0	0	0	0	0	0	1656596009309
1855	912	0	0	0	0	0	0	1656596010329
1855	912	0	0	0	0	0	0	1656596011349
1855	912	0	0	0	0	0	0	1656596012369
1855	912	0	0	0	0	0	0	1656596013389
1855	912	0	0	0	0	0	0	1656596014409
1855	912	0	0	0	0	0	0	1656596015429
1855	912	0	0	0	0	0	0	1656596016449
1855	912	0	0	0	0	0	0	1656596017469
1855	912	0	0	0	0	0	0	1656596018489
1855	912	0	0	0	0	0	0	1656596019509
1855	912	0	0	0	0	0	0	1656596020529
1855	912	0	0	0	0	0	0	1656596021549
1855	912	0	0	0	0	0	0	1656596022569
1855	912	0	0	0	0	0	0	1656596023589
1855	912	0	0	0	0	0	0	1656596024609
1855	912	0	0	0	0	0	0	1656596025629
1855	912	0	0	0	0	0	0	1656596026649
1855	912	0	0	0	0	0	0	1656596027669
1855	912	0	0	0	0	0	0	1656596028689
1855	912	0	0	0	0	0	0	1656596029709
1854	912	0	0	0	0	0	0	1656596030729
1855	912	0	0	0	0	0	0	1656596031749
1855	912	0	0	0	0	0	0	1656596032769
1855	912	0	0	0	0	0	0	1656596033789
1855	912	0	0	0	0	0	0	1656596034809
1855	912	0	0	0	0	0	0	1656596035829
1855	912	0	0	0	0	0	0	1656596036849
1855	912	0	0	0	0	0	0	1656596037869
1855	912	0	0	0	0	0	0	1656596038889
1855	912	0	0	0	0	0	0	1656596039909
1855	912	0	0	0	0	0	0	1656596040929
1855	912	0	0	0	0	0	0	1656596041949
1855	912	0	0	0	0	0	0	1656596042969
1855	912	0	0	0	0	0	0	1656596043989
1855	912	0	0	0	0	0	0	1656596045009
1855	912	0	0	0	0	0	0	1656596046029
1855	912	0	0	0	0	0	0	1656596047049
1855	912	0	0	0	0	0	0	1656596048069
1855	912	0	0	0	0	0	0	1656596049089
1855	912	0	0	0	0	0	0	1656596050109
1855	912	0	0	0	0	0	0	1656596051129
1855	912	0	0	0	0	0	0	1656596052149
1855	912	0	0	0	0	0	0	1656596053169
1855	912	0	0	0	0	0	0	1656596054189
1855	912	0	0	0	0	0	0	1656596055209
1855	912	0	0	0	0	0	0	1656596056229
1855	912	0	0	0	0	0	0	1656596057249
1855	912	0	0	0	0	0	0	1656596058269
1855	912	0	0	0	0	0	0	1656596059289
1855	912	0	0	0	0	0	0	1656596060309
1855	912	0	0	0	0	0	0	1656596061329
1855	912	0	0	0	0	0	0	1656596062349
1855	912	0	0	0	0	0	0	1656596063369
1855	912	0	0	0	0	0	0	1656596064389
1855	912	0	0	0	0	0	0	1656596065409
1855	912	0	0	0	0	0	0	1656596066429
1855	912	0	0	0	0	0	0	1656596067449
1855	912	0	0	0	0	0	0	1656596068469
1855	912	0	0	0	0	0	0	1656596069489
1855	912	0	0	0	0	0	0	1656596070509
1855	912	0	0	0	0	0	0	1656596071529
1855	912	0	0	0	0	0	0	1656596072549
1855	912	0	0	0	0	0	0	1656596073569
1855	912	0	0	0	0	0	0	1656596074589
1855	912	0	0	0	0	0	0	1656596075609
1855	912	0	0	0	0	0	0	1656596076629
1855	912	0	0	0	0	0	0	1656596077649
1855	912	0	0	0	0	0	0	1656596078669
1855	912	0	0	0	0	0	0	1656596079689
1855	912	0	0	0	0	0	0	1656596080709
1855	912	0	0	0	0	0	0	1656596081729
1855	912	0	0	0	0	0	0	1656596082749
1855	912	0	0	0	0	0	0	1656596083769
1855	912	0	0	0	0	0	0	1656596084789
1855	912	0	0	0	0	0	0	1656596085809
1855	912	0	0	0	0	0	0	1656596086829
1855	912	0	0	0	0	0	0	1656596087849
1855	912	0	0	0	0	0	0	1656596088869
1855	912	0	0	0	0	0	0	1656596089889
1855	912	0	0	0	0	0	0	1656596090909
1855	912	0	0	0	0	0	0	1656596091929
1855	912	0	0	0	0	0	0	1656596092949
1855	912	0	0	0	0	0	0	1656596093969
1855	912	0	0	0	0	0	0	1656596094989
1855	912	0	0	0	0	0	0	1656596096009
1855	912	0	0	0	0	0	0	1656596097029
1855	912	0	0	0	0	0	0	1656596098049
1855	912	0	0	0	0	0	0	1656596099069
1855	912	0	0	0	0	0	0	1656596100089
1855	912	0	0	0	0	0	0	1656596101109
1855	912	0	0	0	0	0	0	1656596102129
1855	912	0	0	0	0	0	0	1656596103149
1855	912	0	0	0	0	0	0	1656596104169
1855	912	0	0	0	0	0	0	1656596105189
1855	912	0	0	0	0	0	0	1656596106209
1855	912	0	0	0	0	0	0	1656596107229
1855	912	0	0	0	0	0	0	1656596108249
1855	912	0	0	0	0	0	0	1656596109269
1855	912	0	0	0	0	0	0	1656596110289
1855	912	0	0	0	0	0	0	1656596111309
1855	912	0	0	0	0	0	0	1656596112329
1855	912	0	0	0	0	0	0	1656596113349
1855	912	0	0	0	0	0	0	1656596114369
1855	912	0	0	0	0	0	0	1656596115389
1855	912	0	0	0	0	0	0	1656596116409
1855	912	0	0	0	0	0	0	1656596117429
1855	912	0	0	0	0	0	0	1656596118449
1855	912	0	0	0	0	0	0	1656596119469
1855	912	0	0	0	0	0	0	1656596120489
1855	912	0	0	0	0	0	0	1656596121509
1855	912	0	0	0	0	0	0	1656596122529
1855	912	0	0	0	0	0	0	1656596123549
1855	912	0	0	0	0	0	0	1656596124569
1855	912	0	0	0	0	0	0	1656596125589
1855	912	0	0	0	0	0	0	1656596126609
1855	912	0	0	0	0	0	0	1656596127629
1855	912	0	0	0	0	0	0	1656596128649
1855	912	0	0	0	0	0	0	1656596129669
1855	912	0	0	0	0	0	0	1656596130689
1855	912	0	0	0	0	0	0	1656596131709
1855	912	0	0	0	0	0	0	1656596132729
1855	912	0	0	0	0	0	0	1656596133749
1855	912	0	0	0	0	0	0	1656596134769
1855	912	0	0	0	0	0	0	1656596135789
1855	912	0	0	0	0	0	0	1656596136809
1855	912	0	0	0	0	0	0	1656596137829
1855	912	0	0	0	0	0	0	1656596138849
1855	912	0	0	0	0	0	0	1656596139869
1855	912	0	0	0	0	0	0	1656596140889
1855	912	0	0	0	0	0	0	1656596141909
1855	912	0	0	0	0	0	0	1656596142929
1855	912	0	0	0	0	0	0	1656596143949
1855	912	0	0	0	0	0	0	1656596144969
1855	912	0	0	0	0	0	0	1656596145989
1855	912	0	0	0	0	0	0	1656596147009
1855	912	0	0	0	0	0	0	1656596148029
1855	912	0	0	0	0	0	0	1656596149049
1855	912	0	0	0	0	0	0	1656596150069
1855	912	0	0	0	0	0	0	1656596151089
1855	912	0	0	0	0	0	0	1656596152109
1855	912	0	0	0	0	0	0	1656596153129
1855	912	0	0	0	0	0	0	1656596154149
1855	912	0	0	0	0	0	0	1656596155169
1855	912	0	0	0	0	0	0	1656596156189
1855	912	0	0	0	0	0	0	1656596157209
1855	912	0	0	0	0	0	0	1656596158229
1855	912	0	0	0	0	0	0	1656596159249
1855	912	0	0	0	0	0	0	1656596160269
1855	912	0	0	0	0	0	0	1656596161289
1855	912	0	0	0	0	0	0	1656596162309
1855	912	0	0	0	0	0	0	1656596163329
1855	912	0	0	0	0	0	0	1656596164349
1855	912	0	0	0	0	0	0	1656596165369
1855	912	0	0	0	0	0	0	1656596166389
1855	912	0	0	0	0	0	0	1656596167409
1855	912	0	0	0	0	0	0	1656596168429
1855	912	0	0	0	0	0	0	1656596169449
1855	912	0	0	0	0	0	0	1656596170469
1855	912	0	0	0	0	0	0	1656596171489
1855	912	0	0	0	0	0	0	1656596172509
1855	912	0	0	0	0	0	0	1656596173529
1855	912	0	0	0	0	0	0	1656596174549
1855	912	0	0	0	0	0	0	1656596175569
1855	912	0	0	0	0	0	0	1656596176589
1855	912	0	0	0	0	0	0	1656596177609
1855	912	0	0	0	0	0	0	1656596178629
1855	912	0	0	0	0	0	0	1656596179649
1855	912	0	0	0	0	0	0	1656596180669
1855	912	0	0	0	0	0	0	1656596181689
1855	912	0	0	0	0	0	0	1656596182709
1855	912	0	0	0	0	0	0	1656596183729
1855	912	0	0	0	0	0	0	1656596184749
1855	912	0	0	0	0	0	0	1656596185769
