2128	843	0	0	0	0	0	0	1656521166142
2119	837	0	0	0	0	0	0	1656521167162
2114	834	0	0	0	0	0	0	1656521168182
2105	832	0	0	0	0	0	0	1656521169202
2095	831	0	0	0	0	0	0	1656521170222
2088	830	0	0	0	0	0	0	1656521171242
2084	825	0	0	0	0	0	0	1656521172262
2081	816	0	0	0	0	0	0	1656521173282
2080	810	0	0	0	0	0	0	1656521174302
2079	806	0	0	0	0	0	0	1656521175322
2079	804	0	0	0	0	0	0	1656521176342
2079	803	0	0	0	0	0	0	1656521177362
2078	802	0	0	0	0	0	0	1656521178382
2077	802	0	0	0	0	0	0	1656521179402
2073	802	0	0	0	0	0	0	1656521180422
2065	802	0	0	0	0	0	0	1656521181442
2059	802	0	0	0	0	0	0	1656521182462
2055	802	0	0	0	0	0	0	1656521183482
2053	802	0	0	0	0	0	0	1656521184502
2052	802	0	0	0	0	0	0	1656521185522
2051	800	0	0	0	0	0	0	1656521186542
2050	800	0	0	0	0	0	0	1656521187562
2050	798	0	0	0	0	0	0	1656521188582
2050	795	0	0	0	0	0	0	1656521189602
2050	791	0	0	0	0	0	0	1656521190622
2050	787	0	0	0	0	0	0	1656521191642
2050	783	0	0	0	0	0	0	1656521192662
2050	780	0	0	0	0	0	0	1656521193682
2050	777	0	0	0	0	0	0	1656521194702
2050	776	0	0	0	0	0	0	1656521195722
2050	775	0	0	0	0	0	0	1656521196742
2049	774	0	0	0	0	0	0	1656521197762
2049	774	0	0	0	0	0	0	1656521198782
2046	774	0	0	0	0	0	0	1656521199802
2041	774	0	0	0	0	0	0	1656521200822
2036	774	0	0	0	0	0	0	1656521201842
2030	774	0	0	0	0	0	0	1656521202862
2027	774	0	0	0	0	0	0	1656521203882
2025	774	0	0	0	0	0	0	1656521204902
2024	774	0	0	0	0	0	0	1656521205922
2023	774	0	0	0	0	0	0	1656521206942
2022	774	0	0	0	0	0	0	1656521207962
2022	774	0	0	0	0	0	0	1656521208982
2022	774	0	0	0	0	0	0	1656521210002
2022	774	0	0	0	0	0	0	1656521211022
2022	774	0	0	0	0	0	0	1656521212042
2022	774	0	0	0	0	0	0	1656521213062
2022	774	0	0	0	0	0	0	1656521214082
2022	774	0	0	0	0	0	0	1656521215102
2022	774	0	0	0	0	0	0	1656521216122
2022	774	0	0	0	0	0	0	1656521217142
2022	774	0	0	0	0	0	0	1656521218162
2022	774	0	0	0	0	0	0	1656521219182
2022	774	0	0	0	0	0	0	1656521220202
2022	774	0	0	0	0	0	0	1656521221222
2022	774	0	0	0	0	0	0	1656521222242
2021	774	0	0	0	0	0	0	1656521223262
2020	774	0	0	0	0	0	0	1656521224282
2018	774	0	0	0	0	0	0	1656521225302
2017	774	0	0	0	0	0	0	1656521226322
2013	774	0	0	0	0	0	0	1656521227342
2007	774	0	0	0	0	0	0	1656521228362
2003	774	0	0	0	0	0	0	1656521229382
2000	774	0	0	0	0	0	0	1656521230402
1998	774	0	0	0	0	0	0	1656521231422
1997	774	0	0	0	0	0	0	1656521232442
1996	774	0	0	0	0	0	0	1656521233462
1995	774	0	0	0	0	0	0	1656521234482
1995	774	0	0	0	0	0	0	1656521235502
1995	774	0	0	0	0	0	0	1656521236522
1994	774	0	0	0	0	0	0	1656521237542
1994	774	0	0	0	0	0	0	1656521238562
1994	774	0	0	0	0	0	0	1656521239582
1994	774	0	0	0	0	0	0	1656521240602
1994	774	0	0	0	0	0	0	1656521241622
1994	774	0	0	0	0	0	0	1656521242642
1994	774	0	0	0	0	0	0	1656521243662
1994	774	0	0	0	0	0	0	1656521244682
1994	774	0	0	0	0	0	0	1656521245702
1994	774	0	0	0	0	0	0	1656521246722
1994	774	0	0	0	0	0	0	1656521247742
1994	774	0	0	0	0	0	0	1656521248762
1994	774	0	0	0	0	0	0	1656521249782
1994	774	0	0	0	0	0	0	1656521250802
1994	774	0	0	0	0	0	0	1656521251822
1994	774	0	0	0	0	0	0	1656521252842
1994	774	0	0	0	0	0	0	1656521253862
1994	774	0	0	0	0	0	0	1656521254882
1994	774	0	0	0	0	0	0	1656521255902
1994	774	0	0	0	0	0	0	1656521256922
1994	774	0	0	0	0	0	0	1656521257942
1993	774	0	0	0	0	0	0	1656521258962
1992	774	0	0	0	0	0	0	1656521259982
1990	774	0	0	0	0	0	0	1656521261002
1983	774	0	0	0	0	0	0	1656521262022
1977	774	0	0	0	0	0	0	1656521263042
1974	774	0	0	0	0	0	0	1656521264062
1971	774	0	0	0	0	0	0	1656521265082
1970	774	0	0	0	0	0	0	1656521266102
1969	774	0	0	0	0	0	0	1656521267122
1968	774	0	0	0	0	0	0	1656521268142
1967	774	0	0	0	0	0	0	1656521269162
1967	774	0	0	0	0	0	0	1656521270182
1967	774	0	0	0	0	0	0	1656521271202
1967	774	0	0	0	0	0	0	1656521272222
1967	774	0	0	0	0	0	0	1656521273242
1967	774	0	0	0	0	0	0	1656521274262
1967	774	0	0	0	0	0	0	1656521275282
1966	774	0	0	0	0	0	0	1656521276302
1966	774	0	0	0	0	0	0	1656521277322
1966	774	0	0	0	0	0	0	1656521278342
1966	774	0	0	0	0	0	0	1656521279362
1966	774	0	0	0	0	0	0	1656521280382
1966	774	0	0	0	0	0	0	1656521281402
1966	774	0	0	0	0	0	0	1656521282422
1966	774	0	0	0	0	0	0	1656521283442
1966	774	0	0	0	0	0	0	1656521284462
1966	774	0	0	0	0	0	0	1656521285482
1966	774	0	0	0	0	0	0	1656521286502
1966	774	0	0	0	0	0	0	1656521287522
1966	774	0	0	0	0	0	0	1656521288542
1966	773	0	0	0	0	0	0	1656521289562
1966	773	0	0	0	0	0	0	1656521290582
1966	773	0	0	0	0	0	0	1656521291602
1966	773	0	0	0	0	0	0	1656521292622
1966	772	0	0	0	0	0	0	1656521293642
1966	773	0	0	0	0	0	0	1656521294662
1966	773	0	0	0	0	0	0	1656521295682
1966	773	0	0	0	0	0	0	1656521296702
1965	773	0	0	0	0	0	0	1656521297722
1965	773	0	0	0	0	0	0	1656521298742
1965	773	0	0	0	0	0	0	1656521299762
1963	773	0	0	0	0	0	0	1656521300782
1960	772	0	0	0	0	0	0	1656521301802
1955	771	0	0	0	0	0	0	1656521302822
1952	771	0	0	0	0	0	0	1656521303842
1948	770	0	0	0	0	0	0	1656521304862
1944	770	0	0	0	0	0	0	1656521305882
1942	771	0	0	0	0	0	0	1656521306902
1940	769	0	0	0	0	0	0	1656521307922
1939	769	0	0	0	0	0	0	1656521308942
1939	768	0	0	0	0	0	0	1656521309962
1938	767	0	0	0	0	0	0	1656521310982
1938	768	0	0	0	0	0	0	1656521312002
1938	767	0	0	0	0	0	0	1656521313022
1938	764	0	0	0	0	0	0	1656521314042
1938	766	0	0	0	0	0	0	1656521315062
1938	764	0	0	0	0	0	0	1656521316082
1938	764	0	0	0	0	0	0	1656521317102
1938	765	0	0	0	0	0	0	1656521318122
1938	762	0	0	0	0	0	0	1656521319142
1938	762	0	0	0	0	0	0	1656521320162
1938	761	0	0	0	0	0	0	1656521321182
1938	758	0	0	0	0	0	0	1656521322202
1938	759	0	0	0	0	0	0	1656521323222
1938	758	0	0	0	0	0	0	1656521324242
1938	758	0	0	0	0	0	0	1656521325262
1938	757	0	0	0	0	0	0	1656521326282
1938	756	0	0	0	0	0	0	1656521327302
1938	755	0	0	0	0	0	0	1656521328322
1938	753	0	0	0	0	0	0	1656521329342
1938	752	0	0	0	0	0	0	1656521330362
1938	752	0	0	0	0	0	0	1656521331382
1938	752	0	0	0	0	0	0	1656521332402
1938	751	0	0	0	0	0	0	1656521333422
1938	751	0	0	0	0	0	0	1656521334442
1938	750	0	0	0	0	0	0	1656521335462
1938	750	0	0	0	0	0	0	1656521336482
1938	749	0	0	0	0	0	0	1656521337502
1938	748	0	0	0	0	0	0	1656521338522
1938	748	0	0	0	0	0	0	1656521339542
1938	748	0	0	0	0	0	0	1656521340562
1938	748	0	0	0	0	0	0	1656521341582
1937	748	0	0	0	0	0	0	1656521342602
1935	748	0	0	0	0	0	0	1656521343622
1932	748	0	0	0	0	0	0	1656521344642
1928	748	0	0	0	0	0	0	1656521345662
1923	747	0	0	0	0	0	0	1656521346682
1919	746	0	0	0	0	0	0	1656521347702
1917	747	0	0	0	0	0	0	1656521348722
1914	746	0	0	0	0	0	0	1656521349742
1912	746	0	0	0	0	0	0	1656521350762
1912	746	0	0	0	0	0	0	1656521351782
1911	746	0	0	0	0	0	0	1656521352802
1910	746	0	0	0	0	0	0	1656521353822
1910	746	0	0	0	0	0	0	1656521354842
1910	747	0	0	0	0	0	0	1656521355862
1910	747	0	0	0	0	0	0	1656521356882
1910	747	0	0	0	0	0	0	1656521357902
1910	747	0	0	0	0	0	0	1656521358922
1910	746	0	0	0	0	0	0	1656521359942
1910	746	0	0	0	0	0	0	1656521360962
1910	746	0	0	0	0	0	0	1656521361982
1910	746	0	0	0	0	0	0	1656521363002
1910	746	0	0	0	0	0	0	1656521364022
1910	746	0	0	0	0	0	0	1656521365042
1910	746	0	0	0	0	0	0	1656521366062
1910	746	0	0	0	0	0	0	1656521367082
1910	746	0	0	0	0	0	0	1656521368102
1910	746	0	0	0	0	0	0	1656521369122
1910	746	0	0	0	0	0	0	1656521370142
1910	746	0	0	0	0	0	0	1656521371162
1910	746	0	0	0	0	0	0	1656521372182
1910	746	0	0	0	0	0	0	1656521373202
1910	746	0	0	0	0	0	0	1656521374222
1910	746	0	0	0	0	0	0	1656521375242
1910	746	0	0	0	0	0	0	1656521376262
1910	746	0	0	0	0	0	0	1656521377282
1910	746	0	0	0	0	0	0	1656521378302
1910	746	0	0	0	0	0	0	1656521379322
1910	746	0	0	0	0	0	0	1656521380342
1910	746	0	0	0	0	0	0	1656521381362
1910	746	0	0	0	0	0	0	1656521382382
1910	746	0	0	0	0	0	0	1656521383402
1910	746	0	0	0	0	0	0	1656521384422
1910	746	0	0	0	0	0	0	1656521385442
1910	746	0	0	0	0	0	0	1656521386462
1910	746	0	0	0	0	0	0	1656521387482
1910	746	0	0	0	0	0	0	1656521388502
1910	746	0	0	0	0	0	0	1656521389522
1908	746	0	0	0	0	0	0	1656521390542
1908	746	0	0	0	0	0	0	1656521391562
1906	746	0	0	0	0	0	0	1656521392582
1904	746	0	0	0	0	0	0	1656521393602
1900	746	0	0	0	0	0	0	1656521394622
1898	746	0	0	0	0	0	0	1656521395642
1896	746	0	0	0	0	0	0	1656521396662
1894	746	0	0	0	0	0	0	1656521397682
1890	746	0	0	0	0	0	0	1656521398702
1887	746	0	0	0	0	0	0	1656521399722
1885	746	0	0	0	0	0	0	1656521400742
1884	746	0	0	0	0	0	0	1656521401762
1883	746	0	0	0	0	0	0	1656521402782
1883	746	0	0	0	0	0	0	1656521403802
1882	746	0	0	0	0	0	0	1656521404822
1882	746	0	0	0	0	0	0	1656521405842
1882	746	0	0	0	0	0	0	1656521406862
1882	746	0	0	0	0	0	0	1656521407882
1882	746	0	0	0	0	0	0	1656521408902
1882	746	0	0	0	0	0	0	1656521409922
1882	746	0	0	0	0	0	0	1656521410942
1882	746	0	0	0	0	0	0	1656521411962
1882	746	0	0	0	0	0	0	1656521412982
1882	746	0	0	0	0	0	0	1656521414002
1882	746	0	0	0	0	0	0	1656521415022
1882	746	0	0	0	0	0	0	1656521416042
1882	746	0	0	0	0	0	0	1656521417062
1882	746	0	0	0	0	0	0	1656521418082
1882	746	0	0	0	0	0	0	1656521419102
1882	746	0	0	0	0	0	0	1656521420122
1882	746	0	0	0	0	0	0	1656521421142
1882	746	0	0	0	0	0	0	1656521422162
1882	746	0	0	0	0	0	0	1656521423182
1882	746	0	0	0	0	0	0	1656521424202
1882	746	0	0	0	0	0	0	1656521425222
1882	746	0	0	0	0	0	0	1656521426242
1882	746	0	0	0	0	0	0	1656521427262
1882	746	0	0	0	0	0	0	1656521428282
1882	746	0	0	0	0	0	0	1656521429302
1882	746	0	0	0	0	0	0	1656521430322
1882	746	0	0	0	0	0	0	1656521431342
1882	746	0	0	0	0	0	0	1656521432362
1882	746	0	0	0	0	0	0	1656521433382
1882	746	0	0	0	0	0	0	1656521434402
1882	746	0	0	0	0	0	0	1656521435422
1882	746	0	0	0	0	0	0	1656521436442
1882	746	0	0	0	0	0	0	1656521437462
1882	746	0	0	0	0	0	0	1656521438482
1882	746	0	0	0	0	0	0	1656521439502
1882	746	0	0	0	0	0	0	1656521440522
1882	746	0	0	0	0	0	0	1656521441542
1882	746	0	0	0	0	0	0	1656521442562
1882	746	0	0	0	0	0	0	1656521443582
1882	746	0	0	0	0	0	0	1656521444602
1882	746	0	0	0	0	0	0	1656521445622
1882	746	0	0	0	0	0	0	1656521446642
1882	746	0	0	0	0	0	0	1656521447662
1882	746	0	0	0	0	0	0	1656521448682
1882	746	0	0	0	0	0	0	1656521449702
1882	746	0	0	0	0	0	0	1656521450722
1882	746	0	0	0	0	0	0	1656521451742
1881	746	0	0	0	0	0	0	1656521452762
1881	746	0	0	0	0	0	0	1656521453782
1879	746	0	0	0	0	0	0	1656521454802
1877	746	0	0	0	0	0	0	1656521455822
1873	746	0	0	0	0	0	0	1656521456842
1871	746	0	0	0	0	0	0	1656521457862
1869	746	0	0	0	0	0	0	1656521458882
1865	746	0	0	0	0	0	0	1656521459902
1863	746	0	0	0	0	0	0	1656521460922
1860	746	0	0	0	0	0	0	1656521461942
1859	746	0	0	0	0	0	0	1656521462962
1858	746	0	0	0	0	0	0	1656521463982
1857	746	0	0	0	0	0	0	1656521465002
1856	746	0	0	0	0	0	0	1656521466022
1855	746	0	0	0	0	0	0	1656521467042
1855	746	0	0	0	0	0	0	1656521468062
1855	746	0	0	0	0	0	0	1656521469082
1855	746	0	0	0	0	0	0	1656521470102
1854	746	0	0	0	0	0	0	1656521471122
1854	746	0	0	0	0	0	0	1656521472142
1854	746	0	0	0	0	0	0	1656521473162
1854	746	0	0	0	0	0	0	1656521474182
1854	746	0	0	0	0	0	0	1656521475202
1854	746	0	0	0	0	0	0	1656521476222
1854	746	0	0	0	0	0	0	1656521477242
1854	746	0	0	0	0	0	0	1656521478262
1854	746	0	0	0	0	0	0	1656521479282
1854	746	0	0	0	0	0	0	1656521480302
1854	746	0	0	0	0	0	0	1656521481322
1854	746	0	0	0	0	0	0	1656521482342
1854	746	0	0	0	0	0	0	1656521483362
1854	746	0	0	0	0	0	0	1656521484382
1854	746	0	0	0	0	0	0	1656521485402
1854	746	0	0	0	0	0	0	1656521486422
1854	746	0	0	0	0	0	0	1656521487442
1854	746	0	0	0	0	0	0	1656521488462
1854	746	0	0	0	0	0	0	1656521489482
1854	746	0	0	0	0	0	0	1656521490502
1854	746	0	0	0	0	0	0	1656521491522
1854	746	0	0	0	0	0	0	1656521492542
1854	746	0	0	0	0	0	0	1656521493562
1854	746	0	0	0	0	0	0	1656521494582
1854	746	0	0	0	0	0	0	1656521495602
1854	746	0	0	0	0	0	0	1656521496622
1854	746	0	0	0	0	0	0	1656521497642
1854	746	0	0	0	0	0	0	1656521498662
1854	746	0	0	0	0	0	0	1656521499682
1854	746	0	0	0	0	0	0	1656521500702
1854	746	0	0	0	0	0	0	1656521501722
1854	746	0	0	0	0	0	0	1656521502742
1854	746	0	0	0	0	0	0	1656521503762
1854	746	0	0	0	0	0	0	1656521504782
1854	746	0	0	0	0	0	0	1656521505802
1854	746	0	0	0	0	0	0	1656521506822
1854	746	0	0	0	0	0	0	1656521507842
1854	746	0	0	0	0	0	0	1656521508862
1854	746	0	0	0	0	0	0	1656521509882
1854	746	0	0	0	0	0	0	1656521510902
1853	746	0	0	0	0	0	0	1656521511922
1853	746	0	0	0	0	0	0	1656521512942
1853	746	0	0	0	0	0	0	1656521513962
1854	746	0	0	0	0	0	0	1656521514982
1854	746	0	0	0	0	0	0	1656521516002
1854	746	0	0	0	0	0	0	1656521517022
1854	746	0	0	0	0	0	0	1656521518042
1854	746	0	0	0	0	0	0	1656521519062
1854	746	0	0	0	0	0	0	1656521520082
1853	746	0	0	0	0	0	0	1656521521102
1851	746	0	0	0	0	0	0	1656521522122
1850	746	0	0	0	0	0	0	1656521523142
1850	746	0	0	0	0	0	0	1656521524162
1849	746	0	0	0	0	0	0	1656521525182
1847	746	0	0	0	0	0	0	1656521526202
1845	746	0	0	0	0	0	0	1656521527222
1844	746	0	0	0	0	0	0	1656521528242
1843	746	0	0	0	0	0	0	1656521529262
1841	746	0	0	0	0	0	0	1656521530282
1840	746	0	0	0	0	0	0	1656521531302
1838	746	0	0	0	0	0	0	1656521532322
1836	746	0	0	0	0	0	0	1656521533342
1835	746	0	0	0	0	0	0	1656521534362
1833	746	0	0	0	0	0	0	1656521535382
1832	746	0	0	0	0	0	0	1656521536402
1830	746	0	0	0	0	0	0	1656521537422
1829	746	0	0	0	0	0	0	1656521538442
1828	746	0	0	0	0	0	0	1656521539462
1828	746	0	0	0	0	0	0	1656521540482
1827	746	0	0	0	0	0	0	1656521541502
1827	746	0	0	0	0	0	0	1656521542522
1827	746	0	0	0	0	0	0	1656521543542
1827	746	0	0	0	0	0	0	1656521544562
1827	746	0	0	0	0	0	0	1656521545582
1827	746	0	0	0	0	0	0	1656521546602
1827	746	0	0	0	0	0	0	1656521547622
1827	746	0	0	0	0	0	0	1656521548642
1827	746	0	0	0	0	0	0	1656521549662
1827	746	0	0	0	0	0	0	1656521550682
1827	746	0	0	0	0	0	0	1656521551702
1827	746	0	0	0	0	0	0	1656521552722
1827	746	0	0	0	0	0	0	1656521553742
1827	746	0	0	0	0	0	0	1656521554762
1827	746	0	0	0	0	0	0	1656521555782
1827	746	0	0	0	0	0	0	1656521556802
1827	746	0	0	0	0	0	0	1656521557822
1827	746	0	0	0	0	0	0	1656521558842
1827	746	0	0	0	0	0	0	1656521559862
1827	746	0	0	0	0	0	0	1656521560882
1827	746	0	0	0	0	0	0	1656521561902
1827	746	0	0	0	0	0	0	1656521562922
1827	746	0	0	0	0	0	0	1656521563942
1827	746	0	0	0	0	0	0	1656521564962
1827	746	0	0	0	0	0	0	1656521565982
1827	746	0	0	0	0	0	0	1656521567002
1827	746	0	0	0	0	0	0	1656521568022
1827	746	0	0	0	0	0	0	1656521569042
1827	746	0	0	0	0	0	0	1656521570062
1827	746	0	0	0	0	0	0	1656521571082
1827	746	0	0	0	0	0	0	1656521572102
1827	746	0	0	0	0	0	0	1656521573122
1827	746	0	0	0	0	0	0	1656521574142
1827	746	0	0	0	0	0	0	1656521575162
1827	746	0	0	0	0	0	0	1656521576182
1827	746	0	0	0	0	0	0	1656521577202
1827	746	0	0	0	0	0	0	1656521578222
1827	746	0	0	0	0	0	0	1656521579242
1827	746	0	0	0	0	0	0	1656521580262
1827	745	0	0	0	0	0	0	1656521581282
1827	745	0	0	0	0	0	0	1656521582302
1827	745	0	0	0	0	0	0	1656521583322
1826	745	0	0	0	0	0	0	1656521584342
1826	745	0	0	0	0	0	0	1656521585362
1826	744	0	0	0	0	0	0	1656521586382
1826	744	0	0	0	0	0	0	1656521587402
1826	743	0	0	0	0	0	0	1656521588422
1826	743	0	0	0	0	0	0	1656521589442
1826	743	0	0	0	0	0	0	1656521590462
1826	744	0	0	0	0	0	0	1656521591482
1826	745	0	0	0	0	0	0	1656521592502
1826	745	0	0	0	0	0	0	1656521593522
1826	744	0	0	0	0	0	0	1656521594542
1826	744	0	0	0	0	0	0	1656521595562
1826	743	0	0	0	0	0	0	1656521596582
1826	744	0	0	0	0	0	0	1656521597602
1826	743	0	0	0	0	0	0	1656521598622
1826	742	0	0	0	0	0	0	1656521599642
1826	743	0	0	0	0	0	0	1656521600662
1826	743	0	0	0	0	0	0	1656521601682
1826	743	0	0	0	0	0	0	1656521602702
1826	743	0	0	0	0	0	0	1656521603722
1826	743	0	0	0	0	0	0	1656521604742
1826	742	0	0	0	0	0	0	1656521605762
1826	741	0	0	0	0	0	0	1656521606782
1826	739	0	0	0	0	0	0	1656521607802
1826	739	0	0	0	0	0	0	1656521608822
1826	739	0	0	0	0	0	0	1656521609842
1826	739	0	0	0	0	0	0	1656521610862
1826	740	0	0	0	0	0	0	1656521611882
1826	740	0	0	0	0	0	0	1656521612902
1826	738	0	0	0	0	0	0	1656521613922
1826	741	0	0	0	0	0	0	1656521614942
1826	743	0	0	0	0	0	0	1656521615962
1826	744	0	0	0	0	0	0	1656521616982
1826	744	0	0	0	0	0	0	1656521618002
1826	745	0	0	0	0	0	0	1656521619022
1826	745	0	0	0	0	0	0	1656521620042
1826	745	0	0	0	0	0	0	1656521621062
1826	745	0	0	0	0	0	0	1656521622082
1826	745	0	0	0	0	0	0	1656521623102
1826	745	0	0	0	0	0	0	1656521624122
1826	745	0	0	0	0	0	0	1656521625142
1826	745	0	0	0	0	0	0	1656521626162
1826	745	0	0	0	0	0	0	1656521627182
1826	745	0	0	0	0	0	0	1656521628202
1826	745	0	0	0	0	0	0	1656521629222
1826	745	0	0	0	0	0	0	1656521630242
1826	745	0	0	0	0	0	0	1656521631262
1826	745	0	0	0	0	0	0	1656521632282
1826	745	0	0	0	0	0	0	1656521633302
1826	745	0	0	0	0	0	0	1656521634322
1826	745	0	0	0	0	0	0	1656521635342
1826	745	0	0	0	0	0	0	1656521636362
1826	745	0	0	0	0	0	0	1656521637382
1826	745	0	0	0	0	0	0	1656521638402
1826	745	0	0	0	0	0	0	1656521639422
1826	745	0	0	0	0	0	0	1656521640442
1826	745	0	0	0	0	0	0	1656521641462
1826	743	0	0	0	0	0	0	1656521642482
1826	743	0	0	0	0	0	0	1656521643502
1826	742	0	0	0	0	0	0	1656521644522
1824	742	0	0	0	0	0	0	1656521645542
1824	742	0	0	0	0	0	0	1656521646562
1822	742	0	0	0	0	0	0	1656521647582
1822	742	0	0	0	0	0	0	1656521648602
1821	742	0	0	0	0	0	0	1656521649622
1821	742	0	0	0	0	0	0	1656521650642
1822	741	0	0	0	0	0	0	1656521651662
1823	741	0	0	0	0	0	0	1656521652682
1823	740	0	0	0	0	0	0	1656521653702
1821	740	0	0	0	0	0	0	1656521654722
1820	738	0	0	0	0	0	0	1656521655742
1819	733	0	0	0	0	0	0	1656521656762
1817	730	0	0	0	0	0	0	1656521657782
1814	730	0	0	0	0	0	0	1656521658802
1813	728	0	0	0	0	0	0	1656521659822
1810	728	0	0	0	0	0	0	1656521660842
1810	729	0	0	0	0	0	0	1656521661862
1809	731	0	0	0	0	0	0	1656521662882
1807	731	0	0	0	0	0	0	1656521663902
1806	733	0	0	0	0	0	0	1656521664922
1804	733	0	0	0	0	0	0	1656521665942
1803	732	0	0	0	0	0	0	1656521666962
1802	730	0	0	0	0	0	0	1656521667982
1801	731	0	0	0	0	0	0	1656521669002
1801	730	0	0	0	0	0	0	1656521670022
1801	729	0	0	0	0	0	0	1656521671042
1801	728	0	0	0	0	0	0	1656521672062
1801	729	0	0	0	0	0	0	1656521673082
1800	729	0	0	0	0	0	0	1656521674102
1799	729	0	0	0	0	0	0	1656521675122
1799	729	0	0	0	0	0	0	1656521676142
1799	728	0	0	0	0	0	0	1656521677162
1799	726	0	0	0	0	0	0	1656521678182
1799	725	0	0	0	0	0	0	1656521679202
1799	726	0	0	0	0	0	0	1656521680222
1799	725	0	0	0	0	0	0	1656521681242
1799	726	0	0	0	0	0	0	1656521682262
1799	724	0	0	0	0	0	0	1656521683282
1799	724	0	0	0	0	0	0	1656521684302
1799	724	0	0	0	0	0	0	1656521685322
1799	724	0	0	0	0	0	0	1656521686342
1799	723	0	0	0	0	0	0	1656521687362
1799	722	0	0	0	0	0	0	1656521688382
1799	721	0	0	0	0	0	0	1656521689402
1799	720	0	0	0	0	0	0	1656521690422
1799	721	0	0	0	0	0	0	1656521691442
1799	720	0	0	0	0	0	0	1656521692462
1799	720	0	0	0	0	0	0	1656521693482
1799	720	0	0	0	0	0	0	1656521694502
1799	719	0	0	0	0	0	0	1656521695522
1799	720	0	0	0	0	0	0	1656521696542
1799	719	0	0	0	0	0	0	1656521697562
1799	720	0	0	0	0	0	0	1656521698582
1799	719	0	0	0	0	0	0	1656521699602
1799	719	0	0	0	0	0	0	1656521700622
1799	719	0	0	0	0	0	0	1656521701642
1799	719	0	0	0	0	0	0	1656521702662
1799	719	0	0	0	0	0	0	1656521703682
1799	720	0	0	0	0	0	0	1656521704702
1799	719	0	0	0	0	0	0	1656521705722
1799	719	0	0	0	0	0	0	1656521706742
1799	719	0	0	0	0	0	0	1656521707762
1799	719	0	0	0	0	0	0	1656521708782
1799	719	0	0	0	0	0	0	1656521709802
1799	719	0	0	0	0	0	0	1656521710822
1799	719	0	0	0	0	0	0	1656521711842
1799	719	0	0	0	0	0	0	1656521712862
1799	719	0	0	0	0	0	0	1656521713882
1799	719	0	0	0	0	0	0	1656521714902
1799	719	0	0	0	0	0	0	1656521715922
1799	719	0	0	0	0	0	0	1656521716942
1799	718	0	0	0	0	0	0	1656521717962
1799	718	0	0	0	0	0	0	1656521718982
1799	718	0	0	0	0	0	0	1656521720002
1799	718	0	0	0	0	0	0	1656521721022
1799	718	0	0	0	0	0	0	1656521722042
1799	718	0	0	0	0	0	0	1656521723062
1799	718	0	0	0	0	0	0	1656521724082
1799	718	0	0	0	0	0	0	1656521725102
1799	718	0	0	0	0	0	0	1656521726122
1799	718	0	0	0	0	0	0	1656521727142
1799	718	0	0	0	0	0	0	1656521728162
1799	718	0	0	0	0	0	0	1656521729182
1799	718	0	0	0	0	0	0	1656521730202
1799	718	0	0	0	0	0	0	1656521731222
1799	718	0	0	0	0	0	0	1656521732242
1799	718	0	0	0	0	0	0	1656521733262
1799	718	0	0	0	0	0	0	1656521734282
1799	718	0	0	0	0	0	0	1656521735302
1799	718	0	0	0	0	0	0	1656521736322
1799	718	0	0	0	0	0	0	1656521737342
1799	718	0	0	0	0	0	0	1656521738362
1799	718	0	0	0	0	0	0	1656521739382
1799	718	0	0	0	0	0	0	1656521740402
1799	718	0	0	0	0	0	0	1656521741422
1799	718	0	0	0	0	0	0	1656521742442
1799	718	0	0	0	0	0	0	1656521743462
1799	718	0	0	0	0	0	0	1656521744482
1799	718	0	0	0	0	0	0	1656521745502
1799	718	0	0	0	0	0	0	1656521746522
1799	718	0	0	0	0	0	0	1656521747542
1799	718	0	0	0	0	0	0	1656521748562
1799	718	0	0	0	0	0	0	1656521749582
1799	718	0	0	0	0	0	0	1656521750602
1799	718	0	0	0	0	0	0	1656521751622
1798	718	0	0	0	0	0	0	1656521752642
1798	718	0	0	0	0	0	0	1656521753662
1798	718	0	0	0	0	0	0	1656521754682
1798	718	0	0	0	0	0	0	1656521755702
1798	718	0	0	0	0	0	0	1656521756722
1798	718	0	0	0	0	0	0	1656521757742
1798	718	0	0	0	0	0	0	1656521758762
1798	718	0	0	0	0	0	0	1656521759782
1799	718	0	0	0	0	0	0	1656521760802
1799	718	0	0	0	0	0	0	1656521761822
1799	718	0	0	0	0	0	0	1656521762842
1799	718	0	0	0	0	0	0	1656521763862
1799	718	0	0	0	0	0	0	1656521764882
1799	718	0	0	0	0	0	0	1656521765902
1799	718	0	0	0	0	0	0	1656521766922
1799	718	0	0	0	0	0	0	1656521767942
1799	718	0	0	0	0	0	0	1656521768962
1799	718	0	0	0	0	0	0	1656521769982
1799	718	0	0	0	0	0	0	1656521771002
1799	718	0	0	0	0	0	0	1656521772022
1799	718	0	0	0	0	0	0	1656521773042
1799	718	0	0	0	0	0	0	1656521774062
1799	718	0	0	0	0	0	0	1656521775082
1799	718	0	0	0	0	0	0	1656521776102
1799	718	0	0	0	0	0	0	1656521777122
1799	718	0	0	0	0	0	0	1656521778142
1799	718	0	0	0	0	0	0	1656521779162
1799	718	0	0	0	0	0	0	1656521780182
1799	718	0	0	0	0	0	0	1656521781202
1799	718	0	0	0	0	0	0	1656521782222
1799	718	0	0	0	0	0	0	1656521783242
1799	718	0	0	0	0	0	0	1656521784262
1799	718	0	0	0	0	0	0	1656521785282
1799	718	0	0	0	0	0	0	1656521786302
1799	718	0	0	0	0	0	0	1656521787322
1799	718	0	0	0	0	0	0	1656521788342
1799	718	0	0	0	0	0	0	1656521789362
1799	718	0	0	0	0	0	0	1656521790382
1799	718	0	0	0	0	0	0	1656521791402
1799	718	0	0	0	0	0	0	1656521792422
1799	718	0	0	0	0	0	0	1656521793442
1799	718	0	0	0	0	0	0	1656521794462
1799	718	0	0	0	0	0	0	1656521795482
1799	718	0	0	0	0	0	0	1656521796502
1799	718	0	0	0	0	0	0	1656521797522
1799	718	0	0	0	0	0	0	1656521798542
1799	718	0	0	0	0	0	0	1656521799562
1799	718	0	0	0	0	0	0	1656521800582
1799	718	0	0	0	0	0	0	1656521801602
1799	718	0	0	0	0	0	0	1656521802622
1799	718	0	0	0	0	0	0	1656521803642
1799	718	0	0	0	0	0	0	1656521804662
1799	718	0	0	0	0	0	0	1656521805682
1799	718	0	0	0	0	0	0	1656521806702
1799	718	0	0	0	0	0	0	1656521807722
1799	718	0	0	0	0	0	0	1656521808742
1799	718	0	0	0	0	0	0	1656521809762
1799	718	0	0	0	0	0	0	1656521810782
1799	718	0	0	0	0	0	0	1656521811802
1799	718	0	0	0	0	0	0	1656521812822
1799	718	0	0	0	0	0	0	1656521813842
1799	718	0	0	0	0	0	0	1656521814862
1799	718	0	0	0	0	0	0	1656521815882
1799	718	0	0	0	0	0	0	1656521816902
1799	718	0	0	0	0	0	0	1656521817922
1799	718	0	0	0	0	0	0	1656521818942
1799	718	0	0	0	0	0	0	1656521819962
1799	718	0	0	0	0	0	0	1656521820982
1799	718	0	0	0	0	0	0	1656521822002
1799	718	0	0	0	0	0	0	1656521823022
1799	718	0	0	0	0	0	0	1656521824042
1799	718	0	0	0	0	0	0	1656521825062
1799	718	0	0	0	0	0	0	1656521826082
1799	718	0	0	0	0	0	0	1656521827102
1799	718	0	0	0	0	0	0	1656521828122
1799	718	0	0	0	0	0	0	1656521829142
1799	718	0	0	0	0	0	0	1656521830162
1799	718	0	0	0	0	0	0	1656521831182
1799	718	0	0	0	0	0	0	1656521832202
1799	718	0	0	0	0	0	0	1656521833222
1799	718	0	0	0	0	0	0	1656521834242
1799	718	0	0	0	0	0	0	1656521835262
1799	718	0	0	0	0	0	0	1656521836282
1799	718	0	0	0	0	0	0	1656521837302
1799	718	0	0	0	0	0	0	1656521838322
1799	718	0	0	0	0	0	0	1656521839342
1799	718	0	0	0	0	0	0	1656521840362
1799	718	0	0	0	0	0	0	1656521841382
1799	718	0	0	0	0	0	0	1656521842402
1799	718	0	0	0	0	0	0	1656521843422
1799	718	0	0	0	0	0	0	1656521844442
1799	718	0	0	0	0	0	0	1656521845462
1799	718	0	0	0	0	0	0	1656521846482
1799	718	0	0	0	0	0	0	1656521847502
1799	718	0	0	0	0	0	0	1656521848522
1798	718	0	0	0	0	0	0	1656521849542
1798	718	0	0	0	0	0	0	1656521850562
1798	718	0	0	0	0	0	0	1656521851582
1798	718	0	0	0	0	0	0	1656521852602
1798	718	0	0	0	0	0	0	1656521853622
1798	718	0	0	0	0	0	0	1656521854642
1798	718	0	0	0	0	0	0	1656521855662
1798	718	0	0	0	0	0	0	1656521856682
1798	718	0	0	0	0	0	0	1656521857702
1798	718	0	0	0	0	0	0	1656521858722
1798	718	0	0	0	0	0	0	1656521859742
1798	718	0	0	0	0	0	0	1656521860762
1798	718	0	0	0	0	0	0	1656521861782
1798	718	0	0	0	0	0	0	1656521862802
1798	718	0	0	0	0	0	0	1656521863822
1798	718	0	0	0	0	0	0	1656521864842
1798	718	0	0	0	0	0	0	1656521865862
1798	718	0	0	0	0	0	0	1656521866882
1798	718	0	0	0	0	0	0	1656521867902
1798	718	0	0	0	0	0	0	1656521868922
1798	718	0	0	0	0	0	0	1656521869942
1798	718	0	0	0	0	0	0	1656521870962
1798	718	0	0	0	0	0	0	1656521871982
1798	718	0	0	0	0	0	0	1656521873002
1798	718	0	0	0	0	0	0	1656521874022
1798	718	0	0	0	0	0	0	1656521875042
1798	718	0	0	0	0	0	0	1656521876062
1798	718	0	0	0	0	0	0	1656521877082
1798	718	0	0	0	0	0	0	1656521878102
1798	718	0	0	0	0	0	0	1656521879122
1798	718	0	0	0	0	0	0	1656521880142
1798	718	0	0	0	0	0	0	1656521881162
1798	718	0	0	0	0	0	0	1656521882182
1798	718	0	0	0	0	0	0	1656521883202
1798	718	0	0	0	0	0	0	1656521884222
1798	718	0	0	0	0	0	0	1656521885242
1798	718	0	0	0	0	0	0	1656521886262
1798	718	0	0	0	0	0	0	1656521887282
1798	718	0	0	0	0	0	0	1656521888302
1798	718	0	0	0	0	0	0	1656521889322
1798	718	0	0	0	0	0	0	1656521890342
1798	718	0	0	0	0	0	0	1656521891362
1798	718	0	0	0	0	0	0	1656521892382
1798	718	0	0	0	0	0	0	1656521893402
1798	718	0	0	0	0	0	0	1656521894422
1798	718	0	0	0	0	0	0	1656521895442
1798	718	0	0	0	0	0	0	1656521896462
1798	718	0	0	0	0	0	0	1656521897482
1798	718	0	0	0	0	0	0	1656521898502
1798	718	0	0	0	0	0	0	1656521899522
1798	718	0	0	0	0	0	0	1656521900542
1798	718	0	0	0	0	0	0	1656521901562
1798	718	0	0	0	0	0	0	1656521902582
1798	718	0	0	0	0	0	0	1656521903602
1798	718	0	0	0	0	0	0	1656521904622
1798	718	0	0	0	0	0	0	1656521905642
1798	718	0	0	0	0	0	0	1656521906662
1798	718	0	0	0	0	0	0	1656521907682
1798	718	0	0	0	0	0	0	1656521908702
1798	718	0	0	0	0	0	0	1656521909722
1798	718	0	0	0	0	0	0	1656521910742
1798	718	0	0	0	0	0	0	1656521911762
1798	718	0	0	0	0	0	0	1656521912782
1798	718	0	0	0	0	0	0	1656521913802
1798	718	0	0	0	0	0	0	1656521914822
1798	718	0	0	0	0	0	0	1656521915842
1798	718	0	0	0	0	0	0	1656521916862
1798	718	0	0	0	0	0	0	1656521917882
1798	718	0	0	0	0	0	0	1656521918902
1798	718	0	0	0	0	0	0	1656521919922
1798	718	0	0	0	0	0	0	1656521920942
1798	718	0	0	0	0	0	0	1656521921962
1798	718	0	0	0	0	0	0	1656521922982
1798	718	0	0	0	0	0	0	1656521924002
1798	718	0	0	0	0	0	0	1656521925022
1798	718	0	0	0	0	0	0	1656521926042
1798	718	0	0	0	0	0	0	1656521927062
1798	718	0	0	0	0	0	0	1656521928082
1797	718	0	0	0	0	0	0	1656521929102
1797	718	0	0	0	0	0	0	1656521930122
1798	718	0	0	0	0	0	0	1656521931142
1797	718	0	0	0	0	0	0	1656521932162
1798	718	0	0	0	0	0	0	1656521933182
1798	718	0	0	0	0	0	0	1656521934202
1798	718	0	0	0	0	0	0	1656521935222
1798	718	0	0	0	0	0	0	1656521936242
1798	718	0	0	0	0	0	0	1656521937262
1798	718	0	0	0	0	0	0	1656521938282
1798	718	0	0	0	0	0	0	1656521939302
1798	718	0	0	0	0	0	0	1656521940322
1797	718	0	0	0	0	0	0	1656521941342
1798	718	0	0	0	0	0	0	1656521942362
1798	718	0	0	0	0	0	0	1656521943382
1798	718	0	0	0	0	0	0	1656521944402
1798	718	0	0	0	0	0	0	1656521945422
1798	718	0	0	0	0	0	0	1656521946442
1798	718	0	0	0	0	0	0	1656521947462
1798	718	0	0	0	0	0	0	1656521948482
1798	718	0	0	0	0	0	0	1656521949502
1798	718	0	0	0	0	0	0	1656521950522
1798	718	0	0	0	0	0	0	1656521951542
1798	718	0	0	0	0	0	0	1656521952562
1798	718	0	0	0	0	0	0	1656521953582
1798	718	0	0	0	0	0	0	1656521954602
1798	718	0	0	0	0	0	0	1656521955622
1798	718	0	0	0	0	0	0	1656521956642
1798	718	0	0	0	0	0	0	1656521957662
1797	718	0	0	0	0	0	0	1656521958682
1798	718	0	0	0	0	0	0	1656521959702
1798	718	0	0	0	0	0	0	1656521960722
1798	718	0	0	0	0	0	0	1656521961742
1798	718	0	0	0	0	0	0	1656521962762
1798	718	0	0	0	0	0	0	1656521963782
1797	718	0	0	0	0	0	0	1656521964802
1798	718	0	0	0	0	0	0	1656521965822
1798	718	0	0	0	0	0	0	1656521966842
1798	718	0	0	0	0	0	0	1656521967862
1798	718	0	0	0	0	0	0	1656521968882
1797	718	0	0	0	0	0	0	1656521969902
1797	718	0	0	0	0	0	0	1656521970922
1796	718	0	0	0	0	0	0	1656521971942
1796	718	0	0	0	0	0	0	1656521972962
1796	718	0	0	0	0	0	0	1656521973982
1796	718	0	0	0	0	0	0	1656521975002
1797	718	0	0	0	0	0	0	1656521976022
1797	718	0	0	0	0	0	0	1656521977042
1796	718	0	0	0	0	0	0	1656521978062
1797	718	0	0	0	0	0	0	1656521979082
1797	718	0	0	0	0	0	0	1656521980102
1797	718	0	0	0	0	0	0	1656521981122
1797	718	0	0	0	0	0	0	1656521982142
1797	718	0	0	0	0	0	0	1656521983162
1797	718	0	0	0	0	0	0	1656521984182
1797	718	0	0	0	0	0	0	1656521985202
1797	718	0	0	0	0	0	0	1656521986222
1797	718	0	0	0	0	0	0	1656521987242
1798	718	0	0	0	0	0	0	1656521988262
1797	718	0	0	0	0	0	0	1656521989282
1796	718	0	0	0	0	0	0	1656521990302
1796	718	0	0	0	0	0	0	1656521991322
1795	718	0	0	0	0	0	0	1656521992342
1796	718	0	0	0	0	0	0	1656521993362
1796	718	0	0	0	0	0	0	1656521994382
1797	718	0	0	0	0	0	0	1656521995402
1797	718	0	0	0	0	0	0	1656521996422
1797	718	0	0	0	0	0	0	1656521997442
1795	718	0	0	0	0	0	0	1656521998462
1795	718	0	0	0	0	0	0	1656521999482
1795	718	0	0	0	0	0	0	1656522000502
1796	718	0	0	0	0	0	0	1656522001522
1796	718	0	0	0	0	0	0	1656522002542
1796	718	0	0	0	0	0	0	1656522003562
1797	718	0	0	0	0	0	0	1656522004582
1798	718	0	0	0	0	0	0	1656522005602
1797	718	0	0	0	0	0	0	1656522006622
1797	718	0	0	0	0	0	0	1656522007642
1797	718	0	0	0	0	0	0	1656522008662
1797	718	0	0	0	0	0	0	1656522009682
1797	718	0	0	0	0	0	0	1656522010702
1796	718	0	0	0	0	0	0	1656522011722
1796	718	0	0	0	0	0	0	1656522012742
1795	718	0	0	0	0	0	0	1656522013762
1795	718	0	0	0	0	0	0	1656522014782
1796	718	0	0	0	0	0	0	1656522015802
1796	718	0	0	0	0	0	0	1656522016822
1795	718	0	0	0	0	0	0	1656522017842
1795	718	0	0	0	0	0	0	1656522018862
1796	718	0	0	0	0	0	0	1656522019882
1795	718	0	0	0	0	0	0	1656522020902
1794	718	0	0	0	0	0	0	1656522021922
1794	718	0	0	0	0	0	0	1656522022942
1795	718	0	0	0	0	0	0	1656522023962
1795	718	0	0	0	0	0	0	1656522024982
1795	718	0	0	0	0	0	0	1656522026002
1796	718	0	0	0	0	0	0	1656522027022
1794	718	0	0	0	0	0	0	1656522028042
1794	718	0	0	0	0	0	0	1656522029062
1794	718	0	0	0	0	0	0	1656522030082
1792	718	0	0	0	0	0	0	1656522031102
1791	718	0	0	0	0	0	0	1656522032122
1793	718	0	0	0	0	0	0	1656522033142
1793	718	0	0	0	0	0	0	1656522034162
1792	718	0	0	0	0	0	0	1656522035182
1791	718	0	0	0	0	0	0	1656522036202
1791	718	0	0	0	0	0	0	1656522037222
1793	718	0	0	0	0	0	0	1656522038242
1793	718	0	0	0	0	0	0	1656522039262
1792	717	0	0	0	0	0	0	1656522040282
1791	717	0	0	0	0	0	0	1656522041302
1789	717	0	0	0	0	0	0	1656522042322
1789	717	0	0	0	0	0	0	1656522043342
1788	717	0	0	0	0	0	0	1656522044362
1786	717	0	0	0	0	0	0	1656522045382
1785	717	0	0	0	0	0	0	1656522046402
1784	717	0	0	0	0	0	0	1656522047422
1783	717	0	0	0	0	0	0	1656522048442
1783	717	0	0	0	0	0	0	1656522049462
1781	717	0	0	0	0	0	0	1656522050482
1783	717	0	0	0	0	0	0	1656522051502
1784	717	0	0	0	0	0	0	1656522052522
1780	717	0	0	0	0	0	0	1656522053542
1776	717	0	0	0	0	0	0	1656522054562
1777	717	0	0	0	0	0	0	1656522055582
1780	716	0	0	0	0	0	0	1656522056602
1779	716	0	0	0	0	0	0	1656522057622
1779	717	0	0	0	0	0	0	1656522058642
1779	717	0	0	0	0	0	0	1656522059662
1782	716	0	0	0	0	0	0	1656522060682
1783	716	0	0	0	0	0	0	1656522061702
1785	716	0	0	0	0	0	0	1656522062722
1785	716	0	0	0	0	0	0	1656522063742
1785	716	0	0	0	0	0	0	1656522064762
1784	715	0	0	0	0	0	0	1656522065782
1783	715	0	0	0	0	0	0	1656522066802
1780	715	0	0	0	0	0	0	1656522067822
1778	714	0	0	0	0	0	0	1656522068842
1778	715	0	0	0	0	0	0	1656522069862
1780	715	0	0	0	0	0	0	1656522070882
1779	714	0	0	0	0	0	0	1656522071902
1777	714	0	0	0	0	0	0	1656522072922
1777	713	0	0	0	0	0	0	1656522073942
1776	714	0	0	0	0	0	0	1656522074962
1776	714	0	0	0	0	0	0	1656522075982
1775	713	0	0	0	0	0	0	1656522077002
1774	712	0	0	0	0	0	0	1656522078022
1775	711	0	0	0	0	0	0	1656522079042
1777	709	0	0	0	0	0	0	1656522080062
1777	710	0	0	0	0	0	0	1656522081082
1777	711	0	0	0	0	0	0	1656522082102
1776	712	0	0	0	0	0	0	1656522083122
1775	710	0	0	0	0	0	0	1656522084142
1775	708	0	0	0	0	0	0	1656522085162
1775	710	0	0	0	0	0	0	1656522086182
1775	710	0	0	0	0	0	0	1656522087202
1777	710	0	0	0	0	0	0	1656522088222
1777	711	0	0	0	0	0	0	1656522089242
1776	711	0	0	0	0	0	0	1656522090262
1776	711	0	0	0	0	0	0	1656522091282
1775	710	0	0	0	0	0	0	1656522092302
1775	710	0	0	0	0	0	0	1656522093322
1775	710	0	0	0	0	0	0	1656522094342
1776	709	0	0	0	0	0	0	1656522095362
1777	708	0	0	0	0	0	0	1656522096382
1777	707	0	0	0	0	0	0	1656522097402
1777	705	0	0	0	0	0	0	1656522098422
1776	706	0	0	0	0	0	0	1656522099442
1776	705	0	0	0	0	0	0	1656522100462
1776	704	0	0	0	0	0	0	1656522101482
1776	704	0	0	0	0	0	0	1656522102502
1774	703	0	0	0	0	0	0	1656522103522
1775	702	0	0	0	0	0	0	1656522104542
1775	704	0	0	0	0	0	0	1656522105562
1774	703	0	0	0	0	0	0	1656522106582
1773	704	0	0	0	0	0	0	1656522107602
1774	702	0	0	0	0	0	0	1656522108622
1775	701	0	0	0	0	0	0	1656522109642
1774	702	0	0	0	0	0	0	1656522110662
1773	703	0	0	0	0	0	0	1656522111682
1773	703	0	0	0	0	0	0	1656522112702
1773	702	0	0	0	0	0	0	1656522113722
1774	700	0	0	0	0	0	0	1656522114742
1774	700	0	0	0	0	0	0	1656522115762
1774	700	0	0	0	0	0	0	1656522116782
1773	700	0	0	0	0	0	0	1656522117802
1772	699	0	0	0	0	0	0	1656522118822
1772	699	0	0	0	0	0	0	1656522119842
1772	698	0	0	0	0	0	0	1656522120862
1772	697	0	0	0	0	0	0	1656522121882
1772	697	0	0	0	0	0	0	1656522122902
1772	696	0	0	0	0	0	0	1656522123922
1772	696	0	0	0	0	0	0	1656522124942
1773	697	0	0	0	0	0	0	1656522125962
1773	696	0	0	0	0	0	0	1656522126982
1772	696	0	0	0	0	0	0	1656522128002
1772	696	0	0	0	0	0	0	1656522129022
1773	696	0	0	0	0	0	0	1656522130042
1773	697	0	0	0	0	0	0	1656522131062
1773	695	0	0	0	0	0	0	1656522132082
1773	695	0	0	0	0	0	0	1656522133102
1773	694	0	0	0	0	0	0	1656522134122
1773	695	0	0	0	0	0	0	1656522135142
1773	696	0	0	0	0	0	0	1656522136162
1773	696	0	0	0	0	0	0	1656522137182
1774	695	0	0	0	0	0	0	1656522138202
1773	694	0	0	0	0	0	0	1656522139222
1773	695	0	0	0	0	0	0	1656522140242
1772	695	0	0	0	0	0	0	1656522141262
1773	695	0	0	0	0	0	0	1656522142282
1773	696	0	0	0	0	0	0	1656522143302
1773	697	0	0	0	0	0	0	1656522144322
1773	696	0	0	0	0	0	0	1656522145342
1773	695	0	0	0	0	0	0	1656522146362
1772	694	0	0	0	0	0	0	1656522147382
1772	694	0	0	0	0	0	0	1656522148402
1773	694	0	0	0	0	0	0	1656522149422
1773	694	0	0	0	0	0	0	1656522150442
1772	693	0	0	0	0	0	0	1656522151462
1772	694	0	0	0	0	0	0	1656522152482
1772	693	0	0	0	0	0	0	1656522153502
1772	693	0	0	0	0	0	0	1656522154522
1772	694	0	0	0	0	0	0	1656522155542
1771	694	0	0	0	0	0	0	1656522156562
1771	693	0	0	0	0	0	0	1656522157582
1771	692	0	0	0	0	0	0	1656522158602
1771	693	0	0	0	0	0	0	1656522159622
1772	693	0	0	0	0	0	0	1656522160642
1772	693	0	0	0	0	0	0	1656522161662
1772	694	0	0	0	0	0	0	1656522162682
1772	693	0	0	0	0	0	0	1656522163702
1771	694	0	0	0	0	0	0	1656522164722
1771	694	0	0	0	0	0	0	1656522165742
1771	693	0	0	0	0	0	0	1656522166762
1771	694	0	0	0	0	0	0	1656522167782
1772	693	0	0	0	0	0	0	1656522168802
1772	693	0	0	0	0	0	0	1656522169822
1771	693	0	0	0	0	0	0	1656522170842
1771	692	0	0	0	0	0	0	1656522171862
1771	692	0	0	0	0	0	0	1656522172882
1771	692	0	0	0	0	0	0	1656522173902
1771	692	0	0	0	0	0	0	1656522174922
1771	692	0	0	0	0	0	0	1656522175942
1771	692	0	0	0	0	0	0	1656522176962
1771	692	0	0	0	0	0	0	1656522177982
1771	691	0	0	0	0	0	0	1656522179002
1771	691	0	0	0	0	0	0	1656522180022
1771	691	0	0	0	0	0	0	1656522181042
1771	691	0	0	0	0	0	0	1656522182062
1771	691	0	0	0	0	0	0	1656522183082
1771	691	0	0	0	0	0	0	1656522184102
1771	691	0	0	0	0	0	0	1656522185122
1771	691	0	0	0	0	0	0	1656522186142
1771	691	0	0	0	0	0	0	1656522187162
1771	691	0	0	0	0	0	0	1656522188182
1771	691	0	0	0	0	0	0	1656522189202
1771	691	0	0	0	0	0	0	1656522190222
1771	692	0	0	0	0	0	0	1656522191242
1771	691	0	0	0	0	0	0	1656522192262
1771	691	0	0	0	0	0	0	1656522193282
1771	691	0	0	0	0	0	0	1656522194302
1771	691	0	0	0	0	0	0	1656522195322
1771	691	0	0	0	0	0	0	1656522196342
1771	691	0	0	0	0	0	0	1656522197362
1771	691	0	0	0	0	0	0	1656522198382
1771	691	0	0	0	0	0	0	1656522199402
1771	691	0	0	0	0	0	0	1656522200422
1771	691	0	0	0	0	0	0	1656522201442
1771	691	0	0	0	0	0	0	1656522202462
1771	691	0	0	0	0	0	0	1656522203482
1771	691	0	0	0	0	0	0	1656522204502
1771	691	0	0	0	0	0	0	1656522205522
1771	691	0	0	0	0	0	0	1656522206542
1771	691	0	0	0	0	0	0	1656522207562
1771	691	0	0	0	0	0	0	1656522208582
1771	691	0	0	0	0	0	0	1656522209602
1771	691	0	0	0	0	0	0	1656522210622
1771	691	0	0	0	0	0	0	1656522211642
1771	691	0	0	0	0	0	0	1656522212662
1771	691	0	0	0	0	0	0	1656522213682
1771	691	0	0	0	0	0	0	1656522214702
1771	691	0	0	0	0	0	0	1656522215722
1771	691	0	0	0	0	0	0	1656522216742
1772	691	0	0	0	0	0	0	1656522217762
1772	691	0	0	0	0	0	0	1656522218782
1772	691	0	0	0	0	0	0	1656522219802
1772	691	0	0	0	0	0	0	1656522220822
1772	691	0	0	0	0	0	0	1656522221842
1773	691	0	0	0	0	0	0	1656522222862
1772	691	0	0	0	0	0	0	1656522223882
1772	691	0	0	0	0	0	0	1656522224902
1772	691	0	0	0	0	0	0	1656522225922
1772	691	0	0	0	0	0	0	1656522226942
1772	691	0	0	0	0	0	0	1656522227962
1772	691	0	0	0	0	0	0	1656522228982
1771	691	0	0	0	0	0	0	1656522230002
1772	691	0	0	0	0	0	0	1656522231022
1771	691	0	0	0	0	0	0	1656522232042
1771	691	0	0	0	0	0	0	1656522233062
1771	691	0	0	0	0	0	0	1656522234082
1771	691	0	0	0	0	0	0	1656522235102
1772	691	0	0	0	0	0	0	1656522236122
1772	691	0	0	0	0	0	0	1656522237142
1772	691	0	0	0	0	0	0	1656522238162
1772	691	0	0	0	0	0	0	1656522239182
1772	691	0	0	0	0	0	0	1656522240202
1772	691	0	0	0	0	0	0	1656522241222
1772	691	0	0	0	0	0	0	1656522242242
1772	691	0	0	0	0	0	0	1656522243262
1773	691	0	0	0	0	0	0	1656522244282
1773	691	0	0	0	0	0	0	1656522245302
1773	691	0	0	0	0	0	0	1656522246322
1773	691	0	0	0	0	0	0	1656522247342
1773	691	0	0	0	0	0	0	1656522248362
1772	691	0	0	0	0	0	0	1656522249382
1772	691	0	0	0	0	0	0	1656522250402
1772	691	0	0	0	0	0	0	1656522251422
1772	691	0	0	0	0	0	0	1656522252442
1772	691	0	0	0	0	0	0	1656522253462
1772	691	0	0	0	0	0	0	1656522254482
1772	691	0	0	0	0	0	0	1656522255502
1772	691	0	0	0	0	0	0	1656522256522
1772	691	0	0	0	0	0	0	1656522257542
1774	691	0	0	0	0	0	0	1656522258562
1774	691	0	0	0	0	0	0	1656522259582
1775	691	0	0	0	0	0	0	1656522260602
1774	691	0	0	0	0	0	0	1656522261622
1774	691	0	0	0	0	0	0	1656522262642
1774	691	0	0	0	0	0	0	1656522263662
1774	691	0	0	0	0	0	0	1656522264682
1775	691	0	0	0	0	0	0	1656522265702
1775	691	0	0	0	0	0	0	1656522266722
1774	691	0	0	0	0	0	0	1656522267742
1775	691	0	0	0	0	0	0	1656522268762
1774	691	0	0	0	0	0	0	1656522269782
1773	691	0	0	0	0	0	0	1656522270802
1773	691	0	0	0	0	0	0	1656522271822
1773	691	0	0	0	0	0	0	1656522272842
1774	691	0	0	0	0	0	0	1656522273862
1774	691	0	0	0	0	0	0	1656522274882
1775	691	0	0	0	0	0	0	1656522275902
1775	691	0	0	0	0	0	0	1656522276922
1775	691	0	0	0	0	0	0	1656522277942
1773	691	0	0	0	0	0	0	1656522278962
1773	691	0	0	0	0	0	0	1656522279982
1772	691	0	0	0	0	0	0	1656522281002
1774	691	0	0	0	0	0	0	1656522282022
1775	691	0	0	0	0	0	0	1656522283042
1774	691	0	0	0	0	0	0	1656522284062
1776	691	0	0	0	0	0	0	1656522285082
1777	691	0	0	0	0	0	0	1656522286102
1775	691	0	0	0	0	0	0	1656522287122
1775	691	0	0	0	0	0	0	1656522288142
1776	691	0	0	0	0	0	0	1656522289162
1777	691	0	0	0	0	0	0	1656522290182
1776	691	0	0	0	0	0	0	1656522291202
1776	691	0	0	0	0	0	0	1656522292222
1775	691	0	0	0	0	0	0	1656522293242
1775	691	0	0	0	0	0	0	1656522294262
1773	691	0	0	0	0	0	0	1656522295282
1773	691	0	0	0	0	0	0	1656522296302
1773	691	0	0	0	0	0	0	1656522297322
1773	691	0	0	0	0	0	0	1656522298342
1775	691	0	0	0	0	0	0	1656522299362
1775	691	0	0	0	0	0	0	1656522300382
1775	691	0	0	0	0	0	0	1656522301402
1776	691	0	0	0	0	0	0	1656522302422
1776	691	0	0	0	0	0	0	1656522303442
1776	691	0	0	0	0	0	0	1656522304462
1777	691	0	0	0	0	0	0	1656522305482
1776	691	0	0	0	0	0	0	1656522306502
1777	691	0	0	0	0	0	0	1656522307522
1777	691	0	0	0	0	0	0	1656522308542
1778	691	0	0	0	0	0	0	1656522309562
1776	691	0	0	0	0	0	0	1656522310582
1774	691	0	0	0	0	0	0	1656522311602
1773	691	0	0	0	0	0	0	1656522312622
1774	691	0	0	0	0	0	0	1656522313642
1773	691	0	0	0	0	0	0	1656522314662
1774	691	0	0	0	0	0	0	1656522315682
1774	691	0	0	0	0	0	0	1656522316702
1773	691	0	0	0	0	0	0	1656522317722
1773	691	0	0	0	0	0	0	1656522318742
1773	691	0	0	0	0	0	0	1656522319762
1774	691	0	0	0	0	0	0	1656522320782
1774	691	0	0	0	0	0	0	1656522321802
1773	691	0	0	0	0	0	0	1656522322822
1773	691	0	0	0	0	0	0	1656522323842
1774	691	0	0	0	0	0	0	1656522324862
1773	691	0	0	0	0	0	0	1656522325882
1772	691	0	0	0	0	0	0	1656522326902
1772	691	0	0	0	0	0	0	1656522327922
1773	691	0	0	0	0	0	0	1656522328942
1772	691	0	0	0	0	0	0	1656522329962
1773	691	0	0	0	0	0	0	1656522330982
1773	691	0	0	0	0	0	0	1656522332002
1773	691	0	0	0	0	0	0	1656522333022
1774	691	0	0	0	0	0	0	1656522334042
1775	691	0	0	0	0	0	0	1656522335062
1778	691	0	0	0	0	0	0	1656522336082
1778	691	0	0	0	0	0	0	1656522337102
1778	691	0	0	0	0	0	0	1656522338122
1779	691	0	0	0	0	0	0	1656522339142
1780	691	0	0	0	0	0	0	1656522340162
1780	691	0	0	0	0	0	0	1656522341182
1780	691	0	0	0	0	0	0	1656522342202
1777	691	0	0	0	0	0	0	1656522343222
1777	691	0	0	0	0	0	0	1656522344242
1778	691	0	0	0	0	0	0	1656522345262
1779	691	0	0	0	0	0	0	1656522346282
1779	691	0	0	0	0	0	0	1656522347302
1778	691	0	0	0	0	0	0	1656522348322
1780	691	0	0	0	0	0	0	1656522349342
1779	691	0	0	0	0	0	0	1656522350362
1780	691	0	0	0	0	0	0	1656522351382
1782	691	0	0	0	0	0	0	1656522352402
1782	691	0	0	0	0	0	0	1656522353422
1781	691	0	0	0	0	0	0	1656522354442
1780	691	0	0	0	0	0	0	1656522355462
1781	691	0	0	0	0	0	0	1656522356482
1782	691	0	0	0	0	0	0	1656522357502
1782	691	0	0	0	0	0	0	1656522358522
1781	691	0	0	0	0	0	0	1656522359542
1783	691	0	0	0	0	0	0	1656522360562
1786	691	0	0	0	0	0	0	1656522361582
1787	691	0	0	0	0	0	0	1656522362602
1787	691	0	0	0	0	0	0	1656522363622
1786	691	0	0	0	0	0	0	1656522364642
