1813	1885	0	0	0	0	0	0	1658251783109
1803	1875	0	0	0	0	0	0	1658251784129
1791	1867	0	0	0	0	0	0	1658251785149
1774	1863	0	0	0	0	0	0	1658251786169
1763	1860	0	0	0	0	0	0	1658251787189
1748	1858	0	0	0	0	0	0	1658251788209
1736	1854	0	0	0	0	0	0	1658251789229
1726	1845	0	0	0	0	0	0	1658251790249
1712	1838	0	0	0	0	0	0	1658251791269
1703	1834	0	0	0	0	0	0	1658251792289
1698	1832	0	0	0	0	0	0	1658251793309
1688	1830	0	0	0	0	0	0	1658251794329
1678	1829	0	0	0	0	0	0	1658251795349
1672	1829	0	0	0	0	0	0	1658251796369
1668	1829	0	0	0	0	0	0	1658251797389
1664	1829	0	0	0	0	0	0	1658251798409
1653	1829	0	0	0	0	0	0	1658251799429
1646	1828	0	0	0	0	0	0	1658251800449
1642	1828	0	0	0	0	0	0	1658251801469
1639	1828	0	0	0	0	0	0	1658251802489
1637	1828	0	0	0	0	0	0	1658251803509
1633	1828	0	0	0	0	0	0	1658251804529
1624	1827	0	0	0	0	0	0	1658251805549
1617	1825	0	0	0	0	0	0	1658251806569
1613	1820	0	0	0	0	0	0	1658251807589
1610	1815	0	0	0	0	0	0	1658251808609
1609	1810	0	0	0	0	0	0	1658251809629
1608	1806	0	0	0	0	0	0	1658251810649
1608	1804	0	0	0	0	0	0	1658251811669
1607	1802	0	0	0	0	0	0	1658251812689
1599	1802	0	0	0	0	0	0	1658251813709
1591	1801	0	0	0	0	0	0	1658251814729
1586	1801	0	0	0	0	0	0	1658251815749
1596	1801	0	0	0	0	0	0	1658251816769
1589	1801	0	0	0	0	0	0	1658251817789
1585	1801	0	0	0	0	0	0	1658251818809
1583	1801	0	0	0	0	0	0	1658251819829
1581	1801	0	0	0	0	0	0	1658251820849
1580	1801	0	0	0	0	0	0	1658251821869
1580	1800	0	0	0	0	0	0	1658251822889
1579	1800	0	0	0	0	0	0	1658251823909
1575	1800	0	0	0	0	0	0	1658251824929
1567	1800	0	0	0	0	0	0	1658251825949
1561	1800	0	0	0	0	0	0	1658251826969
1557	1800	0	0	0	0	0	0	1658251827989
1555	1800	0	0	0	0	0	0	1658251829009
1554	1800	0	0	0	0	0	0	1658251830029
1553	1800	0	0	0	0	0	0	1658251831049
1552	1800	0	0	0	0	0	0	1658251832069
1552	1800	0	0	0	0	0	0	1658251833089
1552	1800	0	0	0	0	0	0	1658251834109
1552	1800	0	0	0	0	0	0	1658251835129
1552	1800	0	0	0	0	0	0	1658251836149
1552	1799	0	0	0	0	0	0	1658251837169
1551	1799	0	0	0	0	0	0	1658251838189
1551	1796	0	0	0	0	0	0	1658251839209
1551	1793	0	0	0	0	0	0	1658251840229
1551	1790	0	0	0	0	0	0	1658251841249
1547	1786	0	0	0	0	0	0	1658251842269
1541	1783	0	0	0	0	0	0	1658251843289
1535	1780	0	0	0	0	0	0	1658251844309
1530	1777	0	0	0	0	0	0	1658251845329
1527	1775	0	0	0	0	0	0	1658251846349
1526	1774	0	0	0	0	0	0	1658251847369
1525	1773	0	0	0	0	0	0	1658251848389
1525	1773	0	0	0	0	0	0	1658251849409
1524	1773	0	0	0	0	0	0	1658251850429
1524	1773	0	0	0	0	0	0	1658251851449
1524	1773	0	0	0	0	0	0	1658251852469
1524	1773	0	0	0	0	0	0	1658251853489
1524	1773	0	0	0	0	0	0	1658251854509
1524	1772	0	0	0	0	0	0	1658251855529
1523	1772	0	0	0	0	0	0	1658251856549
1523	1772	0	0	0	0	0	0	1658251857569
1523	1772	0	0	0	0	0	0	1658251858589
1523	1772	0	0	0	0	0	0	1658251859609
1523	1772	0	0	0	0	0	0	1658251860629
1524	1772	0	0	0	0	0	0	1658251861649
1523	1772	0	0	0	0	0	0	1658251862669
1523	1772	0	0	0	0	0	0	1658251863689
1523	1772	0	0	0	0	0	0	1658251864709
1523	1772	0	0	0	0	0	0	1658251865729
1523	1772	0	0	0	0	0	0	1658251866749
1522	1772	0	0	0	0	0	0	1658251867769
1521	1772	0	0	0	0	0	0	1658251868789
1517	1772	0	0	0	0	0	0	1658251869809
1515	1772	0	0	0	0	0	0	1658251870829
1509	1772	0	0	0	0	0	0	1658251871849
1505	1772	0	0	0	0	0	0	1658251872869
1501	1772	0	0	0	0	0	0	1658251873889
1499	1772	0	0	0	0	0	0	1658251874909
1498	1772	0	0	0	0	0	0	1658251875929
1497	1772	0	0	0	0	0	0	1658251876949
1496	1772	0	0	0	0	0	0	1658251877969
1496	1772	0	0	0	0	0	0	1658251878989
1495	1771	0	0	0	0	0	0	1658251880009
1495	1771	0	0	0	0	0	0	1658251881029
1495	1771	0	0	0	0	0	0	1658251882049
1495	1768	0	0	0	0	0	0	1658251883069
1495	1767	0	0	0	0	0	0	1658251884089
1495	1761	0	0	0	0	0	0	1658251885109
1495	1759	0	0	0	0	0	0	1658251886129
1495	1756	0	0	0	0	0	0	1658251887149
1495	1754	0	0	0	0	0	0	1658251888169
1495	1752	0	0	0	0	0	0	1658251889189
1495	1750	0	0	0	0	0	0	1658251890209
1495	1749	0	0	0	0	0	0	1658251891229
1495	1747	0	0	0	0	0	0	1658251892249
1495	1746	0	0	0	0	0	0	1658251893269
1495	1745	0	0	0	0	0	0	1658251894289
1495	1745	0	0	0	0	0	0	1658251895309
1495	1745	0	0	0	0	0	0	1658251896329
1495	1745	0	0	0	0	0	0	1658251897349
1495	1745	0	0	0	0	0	0	1658251898369
1495	1745	0	0	0	0	0	0	1658251899389
1495	1745	0	0	0	0	0	0	1658251900409
1495	1745	0	0	0	0	0	0	1658251901429
1495	1745	0	0	0	0	0	0	1658251902449
1495	1745	0	0	0	0	0	0	1658251903469
1495	1745	0	0	0	0	0	0	1658251904489
1494	1745	0	0	0	0	0	0	1658251905509
1493	1745	0	0	0	0	0	0	1658251906529
1491	1745	0	0	0	0	0	0	1658251907549
1489	1745	0	0	0	0	0	0	1658251908569
1487	1745	0	0	0	0	0	0	1658251909589
1486	1745	0	0	0	0	0	0	1658251910609
1482	1745	0	0	0	0	0	0	1658251911629
1478	1745	0	0	0	0	0	0	1658251912649
1474	1745	0	0	0	0	0	0	1658251913669
1471	1745	0	0	0	0	0	0	1658251914689
1470	1745	0	0	0	0	0	0	1658251915709
1469	1745	0	0	0	0	0	0	1658251916729
1468	1745	0	0	0	0	0	0	1658251917749
1467	1744	0	0	0	0	0	0	1658251918769
1467	1744	0	0	0	0	0	0	1658251919789
1467	1744	0	0	0	0	0	0	1658251920809
1467	1744	0	0	0	0	0	0	1658251921829
1467	1744	0	0	0	0	0	0	1658251922849
1467	1744	0	0	0	0	0	0	1658251923869
1467	1744	0	0	0	0	0	0	1658251924889
1467	1744	0	0	0	0	0	0	1658251925909
1467	1744	0	0	0	0	0	0	1658251926929
1467	1744	0	0	0	0	0	0	1658251927949
1467	1744	0	0	0	0	0	0	1658251928969
1467	1744	0	0	0	0	0	0	1658251929989
1467	1744	0	0	0	0	0	0	1658251931009
1467	1744	0	0	0	0	0	0	1658251932029
1467	1744	0	0	0	0	0	0	1658251933049
1467	1743	0	0	0	0	0	0	1658251934069
1467	1743	0	0	0	0	0	0	1658251935089
1467	1742	0	0	0	0	0	0	1658251936109
1467	1740	0	0	0	0	0	0	1658251937129
1467	1739	0	0	0	0	0	0	1658251938149
1467	1736	0	0	0	0	0	0	1658251939169
1467	1733	0	0	0	0	0	0	1658251940189
1467	1731	0	0	0	0	0	0	1658251941209
1467	1728	0	0	0	0	0	0	1658251942229
1467	1726	0	0	0	0	0	0	1658251943249
1467	1723	0	0	0	0	0	0	1658251944269
1467	1722	0	0	0	0	0	0	1658251945289
1467	1720	0	0	0	0	0	0	1658251946309
1467	1718	0	0	0	0	0	0	1658251947329
1467	1717	0	0	0	0	0	0	1658251948349
1467	1717	0	0	0	0	0	0	1658251949369
1467	1717	0	0	0	0	0	0	1658251950389
1467	1717	0	0	0	0	0	0	1658251951409
1467	1717	0	0	0	0	0	0	1658251952429
1467	1717	0	0	0	0	0	0	1658251953449
1467	1717	0	0	0	0	0	0	1658251954469
1467	1717	0	0	0	0	0	0	1658251955489
1467	1717	0	0	0	0	0	0	1658251956509
1467	1717	0	0	0	0	0	0	1658251957529
1466	1717	0	0	0	0	0	0	1658251958549
1465	1717	0	0	0	0	0	0	1658251959569
1464	1717	0	0	0	0	0	0	1658251960589
1464	1717	0	0	0	0	0	0	1658251961609
1464	1717	0	0	0	0	0	0	1658251962629
1462	1717	0	0	0	0	0	0	1658251963649
1462	1717	0	0	0	0	0	0	1658251964669
1460	1717	0	0	0	0	0	0	1658251965689
1458	1717	0	0	0	0	0	0	1658251966709
1454	1717	0	0	0	0	0	0	1658251967729
1452	1717	0	0	0	0	0	0	1658251968749
1448	1717	0	0	0	0	0	0	1658251969769
1446	1717	0	0	0	0	0	0	1658251970789
1444	1717	0	0	0	0	0	0	1658251971809
1442	1717	0	0	0	0	0	0	1658251972829
1442	1717	0	0	0	0	0	0	1658251973849
1441	1717	0	0	0	0	0	0	1658251974869
1440	1717	0	0	0	0	0	0	1658251975889
1440	1717	0	0	0	0	0	0	1658251976909
1440	1717	0	0	0	0	0	0	1658251977929
1440	1717	0	0	0	0	0	0	1658251978949
1439	1717	0	0	0	0	0	0	1658251979969
1439	1717	0	0	0	0	0	0	1658251980989
1439	1717	0	0	0	0	0	0	1658251982009
1439	1717	0	0	0	0	0	0	1658251983029
1439	1717	0	0	0	0	0	0	1658251984049
1439	1717	0	0	0	0	0	0	1658251985069
1439	1717	0	0	0	0	0	0	1658251986089
1439	1717	0	0	0	0	0	0	1658251987109
1439	1717	0	0	0	0	0	0	1658251988129
1439	1717	0	0	0	0	0	0	1658251989149
1439	1717	0	0	0	0	0	0	1658251990169
1439	1716	0	0	0	0	0	0	1658251991189
1439	1715	0	0	0	0	0	0	1658251992209
1439	1715	0	0	0	0	0	0	1658251993229
1439	1714	0	0	0	0	0	0	1658251994249
1439	1713	0	0	0	0	0	0	1658251995269
1439	1712	0	0	0	0	0	0	1658251996289
1439	1709	0	0	0	0	0	0	1658251997309
1439	1707	0	0	0	0	0	0	1658251998329
1439	1703	0	0	0	0	0	0	1658251999349
1439	1700	0	0	0	0	0	0	1658252000369
1439	1698	0	0	0	0	0	0	1658252001389
1439	1696	0	0	0	0	0	0	1658252002409
1440	1694	0	0	0	0	0	0	1658252003429
1440	1693	0	0	0	0	0	0	1658252004449
1440	1691	0	0	0	0	0	0	1658252005469
1440	1690	0	0	0	0	0	0	1658252006489
1440	1690	0	0	0	0	0	0	1658252007509
1440	1690	0	0	0	0	0	0	1658252008529
1440	1689	0	0	0	0	0	0	1658252009549
1440	1689	0	0	0	0	0	0	1658252010569
1440	1689	0	0	0	0	0	0	1658252011589
1440	1689	0	0	0	0	0	0	1658252012609
1440	1689	0	0	0	0	0	0	1658252013629
1440	1689	0	0	0	0	0	0	1658252014649
1440	1689	0	0	0	0	0	0	1658252015669
1440	1689	0	0	0	0	0	0	1658252016689
1440	1689	0	0	0	0	0	0	1658252017709
1440	1689	0	0	0	0	0	0	1658252018729
1440	1689	0	0	0	0	0	0	1658252019749
1440	1689	0	0	0	0	0	0	1658252020769
1440	1689	0	0	0	0	0	0	1658252021789
1440	1689	0	0	0	0	0	0	1658252022809
1440	1689	0	0	0	0	0	0	1658252023829
1440	1689	0	0	0	0	0	0	1658252024849
1440	1689	0	0	0	0	0	0	1658252025869
1439	1689	0	0	0	0	0	0	1658252026889
1439	1689	0	0	0	0	0	0	1658252027909
1439	1689	0	0	0	0	0	0	1658252028929
1439	1689	0	0	0	0	0	0	1658252029949
1439	1689	0	0	0	0	0	0	1658252030969
1439	1689	0	0	0	0	0	0	1658252031989
1439	1689	0	0	0	0	0	0	1658252033009
1439	1689	0	0	0	0	0	0	1658252034029
1439	1689	0	0	0	0	0	0	1658252035049
1439	1689	0	0	0	0	0	0	1658252036069
1439	1689	0	0	0	0	0	0	1658252037089
1439	1689	0	0	0	0	0	0	1658252038109
1439	1689	0	0	0	0	0	0	1658252039129
1439	1689	0	0	0	0	0	0	1658252040149
1439	1689	0	0	0	0	0	0	1658252041169
1438	1689	0	0	0	0	0	0	1658252042189
1438	1689	0	0	0	0	0	0	1658252043209
1438	1689	0	0	0	0	0	0	1658252044229
1436	1689	0	0	0	0	0	0	1658252045249
1436	1689	0	0	0	0	0	0	1658252046269
1435	1689	0	0	0	0	0	0	1658252047289
1434	1689	0	0	0	0	0	0	1658252048309
1432	1689	0	0	0	0	0	0	1658252049329
1431	1689	0	0	0	0	0	0	1658252050349
1431	1689	0	0	0	0	0	0	1658252051369
1430	1688	0	0	0	0	0	0	1658252052389
1429	1688	0	0	0	0	0	0	1658252053409
1427	1688	0	0	0	0	0	0	1658252054429
1425	1688	0	0	0	0	0	0	1658252055449
1424	1688	0	0	0	0	0	0	1658252056469
1421	1688	0	0	0	0	0	0	1658252057489
1420	1687	0	0	0	0	0	0	1658252058509
1419	1686	0	0	0	0	0	0	1658252059529
1418	1685	0	0	0	0	0	0	1658252060549
1417	1682	0	0	0	0	0	0	1658252061569
1415	1680	0	0	0	0	0	0	1658252062589
1413	1678	0	0	0	0	0	0	1658252063609
1414	1676	0	0	0	0	0	0	1658252064629
1413	1672	0	0	0	0	0	0	1658252065649
1413	1670	0	0	0	0	0	0	1658252066669
1413	1669	0	0	0	0	0	0	1658252067689
1413	1667	0	0	0	0	0	0	1658252068709
1412	1667	0	0	0	0	0	0	1658252069729
1412	1665	0	0	0	0	0	0	1658252070749
1412	1663	0	0	0	0	0	0	1658252071769
1412	1662	0	0	0	0	0	0	1658252072789
1412	1662	0	0	0	0	0	0	1658252073809
1412	1662	0	0	0	0	0	0	1658252074829
1412	1662	0	0	0	0	0	0	1658252075849
1412	1661	0	0	0	0	0	0	1658252076869
1412	1661	0	0	0	0	0	0	1658252077889
1412	1661	0	0	0	0	0	0	1658252078909
1412	1661	0	0	0	0	0	0	1658252079929
1412	1661	0	0	0	0	0	0	1658252080949
1411	1661	0	0	0	0	0	0	1658252081969
1412	1661	0	0	0	0	0	0	1658252082989
1396	1661	0	0	0	0	0	0	1658252084009
1402	1661	0	0	0	0	0	0	1658252085029
1406	1661	0	0	0	0	0	0	1658252086049
1408	1661	0	0	0	0	0	0	1658252087069
1409	1661	0	0	0	0	0	0	1658252088089
1410	1661	0	0	0	0	0	0	1658252089109
1411	1661	0	0	0	0	0	0	1658252090129
1412	1661	0	0	0	0	0	0	1658252091149
1412	1661	0	0	0	0	0	0	1658252092169
1412	1661	0	0	0	0	0	0	1658252093189
1412	1661	0	0	0	0	0	0	1658252094209
1412	1661	0	0	0	0	0	0	1658252095229
1412	1661	0	0	0	0	0	0	1658252096249
1412	1661	0	0	0	0	0	0	1658252097269
1412	1661	0	0	0	0	0	0	1658252098289
1412	1661	0	0	0	0	0	0	1658252099309
1412	1661	0	0	0	0	0	0	1658252100329
1412	1661	0	0	0	0	0	0	1658252101349
1412	1661	0	0	0	0	0	0	1658252102369
1412	1661	0	0	0	0	0	0	1658252103389
1412	1661	0	0	0	0	0	0	1658252104409
1412	1661	0	0	0	0	0	0	1658252105429
1412	1661	0	0	0	0	0	0	1658252106449
1412	1661	0	0	0	0	0	0	1658252107469
1412	1661	0	0	0	0	0	0	1658252108489
1412	1661	0	0	0	0	0	0	1658252109509
1412	1661	0	0	0	0	0	0	1658252110529
1412	1661	0	0	0	0	0	0	1658252111549
1412	1661	0	0	0	0	0	0	1658252112569
1412	1661	0	0	0	0	0	0	1658252113589
1412	1661	0	0	0	0	0	0	1658252114609
1412	1661	0	0	0	0	0	0	1658252115629
1412	1661	0	0	0	0	0	0	1658252116649
1412	1661	0	0	0	0	0	0	1658252117669
1412	1661	0	0	0	0	0	0	1658252118689
1412	1661	0	0	0	0	0	0	1658252119709
1412	1661	0	0	0	0	0	0	1658252120729
1412	1661	0	0	0	0	0	0	1658252121749
1412	1661	0	0	0	0	0	0	1658252122769
1412	1661	0	0	0	0	0	0	1658252123789
1412	1661	0	0	0	0	0	0	1658252124809
1412	1661	0	0	0	0	0	0	1658252125829
1412	1661	0	0	0	0	0	0	1658252126849
1411	1661	0	0	0	0	0	0	1658252127869
1411	1661	0	0	0	0	0	0	1658252128889
1411	1661	0	0	0	0	0	0	1658252129909
1411	1661	0	0	0	0	0	0	1658252130929
1412	1661	0	0	0	0	0	0	1658252131949
1412	1661	0	0	0	0	0	0	1658252132969
1412	1660	0	0	0	0	0	0	1658252133989
1412	1660	0	0	0	0	0	0	1658252135009
1412	1659	0	0	0	0	0	0	1658252136029
1412	1658	0	0	0	0	0	0	1658252137049
1412	10994	0	0	0	0	0	0	1658252138069
1412	7256	0	0	0	0	0	0	1658252139089
1412	5011	0	0	0	0	0	0	1658252140109
1412	3663	0	0	0	0	0	0	1658252141129
1412	2854	0	0	0	0	0	0	1658252142149
1412	2368	0	0	0	0	0	0	1658252143169
1412	2075	0	0	0	0	0	0	1658252144189
1412	1898	0	0	0	0	0	0	1658252145209
1412	1792	0	0	0	0	0	0	1658252146229
1412	1729	0	0	0	0	0	0	1658252147249
1412	1691	0	0	0	0	0	0	1658252148269
1412	1668	0	0	0	0	0	0	1658252149289
1412	1654	0	0	0	0	0	0	1658252150309
1412	1646	0	0	0	0	0	0	1658252151329
1412	1641	0	0	0	0	0	0	1658252152349
1412	1638	0	0	0	0	0	0	1658252153369
1412	1636	0	0	0	0	0	0	1658252154389
1412	1635	0	0	0	0	0	0	1658252155409
1412	1634	0	0	0	0	0	0	1658252156429
1412	1633	0	0	0	0	0	0	1658252157449
1412	1633	0	0	0	0	0	0	1658252158469
1411	1633	0	0	0	0	0	0	1658252159489
1412	1633	0	0	0	0	0	0	1658252160509
1412	1633	0	0	0	0	0	0	1658252161529
1412	1633	0	0	0	0	0	0	1658252162549
1412	1633	0	0	0	0	0	0	1658252163569
1412	1633	0	0	0	0	0	0	1658252164589
1412	1633	0	0	0	0	0	0	1658252165609
1412	1633	0	0	0	0	0	0	1658252166629
1412	1633	0	0	0	0	0	0	1658252167649
1412	1633	0	0	0	0	0	0	1658252168669
1412	1633	0	0	0	0	0	0	1658252169689
1411	1633	0	0	0	0	0	0	1658252170709
1411	1633	0	0	0	0	0	0	1658252171729
1411	1633	0	0	0	0	0	0	1658252172749
1411	1633	0	0	0	0	0	0	1658252173769
1411	1633	0	0	0	0	0	0	1658252174789
1411	1633	0	0	0	0	0	0	1658252175809
1411	1633	0	0	0	0	0	0	1658252176829
1411	1633	0	0	0	0	0	0	1658252177849
1411	1633	0	0	0	0	0	0	1658252178869
1411	1633	0	0	0	0	0	0	1658252179889
1411	1633	0	0	0	0	0	0	1658252180909
1411	1633	0	0	0	0	0	0	1658252181929
1411	1633	0	0	0	0	0	0	1658252182949
1411	1633	0	0	0	0	0	0	1658252183969
1411	1633	0	0	0	0	0	0	1658252184989
1410	1633	0	0	0	0	0	0	1658252186009
1410	1633	0	0	0	0	0	0	1658252187029
1410	1633	0	0	0	0	0	0	1658252188049
1410	1633	0	0	0	0	0	0	1658252189069
1410	1633	0	0	0	0	0	0	1658252190089
1409	1633	0	0	0	0	0	0	1658252191109
1409	1633	0	0	0	0	0	0	1658252192129
1409	1633	0	0	0	0	0	0	1658252193149
1409	1633	0	0	0	0	0	0	1658252194169
1409	1633	0	0	0	0	0	0	1658252195189
1407	1633	0	0	0	0	0	0	1658252196209
1408	1633	0	0	0	0	0	0	1658252197229
1407	1633	0	0	0	0	0	0	1658252198249
1407	1633	0	0	0	0	0	0	1658252199269
1408	1633	0	0	0	0	0	0	1658252200289
1402	1633	0	0	0	0	0	0	1658252201309
1396	1633	0	0	0	0	0	0	1658252202329
1391	1633	0	0	0	0	0	0	1658252203349
1389	1633	0	0	0	0	0	0	1658252204369
1391	1633	0	0	0	0	0	0	1658252205389
1393	1633	0	0	0	0	0	0	1658252206409
1395	1633	0	0	0	0	0	0	1658252207429
1397	1632	0	0	0	0	0	0	1658252208449
1396	1633	0	0	0	0	0	0	1658252209469
1396	1633	0	0	0	0	0	0	1658252210489
1395	1632	0	0	0	0	0	0	1658252211509
1394	1632	0	0	0	0	0	0	1658252212529
1393	1632	0	0	0	0	0	0	1658252213549
1391	1632	0	0	0	0	0	0	1658252214569
10834	1632	0	0	0	0	0	0	1658252215589
7055	1632	0	0	0	0	0	0	1658252216609
4789	1630	0	0	0	0	0	0	1658252217629
3429	1627	0	0	0	0	0	0	1658252218649
2613	1626	0	0	0	0	0	0	1658252219669
2123	1623	0	0	0	0	0	0	1658252220689
1828	1622	0	0	0	0	0	0	1658252221709
1652	1620	0	0	0	0	0	0	1658252222729
1545	1621	0	0	0	0	0	0	1658252223749
1481	1618	0	0	0	0	0	0	1658252224769
1442	1614	0	0	0	0	0	0	1658252225789
1419	1614	0	0	0	0	0	0	1658252226809
1406	1612	0	0	0	0	0	0	1658252227829
1398	1611	0	0	0	0	0	0	1658252228849
1393	1609	0	0	0	0	0	0	1658252229869
1389	1608	0	0	0	0	0	0	1658252230889
1387	1608	0	0	0	0	0	0	1658252231909
1386	1608	0	0	0	0	0	0	1658252232929
1385	1607	0	0	0	0	0	0	1658252233949
1384	1607	0	0	0	0	0	0	1658252234969
1384	1606	0	0	0	0	0	0	1658252235989
1384	1606	0	0	0	0	0	0	1658252237009
1384	1606	0	0	0	0	0	0	1658252238029
1384	1606	0	0	0	0	0	0	1658252239049
1384	1606	0	0	0	0	0	0	1658252240069
1384	1605	0	0	0	0	0	0	1658252241089
1384	1605	0	0	0	0	0	0	1658252242109
1384	1605	0	0	0	0	0	0	1658252243129
1384	1605	0	0	0	0	0	0	1658252244149
1384	1605	0	0	0	0	0	0	1658252245169
1384	1605	0	0	0	0	0	0	1658252246189
1384	1605	0	0	0	0	0	0	1658252247209
1384	1605	0	0	0	0	0	0	1658252248229
1384	1605	0	0	0	0	0	0	1658252249249
1384	1605	0	0	0	0	0	0	1658252250269
1384	1605	0	0	0	0	0	0	1658252251289
1384	1605	0	0	0	0	0	0	1658252252309
1384	1605	0	0	0	0	0	0	1658252253329
1384	1605	0	0	0	0	0	0	1658252254349
1384	1605	0	0	0	0	0	0	1658252255369
1384	1605	0	0	0	0	0	0	1658252256389
1384	1605	0	0	0	0	0	0	1658252257409
1384	1605	0	0	0	0	0	0	1658252258429
1384	1605	0	0	0	0	0	0	1658252259449
1384	1605	0	0	0	0	0	0	1658252260469
1384	1605	0	0	0	0	0	0	1658252261489
1384	1605	0	0	0	0	0	0	1658252262509
1384	1605	0	0	0	0	0	0	1658252263529
1384	1605	0	0	0	0	0	0	1658252264549
1384	1605	0	0	0	0	0	0	1658252265569
1384	1605	0	0	0	0	0	0	1658252266589
1384	1605	0	0	0	0	0	0	1658252267609
1384	1605	0	0	0	0	0	0	1658252268629
1384	10963	0	0	0	0	0	0	1658252269649
1384	7220	0	0	0	0	0	0	1658252270669
1384	4974	0	0	0	0	0	0	1658252271689
1384	3626	0	0	0	0	0	0	1658252272709
1384	2818	0	0	0	0	0	0	1658252273729
1384	2333	0	0	0	0	0	0	1658252274749
1384	2042	0	0	0	0	0	0	1658252275769
1384	1867	0	0	0	0	0	0	1658252276789
1384	1762	0	0	0	0	0	0	1658252277809
1384	1699	0	0	0	0	0	0	1658252278829
1384	1661	0	0	0	0	0	0	1658252279849
1384	1639	0	0	0	0	0	0	1658252280869
1384	1625	0	0	0	0	0	0	1658252281889
1384	1617	0	0	0	0	0	0	1658252282909
1384	1612	0	0	0	0	0	0	1658252283929
1384	1609	0	0	0	0	0	0	1658252284949
1384	1608	0	0	0	0	0	0	1658252285969
1384	1607	0	0	0	0	0	0	1658252286989
1384	1606	0	0	0	0	0	0	1658252288009
1384	1605	0	0	0	0	0	0	1658252289029
1384	1605	0	0	0	0	0	0	1658252290049
1384	1605	0	0	0	0	0	0	1658252291069
1384	1605	0	0	0	0	0	0	1658252292089
1384	1605	0	0	0	0	0	0	1658252293109
1384	1605	0	0	0	0	0	0	1658252294129
1384	1605	0	0	0	0	0	0	1658252295149
1383	1605	0	0	0	0	0	0	1658252296169
1383	1605	0	0	0	0	0	0	1658252297189
1383	1605	0	0	0	0	0	0	1658252298209
1383	1605	0	0	0	0	0	0	1658252299229
1383	1605	0	0	0	0	0	0	1658252300249
1383	1605	0	0	0	0	0	0	1658252301269
1384	1605	0	0	0	0	0	0	1658252302289
1384	1605	0	0	0	0	0	0	1658252303309
1384	1605	0	0	0	0	0	0	1658252304329
1384	1605	0	0	0	0	0	0	1658252305349
1384	1605	0	0	0	0	0	0	1658252306369
1384	1605	0	0	0	0	0	0	1658252307389
1384	1605	0	0	0	0	0	0	1658252308409
1384	1605	0	0	0	0	0	0	1658252309429
1384	1604	0	0	0	0	0	0	1658252310449
1384	1604	0	0	0	0	0	0	1658252311469
1384	1604	0	0	0	0	0	0	1658252312489
1384	1604	0	0	0	0	0	0	1658252313509
1384	1603	0	0	0	0	0	0	1658252314529
1384	1603	0	0	0	0	0	0	1658252315549
1384	1602	0	0	0	0	0	0	1658252316569
1384	1602	0	0	0	0	0	0	1658252317619
1384	1601	0	0	0	0	0	0	1658252318639
1384	1600	0	0	0	0	0	0	1658252319659
1384	1598	0	0	0	0	0	0	1658252320679
1384	1595	0	0	0	0	0	0	1658252321699
1384	1595	0	0	0	0	0	0	1658252322719
1384	1595	0	0	0	0	0	0	1658252323739
1384	1593	0	0	0	0	0	0	1658252324759
1384	1592	0	0	0	0	0	0	1658252325779
1384	1590	0	0	0	0	0	0	1658252326799
1384	1588	0	0	0	0	0	0	1658252327819
1384	1586	0	0	0	0	0	0	1658252328839
1384	1585	0	0	0	0	0	0	1658252329859
1384	1585	0	0	0	0	0	0	1658252330879
1384	1583	0	0	0	0	0	0	1658252331899
1384	1581	0	0	0	0	0	0	1658252332919
1384	1580	0	0	0	0	0	0	1658252333939
1384	1579	0	0	0	0	0	0	1658252334959
1384	1579	0	0	0	0	0	0	1658252335979
1384	1579	0	0	0	0	0	0	1658252336999
1384	1578	0	0	0	0	0	0	1658252338019
1384	1578	0	0	0	0	0	0	1658252339039
1384	1578	0	0	0	0	0	0	1658252340059
1384	1578	0	0	0	0	0	0	1658252341079
1384	1578	0	0	0	0	0	0	1658252342099
1384	1578	0	0	0	0	0	0	1658252343119
1384	1578	0	0	0	0	0	0	1658252344139
1384	1578	0	0	0	0	0	0	1658252345159
1384	1578	0	0	0	0	0	0	1658252346179
1383	1578	0	0	0	0	0	0	1658252347199
1383	1578	0	0	0	0	0	0	1658252348219
1383	1578	0	0	0	0	0	0	1658252349239
1383	1578	0	0	0	0	0	0	1658252350259
1383	1578	0	0	0	0	0	0	1658252351279
1383	1578	0	0	0	0	0	0	1658252352299
1383	1578	0	0	0	0	0	0	1658252353319
1383	1578	0	0	0	0	0	0	1658252354339
1383	1578	0	0	0	0	0	0	1658252355359
1383	1578	0	0	0	0	0	0	1658252356379
1384	1578	0	0	0	0	0	0	1658252357399
1384	1578	0	0	0	0	0	0	1658252358419
1384	1578	0	0	0	0	0	0	1658252359439
1384	1578	0	0	0	0	0	0	1658252360459
1384	1578	0	0	0	0	0	0	1658252361479
1384	1578	0	0	0	0	0	0	1658252362499
1384	1578	0	0	0	0	0	0	1658252363519
1384	1578	0	0	0	0	0	0	1658252364539
1384	1578	0	0	0	0	0	0	1658252365559
1384	1577	0	0	0	0	0	0	1658252366579
1384	1577	0	0	0	0	0	0	1658252367599
1384	1577	0	0	0	0	0	0	1658252368619
1384	1577	0	0	0	0	0	0	1658252369639
1384	1577	0	0	0	0	0	0	1658252370659
1384	1577	0	0	0	0	0	0	1658252371679
1384	1577	0	0	0	0	0	0	1658252372699
1384	1577	0	0	0	0	0	0	1658252373719
1384	1577	0	0	0	0	0	0	1658252374739
1384	1577	0	0	0	0	0	0	1658252375759
1384	1577	0	0	0	0	0	0	1658252376779
1384	1577	0	0	0	0	0	0	1658252377799
1384	1577	0	0	0	0	0	0	1658252378819
1384	1577	0	0	0	0	0	0	1658252379839
1384	1577	0	0	0	0	0	0	1658252380859
1384	1577	0	0	0	0	0	0	1658252381879
1384	1577	0	0	0	0	0	0	1658252382899
1384	1577	0	0	0	0	0	0	1658252383919
1384	1577	0	0	0	0	0	0	1658252384939
1384	1577	0	0	0	0	0	0	1658252385959
1384	1577	0	0	0	0	0	0	1658252386979
1384	1577	0	0	0	0	0	0	1658252387999
1384	1577	0	0	0	0	0	0	1658252389019
1384	1577	0	0	0	0	0	0	1658252390039
1384	1577	0	0	0	0	0	0	1658252391059
1384	1577	0	0	0	0	0	0	1658252392079
1384	1577	0	0	0	0	0	0	1658252393099
1384	1577	0	0	0	0	0	0	1658252394119
1384	1577	0	0	0	0	0	0	1658252395139
1384	1577	0	0	0	0	0	0	1658252396159
1384	1577	0	0	0	0	0	0	1658252397179
1384	1577	0	0	0	0	0	0	1658252398199
1384	1577	0	0	0	0	0	0	1658252399219
1384	1577	0	0	0	0	0	0	1658252400239
10830	1577	0	0	0	0	0	0	1658252401259
7051	1577	0	0	0	0	0	0	1658252402279
4784	1577	0	0	0	0	0	0	1658252403299
3424	1577	0	0	0	0	0	0	1658252404319
2608	1577	0	0	0	0	0	0	1658252405339
2118	1577	0	0	0	0	0	0	1658252406359
1824	1577	0	0	0	0	0	0	1658252407379
1648	1577	0	0	0	0	0	0	1658252408399
1543	1577	0	0	0	0	0	0	1658252409419
1479	1577	0	0	0	0	0	0	1658252410439
1441	1577	0	0	0	0	0	0	1658252411459
1418	1577	0	0	0	0	0	0	1658252412479
1404	1577	0	0	0	0	0	0	1658252413499
1396	1577	0	0	0	0	0	0	1658252414519
1391	1577	0	0	0	0	0	0	1658252415539
1388	1577	0	0	0	0	0	0	1658252416559
1386	1577	0	0	0	0	0	0	1658252417579
1385	1577	0	0	0	0	0	0	1658252418599
1385	1577	0	0	0	0	0	0	1658252419619
1385	1577	0	0	0	0	0	0	1658252420639
1384	1577	0	0	0	0	0	0	1658252421659
1384	1577	0	0	0	0	0	0	1658252422679
1384	1577	0	0	0	0	0	0	1658252423699
1384	1577	0	0	0	0	0	0	1658252424719
10830	1577	0	0	0	0	0	0	1658252425739
7052	1577	0	0	0	0	0	0	1658252426759
4785	1577	0	0	0	0	0	0	1658252427779
3424	1577	0	0	0	0	0	0	1658252428799
2608	1577	0	0	0	0	0	0	1658252429819
2118	1576	0	0	0	0	0	0	1658252430839
1824	1576	0	0	0	0	0	0	1658252431859
1648	1576	0	0	0	0	0	0	1658252432879
1542	1576	0	0	0	0	0	0	1658252433899
1479	1574	0	0	0	0	0	0	1658252434919
1441	1575	0	0	0	0	0	0	1658252435939
1418	1574	0	0	0	0	0	0	1658252436959
1404	1574	0	0	0	0	0	0	1658252437979
1396	1573	0	0	0	0	0	0	1658252438999
1391	1572	0	0	0	0	0	0	1658252440019
1388	1572	0	0	0	0	0	0	1658252441039
1386	1570	0	0	0	0	0	0	1658252442059
1385	1569	0	0	0	0	0	0	1658252443079
1384	1566	0	0	0	0	0	0	1658252444099
1384	1565	0	0	0	0	0	0	1658252445119
1384	1564	0	0	0	0	0	0	1658252446139
1383	1562	0	0	0	0	0	0	1658252447159
1383	1560	0	0	0	0	0	0	1658252448179
1382	1560	0	0	0	0	0	0	1658252449199
1381	1558	0	0	0	0	0	0	1658252450219
1380	1556	0	0	0	0	0	0	1658252451239
1381	1556	0	0	0	0	0	0	1658252452259
1382	1557	0	0	0	0	0	0	1658252453279
1383	1556	0	0	0	0	0	0	1658252454299
1383	1554	0	0	0	0	0	0	1658252455319
1383	1553	0	0	0	0	0	0	1658252456339
1383	1552	0	0	0	0	0	0	1658252457359
1383	1552	0	0	0	0	0	0	1658252458379
1383	1551	0	0	0	0	0	0	1658252459399
1383	1550	0	0	0	0	0	0	1658252460419
1383	1550	0	0	0	0	0	0	1658252461439
1383	1550	0	0	0	0	0	0	1658252462459
1383	1550	0	0	0	0	0	0	1658252463479
1383	1550	0	0	0	0	0	0	1658252464499
1383	1550	0	0	0	0	0	0	1658252465519
1382	1550	0	0	0	0	0	0	1658252466539
1380	1550	0	0	0	0	0	0	1658252467559
1381	1550	0	0	0	0	0	0	1658252468579
1381	1550	0	0	0	0	0	0	1658252469599
1381	1550	0	0	0	0	0	0	1658252470619
1381	1550	0	0	0	0	0	0	1658252471639
1381	1550	0	0	0	0	0	0	1658252472659
1380	1550	0	0	0	0	0	0	1658252473679
1379	1550	0	0	0	0	0	0	1658252474699
1375	1550	0	0	0	0	0	0	1658252475719
1375	1550	0	0	0	0	0	0	1658252476739
1376	1550	0	0	0	0	0	0	1658252477759
1376	1550	0	0	0	0	0	0	1658252478779
1377	1550	0	0	0	0	0	0	1658252479799
1377	1550	0	0	0	0	0	0	1658252480819
1378	1550	0	0	0	0	0	0	1658252481839
1378	1550	0	0	0	0	0	0	1658252482859
1376	1550	0	0	0	0	0	0	1658252483879
1376	1550	0	0	0	0	0	0	1658252484899
1376	1550	0	0	0	0	0	0	1658252485919
1374	1550	0	0	0	0	0	0	1658252486939
1374	1550	0	0	0	0	0	0	1658252487959
1376	1550	0	0	0	0	0	0	1658252488979
1375	1550	0	0	0	0	0	0	1658252489999
1375	1550	0	0	0	0	0	0	1658252491019
1375	1550	0	0	0	0	0	0	1658252492039
1375	1550	0	0	0	0	0	0	1658252493059
1375	1550	0	0	0	0	0	0	1658252494079
1375	1550	0	0	0	0	0	0	1658252495099
1372	1550	0	0	0	0	0	0	1658252496119
1369	1550	0	0	0	0	0	0	1658252497139
1371	1550	0	0	0	0	0	0	1658252498159
1370	1550	0	0	0	0	0	0	1658252499179
1370	1550	0	0	0	0	0	0	1658252500199
1367	1550	0	0	0	0	0	0	1658252501219
1366	1550	0	0	0	0	0	0	1658252502239
1366	1550	0	0	0	0	0	0	1658252503259
1366	1549	0	0	0	0	0	0	1658252504279
1366	1549	0	0	0	0	0	0	1658252505299
1364	1549	0	0	0	0	0	0	1658252506319
1363	1549	0	0	0	0	0	0	1658252507339
1363	1549	0	0	0	0	0	0	1658252508359
1362	1549	0	0	0	0	0	0	1658252509379
1361	1549	0	0	0	0	0	0	1658252510399
1360	1549	0	0	0	0	0	0	1658252511419
1360	1549	0	0	0	0	0	0	1658252512439
1361	1549	0	0	0	0	0	0	1658252513459
1361	1549	0	0	0	0	0	0	1658252514479
1360	1549	0	0	0	0	0	0	1658252515499
1360	1549	0	0	0	0	0	0	1658252516519
1359	1549	0	0	0	0	0	0	1658252517539
1359	1549	0	0	0	0	0	0	1658252518559
1360	1549	0	0	0	0	0	0	1658252519579
1359	1549	0	0	0	0	0	0	1658252520599
1359	1549	0	0	0	0	0	0	1658252521619
1359	1549	0	0	0	0	0	0	1658252522639
1359	1549	0	0	0	0	0	0	1658252523659
1360	1549	0	0	0	0	0	0	1658252524679
1359	1549	0	0	0	0	0	0	1658252525699
1359	1549	0	0	0	0	0	0	1658252526719
1359	1549	0	0	0	0	0	0	1658252527739
1359	1549	0	0	0	0	0	0	1658252528759
1359	1549	0	0	0	0	0	0	1658252529779
1359	1549	0	0	0	0	0	0	1658252530799
1359	1549	0	0	0	0	0	0	1658252531819
1358	1549	0	0	0	0	0	0	1658252532839
1358	1549	0	0	0	0	0	0	1658252533859
1357	1549	0	0	0	0	0	0	1658252534879
1357	1549	0	0	0	0	0	0	1658252535899
1357	1549	0	0	0	0	0	0	1658252536919
1357	1549	0	0	0	0	0	0	1658252537939
1357	1549	0	0	0	0	0	0	1658252538959
1357	1549	0	0	0	0	0	0	1658252539979
1356	1549	0	0	0	0	0	0	1658252540999
1356	1549	0	0	0	0	0	0	1658252542019
1356	1549	0	0	0	0	0	0	1658252543039
1356	1549	0	0	0	0	0	0	1658252544059
1356	1549	0	0	0	0	0	0	1658252545079
1356	1549	0	0	0	0	0	0	1658252546099
1356	1549	0	0	0	0	0	0	1658252547119
1356	1549	0	0	0	0	0	0	1658252548139
1356	1549	0	0	0	0	0	0	1658252549159
1356	1549	0	0	0	0	0	0	1658252550179
1356	1549	0	0	0	0	0	0	1658252551199
1356	1549	0	0	0	0	0	0	1658252552219
1356	1549	0	0	0	0	0	0	1658252553239
1356	1549	0	0	0	0	0	0	1658252554259
1356	1549	0	0	0	0	0	0	1658252555279
1356	1549	0	0	0	0	0	0	1658252556299
1356	1549	0	0	0	0	0	0	1658252557319
1356	1549	0	0	0	0	0	0	1658252558339
1356	1549	0	0	0	0	0	0	1658252559359
1356	1549	0	0	0	0	0	0	1658252560379
1356	1549	0	0	0	0	0	0	1658252561399
1356	1549	0	0	0	0	0	0	1658252562419
1356	1549	0	0	0	0	0	0	1658252563439
1356	1549	0	0	0	0	0	0	1658252564459
1356	1549	0	0	0	0	0	0	1658252565479
1356	1549	0	0	0	0	0	0	1658252566499
1356	1549	0	0	0	0	0	0	1658252567519
1356	1549	0	0	0	0	0	0	1658252568539
1356	1549	0	0	0	0	0	0	1658252569559
1356	1549	0	0	0	0	0	0	1658252570579
1356	1549	0	0	0	0	0	0	1658252571599
1356	1549	0	0	0	0	0	0	1658252572619
1356	1549	0	0	0	0	0	0	1658252573639
1356	1549	0	0	0	0	0	0	1658252574659
1356	1549	0	0	0	0	0	0	1658252575679
1356	1549	0	0	0	0	0	0	1658252576699
1356	1549	0	0	0	0	0	0	1658252577719
1356	1549	0	0	0	0	0	0	1658252578739
1356	1549	0	0	0	0	0	0	1658252579759
1356	1549	0	0	0	0	0	0	1658252580779
1356	1549	0	0	0	0	0	0	1658252581799
1356	1549	0	0	0	0	0	0	1658252582819
1356	1549	0	0	0	0	0	0	1658252583839
1356	1549	0	0	0	0	0	0	1658252584859
1356	1549	0	0	0	0	0	0	1658252585879
1356	1549	0	0	0	0	0	0	1658252586899
1356	1549	0	0	0	0	0	0	1658252587919
1356	1549	0	0	0	0	0	0	1658252588939
1356	1549	0	0	0	0	0	0	1658252589959
1356	1549	0	0	0	0	0	0	1658252590979
1356	1549	0	0	0	0	0	0	1658252591999
1356	1549	0	0	0	0	0	0	1658252593019
1356	1549	0	0	0	0	0	0	1658252594039
1356	1548	0	0	0	0	0	0	1658252595059
1356	1549	0	0	0	0	0	0	1658252596079
1356	1549	0	0	0	0	0	0	1658252597099
1356	1549	0	0	0	0	0	0	1658252598119
1356	1548	0	0	0	0	0	0	1658252599139
1356	1547	0	0	0	0	0	0	1658252600159
1356	1546	0	0	0	0	0	0	1658252601179
1356	1546	0	0	0	0	0	0	1658252602199
1356	1546	0	0	0	0	0	0	1658252603219
1356	1546	0	0	0	0	0	0	1658252604239
1356	1545	0	0	0	0	0	0	1658252605259
1356	1546	0	0	0	0	0	0	1658252606279
1356	1545	0	0	0	0	0	0	1658252607299
1356	1541	0	0	0	0	0	0	1658252608319
1356	1539	0	0	0	0	0	0	1658252609339
1356	1539	0	0	0	0	0	0	1658252610359
1356	1539	0	0	0	0	0	0	1658252611379
1356	1539	0	0	0	0	0	0	1658252612399
1356	1537	0	0	0	0	0	0	1658252613419
1356	1536	0	0	0	0	0	0	1658252614439
1356	1535	0	0	0	0	0	0	1658252615459
1356	1534	0	0	0	0	0	0	1658252616479
1356	1536	0	0	0	0	0	0	1658252617499
1356	1533	0	0	0	0	0	0	1658252618519
1356	1532	0	0	0	0	0	0	1658252619539
1356	1532	0	0	0	0	0	0	1658252620559
1356	1532	0	0	0	0	0	0	1658252621579
1356	1531	0	0	0	0	0	0	1658252622599
1356	1529	0	0	0	0	0	0	1658252623619
1356	1528	0	0	0	0	0	0	1658252624639
1356	1528	0	0	0	0	0	0	1658252625659
1356	1528	0	0	0	0	0	0	1658252626679
1356	1527	0	0	0	0	0	0	1658252627699
1356	1526	0	0	0	0	0	0	1658252628719
1356	1525	0	0	0	0	0	0	1658252629739
1356	1525	0	0	0	0	0	0	1658252630759
1356	1524	0	0	0	0	0	0	1658252631779
1356	1524	0	0	0	0	0	0	1658252632799
1356	1523	0	0	0	0	0	0	1658252633819
1356	1523	0	0	0	0	0	0	1658252634839
1356	1523	0	0	0	0	0	0	1658252635859
1356	1522	0	0	0	0	0	0	1658252636879
1356	1523	0	0	0	0	0	0	1658252637899
1356	1523	0	0	0	0	0	0	1658252638919
1356	1523	0	0	0	0	0	0	1658252639939
1356	1523	0	0	0	0	0	0	1658252640959
1356	1522	0	0	0	0	0	0	1658252641979
1356	1522	0	0	0	0	0	0	1658252642999
1356	1522	0	0	0	0	0	0	1658252644019
1356	1522	0	0	0	0	0	0	1658252645039
1356	1522	0	0	0	0	0	0	1658252646059
1356	1522	0	0	0	0	0	0	1658252647079
1356	1522	0	0	0	0	0	0	1658252648099
1356	1522	0	0	0	0	0	0	1658252649119
1356	1522	0	0	0	0	0	0	1658252650139
1356	1522	0	0	0	0	0	0	1658252651159
1356	1522	0	0	0	0	0	0	1658252652179
1356	1522	0	0	0	0	0	0	1658252653199
1356	1522	0	0	0	0	0	0	1658252654219
1356	1522	0	0	0	0	0	0	1658252655239
1356	1522	0	0	0	0	0	0	1658252656259
1356	1522	0	0	0	0	0	0	1658252657279
1356	1522	0	0	0	0	0	0	1658252658299
1356	1522	0	0	0	0	0	0	1658252659319
1356	1522	0	0	0	0	0	0	1658252660339
1356	1522	0	0	0	0	0	0	1658252661359
1356	1522	0	0	0	0	0	0	1658252662379
1356	1522	0	0	0	0	0	0	1658252663399
1356	1522	0	0	0	0	0	0	1658252664419
1356	1522	0	0	0	0	0	0	1658252665439
1356	1522	0	0	0	0	0	0	1658252666459
1356	1522	0	0	0	0	0	0	1658252667479
1356	1522	0	0	0	0	0	0	1658252668499
1356	1522	0	0	0	0	0	0	1658252669519
1356	1522	0	0	0	0	0	0	1658252670539
1356	1522	0	0	0	0	0	0	1658252671559
1356	1522	0	0	0	0	0	0	1658252672579
1356	1522	0	0	0	0	0	0	1658252673599
1356	1522	0	0	0	0	0	0	1658252674619
1356	1522	0	0	0	0	0	0	1658252675639
1356	1522	0	0	0	0	0	0	1658252676659
1356	1522	0	0	0	0	0	0	1658252677679
1356	1522	0	0	0	0	0	0	1658252678699
1356	1522	0	0	0	0	0	0	1658252679719
1356	1522	0	0	0	0	0	0	1658252680739
1356	1522	0	0	0	0	0	0	1658252681759
1356	1522	0	0	0	0	0	0	1658252682779
1356	1522	0	0	0	0	0	0	1658252683799
1356	1522	0	0	0	0	0	0	1658252684819
1356	1522	0	0	0	0	0	0	1658252685839
1356	1522	0	0	0	0	0	0	1658252686859
1356	1522	0	0	0	0	0	0	1658252687879
1356	1522	0	0	0	0	0	0	1658252688899
1356	1522	0	0	0	0	0	0	1658252689919
1356	1522	0	0	0	0	0	0	1658252690939
1356	1522	0	0	0	0	0	0	1658252691959
1356	1522	0	0	0	0	0	0	1658252692979
1356	1522	0	0	0	0	0	0	1658252693999
1356	1522	0	0	0	0	0	0	1658252695019
1356	1522	0	0	0	0	0	0	1658252696039
1356	1522	0	0	0	0	0	0	1658252697059
1356	1522	0	0	0	0	0	0	1658252698079
1356	1522	0	0	0	0	0	0	1658252699099
1356	1522	0	0	0	0	0	0	1658252700119
1356	1522	0	0	0	0	0	0	1658252701139
1356	1522	0	0	0	0	0	0	1658252702159
1356	1522	0	0	0	0	0	0	1658252703179
1356	1522	0	0	0	0	0	0	1658252704199
1356	1522	0	0	0	0	0	0	1658252705219
1356	1522	0	0	0	0	0	0	1658252706239
1356	1522	0	0	0	0	0	0	1658252707259
1356	1522	0	0	0	0	0	0	1658252708279
1356	1522	0	0	0	0	0	0	1658252709299
1356	1522	0	0	0	0	0	0	1658252710319
1356	1522	0	0	0	0	0	0	1658252711339
1356	1522	0	0	0	0	0	0	1658252712359
1356	1522	0	0	0	0	0	0	1658252713379
1356	1522	0	0	0	0	0	0	1658252714399
1356	1522	0	0	0	0	0	0	1658252715419
1356	1522	0	0	0	0	0	0	1658252716439
1356	1522	0	0	0	0	0	0	1658252717459
1356	1522	0	0	0	0	0	0	1658252718479
1356	1522	0	0	0	0	0	0	1658252719499
1356	1522	0	0	0	0	0	0	1658252720519
1356	1522	0	0	0	0	0	0	1658252721539
1356	1522	0	0	0	0	0	0	1658252722559
1356	1522	0	0	0	0	0	0	1658252723579
1356	1522	0	0	0	0	0	0	1658252724599
1356	1522	0	0	0	0	0	0	1658252725619
1356	1522	0	0	0	0	0	0	1658252726639
1356	1522	0	0	0	0	0	0	1658252727659
1356	1522	0	0	0	0	0	0	1658252728679
1356	1522	0	0	0	0	0	0	1658252729699
1356	1522	0	0	0	0	0	0	1658252730719
1356	1522	0	0	0	0	0	0	1658252731739
1356	1522	0	0	0	0	0	0	1658252732759
1356	1522	0	0	0	0	0	0	1658252733779
1356	1522	0	0	0	0	0	0	1658252734799
1356	1522	0	0	0	0	0	0	1658252735819
1356	1522	0	0	0	0	0	0	1658252736839
1356	1522	0	0	0	0	0	0	1658252737859
1356	1522	0	0	0	0	0	0	1658252738879
1356	1522	0	0	0	0	0	0	1658252739899
1356	1522	0	0	0	0	0	0	1658252740919
1356	1522	0	0	0	0	0	0	1658252741939
1356	1522	0	0	0	0	0	0	1658252742959
1356	1522	0	0	0	0	0	0	1658252743979
1356	1522	0	0	0	0	0	0	1658252744999
1356	1522	0	0	0	0	0	0	1658252746019
1356	1522	0	0	0	0	0	0	1658252747039
1356	1522	0	0	0	0	0	0	1658252748059
1356	1522	0	0	0	0	0	0	1658252749079
1356	1522	0	0	0	0	0	0	1658252750099
1356	1522	0	0	0	0	0	0	1658252751119
1356	1522	0	0	0	0	0	0	1658252752139
1356	1522	0	0	0	0	0	0	1658252753159
1356	1522	0	0	0	0	0	0	1658252754179
1356	1522	0	0	0	0	0	0	1658252755199
1356	1522	0	0	0	0	0	0	1658252756219
1356	1522	0	0	0	0	0	0	1658252757239
1356	1522	0	0	0	0	0	0	1658252758259
1356	1522	0	0	0	0	0	0	1658252759279
1356	1522	0	0	0	0	0	0	1658252760299
1356	1522	0	0	0	0	0	0	1658252761319
1356	1522	0	0	0	0	0	0	1658252762339
1356	1522	0	0	0	0	0	0	1658252763359
1356	1522	0	0	0	0	0	0	1658252764379
1356	1522	0	0	0	0	0	0	1658252765399
1356	1522	0	0	0	0	0	0	1658252766419
1356	1522	0	0	0	0	0	0	1658252767439
1356	1522	0	0	0	0	0	0	1658252768459
1356	1522	0	0	0	0	0	0	1658252769479
1356	1522	0	0	0	0	0	0	1658252770499
1356	1522	0	0	0	0	0	0	1658252771519
1356	1522	0	0	0	0	0	0	1658252772539
1356	1522	0	0	0	0	0	0	1658252773559
1356	1522	0	0	0	0	0	0	1658252774579
1356	1522	0	0	0	0	0	0	1658252775599
1356	1522	0	0	0	0	0	0	1658252776619
1356	1522	0	0	0	0	0	0	1658252777639
1356	1522	0	0	0	0	0	0	1658252778659
1356	1522	0	0	0	0	0	0	1658252779679
1356	1522	0	0	0	0	0	0	1658252780699
1356	1522	0	0	0	0	0	0	1658252781719
1356	1522	0	0	0	0	0	0	1658252782739
1356	1522	0	0	0	0	0	0	1658252783759
1356	1522	0	0	0	0	0	0	1658252784779
1356	1522	0	0	0	0	0	0	1658252785799
1356	1522	0	0	0	0	0	0	1658252786819
1356	1522	0	0	0	0	0	0	1658252787839
1356	1522	0	0	0	0	0	0	1658252788859
1356	1522	0	0	0	0	0	0	1658252789879
1356	1522	0	0	0	0	0	0	1658252790899
1356	1522	0	0	0	0	0	0	1658252791919
1356	1522	0	0	0	0	0	0	1658252792939
1356	1522	0	0	0	0	0	0	1658252793959
1356	1522	0	0	0	0	0	0	1658252794979
1356	1522	0	0	0	0	0	0	1658252795999
1356	1522	0	0	0	0	0	0	1658252797019
1356	1522	0	0	0	0	0	0	1658252798039
1356	1522	0	0	0	0	0	0	1658252799059
1356	1522	0	0	0	0	0	0	1658252800079
1356	1522	0	0	0	0	0	0	1658252801099
1356	1522	0	0	0	0	0	0	1658252802119
1356	1522	0	0	0	0	0	0	1658252803139
1356	1522	0	0	0	0	0	0	1658252804159
1356	1522	0	0	0	0	0	0	1658252805179
1356	1522	0	0	0	0	0	0	1658252806199
1356	1522	0	0	0	0	0	0	1658252807219
1356	1522	0	0	0	0	0	0	1658252808239
1356	1522	0	0	0	0	0	0	1658252809259
1356	1522	0	0	0	0	0	0	1658252810279
1356	1522	0	0	0	0	0	0	1658252811299
1356	1522	0	0	0	0	0	0	1658252812319
1356	1522	0	0	0	0	0	0	1658252813339
1356	1522	0	0	0	0	0	0	1658252814359
1356	1522	0	0	0	0	0	0	1658252815379
1356	1522	0	0	0	0	0	0	1658252816399
1356	1522	0	0	0	0	0	0	1658252817419
1356	1522	0	0	0	0	0	0	1658252818439
1356	1522	0	0	0	0	0	0	1658252819459
1356	1522	0	0	0	0	0	0	1658252820479
1356	1522	0	0	0	0	0	0	1658252821499
1356	1522	0	0	0	0	0	0	1658252822519
1356	1522	0	0	0	0	0	0	1658252823539
1356	1522	0	0	0	0	0	0	1658252824559
1356	1522	0	0	0	0	0	0	1658252825579
1356	1522	0	0	0	0	0	0	1658252826599
1356	1522	0	0	0	0	0	0	1658252827619
1356	1522	0	0	0	0	0	0	1658252828639
1356	1522	0	0	0	0	0	0	1658252829659
1356	1522	0	0	0	0	0	0	1658252830679
1356	1522	0	0	0	0	0	0	1658252831699
1356	1522	0	0	0	0	0	0	1658252832719
1356	1522	0	0	0	0	0	0	1658252833739
1356	1522	0	0	0	0	0	0	1658252834759
1356	1522	0	0	0	0	0	0	1658252835779
1356	1522	0	0	0	0	0	0	1658252836799
1356	1522	0	0	0	0	0	0	1658252837819
1356	1522	0	0	0	0	0	0	1658252838839
1356	1522	0	0	0	0	0	0	1658252839859
1356	1522	0	0	0	0	0	0	1658252840879
1356	1522	0	0	0	0	0	0	1658252841899
1356	1522	0	0	0	0	0	0	1658252842919
1356	1522	0	0	0	0	0	0	1658252843939
1356	1522	0	0	0	0	0	0	1658252844959
1356	1522	0	0	0	0	0	0	1658252845979
1356	1522	0	0	0	0	0	0	1658252846999
1356	1522	0	0	0	0	0	0	1658252848019
1356	1521	0	0	0	0	0	0	1658252849039
1356	1520	0	0	0	0	0	0	1658252850059
1356	1520	0	0	0	0	0	0	1658252851079
1356	1520	0	0	0	0	0	0	1658252852099
1356	1520	0	0	0	0	0	0	1658252853119
1356	1521	0	0	0	0	0	0	1658252854139
1356	1521	0	0	0	0	0	0	1658252855159
1356	1521	0	0	0	0	0	0	1658252856179
1356	1521	0	0	0	0	0	0	1658252857199
1356	1520	0	0	0	0	0	0	1658252858219
1356	1520	0	0	0	0	0	0	1658252859239
1356	1520	0	0	0	0	0	0	1658252860259
1356	1520	0	0	0	0	0	0	1658252861279
1356	1520	0	0	0	0	0	0	1658252862299
1356	1520	0	0	0	0	0	0	1658252863319
1356	1519	0	0	0	0	0	0	1658252864339
1356	1520	0	0	0	0	0	0	1658252865359
1356	1520	0	0	0	0	0	0	1658252866379
1356	1520	0	0	0	0	0	0	1658252867399
1356	1519	0	0	0	0	0	0	1658252868419
1356	1519	0	0	0	0	0	0	1658252869439
1356	1519	0	0	0	0	0	0	1658252870459
1356	1518	0	0	0	0	0	0	1658252871479
1356	1518	0	0	0	0	0	0	1658252872499
1356	1518	0	0	0	0	0	0	1658252873519
1356	1516	0	0	0	0	0	0	1658252874539
1356	1516	0	0	0	0	0	0	1658252875559
1356	1516	0	0	0	0	0	0	1658252876579
1356	1516	0	0	0	0	0	0	1658252877599
1356	1514	0	0	0	0	0	0	1658252878619
1356	1509	0	0	0	0	0	0	1658252879639
1356	1509	0	0	0	0	0	0	1658252880659
1356	1511	0	0	0	0	0	0	1658252881679
1356	1510	0	0	0	0	0	0	1658252882699
1356	1509	0	0	0	0	0	0	1658252883719
1356	1509	0	0	0	0	0	0	1658252884739
1356	1509	0	0	0	0	0	0	1658252885759
1356	1510	0	0	0	0	0	0	1658252886779
1356	1509	0	0	0	0	0	0	1658252887799
1356	1506	0	0	0	0	0	0	1658252888819
1356	1504	0	0	0	0	0	0	1658252889839
1356	1504	0	0	0	0	0	0	1658252890859
1356	1503	0	0	0	0	0	0	1658252891879
1356	1504	0	0	0	0	0	0	1658252892899
1356	1504	0	0	0	0	0	0	1658252893919
1356	1504	0	0	0	0	0	0	1658252894939
1356	1502	0	0	0	0	0	0	1658252895959
1356	1502	0	0	0	0	0	0	1658252896979
1356	1501	0	0	0	0	0	0	1658252897999
1356	1501	0	0	0	0	0	0	1658252899019
1356	1499	0	0	0	0	0	0	1658252900039
1356	1499	0	0	0	0	0	0	1658252901059
1356	1497	0	0	0	0	0	0	1658252902079
1356	1497	0	0	0	0	0	0	1658252903099
1356	1498	0	0	0	0	0	0	1658252904119
1356	1498	0	0	0	0	0	0	1658252905139
1356	1499	0	0	0	0	0	0	1658252906159
1356	1499	0	0	0	0	0	0	1658252907179
1356	1498	0	0	0	0	0	0	1658252908199
1356	1496	0	0	0	0	0	0	1658252909219
1356	1496	0	0	0	0	0	0	1658252910239
1356	1496	0	0	0	0	0	0	1658252911259
1356	1496	0	0	0	0	0	0	1658252912279
1356	1496	0	0	0	0	0	0	1658252913299
1356	1495	0	0	0	0	0	0	1658252914319
1356	1494	0	0	0	0	0	0	1658252915339
1356	1495	0	0	0	0	0	0	1658252916359
1356	1495	0	0	0	0	0	0	1658252917379
1356	1495	0	0	0	0	0	0	1658252918399
1356	1494	0	0	0	0	0	0	1658252919419
1356	1494	0	0	0	0	0	0	1658252920439
1356	1494	0	0	0	0	0	0	1658252921459
1356	1494	0	0	0	0	0	0	1658252922479
1356	1494	0	0	0	0	0	0	1658252923499
1356	1494	0	0	0	0	0	0	1658252924519
1356	1494	0	0	0	0	0	0	1658252925539
1356	1494	0	0	0	0	0	0	1658252926559
1356	1494	0	0	0	0	0	0	1658252927579
1356	1494	0	0	0	0	0	0	1658252928599
1356	1494	0	0	0	0	0	0	1658252929619
1356	1494	0	0	0	0	0	0	1658252930639
1355	1494	0	0	0	0	0	0	1658252931659
1355	1494	0	0	0	0	0	0	1658252932679
1355	1494	0	0	0	0	0	0	1658252933699
1355	1494	0	0	0	0	0	0	1658252934719
1355	1494	0	0	0	0	0	0	1658252935739
1356	1494	0	0	0	0	0	0	1658252936759
1356	1494	0	0	0	0	0	0	1658252937779
1356	1494	0	0	0	0	0	0	1658252938799
1356	1494	0	0	0	0	0	0	1658252939819
1356	1494	0	0	0	0	0	0	1658252940839
1356	1494	0	0	0	0	0	0	1658252941859
1356	1494	0	0	0	0	0	0	1658252942879
1356	1494	0	0	0	0	0	0	1658252943899
1356	1494	0	0	0	0	0	0	1658252944919
1356	1494	0	0	0	0	0	0	1658252945939
1356	1494	0	0	0	0	0	0	1658252946959
1356	1494	0	0	0	0	0	0	1658252947979
1356	1494	0	0	0	0	0	0	1658252948999
1356	1494	0	0	0	0	0	0	1658252950019
1356	1494	0	0	0	0	0	0	1658252951039
1356	1494	0	0	0	0	0	0	1658252952059
1355	1494	0	0	0	0	0	0	1658252953079
1354	1494	0	0	0	0	0	0	1658252954099
1354	1494	0	0	0	0	0	0	1658252955119
1355	1494	0	0	0	0	0	0	1658252956139
1355	1494	0	0	0	0	0	0	1658252957159
1355	1494	0	0	0	0	0	0	1658252958179
1355	1494	0	0	0	0	0	0	1658252959199
1355	1494	0	0	0	0	0	0	1658252960219
1355	1494	0	0	0	0	0	0	1658252961239
1355	1494	0	0	0	0	0	0	1658252962259
1355	1494	0	0	0	0	0	0	1658252963279
1355	1494	0	0	0	0	0	0	1658252964299
1355	1494	0	0	0	0	0	0	1658252965319
1355	1494	0	0	0	0	0	0	1658252966339
1355	1494	0	0	0	0	0	0	1658252967359
1355	1494	0	0	0	0	0	0	1658252968379
1355	1494	0	0	0	0	0	0	1658252969399
1355	1494	0	0	0	0	0	0	1658252970419
1355	1494	0	0	0	0	0	0	1658252971439
1355	1494	0	0	0	0	0	0	1658252972459
1355	1494	0	0	0	0	0	0	1658252973479
1355	1494	0	0	0	0	0	0	1658252974499
1356	1494	0	0	0	0	0	0	1658252975519
1356	1494	0	0	0	0	0	0	1658252976539
1356	1494	0	0	0	0	0	0	1658252977559
1356	1494	0	0	0	0	0	0	1658252978579
1355	1494	0	0	0	0	0	0	1658252979599
1355	1494	0	0	0	0	0	0	1658252980619
1355	1494	0	0	0	0	0	0	1658252981639
