3098	528	0	0	0	0	0	0	1662662983502
3083	523	0	0	0	0	0	0	1662662984522
3067	513	0	0	0	0	0	0	1662662985542
3053	506	0	0	0	0	0	0	1662662986562
3039	502	0	0	0	0	0	0	1662662987582
3025	500	0	0	0	0	0	0	1662662988602
3017	499	0	0	0	0	0	0	1662662989622
3010	497	0	0	0	0	0	0	1662662990642
2996	496	0	0	0	0	0	0	1662662991662
2988	488	0	0	0	0	0	0	1662662992682
2984	481	0	0	0	0	0	0	1662662993702
2981	476	0	0	0	0	0	0	1662662994722
2977	473	0	0	0	0	0	0	1662662995742
2965	471	0	0	0	0	0	0	1662662996762
2958	470	0	0	0	0	0	0	1662662997782
2954	469	0	0	0	0	0	0	1662662998802
2951	469	0	0	0	0	0	0	1662662999822
2950	469	0	0	0	0	0	0	1662663000842
2949	469	0	0	0	0	0	0	1662663001862
2948	469	0	0	0	0	0	0	1662663002882
2950	471	0	0	0	0	0	0	1662663003902
2949	470	0	0	0	0	0	0	1662663004922
2948	469	0	0	0	0	0	0	1662663005942
2943	469	0	0	0	0	0	0	1662663006962
2934	469	0	0	0	0	0	0	1662663007982
2929	469	0	0	0	0	0	0	1662663009002
2925	469	0	0	0	0	0	0	1662663010022
2923	468	0	0	0	0	0	0	1662663011042
2923	468	0	0	0	0	0	0	1662663012062
2922	468	0	0	0	0	0	0	1662663013082
2921	468	0	0	0	0	0	0	1662663014102
2921	468	0	0	0	0	0	0	1662663015122
2920	467	0	0	0	0	0	0	1662663016142
2920	465	0	0	0	0	0	0	1662663017162
2920	462	0	0	0	0	0	0	1662663018182
2919	459	0	0	0	0	0	0	1662663019202
2920	457	0	0	0	0	0	0	1662663020222
2920	452	0	0	0	0	0	0	1662663021242
2919	451	0	0	0	0	0	0	1662663022262
2919	449	0	0	0	0	0	0	1662663023282
2918	446	0	0	0	0	0	0	1662663024302
2912	444	0	0	0	0	0	0	1662663025322
2908	443	0	0	0	0	0	0	1662663026342
2906	442	0	0	0	0	0	0	1662663027362
2904	442	0	0	0	0	0	0	1662663028382
2901	442	0	0	0	0	0	0	1662663029402
2900	442	0	0	0	0	0	0	1662663030422
2898	442	0	0	0	0	0	0	1662663031442
2895	442	0	0	0	0	0	0	1662663032462
2894	441	0	0	0	0	0	0	1662663033482
2893	441	0	0	0	0	0	0	1662663034502
2893	441	0	0	0	0	0	0	1662663035522
2892	441	0	0	0	0	0	0	1662663036542
2892	441	0	0	0	0	0	0	1662663037562
2892	441	0	0	0	0	0	0	1662663038582
2892	441	0	0	0	0	0	0	1662663039602
2892	441	0	0	0	0	0	0	1662663040622
2892	441	0	0	0	0	0	0	1662663041642
2892	441	0	0	0	0	0	0	1662663042662
2892	441	0	0	0	0	0	0	1662663043682
2892	441	0	0	0	0	0	0	1662663044702
2892	441	0	0	0	0	0	0	1662663045722
2892	441	0	0	0	0	0	0	1662663046742
2892	441	0	0	0	0	0	0	1662663047762
2892	441	0	0	0	0	0	0	1662663048782
2892	441	0	0	0	0	0	0	1662663049802
2892	441	0	0	0	0	0	0	1662663050822
2893	444	0	0	0	0	0	0	1662663051842
2893	448	0	0	0	0	0	0	1662663052862
2892	449	0	0	0	0	0	0	1662663053882
2892	449	0	0	0	0	0	0	1662663054902
2892	449	0	0	0	0	0	0	1662663055922
2892	449	0	0	0	0	0	0	1662663056942
2892	447	0	0	0	0	0	0	1662663057962
2892	446	0	0	0	0	0	0	1662663058982
2892	445	0	0	0	0	0	0	1662663060002
2892	444	0	0	0	0	0	0	1662663061022
2892	444	0	0	0	0	0	0	1662663062042
2892	444	0	0	0	0	0	0	1662663063062
2892	443	0	0	0	0	0	0	1662663064082
2892	442	0	0	0	0	0	0	1662663065102
2892	442	0	0	0	0	0	0	1662663066122
2892	442	0	0	0	0	0	0	1662663067142
2892	442	0	0	0	0	0	0	1662663068162
2892	442	0	0	0	0	0	0	1662663069182
2892	441	0	0	0	0	0	0	1662663070202
2892	441	0	0	0	0	0	0	1662663071222
2892	441	0	0	0	0	0	0	1662663072242
2892	441	0	0	0	0	0	0	1662663073262
2892	441	0	0	0	0	0	0	1662663074282
2892	441	0	0	0	0	0	0	1662663075302
2892	441	0	0	0	0	0	0	1662663076322
2892	441	0	0	0	0	0	0	1662663077342
2892	441	0	0	0	0	0	0	1662663078362
2892	441	0	0	0	0	0	0	1662663079382
2891	441	0	0	0	0	0	0	1662663080402
2891	441	0	0	0	0	0	0	1662663081422
2891	441	0	0	0	0	0	0	1662663082442
2891	441	0	0	0	0	0	0	1662663083462
2892	441	0	0	0	0	0	0	1662663084482
2892	441	0	0	0	0	0	0	1662663085502
2892	441	0	0	0	0	0	0	1662663086522
2892	441	0	0	0	0	0	0	1662663087542
2892	441	0	0	0	0	0	0	1662663088562
2892	441	0	0	0	0	0	0	1662663089582
2892	441	0	0	0	0	0	0	1662663090602
2892	441	0	0	0	0	0	0	1662663091622
2892	441	0	0	0	0	0	0	1662663092642
2892	441	0	0	0	0	0	0	1662663093662
2892	441	0	0	0	0	0	0	1662663094682
2892	441	0	0	0	0	0	0	1662663095702
2892	441	0	0	0	0	0	0	1662663096722
2891	441	0	0	0	0	0	0	1662663097742
2891	441	0	0	0	0	0	0	1662663098762
2891	441	0	0	0	0	0	0	1662663099782
2890	441	0	0	0	0	0	0	1662663100802
2889	441	0	0	0	0	0	0	1662663101822
2889	441	0	0	0	0	0	0	1662663102842
2888	441	0	0	0	0	0	0	1662663103862
2889	441	0	0	0	0	0	0	1662663104882
2890	441	0	0	0	0	0	0	1662663105902
2888	441	0	0	0	0	0	0	1662663106922
2887	441	0	0	0	0	0	0	1662663107942
2887	441	0	0	0	0	0	0	1662663108962
2885	441	0	0	0	0	0	0	1662663109982
2886	441	0	0	0	0	0	0	1662663111002
2882	441	0	0	0	0	0	0	1662663112022
2880	441	0	0	0	0	0	0	1662663113042
2880	441	0	0	0	0	0	0	1662663114062
2877	441	0	0	0	0	0	0	1662663115082
2876	441	0	0	0	0	0	0	1662663116102
2874	441	0	0	0	0	0	0	1662663117122
2871	441	0	0	0	0	0	0	1662663118142
2869	441	0	0	0	0	0	0	1662663119162
2868	441	0	0	0	0	0	0	1662663120182
2867	441	0	0	0	0	0	0	1662663121202
2865	441	0	0	0	0	0	0	1662663122222
2865	441	0	0	0	0	0	0	1662663123242
2865	441	0	0	0	0	0	0	1662663124262
2865	441	0	0	0	0	0	0	1662663125282
2865	441	0	0	0	0	0	0	1662663126302
2866	441	0	0	0	0	0	0	1662663127322
2865	441	0	0	0	0	0	0	1662663128342
2865	441	0	0	0	0	0	0	1662663129362
2865	441	0	0	0	0	0	0	1662663130382
2865	441	0	0	0	0	0	0	1662663131402
2865	441	0	0	0	0	0	0	1662663132422
2865	441	0	0	0	0	0	0	1662663133442
2865	441	0	0	0	0	0	0	1662663134462
2864	441	0	0	0	0	0	0	1662663135482
2864	441	0	0	0	0	0	0	1662663136502
2864	441	0	0	0	0	0	0	1662663137522
2864	441	0	0	0	0	0	0	1662663138542
2864	441	0	0	0	0	0	0	1662663139562
2864	441	0	0	0	0	0	0	1662663140582
2864	441	0	0	0	0	0	0	1662663141602
2864	441	0	0	0	0	0	0	1662663142622
2864	441	0	0	0	0	0	0	1662663143642
2865	441	0	0	0	0	0	0	1662663144662
2866	441	0	0	0	0	0	0	1662663145682
2866	441	0	0	0	0	0	0	1662663146702
2867	441	0	0	0	0	0	0	1662663147722
2868	441	0	0	0	0	0	0	1662663148742
2869	441	0	0	0	0	0	0	1662663149762
2869	441	0	0	0	0	0	0	1662663150782
2867	441	0	0	0	0	0	0	1662663151802
2866	441	0	0	0	0	0	0	1662663152822
2866	441	0	0	0	0	0	0	1662663153842
2866	441	0	0	0	0	0	0	1662663154862
2865	441	0	0	0	0	0	0	1662663155882
2865	441	0	0	0	0	0	0	1662663156902
2865	441	0	0	0	0	0	0	1662663157922
2864	441	0	0	0	0	0	0	1662663158942
2864	441	0	0	0	0	0	0	1662663159962
2864	441	0	0	0	0	0	0	1662663160982
2864	441	0	0	0	0	0	0	1662663162002
2864	441	0	0	0	0	0	0	1662663163022
2864	441	0	0	0	0	0	0	1662663164042
2864	441	0	0	0	0	0	0	1662663165062
2864	441	0	0	0	0	0	0	1662663166082
2864	441	0	0	0	0	0	0	1662663167102
2864	441	0	0	0	0	0	0	1662663168122
2864	441	0	0	0	0	0	0	1662663169142
2864	441	0	0	0	0	0	0	1662663170162
2864	441	0	0	0	0	0	0	1662663171182
2864	441	0	0	0	0	0	0	1662663172202
2864	441	0	0	0	0	0	0	1662663173222
2864	441	0	0	0	0	0	0	1662663174242
2864	441	0	0	0	0	0	0	1662663175262
2864	441	0	0	0	0	0	0	1662663176282
2864	441	0	0	0	0	0	0	1662663177302
2864	441	0	0	0	0	0	0	1662663178322
2864	441	0	0	0	0	0	0	1662663179342
2864	441	0	0	0	0	0	0	1662663180362
2863	441	0	0	0	0	0	0	1662663181382
2863	441	0	0	0	0	0	0	1662663182402
2863	441	0	0	0	0	0	0	1662663183422
2864	441	0	0	0	0	0	0	1662663184442
2864	441	0	0	0	0	0	0	1662663185462
2864	441	0	0	0	0	0	0	1662663186482
2864	441	0	0	0	0	0	0	1662663187502
2864	441	0	0	0	0	0	0	1662663188522
2864	441	0	0	0	0	0	0	1662663189542
2864	441	0	0	0	0	0	0	1662663190562
2864	441	0	0	0	0	0	0	1662663191582
2864	441	0	0	0	0	0	0	1662663192602
2864	441	0	0	0	0	0	0	1662663193622
2864	441	0	0	0	0	0	0	1662663194642
2864	441	0	0	0	0	0	0	1662663195662
2864	441	0	0	0	0	0	0	1662663196682
2864	441	0	0	0	0	0	0	1662663197702
2864	441	0	0	0	0	0	0	1662663198722
2864	441	0	0	0	0	0	0	1662663199742
2864	441	0	0	0	0	0	0	1662663200762
2864	441	0	0	0	0	0	0	1662663201782
2864	441	0	0	0	0	0	0	1662663202802
2864	441	0	0	0	0	0	0	1662663203822
2864	441	0	0	0	0	0	0	1662663204842
2864	441	0	0	0	0	0	0	1662663205862
2864	441	0	0	0	0	0	0	1662663206882
2864	441	0	0	0	0	0	0	1662663207902
2864	441	0	0	0	0	0	0	1662663208922
2864	441	0	0	0	0	0	0	1662663209942
2864	441	0	0	0	0	0	0	1662663210962
2864	441	0	0	0	0	0	0	1662663211982
2864	441	0	0	0	0	0	0	1662663213002
2864	441	0	0	0	0	0	0	1662663214022
2864	441	0	0	0	0	0	0	1662663215042
2864	441	0	0	0	0	0	0	1662663216062
2864	441	0	0	0	0	0	0	1662663217082
2864	441	0	0	0	0	0	0	1662663218102
2864	441	0	0	0	0	0	0	1662663219122
2864	441	0	0	0	0	0	0	1662663220142
2864	441	0	0	0	0	0	0	1662663221162
2864	441	0	0	0	0	0	0	1662663222182
2864	441	0	0	0	0	0	0	1662663223202
2864	441	0	0	0	0	0	0	1662663224222
2864	441	0	0	0	0	0	0	1662663225242
2864	441	0	0	0	0	0	0	1662663226262
2864	441	0	0	0	0	0	0	1662663227282
2864	441	0	0	0	0	0	0	1662663228302
2864	441	0	0	0	0	0	0	1662663229322
2864	441	0	0	0	0	0	0	1662663230342
2864	441	0	0	0	0	0	0	1662663231362
2864	441	0	0	0	0	0	0	1662663232382
2864	441	0	0	0	0	0	0	1662663233402
2864	441	0	0	0	0	0	0	1662663234422
2864	441	0	0	0	0	0	0	1662663235442
2864	441	0	0	0	0	0	0	1662663236462
2863	441	0	0	0	0	0	0	1662663237482
2863	441	0	0	0	0	0	0	1662663238502
2863	441	0	0	0	0	0	0	1662663239522
2863	441	0	0	0	0	0	0	1662663240542
2863	441	0	0	0	0	0	0	1662663241562
2863	441	0	0	0	0	0	0	1662663242582
2863	441	0	0	0	0	0	0	1662663243602
2864	441	0	0	0	0	0	0	1662663244622
2864	441	0	0	0	0	0	0	1662663245642
2864	441	0	0	0	0	0	0	1662663246662
2864	441	0	0	0	0	0	0	1662663247682
2864	441	0	0	0	0	0	0	1662663248702
2863	441	0	0	0	0	0	0	1662663249722
2863	441	0	0	0	0	0	0	1662663250742
2863	441	0	0	0	0	0	0	1662663251762
2863	441	0	0	0	0	0	0	1662663252782
2863	441	0	0	0	0	0	0	1662663253802
2863	441	0	0	0	0	0	0	1662663254822
2863	441	0	0	0	0	0	0	1662663255842
2864	441	0	0	0	0	0	0	1662663256862
2864	441	0	0	0	0	0	0	1662663257882
2864	441	0	0	0	0	0	0	1662663258902
2864	441	0	0	0	0	0	0	1662663259922
2864	441	0	0	0	0	0	0	1662663260942
2864	441	0	0	0	0	0	0	1662663261962
2864	441	0	0	0	0	0	0	1662663262982
2864	441	0	0	0	0	0	0	1662663264002
2864	441	0	0	0	0	0	0	1662663265022
2864	441	0	0	0	0	0	0	1662663266042
2864	441	0	0	0	0	0	0	1662663267062
2864	441	0	0	0	0	0	0	1662663268082
2864	441	0	0	0	0	0	0	1662663269102
2864	441	0	0	0	0	0	0	1662663270122
2864	441	0	0	0	0	0	0	1662663271142
2864	441	0	0	0	0	0	0	1662663272162
2863	441	0	0	0	0	0	0	1662663273182
2863	441	0	0	0	0	0	0	1662663274202
2863	441	0	0	0	0	0	0	1662663275222
2863	441	0	0	0	0	0	0	1662663276242
2863	441	0	0	0	0	0	0	1662663277262
2863	441	0	0	0	0	0	0	1662663278282
2863	441	0	0	0	0	0	0	1662663279302
2863	441	0	0	0	0	0	0	1662663280322
2863	441	0	0	0	0	0	0	1662663281342
2863	441	0	0	0	0	0	0	1662663282362
2863	441	0	0	0	0	0	0	1662663283382
2863	441	0	0	0	0	0	0	1662663284402
2863	441	0	0	0	0	0	0	1662663285422
2863	441	0	0	0	0	0	0	1662663286442
2864	441	0	0	0	0	0	0	1662663287462
2864	441	0	0	0	0	0	0	1662663288482
2864	441	0	0	0	0	0	0	1662663289502
2864	441	0	0	0	0	0	0	1662663290522
2864	441	0	0	0	0	0	0	1662663291542
2864	441	0	0	0	0	0	0	1662663292562
2864	441	0	0	0	0	0	0	1662663293582
2864	441	0	0	0	0	0	0	1662663294602
2863	441	0	0	0	0	0	0	1662663295622
2863	441	0	0	0	0	0	0	1662663296642
2863	441	0	0	0	0	0	0	1662663297662
2863	441	0	0	0	0	0	0	1662663298682
2863	441	0	0	0	0	0	0	1662663299702
2863	441	0	0	0	0	0	0	1662663300722
2863	441	0	0	0	0	0	0	1662663301742
2863	441	0	0	0	0	0	0	1662663302762
2863	441	0	0	0	0	0	0	1662663303782
2863	441	0	0	0	0	0	0	1662663304802
2863	441	0	0	0	0	0	0	1662663305822
2863	441	0	0	0	0	0	0	1662663306842
2863	441	0	0	0	0	0	0	1662663307862
2863	441	0	0	0	0	0	0	1662663308882
2864	441	0	0	0	0	0	0	1662663309902
2864	441	0	0	0	0	0	0	1662663310922
2864	441	0	0	0	0	0	0	1662663311942
2864	441	0	0	0	0	0	0	1662663312962
2864	441	0	0	0	0	0	0	1662663313982
2864	441	0	0	0	0	0	0	1662663315002
2864	441	0	0	0	0	0	0	1662663316022
2864	441	0	0	0	0	0	0	1662663317042
2864	441	0	0	0	0	0	0	1662663318062
2864	441	0	0	0	0	0	0	1662663319082
2864	441	0	0	0	0	0	0	1662663320102
2864	441	0	0	0	0	0	0	1662663321122
2864	441	0	0	0	0	0	0	1662663322142
2864	441	0	0	0	0	0	0	1662663323162
2864	441	0	0	0	0	0	0	1662663324182
2864	441	0	0	0	0	0	0	1662663325202
2863	441	0	0	0	0	0	0	1662663326222
2863	441	0	0	0	0	0	0	1662663327242
2862	441	0	0	0	0	0	0	1662663328262
2861	441	0	0	0	0	0	0	1662663329282
2870	441	0	0	0	0	0	0	1662663330302
2867	441	0	0	0	0	0	0	1662663331322
2866	441	0	0	0	0	0	0	1662663332342
2865	441	0	0	0	0	0	0	1662663333362
2864	441	0	0	0	0	0	0	1662663334382
2864	441	0	0	0	0	0	0	1662663335402
2864	441	0	0	0	0	0	0	1662663336422
2864	441	0	0	0	0	0	0	1662663337442
2864	441	0	0	0	0	0	0	1662663338462
2864	441	0	0	0	0	0	0	1662663339482
2864	441	0	0	0	0	0	0	1662663340502
2864	441	0	0	0	0	0	0	1662663341522
2864	441	0	0	0	0	0	0	1662663342542
2864	441	0	0	0	0	0	0	1662663343562
2863	441	0	0	0	0	0	0	1662663344582
2864	441	0	0	0	0	0	0	1662663345602
2864	441	0	0	0	0	0	0	1662663346622
2864	441	0	0	0	0	0	0	1662663347642
2864	441	0	0	0	0	0	0	1662663348662
2864	441	0	0	0	0	0	0	1662663349682
2864	441	0	0	0	0	0	0	1662663350702
2864	441	0	0	0	0	0	0	1662663351722
2864	441	0	0	0	0	0	0	1662663352742
2864	441	0	0	0	0	0	0	1662663353762
2864	441	0	0	0	0	0	0	1662663354782
2864	441	0	0	0	0	0	0	1662663355802
2864	441	0	0	0	0	0	0	1662663356822
2864	441	0	0	0	0	0	0	1662663357842
2864	441	0	0	0	0	0	0	1662663358862
2864	441	0	0	0	0	0	0	1662663359882
2864	441	0	0	0	0	0	0	1662663360902
2864	441	0	0	0	0	0	0	1662663361922
2864	441	0	0	0	0	0	0	1662663362942
2864	441	0	0	0	0	0	0	1662663363962
2864	441	0	0	0	0	0	0	1662663364982
2864	441	0	0	0	0	0	0	1662663366002
2864	441	0	0	0	0	0	0	1662663367022
2864	441	0	0	0	0	0	0	1662663368042
2864	441	0	0	0	0	0	0	1662663369062
2864	441	0	0	0	0	0	0	1662663370082
2864	441	0	0	0	0	0	0	1662663371102
2864	441	0	0	0	0	0	0	1662663372122
2864	441	0	0	0	0	0	0	1662663373142
2864	441	0	0	0	0	0	0	1662663374162
2864	441	0	0	0	0	0	0	1662663375182
2864	441	0	0	0	0	0	0	1662663376202
2864	441	0	0	0	0	0	0	1662663377222
2863	441	0	0	0	0	0	0	1662663378242
2863	441	0	0	0	0	0	0	1662663379262
2863	441	0	0	0	0	0	0	1662663380282
2863	441	0	0	0	0	0	0	1662663381302
2863	441	0	0	0	0	0	0	1662663382322
2864	441	0	0	0	0	0	0	1662663383342
2864	441	0	0	0	0	0	0	1662663384362
2864	441	0	0	0	0	0	0	1662663385382
2864	441	0	0	0	0	0	0	1662663386402
2864	441	0	0	0	0	0	0	1662663387422
2864	441	0	0	0	0	0	0	1662663388442
2864	441	0	0	0	0	0	0	1662663389462
2864	441	0	0	0	0	0	0	1662663390482
2864	441	0	0	0	0	0	0	1662663391502
2864	441	0	0	0	0	0	0	1662663392522
2864	441	0	0	0	0	0	0	1662663393542
2864	441	0	0	0	0	0	0	1662663394562
2864	441	0	0	0	0	0	0	1662663395582
2864	441	0	0	0	0	0	0	1662663396602
2864	441	0	0	0	0	0	0	1662663397622
2864	441	0	0	0	0	0	0	1662663398642
2864	441	0	0	0	0	0	0	1662663399662
2864	441	0	0	0	0	0	0	1662663400682
2864	441	0	0	0	0	0	0	1662663401702
2864	441	0	0	0	0	0	0	1662663402722
2864	441	0	0	0	0	0	0	1662663403742
2864	441	0	0	0	0	0	0	1662663404762
2864	441	0	0	0	0	0	0	1662663405782
2864	441	0	0	0	0	0	0	1662663406802
2864	441	0	0	0	0	0	0	1662663407822
2864	441	0	0	0	0	0	0	1662663408842
2864	441	0	0	0	0	0	0	1662663409862
2864	441	0	0	0	0	0	0	1662663410882
2864	441	0	0	0	0	0	0	1662663411902
2864	441	0	0	0	0	0	0	1662663412922
2865	441	0	0	0	0	0	0	1662663413942
2864	441	0	0	0	0	0	0	1662663414962
2864	441	0	0	0	0	0	0	1662663415982
2864	441	0	0	0	0	0	0	1662663417002
2864	441	0	0	0	0	0	0	1662663418022
2864	441	0	0	0	0	0	0	1662663419042
2864	441	0	0	0	0	0	0	1662663420062
2864	439	0	0	0	0	0	0	1662663421082
2864	440	0	0	0	0	0	0	1662663422102
2864	440	0	0	0	0	0	0	1662663423122
2864	440	0	0	0	0	0	0	1662663424142
2864	440	0	0	0	0	0	0	1662663425162
2864	440	0	0	0	0	0	0	1662663426182
2864	440	0	0	0	0	0	0	1662663427202
2864	440	0	0	0	0	0	0	1662663428222
2864	440	0	0	0	0	0	0	1662663429242
2864	440	0	0	0	0	0	0	1662663430262
2864	440	0	0	0	0	0	0	1662663431282
2864	440	0	0	0	0	0	0	1662663432302
2864	440	0	0	0	0	0	0	1662663433322
2864	440	0	0	0	0	0	0	1662663434342
2864	440	0	0	0	0	0	0	1662663435362
2864	440	0	0	0	0	0	0	1662663436382
2864	440	0	0	0	0	0	0	1662663437402
2864	440	0	0	0	0	0	0	1662663438422
2864	440	0	0	0	0	0	0	1662663439442
2864	440	0	0	0	0	0	0	1662663440462
2864	440	0	0	0	0	0	0	1662663441482
2864	440	0	0	0	0	0	0	1662663442502
2864	440	0	0	0	0	0	0	1662663443522
2864	440	0	0	0	0	0	0	1662663444542
2864	440	0	0	0	0	0	0	1662663445562
2864	440	0	0	0	0	0	0	1662663446582
2864	440	0	0	0	0	0	0	1662663447602
2864	440	0	0	0	0	0	0	1662663448622
2864	440	0	0	0	0	0	0	1662663449642
2864	440	0	0	0	0	0	0	1662663450662
2864	440	0	0	0	0	0	0	1662663451682
2864	440	0	0	0	0	0	0	1662663452702
2864	440	0	0	0	0	0	0	1662663453722
2864	440	0	0	0	0	0	0	1662663454742
2864	440	0	0	0	0	0	0	1662663455762
2864	440	0	0	0	0	0	0	1662663456782
2864	440	0	0	0	0	0	0	1662663457802
2864	440	0	0	0	0	0	0	1662663458822
2864	440	0	0	0	0	0	0	1662663459842
2864	440	0	0	0	0	0	0	1662663460862
2864	440	0	0	0	0	0	0	1662663461882
2864	440	0	0	0	0	0	0	1662663462902
2864	440	0	0	0	0	0	0	1662663463922
2863	440	0	0	0	0	0	0	1662663464942
2863	440	0	0	0	0	0	0	1662663465962
2863	440	0	0	0	0	0	0	1662663466982
2863	440	0	0	0	0	0	0	1662663468002
2863	440	0	0	0	0	0	0	1662663469022
2863	440	0	0	0	0	0	0	1662663470042
2863	440	0	0	0	0	0	0	1662663471062
2863	440	0	0	0	0	0	0	1662663472082
2863	440	0	0	0	0	0	0	1662663473102
2863	440	0	0	0	0	0	0	1662663474122
2863	440	0	0	0	0	0	0	1662663475142
2863	440	0	0	0	0	0	0	1662663476162
2863	440	0	0	0	0	0	0	1662663477182
2863	439	0	0	0	0	0	0	1662663478202
2866	438	0	0	0	0	0	0	1662663479222
2866	439	0	0	0	0	0	0	1662663480242
2865	439	0	0	0	0	0	0	1662663481262
2865	439	0	0	0	0	0	0	1662663482282
2865	439	0	0	0	0	0	0	1662663483302
2864	439	0	0	0	0	0	0	1662663484322
2864	440	0	0	0	0	0	0	1662663485342
2864	440	0	0	0	0	0	0	1662663486362
2864	440	0	0	0	0	0	0	1662663487382
2864	440	0	0	0	0	0	0	1662663488402
2864	440	0	0	0	0	0	0	1662663489422
2865	440	0	0	0	0	0	0	1662663490442
2866	440	0	0	0	0	0	0	1662663491462
2866	440	0	0	0	0	0	0	1662663492482
2866	440	0	0	0	0	0	0	1662663493502
2866	440	0	0	0	0	0	0	1662663494522
2866	440	0	0	0	0	0	0	1662663495542
2866	440	0	0	0	0	0	0	1662663496562
2865	440	0	0	0	0	0	0	1662663497582
2865	440	0	0	0	0	0	0	1662663498602
2865	440	0	0	0	0	0	0	1662663499622
2865	440	0	0	0	0	0	0	1662663500642
2865	440	0	0	0	0	0	0	1662663501662
2864	440	0	0	0	0	0	0	1662663502682
2864	440	0	0	0	0	0	0	1662663503702
2864	440	0	0	0	0	0	0	1662663504722
2864	440	0	0	0	0	0	0	1662663505742
2864	440	0	0	0	0	0	0	1662663506762
2864	440	0	0	0	0	0	0	1662663507782
2864	440	0	0	0	0	0	0	1662663508802
2864	440	0	0	0	0	0	0	1662663509822
2866	440	0	0	0	0	0	0	1662663510842
2866	439	0	0	0	0	0	0	1662663511862
2865	439	0	0	0	0	0	0	1662663512882
2864	439	0	0	0	0	0	0	1662663513902
2864	439	0	0	0	0	0	0	1662663514922
2864	439	0	0	0	0	0	0	1662663515942
2864	438	0	0	0	0	0	0	1662663516962
2863	438	0	0	0	0	0	0	1662663517982
2863	439	0	0	0	0	0	0	1662663519002
2863	439	0	0	0	0	0	0	1662663520022
2863	440	0	0	0	0	0	0	1662663521042
2863	440	0	0	0	0	0	0	1662663522062
2863	439	0	0	0	0	0	0	1662663523082
2864	439	0	0	0	0	0	0	1662663524102
2864	438	0	0	0	0	0	0	1662663525122
2864	439	0	0	0	0	0	0	1662663526142
2864	439	0	0	0	0	0	0	1662663527162
2864	438	0	0	0	0	0	0	1662663528182
2864	438	0	0	0	0	0	0	1662663529202
2864	438	0	0	0	0	0	0	1662663530222
2865	438	0	0	0	0	0	0	1662663531242
2864	438	0	0	0	0	0	0	1662663532262
2864	438	0	0	0	0	0	0	1662663533282
2865	439	0	0	0	0	0	0	1662663534302
2865	438	0	0	0	0	0	0	1662663535322
2866	438	0	0	0	0	0	0	1662663536342
2866	439	0	0	0	0	0	0	1662663537362
2867	438	0	0	0	0	0	0	1662663538382
2867	437	0	0	0	0	0	0	1662663539402
2866	436	0	0	0	0	0	0	1662663540422
2866	437	0	0	0	0	0	0	1662663541442
2865	437	0	0	0	0	0	0	1662663542462
2864	438	0	0	0	0	0	0	1662663543482
2864	437	0	0	0	0	0	0	1662663544502
2864	436	0	0	0	0	0	0	1662663545522
2864	436	0	0	0	0	0	0	1662663546542
2864	436	0	0	0	0	0	0	1662663547562
2864	436	0	0	0	0	0	0	1662663548582
2864	436	0	0	0	0	0	0	1662663549602
2864	437	0	0	0	0	0	0	1662663550622
2864	436	0	0	0	0	0	0	1662663551642
2864	437	0	0	0	0	0	0	1662663552662
2864	437	0	0	0	0	0	0	1662663553682
2864	436	0	0	0	0	0	0	1662663554702
2864	436	0	0	0	0	0	0	1662663555722
2864	436	0	0	0	0	0	0	1662663556742
2864	435	0	0	0	0	0	0	1662663557762
2864	436	0	0	0	0	0	0	1662663558782
2864	436	0	0	0	0	0	0	1662663559802
2864	435	0	0	0	0	0	0	1662663560822
2864	434	0	0	0	0	0	0	1662663561842
2864	435	0	0	0	0	0	0	1662663562862
2864	436	0	0	0	0	0	0	1662663563882
2864	435	0	0	0	0	0	0	1662663564902
2864	434	0	0	0	0	0	0	1662663565922
2864	435	0	0	0	0	0	0	1662663566942
2864	435	0	0	0	0	0	0	1662663567962
2864	434	0	0	0	0	0	0	1662663568982
2864	434	0	0	0	0	0	0	1662663570002
2864	435	0	0	0	0	0	0	1662663571022
2864	436	0	0	0	0	0	0	1662663572042
2864	436	0	0	0	0	0	0	1662663573062
2864	432	0	0	0	0	0	0	1662663574082
2864	432	0	0	0	0	0	0	1662663575102
2864	433	0	0	0	0	0	0	1662663576122
2864	432	0	0	0	0	0	0	1662663577142
2863	432	0	0	0	0	0	0	1662663578162
2863	431	0	0	0	0	0	0	1662663579182
2863	433	0	0	0	0	0	0	1662663580202
2863	432	0	0	0	0	0	0	1662663581222
2863	431	0	0	0	0	0	0	1662663582242
2863	430	0	0	0	0	0	0	1662663583262
2863	431	0	0	0	0	0	0	1662663584282
2863	432	0	0	0	0	0	0	1662663585302
2863	433	0	0	0	0	0	0	1662663586322
2863	432	0	0	0	0	0	0	1662663587342
2863	432	0	0	0	0	0	0	1662663588362
2863	433	0	0	0	0	0	0	1662663589382
2863	433	0	0	0	0	0	0	1662663590402
2863	431	0	0	0	0	0	0	1662663591422
2863	432	0	0	0	0	0	0	1662663592442
2863	431	0	0	0	0	0	0	1662663593462
2863	429	0	0	0	0	0	0	1662663594482
2864	430	0	0	0	0	0	0	1662663595502
2864	431	0	0	0	0	0	0	1662663596522
2864	430	0	0	0	0	0	0	1662663597542
2864	429	0	0	0	0	0	0	1662663598562
2864	429	0	0	0	0	0	0	1662663599582
2864	427	0	0	0	0	0	0	1662663600602
2864	425	0	0	0	0	0	0	1662663601622
2864	425	0	0	0	0	0	0	1662663602642
2864	425	0	0	0	0	0	0	1662663603662
2864	424	0	0	0	0	0	0	1662663604682
2864	424	0	0	0	0	0	0	1662663605702
2864	424	0	0	0	0	0	0	1662663606722
2864	425	0	0	0	0	0	0	1662663607742
2864	424	0	0	0	0	0	0	1662663608762
2864	425	0	0	0	0	0	0	1662663609782
2864	424	0	0	0	0	0	0	1662663610802
2864	424	0	0	0	0	0	0	1662663611822
2864	423	0	0	0	0	0	0	1662663612842
2864	425	0	0	0	0	0	0	1662663613862
2864	425	0	0	0	0	0	0	1662663614882
2864	426	0	0	0	0	0	0	1662663615902
2864	425	0	0	0	0	0	0	1662663616922
2864	425	0	0	0	0	0	0	1662663617942
2864	425	0	0	0	0	0	0	1662663618962
2864	426	0	0	0	0	0	0	1662663619982
2864	423	0	0	0	0	0	0	1662663621002
2864	422	0	0	0	0	0	0	1662663622022
2864	422	0	0	0	0	0	0	1662663623042
2864	422	0	0	0	0	0	0	1662663624062
2864	423	0	0	0	0	0	0	1662663625082
2864	422	0	0	0	0	0	0	1662663626102
2864	421	0	0	0	0	0	0	1662663627122
2864	421	0	0	0	0	0	0	1662663628142
2864	420	0	0	0	0	0	0	1662663629162
2864	421	0	0	0	0	0	0	1662663630182
2864	423	0	0	0	0	0	0	1662663631202
2864	422	0	0	0	0	0	0	1662663632222
2864	421	0	0	0	0	0	0	1662663633242
2864	420	0	0	0	0	0	0	1662663634262
2865	420	0	0	0	0	0	0	1662663635282
2865	419	0	0	0	0	0	0	1662663636302
2865	419	0	0	0	0	0	0	1662663637322
2867	420	0	0	0	0	0	0	1662663638342
2868	420	0	0	0	0	0	0	1662663639362
2868	421	0	0	0	0	0	0	1662663640382
2868	419	0	0	0	0	0	0	1662663641402
2869	419	0	0	0	0	0	0	1662663642422
2870	419	0	0	0	0	0	0	1662663643442
2873	420	0	0	0	0	0	0	1662663644462
2873	420	0	0	0	0	0	0	1662663645482
2877	420	0	0	0	0	0	0	1662663646502
2881	419	0	0	0	0	0	0	1662663647522
2884	419	0	0	0	0	0	0	1662663648542
2885	418	0	0	0	0	0	0	1662663649562
2880	417	0	0	0	0	0	0	1662663650582
2875	416	0	0	0	0	0	0	1662663651602
2872	417	0	0	0	0	0	0	1662663652622
2887	416	0	0	0	0	0	0	1662663653642
2886	416	0	0	0	0	0	0	1662663654662
2877	417	0	0	0	0	0	0	1662663655682
2872	417	0	0	0	0	0	0	1662663656702
2869	416	0	0	0	0	0	0	1662663657722
2867	417	0	0	0	0	0	0	1662663658742
2866	417	0	0	0	0	0	0	1662663659762
2865	417	0	0	0	0	0	0	1662663660782
2865	419	0	0	0	0	0	0	1662663661802
2865	418	0	0	0	0	0	0	1662663662822
2864	417	0	0	0	0	0	0	1662663663842
2864	416	0	0	0	0	0	0	1662663664862
2866	416	0	0	0	0	0	0	1662663665882
2866	417	0	0	0	0	0	0	1662663666902
2866	417	0	0	0	0	0	0	1662663667922
2865	417	0	0	0	0	0	0	1662663668942
2865	417	0	0	0	0	0	0	1662663669962
2866	417	0	0	0	0	0	0	1662663670982
2867	416	0	0	0	0	0	0	1662663672002
2868	417	0	0	0	0	0	0	1662663673022
2869	417	0	0	0	0	0	0	1662663674042
2869	417	0	0	0	0	0	0	1662663675062
2869	417	0	0	0	0	0	0	1662663676082
2869	417	0	0	0	0	0	0	1662663677102
2868	416	0	0	0	0	0	0	1662663678122
2868	415	0	0	0	0	0	0	1662663679142
2867	416	0	0	0	0	0	0	1662663680162
2868	417	0	0	0	0	0	0	1662663681182
2869	416	0	0	0	0	0	0	1662663682202
2870	416	0	0	0	0	0	0	1662663683222
2870	415	0	0	0	0	0	0	1662663684242
2871	416	0	0	0	0	0	0	1662663685262
2873	416	0	0	0	0	0	0	1662663686282
2873	416	0	0	0	0	0	0	1662663687302
2872	416	0	0	0	0	0	0	1662663688322
2874	416	0	0	0	0	0	0	1662663689342
2879	417	0	0	0	0	0	0	1662663690362
2883	416	0	0	0	0	0	0	1662663691382
2886	416	0	0	0	0	0	0	1662663692402
2888	415	0	0	0	0	0	0	1662663693422
2890	416	0	0	0	0	0	0	1662663694442
2891	416	0	0	0	0	0	0	1662663695462
2891	416	0	0	0	0	0	0	1662663696482
2892	416	0	0	0	0	0	0	1662663697502
2892	415	0	0	0	0	0	0	1662663698522
2892	416	0	0	0	0	0	0	1662663699542
2892	416	0	0	0	0	0	0	1662663700562
2890	415	0	0	0	0	0	0	1662663701582
2890	415	0	0	0	0	0	0	1662663702602
2890	416	0	0	0	0	0	0	1662663703622
2891	416	0	0	0	0	0	0	1662663704642
2891	416	0	0	0	0	0	0	1662663705662
2892	417	0	0	0	0	0	0	1662663706682
2892	416	0	0	0	0	0	0	1662663707702
2892	416	0	0	0	0	0	0	1662663708722
2892	416	0	0	0	0	0	0	1662663709742
2892	416	0	0	0	0	0	0	1662663710762
2892	416	0	0	0	0	0	0	1662663711782
2892	415	0	0	0	0	0	0	1662663712802
2892	416	0	0	0	0	0	0	1662663713822
2892	416	0	0	0	0	0	0	1662663714842
2892	415	0	0	0	0	0	0	1662663715862
2892	415	0	0	0	0	0	0	1662663716882
2892	415	0	0	0	0	0	0	1662663717902
2892	415	0	0	0	0	0	0	1662663718922
2892	414	0	0	0	0	0	0	1662663719942
2892	414	0	0	0	0	0	0	1662663720962
2892	415	0	0	0	0	0	0	1662663721982
2892	414	0	0	0	0	0	0	1662663723002
2892	414	0	0	0	0	0	0	1662663724022
2892	414	0	0	0	0	0	0	1662663725042
2892	414	0	0	0	0	0	0	1662663726062
2892	414	0	0	0	0	0	0	1662663727082
2892	414	0	0	0	0	0	0	1662663728102
2893	415	0	0	0	0	0	0	1662663729122
2892	414	0	0	0	0	0	0	1662663730142
2892	414	0	0	0	0	0	0	1662663731162
2892	414	0	0	0	0	0	0	1662663732182
2892	414	0	0	0	0	0	0	1662663733202
2892	414	0	0	0	0	0	0	1662663734222
2892	414	0	0	0	0	0	0	1662663735242
2892	414	0	0	0	0	0	0	1662663736262
2897	415	0	0	0	0	0	0	1662663737282
2901	415	0	0	0	0	0	0	1662663738302
2901	415	0	0	0	0	0	0	1662663739322
2900	414	0	0	0	0	0	0	1662663740342
2903	415	0	0	0	0	0	0	1662663741362
2904	415	0	0	0	0	0	0	1662663742382
2905	415	0	0	0	0	0	0	1662663743402
2905	414	0	0	0	0	0	0	1662663744422
2909	414	0	0	0	0	0	0	1662663745442
2912	414	0	0	0	0	0	0	1662663746462
2909	414	0	0	0	0	0	0	1662663747482
2902	414	0	0	0	0	0	0	1662663748502
2898	414	0	0	0	0	0	0	1662663749522
2896	414	0	0	0	0	0	0	1662663750542
2894	414	0	0	0	0	0	0	1662663751562
2894	415	0	0	0	0	0	0	1662663752582
2893	414	0	0	0	0	0	0	1662663753602
2893	414	0	0	0	0	0	0	1662663754622
2893	414	0	0	0	0	0	0	1662663755642
2893	414	0	0	0	0	0	0	1662663756662
2893	414	0	0	0	0	0	0	1662663757682
2893	414	0	0	0	0	0	0	1662663758702
2893	414	0	0	0	0	0	0	1662663759722
2893	414	0	0	0	0	0	0	1662663760742
2893	415	0	0	0	0	0	0	1662663761762
2893	415	0	0	0	0	0	0	1662663762782
2893	415	0	0	0	0	0	0	1662663763802
2893	414	0	0	0	0	0	0	1662663764822
2893	414	0	0	0	0	0	0	1662663765842
2893	414	0	0	0	0	0	0	1662663766862
2893	414	0	0	0	0	0	0	1662663767882
2893	414	0	0	0	0	0	0	1662663768902
2893	414	0	0	0	0	0	0	1662663769922
2893	414	0	0	0	0	0	0	1662663770942
2894	414	0	0	0	0	0	0	1662663771962
2897	414	0	0	0	0	0	0	1662663772982
2902	414	0	0	0	0	0	0	1662663774002
2907	414	0	0	0	0	0	0	1662663775022
2912	414	0	0	0	0	0	0	1662663776042
2915	414	0	0	0	0	0	0	1662663777062
2918	414	0	0	0	0	0	0	1662663778082
2919	414	0	0	0	0	0	0	1662663779102
2919	414	0	0	0	0	0	0	1662663780122
2920	414	0	0	0	0	0	0	1662663781142
2920	414	0	0	0	0	0	0	1662663782162
2920	414	0	0	0	0	0	0	1662663783182
2920	414	0	0	0	0	0	0	1662663784202
2921	414	0	0	0	0	0	0	1662663785222
2921	414	0	0	0	0	0	0	1662663786242
2921	414	0	0	0	0	0	0	1662663787262
2921	414	0	0	0	0	0	0	1662663788282
2921	414	0	0	0	0	0	0	1662663789302
2921	414	0	0	0	0	0	0	1662663790322
2921	414	0	0	0	0	0	0	1662663791342
2921	414	0	0	0	0	0	0	1662663792362
2921	414	0	0	0	0	0	0	1662663793382
2921	414	0	0	0	0	0	0	1662663794402
2921	414	0	0	0	0	0	0	1662663795422
2921	414	0	0	0	0	0	0	1662663796442
2921	414	0	0	0	0	0	0	1662663797462
2921	414	0	0	0	0	0	0	1662663798482
2921	414	0	0	0	0	0	0	1662663799502
2921	414	0	0	0	0	0	0	1662663800522
2921	414	0	0	0	0	0	0	1662663801542
2921	414	0	0	0	0	0	0	1662663802562
2921	414	0	0	0	0	0	0	1662663803582
2921	414	0	0	0	0	0	0	1662663804602
2921	414	0	0	0	0	0	0	1662663805622
2921	414	0	0	0	0	0	0	1662663806642
2921	414	0	0	0	0	0	0	1662663807662
2921	414	0	0	0	0	0	0	1662663808682
2921	414	0	0	0	0	0	0	1662663809702
2921	414	0	0	0	0	0	0	1662663810722
2921	414	0	0	0	0	0	0	1662663811742
2921	414	0	0	0	0	0	0	1662663812762
2921	414	0	0	0	0	0	0	1662663813782
2921	414	0	0	0	0	0	0	1662663814802
2921	414	0	0	0	0	0	0	1662663815822
2921	414	0	0	0	0	0	0	1662663816842
2921	414	0	0	0	0	0	0	1662663817862
2921	414	0	0	0	0	0	0	1662663818882
2921	414	0	0	0	0	0	0	1662663819902
2921	414	0	0	0	0	0	0	1662663820922
2921	414	0	0	0	0	0	0	1662663821942
2921	414	0	0	0	0	0	0	1662663822962
2921	414	0	0	0	0	0	0	1662663823982
2921	414	0	0	0	0	0	0	1662663825002
2921	414	0	0	0	0	0	0	1662663826022
2920	414	0	0	0	0	0	0	1662663827042
2921	414	0	0	0	0	0	0	1662663828062
2921	414	0	0	0	0	0	0	1662663829082
2921	414	0	0	0	0	0	0	1662663830102
2921	414	0	0	0	0	0	0	1662663831122
2921	414	0	0	0	0	0	0	1662663832142
2920	414	0	0	0	0	0	0	1662663833162
2921	414	0	0	0	0	0	0	1662663834182
2921	414	0	0	0	0	0	0	1662663835202
2921	414	0	0	0	0	0	0	1662663836222
2921	414	0	0	0	0	0	0	1662663837242
2921	414	0	0	0	0	0	0	1662663838262
2921	414	0	0	0	0	0	0	1662663839282
2921	414	0	0	0	0	0	0	1662663840302
2921	414	0	0	0	0	0	0	1662663841322
2921	414	0	0	0	0	0	0	1662663842342
2921	414	0	0	0	0	0	0	1662663843362
2921	414	0	0	0	0	0	0	1662663844382
2921	414	0	0	0	0	0	0	1662663845402
2921	414	0	0	0	0	0	0	1662663846422
2921	414	0	0	0	0	0	0	1662663847442
2921	414	0	0	0	0	0	0	1662663848462
2921	414	0	0	0	0	0	0	1662663849482
2921	414	0	0	0	0	0	0	1662663850502
2921	414	0	0	0	0	0	0	1662663851522
2921	414	0	0	0	0	0	0	1662663852542
2921	414	0	0	0	0	0	0	1662663853562
2921	414	0	0	0	0	0	0	1662663854582
2923	414	0	0	0	0	0	0	1662663855602
2922	414	0	0	0	0	0	0	1662663856622
2920	414	0	0	0	0	0	0	1662663857642
2918	414	0	0	0	0	0	0	1662663858662
2916	414	0	0	0	0	0	0	1662663859682
2909	414	0	0	0	0	0	0	1662663860702
2903	414	0	0	0	0	0	0	1662663861722
2899	414	0	0	0	0	0	0	1662663862742
2897	414	0	0	0	0	0	0	1662663863762
2896	414	0	0	0	0	0	0	1662663864782
2895	414	0	0	0	0	0	0	1662663865802
2894	414	0	0	0	0	0	0	1662663866822
2893	414	0	0	0	0	0	0	1662663867842
2893	414	0	0	0	0	0	0	1662663868862
2893	414	0	0	0	0	0	0	1662663869882
2893	414	0	0	0	0	0	0	1662663870902
2893	414	0	0	0	0	0	0	1662663871922
2893	414	0	0	0	0	0	0	1662663872942
2893	414	0	0	0	0	0	0	1662663873962
2893	414	0	0	0	0	0	0	1662663874982
2893	414	0	0	0	0	0	0	1662663876002
2893	414	0	0	0	0	0	0	1662663877022
2893	414	0	0	0	0	0	0	1662663878042
2893	414	0	0	0	0	0	0	1662663879062
2893	414	0	0	0	0	0	0	1662663880082
2893	414	0	0	0	0	0	0	1662663881102
2893	414	0	0	0	0	0	0	1662663882122
2893	414	0	0	0	0	0	0	1662663883142
2893	414	0	0	0	0	0	0	1662663884162
2893	414	0	0	0	0	0	0	1662663885182
2893	414	0	0	0	0	0	0	1662663886202
2894	414	0	0	0	0	0	0	1662663887222
2895	414	0	0	0	0	0	0	1662663888242
2898	414	0	0	0	0	0	0	1662663889262
2898	414	0	0	0	0	0	0	1662663890282
2898	414	0	0	0	0	0	0	1662663891302
2900	414	0	0	0	0	0	0	1662663892322
2908	414	0	0	0	0	0	0	1662663893342
2912	414	0	0	0	0	0	0	1662663894362
2911	414	0	0	0	0	0	0	1662663895382
2919	414	0	0	0	0	0	0	1662663896402
2921	414	0	0	0	0	0	0	1662663897422
2921	414	0	0	0	0	0	0	1662663898442
2920	414	0	0	0	0	0	0	1662663899462
2919	414	0	0	0	0	0	0	1662663900482
2919	414	0	0	0	0	0	0	1662663901502
2919	414	0	0	0	0	0	0	1662663902522
2918	414	0	0	0	0	0	0	1662663903542
2919	414	0	0	0	0	0	0	1662663904562
2920	414	0	0	0	0	0	0	1662663905582
2920	414	0	0	0	0	0	0	1662663906602
2920	414	0	0	0	0	0	0	1662663907622
2920	414	0	0	0	0	0	0	1662663908642
2920	414	0	0	0	0	0	0	1662663909662
2920	414	0	0	0	0	0	0	1662663910682
2921	414	0	0	0	0	0	0	1662663911702
2921	414	0	0	0	0	0	0	1662663912722
2921	414	0	0	0	0	0	0	1662663913742
2920	414	0	0	0	0	0	0	1662663914762
2920	414	0	0	0	0	0	0	1662663915782
2920	414	0	0	0	0	0	0	1662663916802
2920	414	0	0	0	0	0	0	1662663917822
2920	414	0	0	0	0	0	0	1662663918842
2920	414	0	0	0	0	0	0	1662663919862
2920	414	0	0	0	0	0	0	1662663920882
2920	414	0	0	0	0	0	0	1662663921902
2920	414	0	0	0	0	0	0	1662663922922
2921	414	0	0	0	0	0	0	1662663923942
2921	414	0	0	0	0	0	0	1662663924962
2921	414	0	0	0	0	0	0	1662663925982
2921	414	0	0	0	0	0	0	1662663927002
2921	414	0	0	0	0	0	0	1662663928022
2921	414	0	0	0	0	0	0	1662663929042
2921	414	0	0	0	0	0	0	1662663930062
2921	414	0	0	0	0	0	0	1662663931082
2921	414	0	0	0	0	0	0	1662663932102
2920	414	0	0	0	0	0	0	1662663933122
2921	414	0	0	0	0	0	0	1662663934142
2921	414	0	0	0	0	0	0	1662663935162
2921	414	0	0	0	0	0	0	1662663936182
2921	414	0	0	0	0	0	0	1662663937202
2921	414	0	0	0	0	0	0	1662663938222
2921	414	0	0	0	0	0	0	1662663939242
2921	414	0	0	0	0	0	0	1662663940262
2921	414	0	0	0	0	0	0	1662663941282
2921	414	0	0	0	0	0	0	1662663942302
2921	414	0	0	0	0	0	0	1662663943322
2921	414	0	0	0	0	0	0	1662663944342
2921	414	0	0	0	0	0	0	1662663945362
2921	414	0	0	0	0	0	0	1662663946382
2921	414	0	0	0	0	0	0	1662663947402
2921	414	0	0	0	0	0	0	1662663948422
2921	414	0	0	0	0	0	0	1662663949442
2921	414	0	0	0	0	0	0	1662663950462
2921	414	0	0	0	0	0	0	1662663951482
2921	414	0	0	0	0	0	0	1662663952502
2921	414	0	0	0	0	0	0	1662663953522
2921	414	0	0	0	0	0	0	1662663954542
2921	414	0	0	0	0	0	0	1662663955562
2921	414	0	0	0	0	0	0	1662663956582
2921	414	0	0	0	0	0	0	1662663957602
2921	414	0	0	0	0	0	0	1662663958622
2921	414	0	0	0	0	0	0	1662663959642
2921	414	0	0	0	0	0	0	1662663960662
2921	414	0	0	0	0	0	0	1662663961682
2921	414	0	0	0	0	0	0	1662663962702
2921	414	0	0	0	0	0	0	1662663963722
2921	414	0	0	0	0	0	0	1662663964742
2921	414	0	0	0	0	0	0	1662663965762
2921	414	0	0	0	0	0	0	1662663966782
2921	414	0	0	0	0	0	0	1662663967802
2921	414	0	0	0	0	0	0	1662663968822
2921	414	0	0	0	0	0	0	1662663969842
2921	414	0	0	0	0	0	0	1662663970862
2921	414	0	0	0	0	0	0	1662663971882
2921	414	0	0	0	0	0	0	1662663972902
2921	414	0	0	0	0	0	0	1662663973922
2921	414	0	0	0	0	0	0	1662663974942
2921	414	0	0	0	0	0	0	1662663975962
2921	414	0	0	0	0	0	0	1662663976982
2921	414	0	0	0	0	0	0	1662663978002
2921	414	0	0	0	0	0	0	1662663979022
2921	414	0	0	0	0	0	0	1662663980042
2921	414	0	0	0	0	0	0	1662663981062
2921	414	0	0	0	0	0	0	1662663982082
2921	414	0	0	0	0	0	0	1662663983102
2921	414	0	0	0	0	0	0	1662663984122
2921	414	0	0	0	0	0	0	1662663985142
2921	414	0	0	0	0	0	0	1662663986162
2921	414	0	0	0	0	0	0	1662663987182
2921	414	0	0	0	0	0	0	1662663988202
2921	414	0	0	0	0	0	0	1662663989222
2921	414	0	0	0	0	0	0	1662663990242
2921	414	0	0	0	0	0	0	1662663991262
2921	414	0	0	0	0	0	0	1662663992282
2921	414	0	0	0	0	0	0	1662663993302
2921	414	0	0	0	0	0	0	1662663994322
2921	414	0	0	0	0	0	0	1662663995342
2921	414	0	0	0	0	0	0	1662663996362
2921	414	0	0	0	0	0	0	1662663997382
2921	414	0	0	0	0	0	0	1662663998402
2922	414	0	0	0	0	0	0	1662663999422
2922	414	0	0	0	0	0	0	1662664000442
2923	414	0	0	0	0	0	0	1662664001462
2924	414	0	0	0	0	0	0	1662664002482
2925	414	0	0	0	0	0	0	1662664003502
2925	414	0	0	0	0	0	0	1662664004522
2924	414	0	0	0	0	0	0	1662664005542
2922	414	0	0	0	0	0	0	1662664006562
2922	414	0	0	0	0	0	0	1662664007582
2921	414	0	0	0	0	0	0	1662664008602
2921	414	0	0	0	0	0	0	1662664009622
2921	414	0	0	0	0	0	0	1662664010642
2921	414	0	0	0	0	0	0	1662664011662
2921	414	0	0	0	0	0	0	1662664012682
2929	414	0	0	0	0	0	0	1662664013702
2937	414	0	0	0	0	0	0	1662664014722
2941	414	0	0	0	0	0	0	1662664015742
2944	414	0	0	0	0	0	0	1662664016762
2945	414	0	0	0	0	0	0	1662664017782
2943	414	0	0	0	0	0	0	1662664018802
2943	414	0	0	0	0	0	0	1662664019822
2944	414	0	0	0	0	0	0	1662664020842
2942	414	0	0	0	0	0	0	1662664021862
2942	414	0	0	0	0	0	0	1662664022882
2940	414	0	0	0	0	0	0	1662664023902
2934	414	0	0	0	0	0	0	1662664024922
2930	414	0	0	0	0	0	0	1662664025942
2928	414	0	0	0	0	0	0	1662664026962
2926	414	0	0	0	0	0	0	1662664027982
2925	414	0	0	0	0	0	0	1662664029002
2924	414	0	0	0	0	0	0	1662664030022
2923	414	0	0	0	0	0	0	1662664031042
2922	414	0	0	0	0	0	0	1662664032062
2921	414	0	0	0	0	0	0	1662664033082
2924	414	0	0	0	0	0	0	1662664034102
2928	414	0	0	0	0	0	0	1662664035122
2934	414	0	0	0	0	0	0	1662664036142
2936	414	0	0	0	0	0	0	1662664037162
2936	414	0	0	0	0	0	0	1662664038182
2939	414	0	0	0	0	0	0	1662664039202
2942	414	0	0	0	0	0	0	1662664040222
2945	414	0	0	0	0	0	0	1662664041242
2947	414	0	0	0	0	0	0	1662664042262
2948	414	0	0	0	0	0	0	1662664043282
2949	414	0	0	0	0	0	0	1662664044302
2949	414	0	0	0	0	0	0	1662664045322
2949	414	0	0	0	0	0	0	1662664046342
2949	414	0	0	0	0	0	0	1662664047362
2949	414	0	0	0	0	0	0	1662664048382
2949	414	0	0	0	0	0	0	1662664049402
2949	414	0	0	0	0	0	0	1662664050422
2949	414	0	0	0	0	0	0	1662664051442
2949	414	0	0	0	0	0	0	1662664052462
2949	414	0	0	0	0	0	0	1662664053482
2949	414	0	0	0	0	0	0	1662664054502
2949	414	0	0	0	0	0	0	1662664055522
2949	414	0	0	0	0	0	0	1662664056542
2949	414	0	0	0	0	0	0	1662664057562
2949	414	0	0	0	0	0	0	1662664058582
2949	414	0	0	0	0	0	0	1662664059602
2949	414	0	0	0	0	0	0	1662664060622
2949	414	0	0	0	0	0	0	1662664061642
2949	414	0	0	0	0	0	0	1662664062662
2953	414	0	0	0	0	0	0	1662664063682
2963	414	0	0	0	0	0	0	1662664064702
2969	414	0	0	0	0	0	0	1662664065722
2973	414	0	0	0	0	0	0	1662664066742
2975	414	0	0	0	0	0	0	1662664067762
2976	414	0	0	0	0	0	0	1662664068782
2977	414	0	0	0	0	0	0	1662664069802
2977	414	0	0	0	0	0	0	1662664070822
2977	414	0	0	0	0	0	0	1662664071842
2977	414	0	0	0	0	0	0	1662664072862
2977	414	0	0	0	0	0	0	1662664073882
2977	414	0	0	0	0	0	0	1662664074902
2977	414	0	0	0	0	0	0	1662664075922
2977	414	0	0	0	0	0	0	1662664076942
2977	414	0	0	0	0	0	0	1662664077962
2977	414	0	0	0	0	0	0	1662664078982
2977	414	0	0	0	0	0	0	1662664080002
2977	414	0	0	0	0	0	0	1662664081022
2977	414	0	0	0	0	0	0	1662664082042
2977	414	0	0	0	0	0	0	1662664083062
2977	414	0	0	0	0	0	0	1662664084082
2977	414	0	0	0	0	0	0	1662664085102
2977	414	0	0	0	0	0	0	1662664086122
2977	414	0	0	0	0	0	0	1662664087142
2977	414	0	0	0	0	0	0	1662664088162
2977	414	0	0	0	0	0	0	1662664089182
2977	414	0	0	0	0	0	0	1662664090202
2977	414	0	0	0	0	0	0	1662664091222
2977	414	0	0	0	0	0	0	1662664092242
2977	414	0	0	0	0	0	0	1662664093262
2977	414	0	0	0	0	0	0	1662664094282
2977	414	0	0	0	0	0	0	1662664095302
2978	414	0	0	0	0	0	0	1662664096322
2978	414	0	0	0	0	0	0	1662664097342
2978	414	0	0	0	0	0	0	1662664098362
2978	414	0	0	0	0	0	0	1662664099382
2978	414	0	0	0	0	0	0	1662664100402
2977	414	0	0	0	0	0	0	1662664101422
2977	414	0	0	0	0	0	0	1662664102442
2978	414	0	0	0	0	0	0	1662664103462
2978	414	0	0	0	0	0	0	1662664104482
2978	414	0	0	0	0	0	0	1662664105502
2978	414	0	0	0	0	0	0	1662664106522
2978	414	0	0	0	0	0	0	1662664107542
2977	414	0	0	0	0	0	0	1662664108562
2977	414	0	0	0	0	0	0	1662664109582
2977	414	0	0	0	0	0	0	1662664110602
2978	414	0	0	0	0	0	0	1662664111622
2977	414	0	0	0	0	0	0	1662664112642
2977	414	0	0	0	0	0	0	1662664113662
2977	414	0	0	0	0	0	0	1662664114682
2977	414	0	0	0	0	0	0	1662664115702
2977	414	0	0	0	0	0	0	1662664116722
2977	414	0	0	0	0	0	0	1662664117742
2977	414	0	0	0	0	0	0	1662664118762
2977	414	0	0	0	0	0	0	1662664119782
2977	414	0	0	0	0	0	0	1662664120802
2977	414	0	0	0	0	0	0	1662664121822
2977	414	0	0	0	0	0	0	1662664122842
2978	414	0	0	0	0	0	0	1662664123862
2978	414	0	0	0	0	0	0	1662664124882
2978	414	0	0	0	0	0	0	1662664125902
2978	414	0	0	0	0	0	0	1662664126922
2978	414	0	0	0	0	0	0	1662664127942
2978	414	0	0	0	0	0	0	1662664128962
2978	414	0	0	0	0	0	0	1662664129982
2977	414	0	0	0	0	0	0	1662664131002
2977	414	0	0	0	0	0	0	1662664132022
2977	414	0	0	0	0	0	0	1662664133042
2977	414	0	0	0	0	0	0	1662664134062
2977	414	0	0	0	0	0	0	1662664135082
2977	414	0	0	0	0	0	0	1662664136102
2977	414	0	0	0	0	0	0	1662664137122
2978	414	0	0	0	0	0	0	1662664138142
2978	414	0	0	0	0	0	0	1662664139162
2978	414	0	0	0	0	0	0	1662664140182
2978	414	0	0	0	0	0	0	1662664141202
2978	414	0	0	0	0	0	0	1662664142222
2978	414	0	0	0	0	0	0	1662664143242
2978	414	0	0	0	0	0	0	1662664144262
2979	414	0	0	0	0	0	0	1662664145282
2981	414	0	0	0	0	0	0	1662664146302
2986	414	0	0	0	0	0	0	1662664147322
2989	414	0	0	0	0	0	0	1662664148342
2996	414	0	0	0	0	0	0	1662664149362
3000	414	0	0	0	0	0	0	1662664150382
3002	414	0	0	0	0	0	0	1662664151402
3004	414	0	0	0	0	0	0	1662664152422
3002	414	0	0	0	0	0	0	1662664153442
3000	414	0	0	0	0	0	0	1662664154462
2999	414	0	0	0	0	0	0	1662664155482
2998	414	0	0	0	0	0	0	1662664156502
2997	414	0	0	0	0	0	0	1662664157522
2997	414	0	0	0	0	0	0	1662664158542
2995	414	0	0	0	0	0	0	1662664159562
2993	414	0	0	0	0	0	0	1662664160582
2989	414	0	0	0	0	0	0	1662664161602
2989	414	0	0	0	0	0	0	1662664162622
2988	414	0	0	0	0	0	0	1662664163642
2987	414	0	0	0	0	0	0	1662664164662
2986	414	0	0	0	0	0	0	1662664165682
2985	414	0	0	0	0	0	0	1662664166702
2987	414	0	0	0	0	0	0	1662664167722
2988	414	0	0	0	0	0	0	1662664168742
2987	414	0	0	0	0	0	0	1662664169762
2987	414	0	0	0	0	0	0	1662664170782
2985	414	0	0	0	0	0	0	1662664171802
2983	414	0	0	0	0	0	0	1662664172822
2982	414	0	0	0	0	0	0	1662664173842
2981	414	0	0	0	0	0	0	1662664174862
2981	414	0	0	0	0	0	0	1662664175882
2985	414	0	0	0	0	0	0	1662664176902
2988	414	0	0	0	0	0	0	1662664177922
2994	414	0	0	0	0	0	0	1662664178942
2997	414	0	0	0	0	0	0	1662664179962
2997	414	0	0	0	0	0	0	1662664180982
2993	414	0	0	0	0	0	0	1662664182002
