1587	1746	0	0	0	0	0	0	1661971345956
1578	1741	0	0	0	0	0	0	1661971346976
1567	1731	0	0	0	0	0	0	1661971347996
1554	1725	0	0	0	0	0	0	1661971349016
1542	1721	0	0	0	0	0	0	1661971350036
1534	1719	0	0	0	0	0	0	1661971351056
1519	1718	0	0	0	0	0	0	1661971352076
1509	1717	0	0	0	0	0	0	1661971353096
1503	1716	0	0	0	0	0	0	1661971354116
1497	1716	0	0	0	0	0	0	1661971355136
1486	1716	0	0	0	0	0	0	1661971356156
1478	1716	0	0	0	0	0	0	1661971357176
1474	1716	0	0	0	0	0	0	1661971358196
1471	1716	0	0	0	0	0	0	1661971359216
1469	1716	0	0	0	0	0	0	1661971360236
1466	1716	0	0	0	0	0	0	1661971361256
1459	1716	0	0	0	0	0	0	1661971362276
1451	1716	0	0	0	0	0	0	1661971363296
1446	1716	0	0	0	0	0	0	1661971364316
1443	1716	0	0	0	0	0	0	1661971365336
1441	1716	0	0	0	0	0	0	1661971366356
1440	1716	0	0	0	0	0	0	1661971367376
1440	1716	0	0	0	0	0	0	1661971368396
1440	1716	0	0	0	0	0	0	1661971369416
1439	1716	0	0	0	0	0	0	1661971370436
1439	1716	0	0	0	0	0	0	1661971371456
1438	1716	0	0	0	0	0	0	1661971372476
1438	1716	0	0	0	0	0	0	1661971373496
1434	1716	0	0	0	0	0	0	1661971374516
1426	1716	0	0	0	0	0	0	1661971375536
1421	1716	0	0	0	0	0	0	1661971376556
1417	1716	0	0	0	0	0	0	1661971377576
1415	1716	0	0	0	0	0	0	1661971378596
1414	1716	0	0	0	0	0	0	1661971379616
1413	1716	0	0	0	0	0	0	1661971380636
1412	1716	0	0	0	0	0	0	1661971381656
1412	1716	0	0	0	0	0	0	1661971382676
1412	1716	0	0	0	0	0	0	1661971383696
1412	1716	0	0	0	0	0	0	1661971384716
1412	1715	0	0	0	0	0	0	1661971385736
1412	1715	0	0	0	0	0	0	1661971386756
1412	1715	0	0	0	0	0	0	1661971387776
1412	1715	0	0	0	0	0	0	1661971388796
1412	1715	0	0	0	0	0	0	1661971389816
1412	1715	0	0	0	0	0	0	1661971390836
1412	1715	0	0	0	0	0	0	1661971391856
1412	1715	0	0	0	0	0	0	1661971392876
1412	1715	0	0	0	0	0	0	1661971393896
1412	1715	0	0	0	0	0	0	1661971394916
1412	1715	0	0	0	0	0	0	1661971395936
1411	1715	0	0	0	0	0	0	1661971396956
1411	1715	0	0	0	0	0	0	1661971397976
1411	1715	0	0	0	0	0	0	1661971398996
1408	1715	0	0	0	0	0	0	1661971400016
1405	1715	0	0	0	0	0	0	1661971401036
1403	1715	0	0	0	0	0	0	1661971402056
1399	1715	0	0	0	0	0	0	1661971403076
1394	1715	0	0	0	0	0	0	1661971404096
1391	1715	0	0	0	0	0	0	1661971405116
1388	1713	0	0	0	0	0	0	1661971406136
1386	1713	0	0	0	0	0	0	1661971407156
1385	1711	0	0	0	0	0	0	1661971408176
1384	1709	0	0	0	0	0	0	1661971409196
1384	1706	0	0	0	0	0	0	1661971410216
1384	1702	0	0	0	0	0	0	1661971411236
1384	1699	0	0	0	0	0	0	1661971412256
1384	1697	0	0	0	0	0	0	1661971413276
1384	1694	0	0	0	0	0	0	1661971414296
1384	1692	0	0	0	0	0	0	1661971415316
1384	1690	0	0	0	0	0	0	1661971416336
1384	1689	0	0	0	0	0	0	1661971417356
1384	1688	0	0	0	0	0	0	1661971418376
1384	1688	0	0	0	0	0	0	1661971419396
1384	1688	0	0	0	0	0	0	1661971420416
1384	1688	0	0	0	0	0	0	1661971421436
1384	1688	0	0	0	0	0	0	1661971422456
1384	1688	0	0	0	0	0	0	1661971423476
1384	1688	0	0	0	0	0	0	1661971424496
1384	1688	0	0	0	0	0	0	1661971425516
1384	1688	0	0	0	0	0	0	1661971426536
1384	1688	0	0	0	0	0	0	1661971427556
1384	1688	0	0	0	0	0	0	1661971428576
1384	1688	0	0	0	0	0	0	1661971429596
1384	1688	0	0	0	0	0	0	1661971430616
1384	1688	0	0	0	0	0	0	1661971431636
1384	1688	0	0	0	0	0	0	1661971432656
1384	1688	0	0	0	0	0	0	1661971433676
1384	1688	0	0	0	0	0	0	1661971434696
1384	1688	0	0	0	0	0	0	1661971435716
1395	1688	0	0	0	0	0	0	1661971436736
1390	1688	0	0	0	0	0	0	1661971437756
1387	1688	0	0	0	0	0	0	1661971438776
10832	1688	0	0	0	0	0	0	1661971439796
7053	1688	0	0	0	0	0	0	1661971440816
4785	1688	0	0	0	0	0	0	1661971441836
3424	1688	0	0	0	0	0	0	1661971442856
2608	1688	0	0	0	0	0	0	1661971443876
2118	1688	0	0	0	0	0	0	1661971444896
1824	1688	0	0	0	0	0	0	1661971445916
1648	1688	0	0	0	0	0	0	1661971446936
1542	1688	0	0	0	0	0	0	1661971447956
1478	1688	0	0	0	0	0	0	1661971448976
1440	1688	0	0	0	0	0	0	1661971449996
1417	1688	0	0	0	0	0	0	1661971451016
1403	1688	0	0	0	0	0	0	1661971452036
1395	1688	0	0	0	0	0	0	1661971453056
1390	1688	0	0	0	0	0	0	1661971454076
1387	1688	0	0	0	0	0	0	1661971455096
1385	1688	0	0	0	0	0	0	1661971456116
1384	1687	0	0	0	0	0	0	1661971457136
1384	1686	0	0	0	0	0	0	1661971458156
1384	1686	0	0	0	0	0	0	1661971459176
1384	1684	0	0	0	0	0	0	1661971460196
1383	1683	0	0	0	0	0	0	1661971461216
1382	1679	0	0	0	0	0	0	1661971462236
1382	1677	0	0	0	0	0	0	1661971463256
1381	1672	0	0	0	0	0	0	1661971464276
1380	1670	0	0	0	0	0	0	1661971465296
1379	1668	0	0	0	0	0	0	1661971466316
1379	1667	0	0	0	0	0	0	1661971467336
1380	1665	0	0	0	0	0	0	1661971468356
1378	1663	0	0	0	0	0	0	1661971469376
1376	1663	0	0	0	0	0	0	1661971470396
1377	1662	0	0	0	0	0	0	1661971471416
1376	1661	0	0	0	0	0	0	1661971472436
1374	1660	0	0	0	0	0	0	1661971473456
1371	1660	0	0	0	0	0	0	1661971474476
1371	1660	0	0	0	0	0	0	1661971475496
1374	1660	0	0	0	0	0	0	1661971476516
1373	1660	0	0	0	0	0	0	1661971477536
1370	1660	0	0	0	0	0	0	1661971478556
1365	1660	0	0	0	0	0	0	1661971479576
1362	1660	0	0	0	0	0	0	1661971480596
1359	1660	0	0	0	0	0	0	1661971481616
1358	1660	0	0	0	0	0	0	1661971482636
1357	1660	0	0	0	0	0	0	1661971483656
1357	1660	0	0	0	0	0	0	1661971484676
1356	1660	0	0	0	0	0	0	1661971485696
1356	1660	0	0	0	0	0	0	1661971486716
1356	1660	0	0	0	0	0	0	1661971487736
1356	1660	0	0	0	0	0	0	1661971488756
1356	1660	0	0	0	0	0	0	1661971489776
1356	1660	0	0	0	0	0	0	1661971490796
1356	1660	0	0	0	0	0	0	1661971491816
1356	1660	0	0	0	0	0	0	1661971492836
1356	1660	0	0	0	0	0	0	1661971493856
1356	1660	0	0	0	0	0	0	1661971494876
1356	1660	0	0	0	0	0	0	1661971495896
1356	1660	0	0	0	0	0	0	1661971496916
1356	1660	0	0	0	0	0	0	1661971497936
1356	1660	0	0	0	0	0	0	1661971498956
1356	1660	0	0	0	0	0	0	1661971499976
1356	1660	0	0	0	0	0	0	1661971500996
1356	1660	0	0	0	0	0	0	1661971502016
1356	1660	0	0	0	0	0	0	1661971503036
1356	1660	0	0	0	0	0	0	1661971504056
1356	1660	0	0	0	0	0	0	1661971505076
1356	1660	0	0	0	0	0	0	1661971506096
1356	1660	0	0	0	0	0	0	1661971507116
1356	1660	0	0	0	0	0	0	1661971508136
1356	1660	0	0	0	0	0	0	1661971509156
1356	1660	0	0	0	0	0	0	1661971510176
1356	1660	0	0	0	0	0	0	1661971511196
1356	1660	0	0	0	0	0	0	1661971512216
1356	1660	0	0	0	0	0	0	1661971513236
1356	1660	0	0	0	0	0	0	1661971514256
1356	1659	0	0	0	0	0	0	1661971515276
1356	1659	0	0	0	0	0	0	1661971516296
1356	1659	0	0	0	0	0	0	1661971517316
1356	1659	0	0	0	0	0	0	1661971518336
1356	1658	0	0	0	0	0	0	1661971519356
1367	1657	0	0	0	0	0	0	1661971520376
1362	1656	0	0	0	0	0	0	1661971521396
1360	1654	0	0	0	0	0	0	1661971522416
1358	1650	0	0	0	0	0	0	1661971523436
1357	1647	0	0	0	0	0	0	1661971524456
1356	1644	0	0	0	0	0	0	1661971525476
1356	1642	0	0	0	0	0	0	1661971526496
1356	1641	0	0	0	0	0	0	1661971527516
1356	1638	0	0	0	0	0	0	1661971528536
1356	1637	0	0	0	0	0	0	1661971529556
1356	1635	0	0	0	0	0	0	1661971530576
1356	1634	0	0	0	0	0	0	1661971531596
1356	1633	0	0	0	0	0	0	1661971532616
1356	1633	0	0	0	0	0	0	1661971533636
1356	1633	0	0	0	0	0	0	1661971534656
1356	1633	0	0	0	0	0	0	1661971535676
1356	1633	0	0	0	0	0	0	1661971536696
1356	1633	0	0	0	0	0	0	1661971537716
1356	1633	0	0	0	0	0	0	1661971538736
1356	1633	0	0	0	0	0	0	1661971539756
1356	1633	0	0	0	0	0	0	1661971540776
1356	1633	0	0	0	0	0	0	1661971541796
1356	1633	0	0	0	0	0	0	1661971542816
1356	1633	0	0	0	0	0	0	1661971543836
1356	1633	0	0	0	0	0	0	1661971544856
1356	1633	0	0	0	0	0	0	1661971545876
1356	1633	0	0	0	0	0	0	1661971546896
1356	1633	0	0	0	0	0	0	1661971547916
1356	1633	0	0	0	0	0	0	1661971548936
1356	1633	0	0	0	0	0	0	1661971549956
1356	1632	0	0	0	0	0	0	1661971550976
1356	1632	0	0	0	0	0	0	1661971551996
1356	1632	0	0	0	0	0	0	1661971553016
1356	1632	0	0	0	0	0	0	1661971554036
1356	1632	0	0	0	0	0	0	1661971555056
1356	1632	0	0	0	0	0	0	1661971556076
1356	1632	0	0	0	0	0	0	1661971557096
1356	1632	0	0	0	0	0	0	1661971558116
1356	1632	0	0	0	0	0	0	1661971559136
1356	1632	0	0	0	0	0	0	1661971560156
1356	1632	0	0	0	0	0	0	1661971561176
1356	1632	0	0	0	0	0	0	1661971562196
1353	1632	0	0	0	0	0	0	1661971563216
1354	1632	0	0	0	0	0	0	1661971564236
1354	1632	0	0	0	0	0	0	1661971565256
1354	1632	0	0	0	0	0	0	1661971566276
1353	1632	0	0	0	0	0	0	1661971567296
1352	1632	0	0	0	0	0	0	1661971568316
1351	1632	0	0	0	0	0	0	1661971569336
1350	1632	0	0	0	0	0	0	1661971570356
1350	1632	0	0	0	0	0	0	1661971571376
1348	1632	0	0	0	0	0	0	1661971572396
1345	1632	0	0	0	0	0	0	1661971573416
1345	1632	0	0	0	0	0	0	1661971574436
1343	1632	0	0	0	0	0	0	1661971575456
1342	1632	0	0	0	0	0	0	1661971576476
1341	1632	0	0	0	0	0	0	1661971577496
1338	1632	0	0	0	0	0	0	1661971578516
1336	1632	0	0	0	0	0	0	1661971579536
1336	1632	0	0	0	0	0	0	1661971580556
1335	1632	0	0	0	0	0	0	1661971581576
1334	1632	0	0	0	0	0	0	1661971582596
1332	1632	0	0	0	0	0	0	1661971583616
1332	1632	0	0	0	0	0	0	1661971584636
1331	1632	0	0	0	0	0	0	1661971585656
1331	1632	0	0	0	0	0	0	1661971586676
1330	1632	0	0	0	0	0	0	1661971587696
1330	1632	0	0	0	0	0	0	1661971588716
1330	1632	0	0	0	0	0	0	1661971589736
1329	1632	0	0	0	0	0	0	1661971590756
1328	1632	0	0	0	0	0	0	1661971591776
1328	1631	0	0	0	0	0	0	1661971592796
1328	1631	0	0	0	0	0	0	1661971593816
1328	1631	0	0	0	0	0	0	1661971594836
1328	1631	0	0	0	0	0	0	1661971595856
1328	1631	0	0	0	0	0	0	1661971596876
1328	1631	0	0	0	0	0	0	1661971597896
1328	1630	0	0	0	0	0	0	1661971598916
1328	1628	0	0	0	0	0	0	1661971599936
1328	1625	0	0	0	0	0	0	1661971600956
1328	1624	0	0	0	0	0	0	1661971601976
1328	1623	0	0	0	0	0	0	1661971602996
1328	1621	0	0	0	0	0	0	1661971604016
1328	1619	0	0	0	0	0	0	1661971605036
1328	1617	0	0	0	0	0	0	1661971606056
1328	1615	0	0	0	0	0	0	1661971607076
1328	1613	0	0	0	0	0	0	1661971608096
1328	1611	0	0	0	0	0	0	1661971609116
1328	1609	0	0	0	0	0	0	1661971610136
1328	1608	0	0	0	0	0	0	1661971611156
1328	1607	0	0	0	0	0	0	1661971612176
1328	1606	0	0	0	0	0	0	1661971613196
1328	1606	0	0	0	0	0	0	1661971614216
1328	1605	0	0	0	0	0	0	1661971615236
1328	1605	0	0	0	0	0	0	1661971616256
1328	1605	0	0	0	0	0	0	1661971617276
1328	1605	0	0	0	0	0	0	1661971618296
1328	1605	0	0	0	0	0	0	1661971619316
1328	1605	0	0	0	0	0	0	1661971620336
1328	1605	0	0	0	0	0	0	1661971621356
1328	1605	0	0	0	0	0	0	1661971622376
1328	1605	0	0	0	0	0	0	1661971623396
1328	1605	0	0	0	0	0	0	1661971624416
1328	1605	0	0	0	0	0	0	1661971625436
1328	1605	0	0	0	0	0	0	1661971626456
1328	1605	0	0	0	0	0	0	1661971627476
1328	1605	0	0	0	0	0	0	1661971628496
1328	1605	0	0	0	0	0	0	1661971629516
1328	1605	0	0	0	0	0	0	1661971630536
1328	1605	0	0	0	0	0	0	1661971631556
1328	1605	0	0	0	0	0	0	1661971632576
1328	1605	0	0	0	0	0	0	1661971633596
1328	1605	0	0	0	0	0	0	1661971634616
1328	1605	0	0	0	0	0	0	1661971635636
1328	1605	0	0	0	0	0	0	1661971636656
1328	1605	0	0	0	0	0	0	1661971637676
1328	1605	0	0	0	0	0	0	1661971638696
1328	1605	0	0	0	0	0	0	1661971639716
1328	1605	0	0	0	0	0	0	1661971640736
1328	1605	0	0	0	0	0	0	1661971641756
1328	1605	0	0	0	0	0	0	1661971642776
1328	1605	0	0	0	0	0	0	1661971643796
1328	1605	0	0	0	0	0	0	1661971644816
1328	1605	0	0	0	0	0	0	1661971645836
1328	1605	0	0	0	0	0	0	1661971646856
1328	1605	0	0	0	0	0	0	1661971647876
1328	1605	0	0	0	0	0	0	1661971648896
1328	1605	0	0	0	0	0	0	1661971649916
1328	1605	0	0	0	0	0	0	1661971650936
1328	1605	0	0	0	0	0	0	1661971651956
1328	1605	0	0	0	0	0	0	1661971652976
1328	1605	0	0	0	0	0	0	1661971653996
1328	1605	0	0	0	0	0	0	1661971655016
1328	10963	0	0	0	0	0	0	1661971656036
1328	7219	0	0	0	0	0	0	1661971657056
1328	4973	0	0	0	0	0	0	1661971658076
1328	3626	0	0	0	0	0	0	1661971659096
1328	2817	0	0	0	0	0	0	1661971660116
1328	2332	0	0	0	0	0	0	1661971661136
1328	2041	0	0	0	0	0	0	1661971662156
1328	1866	0	0	0	0	0	0	1661971663176
1328	1761	0	0	0	0	0	0	1661971664196
1328	1698	0	0	0	0	0	0	1661971665216
1328	1661	0	0	0	0	0	0	1661971666236
1328	1638	0	0	0	0	0	0	1661971667256
1328	1624	0	0	0	0	0	0	1661971668276
1328	1616	0	0	0	0	0	0	1661971669296
1328	1611	0	0	0	0	0	0	1661971670316
1328	1608	0	0	0	0	0	0	1661971671336
1328	1606	0	0	0	0	0	0	1661971672356
1328	1605	0	0	0	0	0	0	1661971673376
1328	1605	0	0	0	0	0	0	1661971674396
1328	1605	0	0	0	0	0	0	1661971675416
1328	1605	0	0	0	0	0	0	1661971676436
1328	1605	0	0	0	0	0	0	1661971677456
1328	1605	0	0	0	0	0	0	1661971678476
1328	1605	0	0	0	0	0	0	1661971679496
1328	1605	0	0	0	0	0	0	1661971680516
1328	1605	0	0	0	0	0	0	1661971681536
1328	1604	0	0	0	0	0	0	1661971682556
1328	1604	0	0	0	0	0	0	1661971683576
1328	1604	0	0	0	0	0	0	1661971684596
1328	1604	0	0	0	0	0	0	1661971685616
1328	1604	0	0	0	0	0	0	1661971686636
1328	1604	0	0	0	0	0	0	1661971687656
1328	1604	0	0	0	0	0	0	1661971688676
1328	1604	0	0	0	0	0	0	1661971689696
1328	1604	0	0	0	0	0	0	1661971690716
1328	1603	0	0	0	0	0	0	1661971691736
1328	1602	0	0	0	0	0	0	1661971692756
1328	1602	0	0	0	0	0	0	1661971693776
1328	1603	0	0	0	0	0	0	1661971694796
1328	1603	0	0	0	0	0	0	1661971695816
1328	1602	0	0	0	0	0	0	1661971696836
1328	1600	0	0	0	0	0	0	1661971697856
1328	1600	0	0	0	0	0	0	1661971698876
1328	1599	0	0	0	0	0	0	1661971699896
1328	1598	0	0	0	0	0	0	1661971700916
1328	1595	0	0	0	0	0	0	1661971701936
1328	1595	0	0	0	0	0	0	1661971702956
1328	1595	0	0	0	0	0	0	1661971703976
1328	1594	0	0	0	0	0	0	1661971704996
1328	1592	0	0	0	0	0	0	1661971706016
1328	1591	0	0	0	0	0	0	1661971707036
1328	1589	0	0	0	0	0	0	1661971708056
1328	1587	0	0	0	0	0	0	1661971709076
1328	1585	0	0	0	0	0	0	1661971710096
1328	1585	0	0	0	0	0	0	1661971711116
1328	1582	0	0	0	0	0	0	1661971712136
1328	1581	0	0	0	0	0	0	1661971713156
1328	1580	0	0	0	0	0	0	1661971714176
1328	1580	0	0	0	0	0	0	1661971715196
1327	1579	0	0	0	0	0	0	1661971716216
1328	1579	0	0	0	0	0	0	1661971717236
1328	1578	0	0	0	0	0	0	1661971718256
1328	1578	0	0	0	0	0	0	1661971719276
1328	1578	0	0	0	0	0	0	1661971720296
1328	1577	0	0	0	0	0	0	1661971721316
1328	1577	0	0	0	0	0	0	1661971722336
1328	1577	0	0	0	0	0	0	1661971723356
1328	1577	0	0	0	0	0	0	1661971724376
1328	1577	0	0	0	0	0	0	1661971725396
1327	1577	0	0	0	0	0	0	1661971726416
1327	1577	0	0	0	0	0	0	1661971727436
1326	1577	0	0	0	0	0	0	1661971728456
1327	1577	0	0	0	0	0	0	1661971729476
1327	1577	0	0	0	0	0	0	1661971730496
1327	1577	0	0	0	0	0	0	1661971731516
1327	1577	0	0	0	0	0	0	1661971732536
1327	1577	0	0	0	0	0	0	1661971733556
1326	1577	0	0	0	0	0	0	1661971734576
1325	1577	0	0	0	0	0	0	1661971735596
1326	1577	0	0	0	0	0	0	1661971736616
10795	1577	0	0	0	0	0	0	1661971737636
7008	1577	0	0	0	0	0	0	1661971738656
4735	1577	0	0	0	0	0	0	1661971739676
3370	1577	0	0	0	0	0	0	1661971740696
2551	1577	0	0	0	0	0	0	1661971741716
2059	1577	0	0	0	0	0	0	1661971742736
1765	1577	0	0	0	0	0	0	1661971743756
1588	1577	0	0	0	0	0	0	1661971744776
1480	1577	0	0	0	0	0	0	1661971745796
1416	1577	0	0	0	0	0	0	1661971746816
1380	1577	0	0	0	0	0	0	1661971747836
1354	1577	0	0	0	0	0	0	1661971748856
1338	1577	0	0	0	0	0	0	1661971749876
1327	1577	0	0	0	0	0	0	1661971750896
1322	1577	0	0	0	0	0	0	1661971751916
1319	1577	0	0	0	0	0	0	1661971752936
1317	1577	0	0	0	0	0	0	1661971753956
1314	1577	0	0	0	0	0	0	1661971754976
1313	1577	0	0	0	0	0	0	1661971755996
1310	1577	0	0	0	0	0	0	1661971757016
1310	1577	0	0	0	0	0	0	1661971758036
1310	1577	0	0	0	0	0	0	1661971759056
1308	1577	0	0	0	0	0	0	1661971760076
1308	1577	0	0	0	0	0	0	1661971761096
1307	1577	0	0	0	0	0	0	1661971762116
1306	1577	0	0	0	0	0	0	1661971763136
1304	1577	0	0	0	0	0	0	1661971764156
1304	1577	0	0	0	0	0	0	1661971765176
1304	1577	0	0	0	0	0	0	1661971766196
1304	1577	0	0	0	0	0	0	1661971767216
1303	1577	0	0	0	0	0	0	1661971768236
1303	1577	0	0	0	0	0	0	1661971769256
1303	1577	0	0	0	0	0	0	1661971770276
1302	1577	0	0	0	0	0	0	1661971771296
1303	1577	0	0	0	0	0	0	1661971772316
1302	1577	0	0	0	0	0	0	1661971773336
1301	1577	0	0	0	0	0	0	1661971774356
1301	1577	0	0	0	0	0	0	1661971775376
1301	1577	0	0	0	0	0	0	1661971776396
1301	1577	0	0	0	0	0	0	1661971777416
1301	1577	0	0	0	0	0	0	1661971778436
1301	1577	0	0	0	0	0	0	1661971779456
1301	1577	0	0	0	0	0	0	1661971780476
1301	1577	0	0	0	0	0	0	1661971781496
1301	1577	0	0	0	0	0	0	1661971782516
1301	1577	0	0	0	0	0	0	1661971783536
1301	1577	0	0	0	0	0	0	1661971784556
1301	1577	0	0	0	0	0	0	1661971785576
1300	1577	0	0	0	0	0	0	1661971786596
1300	1577	0	0	0	0	0	0	1661971787616
1300	1577	0	0	0	0	0	0	1661971788636
1300	1577	0	0	0	0	0	0	1661971789656
1300	1577	0	0	0	0	0	0	1661971790676
1300	1577	0	0	0	0	0	0	1661971791696
1300	1577	0	0	0	0	0	0	1661971792716
1300	1577	0	0	0	0	0	0	1661971793736
1300	1577	0	0	0	0	0	0	1661971794756
1300	1577	0	0	0	0	0	0	1661971795776
1300	1577	0	0	0	0	0	0	1661971796796
1300	1577	0	0	0	0	0	0	1661971797816
1300	1577	0	0	0	0	0	0	1661971798836
1300	1577	0	0	0	0	0	0	1661971799856
1300	1577	0	0	0	0	0	0	1661971800876
1300	1577	0	0	0	0	0	0	1661971801896
1300	1577	0	0	0	0	0	0	1661971802916
1300	1577	0	0	0	0	0	0	1661971803936
1300	1577	0	0	0	0	0	0	1661971804956
1300	1577	0	0	0	0	0	0	1661971805976
1300	1577	0	0	0	0	0	0	1661971806996
1300	1576	0	0	0	0	0	0	1661971808016
1300	1576	0	0	0	0	0	0	1661971809036
1300	1576	0	0	0	0	0	0	1661971810056
1300	1575	0	0	0	0	0	0	1661971811076
1300	1575	0	0	0	0	0	0	1661971812096
1300	1574	0	0	0	0	0	0	1661971813116
1300	1575	0	0	0	0	0	0	1661971814136
1300	1574	0	0	0	0	0	0	1661971815156
1300	1575	0	0	0	0	0	0	1661971816176
1300	1574	0	0	0	0	0	0	1661971817196
1300	1574	0	0	0	0	0	0	1661971818216
1300	1574	0	0	0	0	0	0	1661971819236
1300	1572	0	0	0	0	0	0	1661971820256
1300	1570	0	0	0	0	0	0	1661971821276
1300	1570	0	0	0	0	0	0	1661971822296
1300	1569	0	0	0	0	0	0	1661971823316
1300	1566	0	0	0	0	0	0	1661971824336
1300	1566	0	0	0	0	0	0	1661971825356
1300	1565	0	0	0	0	0	0	1661971826376
1300	1565	0	0	0	0	0	0	1661971827396
1300	1565	0	0	0	0	0	0	1661971828416
1300	1565	0	0	0	0	0	0	1661971829436
1300	1565	0	0	0	0	0	0	1661971830456
1300	1565	0	0	0	0	0	0	1661971831476
1300	1565	0	0	0	0	0	0	1661971832496
1300	1563	0	0	0	0	0	0	1661971833516
1300	1562	0	0	0	0	0	0	1661971834536
1300	1562	0	0	0	0	0	0	1661971835556
1300	1561	0	0	0	0	0	0	1661971836576
1300	1558	0	0	0	0	0	0	1661971837596
1300	1556	0	0	0	0	0	0	1661971838616
1300	1557	0	0	0	0	0	0	1661971839636
1300	1556	0	0	0	0	0	0	1661971840656
1300	1556	0	0	0	0	0	0	1661971841676
1300	1557	0	0	0	0	0	0	1661971842696
1300	1557	0	0	0	0	0	0	1661971843716
1300	1558	0	0	0	0	0	0	1661971844736
1300	1559	0	0	0	0	0	0	1661971845756
1300	1558	0	0	0	0	0	0	1661971846776
1300	1557	0	0	0	0	0	0	1661971847796
1300	1557	0	0	0	0	0	0	1661971848816
1300	1556	0	0	0	0	0	0	1661971849836
1300	1555	0	0	0	0	0	0	1661971850856
1300	1554	0	0	0	0	0	0	1661971851876
1300	1552	0	0	0	0	0	0	1661971852896
1300	1552	0	0	0	0	0	0	1661971853916
1300	1551	0	0	0	0	0	0	1661971854936
1300	1550	0	0	0	0	0	0	1661971855956
1300	1549	0	0	0	0	0	0	1661971856976
1300	1549	0	0	0	0	0	0	1661971857996
1300	1549	0	0	0	0	0	0	1661971859016
1300	1549	0	0	0	0	0	0	1661971860036
1300	1549	0	0	0	0	0	0	1661971861056
1300	1549	0	0	0	0	0	0	1661971862076
1300	1550	0	0	0	0	0	0	1661971863096
1300	1550	0	0	0	0	0	0	1661971864116
1300	1550	0	0	0	0	0	0	1661971865136
1300	1549	0	0	0	0	0	0	1661971866156
1300	1549	0	0	0	0	0	0	1661971867176
1300	1549	0	0	0	0	0	0	1661971868196
1300	1549	0	0	0	0	0	0	1661971869216
1300	1549	0	0	0	0	0	0	1661971870236
1300	1549	0	0	0	0	0	0	1661971871256
1300	1549	0	0	0	0	0	0	1661971872276
1300	1549	0	0	0	0	0	0	1661971873296
1300	1549	0	0	0	0	0	0	1661971874316
1300	1549	0	0	0	0	0	0	1661971875336
1300	1549	0	0	0	0	0	0	1661971876356
1300	1549	0	0	0	0	0	0	1661971877376
1300	1549	0	0	0	0	0	0	1661971878396
1300	1549	0	0	0	0	0	0	1661971879416
1300	1549	0	0	0	0	0	0	1661971880436
1300	1549	0	0	0	0	0	0	1661971881456
1300	1549	0	0	0	0	0	0	1661971882476
1300	1549	0	0	0	0	0	0	1661971883496
1300	1549	0	0	0	0	0	0	1661971884516
1300	1549	0	0	0	0	0	0	1661971885536
1300	1549	0	0	0	0	0	0	1661971886556
1300	1549	0	0	0	0	0	0	1661971887576
1300	1549	0	0	0	0	0	0	1661971888596
1300	1549	0	0	0	0	0	0	1661971889616
1300	1549	0	0	0	0	0	0	1661971890636
1300	1549	0	0	0	0	0	0	1661971891656
1300	1549	0	0	0	0	0	0	1661971892676
1300	1549	0	0	0	0	0	0	1661971893696
1300	1549	0	0	0	0	0	0	1661971894716
1300	1549	0	0	0	0	0	0	1661971895736
1300	1549	0	0	0	0	0	0	1661971896756
1300	1549	0	0	0	0	0	0	1661971897776
1300	1549	0	0	0	0	0	0	1661971898796
1300	1549	0	0	0	0	0	0	1661971899816
1300	1549	0	0	0	0	0	0	1661971900836
1300	1549	0	0	0	0	0	0	1661971901856
1300	1549	0	0	0	0	0	0	1661971902876
1300	1549	0	0	0	0	0	0	1661971903896
1300	1549	0	0	0	0	0	0	1661971904916
1300	1549	0	0	0	0	0	0	1661971905936
1300	1549	0	0	0	0	0	0	1661971906956
1300	1549	0	0	0	0	0	0	1661971907976
1300	1549	0	0	0	0	0	0	1661971908996
1300	1549	0	0	0	0	0	0	1661971910016
1300	1549	0	0	0	0	0	0	1661971911036
1300	1549	0	0	0	0	0	0	1661971912056
1300	1549	0	0	0	0	0	0	1661971913076
1300	1549	0	0	0	0	0	0	1661971914096
1300	1549	0	0	0	0	0	0	1661971915116
1300	1549	0	0	0	0	0	0	1661971916136
1300	1549	0	0	0	0	0	0	1661971917156
1300	1549	0	0	0	0	0	0	1661971918176
1300	1549	0	0	0	0	0	0	1661971919196
1300	1549	0	0	0	0	0	0	1661971920216
1300	1549	0	0	0	0	0	0	1661971921236
1300	1549	0	0	0	0	0	0	1661971922256
1300	1549	0	0	0	0	0	0	1661971923276
1300	1549	0	0	0	0	0	0	1661971924296
1300	1549	0	0	0	0	0	0	1661971925316
1300	1549	0	0	0	0	0	0	1661971926336
1300	1549	0	0	0	0	0	0	1661971927356
1300	1549	0	0	0	0	0	0	1661971928376
1300	1549	0	0	0	0	0	0	1661971929396
1300	1549	0	0	0	0	0	0	1661971930416
1300	1549	0	0	0	0	0	0	1661971931436
1300	1549	0	0	0	0	0	0	1661971932456
1300	1549	0	0	0	0	0	0	1661971933476
1300	1549	0	0	0	0	0	0	1661971934496
1300	1549	0	0	0	0	0	0	1661971935516
1300	1549	0	0	0	0	0	0	1661971936536
1300	1549	0	0	0	0	0	0	1661971937556
1300	1549	0	0	0	0	0	0	1661971938576
1300	1549	0	0	0	0	0	0	1661971939596
1300	1549	0	0	0	0	0	0	1661971940616
1300	1549	0	0	0	0	0	0	1661971941636
1300	1549	0	0	0	0	0	0	1661971942656
1300	1549	0	0	0	0	0	0	1661971943676
1300	1549	0	0	0	0	0	0	1661971944696
1300	1549	0	0	0	0	0	0	1661971945716
1300	1549	0	0	0	0	0	0	1661971946736
1300	1549	0	0	0	0	0	0	1661971947756
1300	1549	0	0	0	0	0	0	1661971948776
1300	1549	0	0	0	0	0	0	1661971949796
1300	1549	0	0	0	0	0	0	1661971950816
1300	1549	0	0	0	0	0	0	1661971951836
1300	1549	0	0	0	0	0	0	1661971952856
1300	1549	0	0	0	0	0	0	1661971953876
1300	1549	0	0	0	0	0	0	1661971954896
1300	1549	0	0	0	0	0	0	1661971955916
1300	1549	0	0	0	0	0	0	1661971956936
1300	1549	0	0	0	0	0	0	1661971957956
1300	1549	0	0	0	0	0	0	1661971958976
1300	1549	0	0	0	0	0	0	1661971959996
1300	1549	0	0	0	0	0	0	1661971961016
1300	1549	0	0	0	0	0	0	1661971962036
1300	1549	0	0	0	0	0	0	1661971963056
1300	1549	0	0	0	0	0	0	1661971964076
1299	1549	0	0	0	0	0	0	1661971965096
1289	1544	0	0	0	0	0	0	1661971966116
1282	1537	0	0	0	0	0	0	1661971967136
1278	1531	0	0	0	0	0	0	1661971968156
1276	1528	0	0	0	0	0	0	1661971969176
1275	1525	0	0	0	0	0	0	1661971970196
1274	1526	0	0	0	0	0	0	1661971971216
1273	1532	0	0	0	0	0	0	1661971972236
1273	1538	0	0	0	0	0	0	1661971973256
1273	1542	0	0	0	0	0	0	1661971974306
1273	1545	0	0	0	0	0	0	1661971975326
1273	1547	0	0	0	0	0	0	1661971976346
1273	1547	0	0	0	0	0	0	1661971977366
1273	1548	0	0	0	0	0	0	1661971978386
1274	1548	0	0	0	0	0	0	1661971979406
1274	1547	0	0	0	0	0	0	1661971980426
1275	1548	0	0	0	0	0	0	1661971981446
1276	1547	0	0	0	0	0	0	1661971982466
1277	1548	0	0	0	0	0	0	1661971983486
1281	1548	0	0	0	0	0	0	1661971984506
1280	1548	0	0	0	0	0	0	1661971985526
1280	1548	0	0	0	0	0	0	1661971986546
1279	1548	0	0	0	0	0	0	1661971987566
1278	1548	0	0	0	0	0	0	1661971988586
1278	1548	0	0	0	0	0	0	1661971989606
1279	1548	0	0	0	0	0	0	1661971990626
1278	1548	0	0	0	0	0	0	1661971991646
1277	1548	0	0	0	0	0	0	1661971992666
1276	1548	0	0	0	0	0	0	1661971993686
1276	1548	0	0	0	0	0	0	1661971994706
1275	1548	0	0	0	0	0	0	1661971995726
1275	1547	0	0	0	0	0	0	1661971996746
1274	1547	0	0	0	0	0	0	1661971997766
1275	1547	0	0	0	0	0	0	1661971998786
1275	1547	0	0	0	0	0	0	1661971999806
1275	1545	0	0	0	0	0	0	1661972000826
1275	1544	0	0	0	0	0	0	1661972001846
1275	1545	0	0	0	0	0	0	1661972002866
1275	1546	0	0	0	0	0	0	1661972003886
1275	1546	0	0	0	0	0	0	1661972004906
1275	1546	0	0	0	0	0	0	1661972005926
1275	1545	0	0	0	0	0	0	1661972006946
1274	1545	0	0	0	0	0	0	1661972007966
1274	1545	0	0	0	0	0	0	1661972008986
1274	1544	0	0	0	0	0	0	1661972010006
1273	1540	0	0	0	0	0	0	1661972011026
1273	1539	0	0	0	0	0	0	1661972012046
1273	1537	0	0	0	0	0	0	1661972013066
1273	1537	0	0	0	0	0	0	1661972014086
1273	1536	0	0	0	0	0	0	1661972015106
1273	1534	0	0	0	0	0	0	1661972016126
1273	1532	0	0	0	0	0	0	1661972017146
1273	1531	0	0	0	0	0	0	1661972018166
1273	1530	0	0	0	0	0	0	1661972019186
1273	1530	0	0	0	0	0	0	1661972020206
1273	1530	0	0	0	0	0	0	1661972021226
1274	1528	0	0	0	0	0	0	1661972022246
1274	1529	0	0	0	0	0	0	1661972023266
1274	1527	0	0	0	0	0	0	1661972024286
1274	1527	0	0	0	0	0	0	1661972025306
1274	1527	0	0	0	0	0	0	1661972026326
1274	1527	0	0	0	0	0	0	1661972027346
1284	1526	0	0	0	0	0	0	1661972028366
1280	1525	0	0	0	0	0	0	1661972029386
1278	1525	0	0	0	0	0	0	1661972030406
1276	1524	0	0	0	0	0	0	1661972031426
1275	1524	0	0	0	0	0	0	1661972032446
1275	1525	0	0	0	0	0	0	1661972033466
1274	1524	0	0	0	0	0	0	1661972034486
1274	1523	0	0	0	0	0	0	1661972035506
1274	1524	0	0	0	0	0	0	1661972036526
1273	1523	0	0	0	0	0	0	1661972037546
1274	1523	0	0	0	0	0	0	1661972038566
1273	1522	0	0	0	0	0	0	1661972039586
1273	1522	0	0	0	0	0	0	1661972040606
1274	1522	0	0	0	0	0	0	1661972041626
1274	1522	0	0	0	0	0	0	1661972042646
1274	1522	0	0	0	0	0	0	1661972043666
1274	1522	0	0	0	0	0	0	1661972044686
1274	1522	0	0	0	0	0	0	1661972045706
1273	1522	0	0	0	0	0	0	1661972046726
1273	1522	0	0	0	0	0	0	1661972047746
1274	1522	0	0	0	0	0	0	1661972048766
1274	1522	0	0	0	0	0	0	1661972049786
1273	1521	0	0	0	0	0	0	1661972050806
1273	1521	0	0	0	0	0	0	1661972051826
1273	1522	0	0	0	0	0	0	1661972052846
1273	1522	0	0	0	0	0	0	1661972053866
1273	1522	0	0	0	0	0	0	1661972054886
1273	1522	0	0	0	0	0	0	1661972055906
1273	1522	0	0	0	0	0	0	1661972056926
1273	1522	0	0	0	0	0	0	1661972057946
1273	1522	0	0	0	0	0	0	1661972058966
1273	1522	0	0	0	0	0	0	1661972059986
1273	1521	0	0	0	0	0	0	1661972061006
1273	1521	0	0	0	0	0	0	1661972062026
1273	1521	0	0	0	0	0	0	1661972063046
1273	1521	0	0	0	0	0	0	1661972064066
1273	1521	0	0	0	0	0	0	1661972065086
1273	1521	0	0	0	0	0	0	1661972066106
1273	1521	0	0	0	0	0	0	1661972067126
1273	1521	0	0	0	0	0	0	1661972068146
1273	1521	0	0	0	0	0	0	1661972069166
1273	1521	0	0	0	0	0	0	1661972070186
1273	1521	0	0	0	0	0	0	1661972071206
1274	1521	0	0	0	0	0	0	1661972072226
1274	1521	0	0	0	0	0	0	1661972073246
1274	1521	0	0	0	0	0	0	1661972074266
1274	1521	0	0	0	0	0	0	1661972075286
1273	1521	0	0	0	0	0	0	1661972076306
1273	1521	0	0	0	0	0	0	1661972077326
1273	1521	0	0	0	0	0	0	1661972078346
1273	1521	0	0	0	0	0	0	1661972079366
1273	1521	0	0	0	0	0	0	1661972080386
1273	1521	0	0	0	0	0	0	1661972081406
1273	1521	0	0	0	0	0	0	1661972082426
1273	1521	0	0	0	0	0	0	1661972083446
1273	1521	0	0	0	0	0	0	1661972084466
1273	1521	0	0	0	0	0	0	1661972085486
1273	1521	0	0	0	0	0	0	1661972086506
1273	1521	0	0	0	0	0	0	1661972087526
1273	1521	0	0	0	0	0	0	1661972088546
1273	1521	0	0	0	0	0	0	1661972089566
1273	1521	0	0	0	0	0	0	1661972090586
1273	1521	0	0	0	0	0	0	1661972091606
1273	1521	0	0	0	0	0	0	1661972092626
1273	1521	0	0	0	0	0	0	1661972093646
1273	1521	0	0	0	0	0	0	1661972094666
1273	1521	0	0	0	0	0	0	1661972095686
1273	1521	0	0	0	0	0	0	1661972096706
1272	1521	0	0	0	0	0	0	1661972097726
1272	1521	0	0	0	0	0	0	1661972098746
1272	1521	0	0	0	0	0	0	1661972099766
1272	1521	0	0	0	0	0	0	1661972100786
1272	1521	0	0	0	0	0	0	1661972101806
1272	1521	0	0	0	0	0	0	1661972102826
1272	1521	0	0	0	0	0	0	1661972103846
1272	1521	0	0	0	0	0	0	1661972104866
1272	1521	0	0	0	0	0	0	1661972105886
1272	1521	0	0	0	0	0	0	1661972106906
1272	1521	0	0	0	0	0	0	1661972107926
1272	1521	0	0	0	0	0	0	1661972108946
1272	1521	0	0	0	0	0	0	1661972109966
1272	1521	0	0	0	0	0	0	1661972110986
1272	1521	0	0	0	0	0	0	1661972112006
1272	1521	0	0	0	0	0	0	1661972113026
1272	1521	0	0	0	0	0	0	1661972114046
1272	1521	0	0	0	0	0	0	1661972115066
1272	1521	0	0	0	0	0	0	1661972116086
1272	1521	0	0	0	0	0	0	1661972117106
1272	1521	0	0	0	0	0	0	1661972118126
1272	1521	0	0	0	0	0	0	1661972119146
1272	1521	0	0	0	0	0	0	1661972120166
1272	1521	0	0	0	0	0	0	1661972121186
1272	1521	0	0	0	0	0	0	1661972122206
1273	1521	0	0	0	0	0	0	1661972123226
1272	1521	0	0	0	0	0	0	1661972124246
1272	1521	0	0	0	0	0	0	1661972125266
1272	1521	0	0	0	0	0	0	1661972126286
1272	1521	0	0	0	0	0	0	1661972127306
1272	1521	0	0	0	0	0	0	1661972128326
1272	1521	0	0	0	0	0	0	1661972129346
1272	1521	0	0	0	0	0	0	1661972130366
1272	1521	0	0	0	0	0	0	1661972131386
1272	1521	0	0	0	0	0	0	1661972132406
1272	1521	0	0	0	0	0	0	1661972133426
1272	1521	0	0	0	0	0	0	1661972134446
1272	1521	0	0	0	0	0	0	1661972135466
1272	1521	0	0	0	0	0	0	1661972136486
1272	1521	0	0	0	0	0	0	1661972137506
1273	1521	0	0	0	0	0	0	1661972138526
1273	1521	0	0	0	0	0	0	1661972139546
1273	1521	0	0	0	0	0	0	1661972140566
1273	1521	0	0	0	0	0	0	1661972141586
1273	1521	0	0	0	0	0	0	1661972142606
1273	1521	0	0	0	0	0	0	1661972143626
1273	1521	0	0	0	0	0	0	1661972144646
1273	1521	0	0	0	0	0	0	1661972145666
1273	1521	0	0	0	0	0	0	1661972146686
1273	1521	0	0	0	0	0	0	1661972147706
1273	1521	0	0	0	0	0	0	1661972148726
1273	1521	0	0	0	0	0	0	1661972149746
1273	1521	0	0	0	0	0	0	1661972150766
1273	1521	0	0	0	0	0	0	1661972151786
1273	1521	0	0	0	0	0	0	1661972152806
1273	1521	0	0	0	0	0	0	1661972153826
1273	1521	0	0	0	0	0	0	1661972154846
1273	1521	0	0	0	0	0	0	1661972155866
1273	1521	0	0	0	0	0	0	1661972156886
1273	1521	0	0	0	0	0	0	1661972157906
1273	1521	0	0	0	0	0	0	1661972158926
1273	1521	0	0	0	0	0	0	1661972159946
1273	1521	0	0	0	0	0	0	1661972160966
1273	1521	0	0	0	0	0	0	1661972161986
1273	1521	0	0	0	0	0	0	1661972163006
1273	1521	0	0	0	0	0	0	1661972164026
1273	1521	0	0	0	0	0	0	1661972165046
1273	1521	0	0	0	0	0	0	1661972166066
1273	1521	0	0	0	0	0	0	1661972167086
1273	1521	0	0	0	0	0	0	1661972168106
1273	1521	0	0	0	0	0	0	1661972169126
1273	1521	0	0	0	0	0	0	1661972170146
1273	1521	0	0	0	0	0	0	1661972171166
1273	1521	0	0	0	0	0	0	1661972172186
1273	1521	0	0	0	0	0	0	1661972173206
1273	1521	0	0	0	0	0	0	1661972174226
1273	1521	0	0	0	0	0	0	1661972175246
1273	1521	0	0	0	0	0	0	1661972176266
1272	1521	0	0	0	0	0	0	1661972177286
1272	1521	0	0	0	0	0	0	1661972178306
1273	1521	0	0	0	0	0	0	1661972179326
1273	1521	0	0	0	0	0	0	1661972180346
1273	1521	0	0	0	0	0	0	1661972181366
1273	1521	0	0	0	0	0	0	1661972182386
1273	1521	0	0	0	0	0	0	1661972183406
1273	1521	0	0	0	0	0	0	1661972184426
1273	1504	0	0	0	0	0	0	1661972185476
1273	1511	0	0	0	0	0	0	1661972186496
1273	1515	0	0	0	0	0	0	1661972187516
1273	1517	0	0	0	0	0	0	1661972188536
1273	1519	0	0	0	0	0	0	1661972189556
1273	1520	0	0	0	0	0	0	1661972190576
1273	1520	0	0	0	0	0	0	1661972191596
1273	1520	0	0	0	0	0	0	1661972192616
1273	1520	0	0	0	0	0	0	1661972193636
1273	1520	0	0	0	0	0	0	1661972194656
1273	1520	0	0	0	0	0	0	1661972195676
1273	1521	0	0	0	0	0	0	1661972196696
1273	1521	0	0	0	0	0	0	1661972197716
1273	1521	0	0	0	0	0	0	1661972198736
1273	1521	0	0	0	0	0	0	1661972199756
1273	1521	0	0	0	0	0	0	1661972200776
1273	1521	0	0	0	0	0	0	1661972201796
1273	1521	0	0	0	0	0	0	1661972202816
1273	1521	0	0	0	0	0	0	1661972203836
1273	1521	0	0	0	0	0	0	1661972204856
1273	1521	0	0	0	0	0	0	1661972205876
1273	1521	0	0	0	0	0	0	1661972206896
1273	1521	0	0	0	0	0	0	1661972207916
1273	1521	0	0	0	0	0	0	1661972208936
1273	1521	0	0	0	0	0	0	1661972209956
1273	1521	0	0	0	0	0	0	1661972210976
1273	1521	0	0	0	0	0	0	1661972211996
1273	1521	0	0	0	0	0	0	1661972213016
1273	1521	0	0	0	0	0	0	1661972214036
1273	1521	0	0	0	0	0	0	1661972215056
1273	1521	0	0	0	0	0	0	1661972216076
1273	1521	0	0	0	0	0	0	1661972217096
1273	1521	0	0	0	0	0	0	1661972218116
1273	1521	0	0	0	0	0	0	1661972219136
1273	1521	0	0	0	0	0	0	1661972220156
1273	1521	0	0	0	0	0	0	1661972221176
1273	1521	0	0	0	0	0	0	1661972222196
1273	1521	0	0	0	0	0	0	1661972223216
1273	1521	0	0	0	0	0	0	1661972224236
1273	1521	0	0	0	0	0	0	1661972225256
1273	1521	0	0	0	0	0	0	1661972226276
1273	1521	0	0	0	0	0	0	1661972227296
1273	1521	0	0	0	0	0	0	1661972228316
1273	1521	0	0	0	0	0	0	1661972229336
1273	1521	0	0	0	0	0	0	1661972230356
1272	1520	0	0	0	0	0	0	1661972231376
1272	1521	0	0	0	0	0	0	1661972232396
1272	1521	0	0	0	0	0	0	1661972233416
1272	1521	0	0	0	0	0	0	1661972234436
1272	1521	0	0	0	0	0	0	1661972235456
1272	1520	0	0	0	0	0	0	1661972236476
1272	1520	0	0	0	0	0	0	1661972237496
1272	1520	0	0	0	0	0	0	1661972238516
1272	1520	0	0	0	0	0	0	1661972239536
1272	1520	0	0	0	0	0	0	1661972240556
1272	1520	0	0	0	0	0	0	1661972241576
1272	1519	0	0	0	0	0	0	1661972242596
1272	1518	0	0	0	0	0	0	1661972243616
1272	1519	0	0	0	0	0	0	1661972244636
1272	1519	0	0	0	0	0	0	1661972245656
1272	1519	0	0	0	0	0	0	1661972246676
1272	1520	0	0	0	0	0	0	1661972247696
1272	1520	0	0	0	0	0	0	1661972248716
1272	1520	0	0	0	0	0	0	1661972249736
1272	1520	0	0	0	0	0	0	1661972250756
1272	1518	0	0	0	0	0	0	1661972251776
1272	1518	0	0	0	0	0	0	1661972252796
1272	1518	0	0	0	0	0	0	1661972253816
1272	1516	0	0	0	0	0	0	1661972254836
1272	1517	0	0	0	0	0	0	1661972255856
1272	1516	0	0	0	0	0	0	1661972256876
1272	1513	0	0	0	0	0	0	1661972257896
1272	1513	0	0	0	0	0	0	1661972258916
1272	1513	0	0	0	0	0	0	1661972259936
1272	1514	0	0	0	0	0	0	1661972260956
1272	1513	0	0	0	0	0	0	1661972261976
1272	1511	0	0	0	0	0	0	1661972262996
1272	1513	0	0	0	0	0	0	1661972264016
1272	1515	0	0	0	0	0	0	1661972265036
1272	1517	0	0	0	0	0	0	1661972266056
1272	1515	0	0	0	0	0	0	1661972267076
1272	1513	0	0	0	0	0	0	1661972268096
1272	1513	0	0	0	0	0	0	1661972269116
1272	1511	0	0	0	0	0	0	1661972270136
1272	1512	0	0	0	0	0	0	1661972271156
1272	1514	0	0	0	0	0	0	1661972272176
1272	1513	0	0	0	0	0	0	1661972273196
1272	1513	0	0	0	0	0	0	1661972274216
1272	1513	0	0	0	0	0	0	1661972275236
1272	1511	0	0	0	0	0	0	1661972276256
1272	1512	0	0	0	0	0	0	1661972277276
1272	1513	0	0	0	0	0	0	1661972278296
1272	1512	0	0	0	0	0	0	1661972279316
1272	1511	0	0	0	0	0	0	1661972280336
1272	1512	0	0	0	0	0	0	1661972281356
1272	1510	0	0	0	0	0	0	1661972282376
1272	1508	0	0	0	0	0	0	1661972283396
1272	1509	0	0	0	0	0	0	1661972284416
1272	1506	0	0	0	0	0	0	1661972285436
1272	1508	0	0	0	0	0	0	1661972286456
1272	1509	0	0	0	0	0	0	1661972287476
1272	1509	0	0	0	0	0	0	1661972288496
1272	1509	0	0	0	0	0	0	1661972289516
1272	1507	0	0	0	0	0	0	1661972290536
1272	1505	0	0	0	0	0	0	1661972291556
1272	1502	0	0	0	0	0	0	1661972292576
1272	1504	0	0	0	0	0	0	1661972293596
1272	1500	0	0	0	0	0	0	1661972294616
1272	1504	0	0	0	0	0	0	1661972295636
1272	1507	0	0	0	0	0	0	1661972296656
1272	1511	0	0	0	0	0	0	1661972297676
1272	1515	0	0	0	0	0	0	1661972298696
1272	1509	0	0	0	0	0	0	1661972299716
1272	1506	0	0	0	0	0	0	1661972300736
1272	1507	0	0	0	0	0	0	1661972301756
1272	1507	0	0	0	0	0	0	1661972302776
1272	1507	0	0	0	0	0	0	1661972303796
1272	1510	0	0	0	0	0	0	1661972304816
1272	1513	0	0	0	0	0	0	1661972305836
1272	1516	0	0	0	0	0	0	1661972306856
1272	1518	0	0	0	0	0	0	1661972307876
1272	1519	0	0	0	0	0	0	1661972308896
1272	1520	0	0	0	0	0	0	1661972309916
1272	1521	0	0	0	0	0	0	1661972310936
1272	1521	0	0	0	0	0	0	1661972311956
1272	1521	0	0	0	0	0	0	1661972312976
1272	1521	0	0	0	0	0	0	1661972313996
1272	1516	0	0	0	0	0	0	1661972315016
1272	1516	0	0	0	0	0	0	1661972316036
1272	1518	0	0	0	0	0	0	1661972317056
1272	1519	0	0	0	0	0	0	1661972318076
1272	1520	0	0	0	0	0	0	1661972319096
1272	1520	0	0	0	0	0	0	1661972320116
1272	1520	0	0	0	0	0	0	1661972321136
1272	1520	0	0	0	0	0	0	1661972322156
1272	1521	0	0	0	0	0	0	1661972323176
1272	1521	0	0	0	0	0	0	1661972324196
1272	1521	0	0	0	0	0	0	1661972325216
1272	1521	0	0	0	0	0	0	1661972326236
1272	1521	0	0	0	0	0	0	1661972327256
1272	1521	0	0	0	0	0	0	1661972328276
1272	1521	0	0	0	0	0	0	1661972329296
1272	1521	0	0	0	0	0	0	1661972330316
1272	1521	0	0	0	0	0	0	1661972331336
1272	1521	0	0	0	0	0	0	1661972332356
1272	1521	0	0	0	0	0	0	1661972333376
1272	1521	0	0	0	0	0	0	1661972334396
1272	1521	0	0	0	0	0	0	1661972335416
1272	1521	0	0	0	0	0	0	1661972336436
1272	1521	0	0	0	0	0	0	1661972337456
1272	1521	0	0	0	0	0	0	1661972338476
1272	1521	0	0	0	0	0	0	1661972339496
1272	1521	0	0	0	0	0	0	1661972340516
1272	1521	0	0	0	0	0	0	1661972341536
1272	1521	0	0	0	0	0	0	1661972342556
1272	1521	0	0	0	0	0	0	1661972343576
1272	1521	0	0	0	0	0	0	1661972344596
1272	1521	0	0	0	0	0	0	1661972345616
1272	1521	0	0	0	0	0	0	1661972346636
1272	1521	0	0	0	0	0	0	1661972347656
1272	1521	0	0	0	0	0	0	1661972348676
1272	1521	0	0	0	0	0	0	1661972349696
1272	1521	0	0	0	0	0	0	1661972350716
1272	1521	0	0	0	0	0	0	1661972351736
1272	1521	0	0	0	0	0	0	1661972352756
1272	1521	0	0	0	0	0	0	1661972353776
1272	1521	0	0	0	0	0	0	1661972354796
1272	1521	0	0	0	0	0	0	1661972355816
1272	1521	0	0	0	0	0	0	1661972356836
1272	1521	0	0	0	0	0	0	1661972357856
1272	1521	0	0	0	0	0	0	1661972358876
1272	1521	0	0	0	0	0	0	1661972359896
1272	1521	0	0	0	0	0	0	1661972360916
1272	1521	0	0	0	0	0	0	1661972361936
1272	1521	0	0	0	0	0	0	1661972362956
1272	1521	0	0	0	0	0	0	1661972363976
1272	1521	0	0	0	0	0	0	1661972364996
1272	1521	0	0	0	0	0	0	1661972366016
1272	1521	0	0	0	0	0	0	1661972367036
1272	1521	0	0	0	0	0	0	1661972368056
1272	1521	0	0	0	0	0	0	1661972369076
1272	1521	0	0	0	0	0	0	1661972370096
1272	1521	0	0	0	0	0	0	1661972371116
1272	1521	0	0	0	0	0	0	1661972372136
1272	1521	0	0	0	0	0	0	1661972373156
1272	1521	0	0	0	0	0	0	1661972374176
1272	1521	0	0	0	0	0	0	1661972375196
1272	1521	0	0	0	0	0	0	1661972376216
1272	1521	0	0	0	0	0	0	1661972377236
1272	1521	0	0	0	0	0	0	1661972378256
1272	1521	0	0	0	0	0	0	1661972379276
1272	1521	0	0	0	0	0	0	1661972380296
1272	1521	0	0	0	0	0	0	1661972381316
1272	1521	0	0	0	0	0	0	1661972382336
1272	1521	0	0	0	0	0	0	1661972383356
1272	1521	0	0	0	0	0	0	1661972384376
1272	1521	0	0	0	0	0	0	1661972385396
1272	1521	0	0	0	0	0	0	1661972386416
1272	1521	0	0	0	0	0	0	1661972387436
1272	1521	0	0	0	0	0	0	1661972388456
1272	1521	0	0	0	0	0	0	1661972389476
1272	1521	0	0	0	0	0	0	1661972390496
1272	1521	0	0	0	0	0	0	1661972391516
1272	1521	0	0	0	0	0	0	1661972392536
1272	1521	0	0	0	0	0	0	1661972393556
1272	1521	0	0	0	0	0	0	1661972394576
1272	1521	0	0	0	0	0	0	1661972395596
1272	1521	0	0	0	0	0	0	1661972396616
1272	1521	0	0	0	0	0	0	1661972397636
1272	1521	0	0	0	0	0	0	1661972398656
1272	1521	0	0	0	0	0	0	1661972399676
1272	1521	0	0	0	0	0	0	1661972400696
1272	1521	0	0	0	0	0	0	1661972401716
1272	1521	0	0	0	0	0	0	1661972402736
1272	1521	0	0	0	0	0	0	1661972403756
1272	1521	0	0	0	0	0	0	1661972404776
1272	1521	0	0	0	0	0	0	1661972405796
1272	1521	0	0	0	0	0	0	1661972406816
1272	1521	0	0	0	0	0	0	1661972407836
1272	1521	0	0	0	0	0	0	1661972408856
1272	1521	0	0	0	0	0	0	1661972409876
1272	1521	0	0	0	0	0	0	1661972410896
1272	1521	0	0	0	0	0	0	1661972411916
1272	1521	0	0	0	0	0	0	1661972412936
1272	1521	0	0	0	0	0	0	1661972413956
1272	1521	0	0	0	0	0	0	1661972414976
1272	1521	0	0	0	0	0	0	1661972415996
1272	1521	0	0	0	0	0	0	1661972417016
1272	1521	0	0	0	0	0	0	1661972418036
1272	1521	0	0	0	0	0	0	1661972419056
1272	1521	0	0	0	0	0	0	1661972420076
1272	1521	0	0	0	0	0	0	1661972421096
1272	1521	0	0	0	0	0	0	1661972422116
1272	1521	0	0	0	0	0	0	1661972423136
1272	1521	0	0	0	0	0	0	1661972424156
1272	1521	0	0	0	0	0	0	1661972425176
1272	1521	0	0	0	0	0	0	1661972426196
1272	1521	0	0	0	0	0	0	1661972427216
1272	1521	0	0	0	0	0	0	1661972428236
1272	1521	0	0	0	0	0	0	1661972429256
1272	1521	0	0	0	0	0	0	1661972430276
1272	1521	0	0	0	0	0	0	1661972431296
1272	1521	0	0	0	0	0	0	1661972432316
1272	1521	0	0	0	0	0	0	1661972433336
1272	1521	0	0	0	0	0	0	1661972434356
1272	1521	0	0	0	0	0	0	1661972435376
1272	1521	0	0	0	0	0	0	1661972436396
1272	1521	0	0	0	0	0	0	1661972437416
1272	1521	0	0	0	0	0	0	1661972438436
1272	1521	0	0	0	0	0	0	1661972439456
1272	1521	0	0	0	0	0	0	1661972440476
1272	1521	0	0	0	0	0	0	1661972441496
1272	1521	0	0	0	0	0	0	1661972442516
1272	1521	0	0	0	0	0	0	1661972443536
1272	1521	0	0	0	0	0	0	1661972444556
1272	1521	0	0	0	0	0	0	1661972445576
1272	1521	0	0	0	0	0	0	1661972446596
1272	1521	0	0	0	0	0	0	1661972447616
1272	1521	0	0	0	0	0	0	1661972448636
1272	1521	0	0	0	0	0	0	1661972449656
1272	1521	0	0	0	0	0	0	1661972450676
1272	1521	0	0	0	0	0	0	1661972451696
1272	1521	0	0	0	0	0	0	1661972452716
1272	1521	0	0	0	0	0	0	1661972453736
1272	1521	0	0	0	0	0	0	1661972454756
1272	1521	0	0	0	0	0	0	1661972455776
1272	1521	0	0	0	0	0	0	1661972456796
1272	1521	0	0	0	0	0	0	1661972457816
1272	1521	0	0	0	0	0	0	1661972458836
1272	1521	0	0	0	0	0	0	1661972459856
1272	1521	0	0	0	0	0	0	1661972460876
1272	1521	0	0	0	0	0	0	1661972461896
1272	1521	0	0	0	0	0	0	1661972462916
1272	1521	0	0	0	0	0	0	1661972463936
1272	1521	0	0	0	0	0	0	1661972464956
1272	1521	0	0	0	0	0	0	1661972465976
1272	1521	0	0	0	0	0	0	1661972466996
1272	1521	0	0	0	0	0	0	1661972468016
1272	1521	0	0	0	0	0	0	1661972469036
1272	1521	0	0	0	0	0	0	1661972470056
1272	1521	0	0	0	0	0	0	1661972471076
1272	1521	0	0	0	0	0	0	1661972472096
1272	1521	0	0	0	0	0	0	1661972473116
1272	1521	0	0	0	0	0	0	1661972474136
1272	1521	0	0	0	0	0	0	1661972475156
1272	1521	0	0	0	0	0	0	1661972476176
1272	1521	0	0	0	0	0	0	1661972477196
1272	1521	0	0	0	0	0	0	1661972478216
1272	1521	0	0	0	0	0	0	1661972479236
1272	1521	0	0	0	0	0	0	1661972480256
1272	1521	0	0	0	0	0	0	1661972481276
1272	1521	0	0	0	0	0	0	1661972482296
1272	1521	0	0	0	0	0	0	1661972483316
1272	1521	0	0	0	0	0	0	1661972484336
1272	1521	0	0	0	0	0	0	1661972485356
1272	1521	0	0	0	0	0	0	1661972486376
1272	1521	0	0	0	0	0	0	1661972487396
1272	1521	0	0	0	0	0	0	1661972488416
1272	1521	0	0	0	0	0	0	1661972489436
1272	1521	0	0	0	0	0	0	1661972490456
1272	1521	0	0	0	0	0	0	1661972491476
1272	1521	0	0	0	0	0	0	1661972492496
1272	1521	0	0	0	0	0	0	1661972493516
1272	1521	0	0	0	0	0	0	1661972494536
1272	1521	0	0	0	0	0	0	1661972495556
1272	1521	0	0	0	0	0	0	1661972496576
1272	1521	0	0	0	0	0	0	1661972497596
1272	1521	0	0	0	0	0	0	1661972498616
1272	1521	0	0	0	0	0	0	1661972499636
1272	1521	0	0	0	0	0	0	1661972500656
1272	1521	0	0	0	0	0	0	1661972501676
1272	1521	0	0	0	0	0	0	1661972502696
1272	1521	0	0	0	0	0	0	1661972503716
1272	1521	0	0	0	0	0	0	1661972504736
1272	1521	0	0	0	0	0	0	1661972505756
1272	1521	0	0	0	0	0	0	1661972506776
1272	1521	0	0	0	0	0	0	1661972507796
1272	1521	0	0	0	0	0	0	1661972508816
1272	1521	0	0	0	0	0	0	1661972509836
1273	1521	0	0	0	0	0	0	1661972510856
1273	1521	0	0	0	0	0	0	1661972511876
1273	1521	0	0	0	0	0	0	1661972512896
1273	1521	0	0	0	0	0	0	1661972513916
1273	1521	0	0	0	0	0	0	1661972514936
1273	1521	0	0	0	0	0	0	1661972515956
1273	1521	0	0	0	0	0	0	1661972516976
1273	1521	0	0	0	0	0	0	1661972517996
1273	1521	0	0	0	0	0	0	1661972519016
1273	1521	0	0	0	0	0	0	1661972520036
1273	1521	0	0	0	0	0	0	1661972521056
1273	1521	0	0	0	0	0	0	1661972522076
1273	1521	0	0	0	0	0	0	1661972523096
1273	1521	0	0	0	0	0	0	1661972524116
1273	1521	0	0	0	0	0	0	1661972525136
1273	1521	0	0	0	0	0	0	1661972526156
1273	1521	0	0	0	0	0	0	1661972527176
1272	1521	0	0	0	0	0	0	1661972528196
1272	1521	0	0	0	0	0	0	1661972529216
1272	1521	0	0	0	0	0	0	1661972530236
1272	1521	0	0	0	0	0	0	1661972531256
1272	1521	0	0	0	0	0	0	1661972532276
1272	1521	0	0	0	0	0	0	1661972533296
1272	1521	0	0	0	0	0	0	1661972534316
1272	1521	0	0	0	0	0	0	1661972535336
1272	1521	0	0	0	0	0	0	1661972536356
1272	1521	0	0	0	0	0	0	1661972537376
1272	1521	0	0	0	0	0	0	1661972538396
1272	1521	0	0	0	0	0	0	1661972539416
1272	1521	0	0	0	0	0	0	1661972540436
1272	1521	0	0	0	0	0	0	1661972541456
1272	1521	0	0	0	0	0	0	1661972542476
1272	1521	0	0	0	0	0	0	1661972543496
1272	1521	0	0	0	0	0	0	1661972544516
