2037	1880	0	0	0	0	0	0	1662651273670
2023	1870	0	0	0	0	0	0	1662651274690
2005	1864	0	0	0	0	0	0	1662651275710
1988	1861	0	0	0	0	0	0	1662651276730
1970	1860	0	0	0	0	0	0	1662651277750
1952	1863	0	0	0	0	0	0	1662651278770
1936	1888	0	0	0	0	0	0	1662651279790
1916	1885	0	0	0	0	0	0	1662651280810
1904	1873	0	0	0	0	0	0	1662651281830
1896	1866	0	0	0	0	0	0	1662651282850
1881	1862	0	0	0	0	0	0	1662651283870
1872	1860	0	0	0	0	0	0	1662651284890
1865	1859	0	0	0	0	0	0	1662651285910
1852	1858	0	0	0	0	0	0	1662651286930
1843	1857	0	0	0	0	0	0	1662651287950
1838	1856	0	0	0	0	0	0	1662651288970
1830	1856	0	0	0	0	0	0	1662651289990
1819	1856	0	0	0	0	0	0	1662651291010
1812	1856	0	0	0	0	0	0	1662651292030
1808	1856	0	0	0	0	0	0	1662651293050
1803	1856	0	0	0	0	0	0	1662651294070
1792	1856	0	0	0	0	0	0	1662651295090
1785	1852	0	0	0	0	0	0	1662651296110
1781	1856	0	0	0	0	0	0	1662651297130
1778	1856	0	0	0	0	0	0	1662651298150
1777	1856	0	0	0	0	0	0	1662651299170
1771	1856	0	0	0	0	0	0	1662651300190
1762	1856	0	0	0	0	0	0	1662651301210
1756	1856	0	0	0	0	0	0	1662651302230
1752	1856	0	0	0	0	0	0	1662651303250
1750	1856	0	0	0	0	0	0	1662651304270
1749	1856	0	0	0	0	0	0	1662651305290
1748	1856	0	0	0	0	0	0	1662651306310
1742	1856	0	0	0	0	0	0	1662651307330
1733	1856	0	0	0	0	0	0	1662651308350
1728	1856	0	0	0	0	0	0	1662651309370
1724	1856	0	0	0	0	0	0	1662651310390
1722	1856	0	0	0	0	0	0	1662651311410
1721	1856	0	0	0	0	0	0	1662651312430
1720	1856	0	0	0	0	0	0	1662651313450
1720	1856	0	0	0	0	0	0	1662651314470
1718	1856	0	0	0	0	0	0	1662651315490
1710	1856	0	0	0	0	0	0	1662651316510
1702	1856	0	0	0	0	0	0	1662651317530
1698	1856	0	0	0	0	0	0	1662651318550
1695	1856	0	0	0	0	0	0	1662651319570
1693	1856	0	0	0	0	0	0	1662651320590
1692	1856	0	0	0	0	0	0	1662651321610
1692	1856	0	0	0	0	0	0	1662651322630
1692	1856	0	0	0	0	0	0	1662651323650
1691	1856	0	0	0	0	0	0	1662651324670
1690	1855	0	0	0	0	0	0	1662651325690
1685	1854	0	0	0	0	0	0	1662651326710
1678	1853	0	0	0	0	0	0	1662651327730
1672	1853	0	0	0	0	0	0	1662651328750
1668	1854	0	0	0	0	0	0	1662651329770
1666	1853	0	0	0	0	0	0	1662651330790
1665	1854	0	0	0	0	0	0	1662651331810
1664	1853	0	0	0	0	0	0	1662651332830
1663	1852	0	0	0	0	0	0	1662651333850
1663	1851	0	0	0	0	0	0	1662651334870
1663	1850	0	0	0	0	0	0	1662651335890
1663	1849	0	0	0	0	0	0	1662651336910
1663	1849	0	0	0	0	0	0	1662651337930
1663	1848	0	0	0	0	0	0	1662651338950
1660	1848	0	0	0	0	0	0	1662651339970
1652	1847	0	0	0	0	0	0	1662651340990
1647	1848	0	0	0	0	0	0	1662651342010
1642	1847	0	0	0	0	0	0	1662651343030
1639	1846	0	0	0	0	0	0	1662651344050
1638	1844	0	0	0	0	0	0	1662651345070
1637	1844	0	0	0	0	0	0	1662651346090
1636	1842	0	0	0	0	0	0	1662651347110
1636	1842	0	0	0	0	0	0	1662651348130
1635	1842	0	0	0	0	0	0	1662651349150
1635	1839	0	0	0	0	0	0	1662651350170
1635	1836	0	0	0	0	0	0	1662651351190
1635	1834	0	0	0	0	0	0	1662651352210
1635	1833	0	0	0	0	0	0	1662651353230
1635	1832	0	0	0	0	0	0	1662651354250
1635	1831	0	0	0	0	0	0	1662651355270
1635	1832	0	0	0	0	0	0	1662651356290
1635	1830	0	0	0	0	0	0	1662651357310
1635	1829	0	0	0	0	0	0	1662651358330
1631	1829	0	0	0	0	0	0	1662651359350
1628	1829	0	0	0	0	0	0	1662651360370
1623	1829	0	0	0	0	0	0	1662651361390
1618	1829	0	0	0	0	0	0	1662651362410
1615	1829	0	0	0	0	0	0	1662651363430
1612	1829	0	0	0	0	0	0	1662651364450
1610	1829	0	0	0	0	0	0	1662651365470
1609	1829	0	0	0	0	0	0	1662651366490
1608	1829	0	0	0	0	0	0	1662651367510
1608	1829	0	0	0	0	0	0	1662651368530
1607	1829	0	0	0	0	0	0	1662651369550
1607	1829	0	0	0	0	0	0	1662651370570
1607	1829	0	0	0	0	0	0	1662651371590
1607	1829	0	0	0	0	0	0	1662651372610
1607	1829	0	0	0	0	0	0	1662651373630
1607	1829	0	0	0	0	0	0	1662651374650
1607	1829	0	0	0	0	0	0	1662651375670
1607	1829	0	0	0	0	0	0	1662651376690
1607	1829	0	0	0	0	0	0	1662651377710
1607	1829	0	0	0	0	0	0	1662651378730
1607	1829	0	0	0	0	0	0	1662651379750
1607	1829	0	0	0	0	0	0	1662651380770
1607	1829	0	0	0	0	0	0	1662651381790
1607	1829	0	0	0	0	0	0	1662651382810
1607	1829	0	0	0	0	0	0	1662651383830
1606	1829	0	0	0	0	0	0	1662651384850
1605	1829	0	0	0	0	0	0	1662651385870
1601	1829	0	0	0	0	0	0	1662651386890
1597	1829	0	0	0	0	0	0	1662651387910
1593	1829	0	0	0	0	0	0	1662651388930
1589	1829	0	0	0	0	0	0	1662651389950
1587	1829	0	0	0	0	0	0	1662651390970
1584	1829	0	0	0	0	0	0	1662651391990
1582	1829	0	0	0	0	0	0	1662651393010
1581	1829	0	0	0	0	0	0	1662651394030
1580	1829	0	0	0	0	0	0	1662651395050
1580	1829	0	0	0	0	0	0	1662651396070
1580	1829	0	0	0	0	0	0	1662651397090
1580	1829	0	0	0	0	0	0	1662651398110
1579	1829	0	0	0	0	0	0	1662651399130
1579	1829	0	0	0	0	0	0	1662651400150
1579	1829	0	0	0	0	0	0	1662651401170
1579	1830	0	0	0	0	0	0	1662651402190
1580	1831	0	0	0	0	0	0	1662651403210
1580	1830	0	0	0	0	0	0	1662651404230
1580	1829	0	0	0	0	0	0	1662651405250
1579	1829	0	0	0	0	0	0	1662651406270
1579	1829	0	0	0	0	0	0	1662651407290
1579	1829	0	0	0	0	0	0	1662651408310
1579	1829	0	0	0	0	0	0	1662651409330
1579	1829	0	0	0	0	0	0	1662651410350
1579	1829	0	0	0	0	0	0	1662651411370
1579	1829	0	0	0	0	0	0	1662651412390
1579	1829	0	0	0	0	0	0	1662651413410
1579	1829	0	0	0	0	0	0	1662651414430
1579	1829	0	0	0	0	0	0	1662651415450
1579	1829	0	0	0	0	0	0	1662651416470
1579	1829	0	0	0	0	0	0	1662651417490
1579	1829	0	0	0	0	0	0	1662651418510
1579	1829	0	0	0	0	0	0	1662651419530
1579	1829	0	0	0	0	0	0	1662651420550
1579	1829	0	0	0	0	0	0	1662651421570
1578	1829	0	0	0	0	0	0	1662651422590
1576	1829	0	0	0	0	0	0	1662651423610
1574	1829	0	0	0	0	0	0	1662651424630
1574	1829	0	0	0	0	0	0	1662651425650
1571	1829	0	0	0	0	0	0	1662651426670
1567	1829	0	0	0	0	0	0	1662651427690
1564	1829	0	0	0	0	0	0	1662651428710
1562	1829	0	0	0	0	0	0	1662651429730
1559	1829	0	0	0	0	0	0	1662651430750
1558	1829	0	0	0	0	0	0	1662651431770
1556	1829	0	0	0	0	0	0	1662651432790
1554	1829	0	0	0	0	0	0	1662651433810
1554	1829	0	0	0	0	0	0	1662651434830
1553	1829	0	0	0	0	0	0	1662651435850
1552	1829	0	0	0	0	0	0	1662651436870
1552	1829	0	0	0	0	0	0	1662651437890
1552	1829	0	0	0	0	0	0	1662651438910
1552	1829	0	0	0	0	0	0	1662651439930
1552	1829	0	0	0	0	0	0	1662651440950
1552	1829	0	0	0	0	0	0	1662651441970
1552	1829	0	0	0	0	0	0	1662651442990
1552	1829	0	0	0	0	0	0	1662651444010
1552	1829	0	0	0	0	0	0	1662651445030
1552	1829	0	0	0	0	0	0	1662651446050
1552	1829	0	0	0	0	0	0	1662651447070
1552	1829	0	0	0	0	0	0	1662651448090
1552	1829	0	0	0	0	0	0	1662651449110
1552	1829	0	0	0	0	0	0	1662651450130
1552	1829	0	0	0	0	0	0	1662651451150
1552	1829	0	0	0	0	0	0	1662651452170
1552	1829	0	0	0	0	0	0	1662651453190
1552	1829	0	0	0	0	0	0	1662651454210
1552	1829	0	0	0	0	0	0	1662651455230
1552	1829	0	0	0	0	0	0	1662651456250
1551	1828	0	0	0	0	0	0	1662651457270
1551	1828	0	0	0	0	0	0	1662651458290
1551	1828	0	0	0	0	0	0	1662651459310
1551	1828	0	0	0	0	0	0	1662651460330
1551	1828	0	0	0	0	0	0	1662651461350
1551	1828	0	0	0	0	0	0	1662651462370
1551	1828	0	0	0	0	0	0	1662651463390
1551	1828	0	0	0	0	0	0	1662651464410
1551	1828	0	0	0	0	0	0	1662651465430
1551	1828	0	0	0	0	0	0	1662651466450
1551	1828	0	0	0	0	0	0	1662651467470
1551	1827	0	0	0	0	0	0	1662651468490
1551	1826	0	0	0	0	0	0	1662651469510
1551	1826	0	0	0	0	0	0	1662651470530
1551	1823	0	0	0	0	0	0	1662651471550
1551	1816	0	0	0	0	0	0	1662651472570
1551	1812	0	0	0	0	0	0	1662651473590
1551	1808	0	0	0	0	0	0	1662651474610
1551	1805	0	0	0	0	0	0	1662651475630
1551	1804	0	0	0	0	0	0	1662651476650
1551	1803	0	0	0	0	0	0	1662651477670
1551	1802	0	0	0	0	0	0	1662651478690
1551	1801	0	0	0	0	0	0	1662651479710
1551	1801	0	0	0	0	0	0	1662651480730
1551	1801	0	0	0	0	0	0	1662651481750
1551	1801	0	0	0	0	0	0	1662651482770
1551	1801	0	0	0	0	0	0	1662651483790
1551	1801	0	0	0	0	0	0	1662651484810
1551	1801	0	0	0	0	0	0	1662651485830
1551	1801	0	0	0	0	0	0	1662651486850
1551	1801	0	0	0	0	0	0	1662651487870
1550	1801	0	0	0	0	0	0	1662651488890
1549	1801	0	0	0	0	0	0	1662651489910
1549	1801	0	0	0	0	0	0	1662651490930
1547	1801	0	0	0	0	0	0	1662651491950
1547	1801	0	0	0	0	0	0	1662651492970
1543	1801	0	0	0	0	0	0	1662651493990
1541	1801	0	0	0	0	0	0	1662651495010
1539	1801	0	0	0	0	0	0	1662651496030
1536	1801	0	0	0	0	0	0	1662651497050
1535	1801	0	0	0	0	0	0	1662651498070
1531	1801	0	0	0	0	0	0	1662651499090
1530	1801	0	0	0	0	0	0	1662651500110
1528	1801	0	0	0	0	0	0	1662651501130
1527	1801	0	0	0	0	0	0	1662651502150
1527	1801	0	0	0	0	0	0	1662651503170
1527	1801	0	0	0	0	0	0	1662651504190
1526	1801	0	0	0	0	0	0	1662651505210
1525	1801	0	0	0	0	0	0	1662651506230
1524	1801	0	0	0	0	0	0	1662651507250
1524	1801	0	0	0	0	0	0	1662651508270
1524	1801	0	0	0	0	0	0	1662651509290
1524	1801	0	0	0	0	0	0	1662651510310
1524	1801	0	0	0	0	0	0	1662651511330
1523	1801	0	0	0	0	0	0	1662651512350
1523	1801	0	0	0	0	0	0	1662651513370
1523	1801	0	0	0	0	0	0	1662651514390
1523	1801	0	0	0	0	0	0	1662651515410
1523	1801	0	0	0	0	0	0	1662651516430
1523	1801	0	0	0	0	0	0	1662651517450
1523	1801	0	0	0	0	0	0	1662651518470
1523	1801	0	0	0	0	0	0	1662651519490
1523	1801	0	0	0	0	0	0	1662651520510
1523	1801	0	0	0	0	0	0	1662651521530
1523	1801	0	0	0	0	0	0	1662651522550
1523	1801	0	0	0	0	0	0	1662651523570
1523	1800	0	0	0	0	0	0	1662651524590
1523	1800	0	0	0	0	0	0	1662651525610
1523	1799	0	0	0	0	0	0	1662651526630
1523	1797	0	0	0	0	0	0	1662651527650
1523	1795	0	0	0	0	0	0	1662651528670
1523	1795	0	0	0	0	0	0	1662651529690
1523	1793	0	0	0	0	0	0	1662651530710
1523	1790	0	0	0	0	0	0	1662651531730
1523	1787	0	0	0	0	0	0	1662651532750
1524	1784	0	0	0	0	0	0	1662651533770
1524	1783	0	0	0	0	0	0	1662651534790
1524	1781	0	0	0	0	0	0	1662651535810
1524	1779	0	0	0	0	0	0	1662651536830
1524	1778	0	0	0	0	0	0	1662651537850
1524	1779	0	0	0	0	0	0	1662651538870
1524	1777	0	0	0	0	0	0	1662651539890
1524	1776	0	0	0	0	0	0	1662651540910
1524	1775	0	0	0	0	0	0	1662651541930
1524	1774	0	0	0	0	0	0	1662651542950
1524	1774	0	0	0	0	0	0	1662651543970
1524	1774	0	0	0	0	0	0	1662651544990
1524	1774	0	0	0	0	0	0	1662651546010
1524	1774	0	0	0	0	0	0	1662651547030
1524	1774	0	0	0	0	0	0	1662651548050
1524	1773	0	0	0	0	0	0	1662651549070
1524	1773	0	0	0	0	0	0	1662651550090
1524	1773	0	0	0	0	0	0	1662651551110
1524	1773	0	0	0	0	0	0	1662651552130
1524	1773	0	0	0	0	0	0	1662651553150
1524	1773	0	0	0	0	0	0	1662651554170
1524	1773	0	0	0	0	0	0	1662651555190
1524	1773	0	0	0	0	0	0	1662651556210
1524	1773	0	0	0	0	0	0	1662651557230
1524	1773	0	0	0	0	0	0	1662651558250
1524	1773	0	0	0	0	0	0	1662651559270
1524	1773	0	0	0	0	0	0	1662651560290
1524	1773	0	0	0	0	0	0	1662651561310
1524	1773	0	0	0	0	0	0	1662651562330
1524	1773	0	0	0	0	0	0	1662651563350
1524	1773	0	0	0	0	0	0	1662651564370
1524	1773	0	0	0	0	0	0	1662651565390
1524	1773	0	0	0	0	0	0	1662651566410
1524	1773	0	0	0	0	0	0	1662651567430
1524	1773	0	0	0	0	0	0	1662651568450
1524	1773	0	0	0	0	0	0	1662651569470
1524	1773	0	0	0	0	0	0	1662651570490
1524	1773	0	0	0	0	0	0	1662651571510
1524	1773	0	0	0	0	0	0	1662651572530
1524	1773	0	0	0	0	0	0	1662651573550
1524	1773	0	0	0	0	0	0	1662651574570
1523	1773	0	0	0	0	0	0	1662651575590
1523	1773	0	0	0	0	0	0	1662651576610
1523	1773	0	0	0	0	0	0	1662651577630
1523	1773	0	0	0	0	0	0	1662651578650
1523	1773	0	0	0	0	0	0	1662651579670
1523	1773	0	0	0	0	0	0	1662651580690
1523	1773	0	0	0	0	0	0	1662651581710
1523	1773	0	0	0	0	0	0	1662651582730
1523	1773	0	0	0	0	0	0	1662651583750
1523	1773	0	0	0	0	0	0	1662651584770
1523	1773	0	0	0	0	0	0	1662651585790
1523	1773	0	0	0	0	0	0	1662651586810
1523	1773	0	0	0	0	0	0	1662651587830
1523	1773	0	0	0	0	0	0	1662651588850
1523	1773	0	0	0	0	0	0	1662651589870
1523	1773	0	0	0	0	0	0	1662651590890
1523	1773	0	0	0	0	0	0	1662651591910
1522	1773	0	0	0	0	0	0	1662651592930
1522	1773	0	0	0	0	0	0	1662651593950
1522	1773	0	0	0	0	0	0	1662651594970
1523	1773	0	0	0	0	0	0	1662651595990
1522	1773	0	0	0	0	0	0	1662651597010
1520	1773	0	0	0	0	0	0	1662651598030
1520	1772	0	0	0	0	0	0	1662651599050
1520	1772	0	0	0	0	0	0	1662651600070
1518	1772	0	0	0	0	0	0	1662651601090
1518	1772	0	0	0	0	0	0	1662651602110
1513	1772	0	0	0	0	0	0	1662651603130
1511	1772	0	0	0	0	0	0	1662651604150
1509	1772	0	0	0	0	0	0	1662651605170
1508	1772	0	0	0	0	0	0	1662651606190
1509	1772	0	0	0	0	0	0	1662651607210
1508	1772	0	0	0	0	0	0	1662651608230
1506	1772	0	0	0	0	0	0	1662651609250
1503	1772	0	0	0	0	0	0	1662651610270
1502	1772	0	0	0	0	0	0	1662651611290
1500	1772	0	0	0	0	0	0	1662651612310
1499	1772	0	0	0	0	0	0	1662651613330
1498	1772	0	0	0	0	0	0	1662651614350
1497	1772	0	0	0	0	0	0	1662651615370
1498	1772	0	0	0	0	0	0	1662651616390
1498	1772	0	0	0	0	0	0	1662651617410
1498	1772	0	0	0	0	0	0	1662651618430
1497	1772	0	0	0	0	0	0	1662651619450
1497	1772	0	0	0	0	0	0	1662651620470
1496	1772	0	0	0	0	0	0	1662651621490
1496	1772	0	0	0	0	0	0	1662651622510
1497	1772	0	0	0	0	0	0	1662651623530
1497	1772	0	0	0	0	0	0	1662651624550
1497	1772	0	0	0	0	0	0	1662651625570
1496	1772	0	0	0	0	0	0	1662651626590
1496	1772	0	0	0	0	0	0	1662651627610
1496	1772	0	0	0	0	0	0	1662651628630
1496	1772	0	0	0	0	0	0	1662651629650
1496	1771	0	0	0	0	0	0	1662651630670
1496	1772	0	0	0	0	0	0	1662651631690
1496	1767	0	0	0	0	0	0	1662651632710
1496	1767	0	0	0	0	0	0	1662651633730
1496	1765	0	0	0	0	0	0	1662651634750
1496	1764	0	0	0	0	0	0	1662651635770
1496	1763	0	0	0	0	0	0	1662651636790
1496	1760	0	0	0	0	0	0	1662651637810
1496	1756	0	0	0	0	0	0	1662651638830
1496	1753	0	0	0	0	0	0	1662651639850
1496	1751	0	0	0	0	0	0	1662651640870
1496	1750	0	0	0	0	0	0	1662651641890
1496	1749	0	0	0	0	0	0	1662651642910
1496	1748	0	0	0	0	0	0	1662651643930
1496	1747	0	0	0	0	0	0	1662651644950
1496	1746	0	0	0	0	0	0	1662651645970
1496	1746	0	0	0	0	0	0	1662651646990
1496	1746	0	0	0	0	0	0	1662651648010
1496	1745	0	0	0	0	0	0	1662651649030
1496	1745	0	0	0	0	0	0	1662651650050
1496	1745	0	0	0	0	0	0	1662651651070
1496	1745	0	0	0	0	0	0	1662651652090
1496	1745	0	0	0	0	0	0	1662651653110
1496	1745	0	0	0	0	0	0	1662651654130
1496	1745	0	0	0	0	0	0	1662651655150
1496	1745	0	0	0	0	0	0	1662651656170
1496	1745	0	0	0	0	0	0	1662651657190
1496	1745	0	0	0	0	0	0	1662651658210
1496	1745	0	0	0	0	0	0	1662651659230
1496	1745	0	0	0	0	0	0	1662651660250
1496	1745	0	0	0	0	0	0	1662651661270
1496	1745	0	0	0	0	0	0	1662651662290
1496	1745	0	0	0	0	0	0	1662651663310
1496	1745	0	0	0	0	0	0	1662651664330
1496	1745	0	0	0	0	0	0	1662651665350
1496	1745	0	0	0	0	0	0	1662651666370
1496	1745	0	0	0	0	0	0	1662651667390
1496	1745	0	0	0	0	0	0	1662651668410
1496	1745	0	0	0	0	0	0	1662651669430
1496	1745	0	0	0	0	0	0	1662651670450
1496	1745	0	0	0	0	0	0	1662651671470
1496	1745	0	0	0	0	0	0	1662651672490
1496	1745	0	0	0	0	0	0	1662651673510
1495	1745	0	0	0	0	0	0	1662651674530
1495	1745	0	0	0	0	0	0	1662651675550
1495	1745	0	0	0	0	0	0	1662651676570
1495	1745	0	0	0	0	0	0	1662651677590
1495	1745	0	0	0	0	0	0	1662651678610
1495	1745	0	0	0	0	0	0	1662651679630
1495	1745	0	0	0	0	0	0	1662651680650
1495	1745	0	0	0	0	0	0	1662651681670
1495	1745	0	0	0	0	0	0	1662651682690
1495	1745	0	0	0	0	0	0	1662651683710
1495	1745	0	0	0	0	0	0	1662651684730
1495	1745	0	0	0	0	0	0	1662651685750
1495	1745	0	0	0	0	0	0	1662651686770
1495	1745	0	0	0	0	0	0	1662651687790
1495	1745	0	0	0	0	0	0	1662651688810
1495	1745	0	0	0	0	0	0	1662651689830
1495	1745	0	0	0	0	0	0	1662651690850
1495	1745	0	0	0	0	0	0	1662651691870
1495	1745	0	0	0	0	0	0	1662651692890
1495	1745	0	0	0	0	0	0	1662651693910
1495	1745	0	0	0	0	0	0	1662651694930
1495	1745	0	0	0	0	0	0	1662651695950
1495	1745	0	0	0	0	0	0	1662651696970
1495	1745	0	0	0	0	0	0	1662651697990
1495	1745	0	0	0	0	0	0	1662651699010
1495	1745	0	0	0	0	0	0	1662651700030
1495	1745	0	0	0	0	0	0	1662651701050
1496	1745	0	0	0	0	0	0	1662651702070
1496	1745	0	0	0	0	0	0	1662651703090
1496	1745	0	0	0	0	0	0	1662651704110
1496	1745	0	0	0	0	0	0	1662651705130
1496	1745	0	0	0	0	0	0	1662651706150
1496	1745	0	0	0	0	0	0	1662651707170
1496	1745	0	0	0	0	0	0	1662651708190
1496	1745	0	0	0	0	0	0	1662651709210
1496	1745	0	0	0	0	0	0	1662651710230
1496	1745	0	0	0	0	0	0	1662651711250
1496	1744	0	0	0	0	0	0	1662651712270
1496	1744	0	0	0	0	0	0	1662651713290
1496	1744	0	0	0	0	0	0	1662651714310
1496	1744	0	0	0	0	0	0	1662651715330
1496	1743	0	0	0	0	0	0	1662651716350
1496	1743	0	0	0	0	0	0	1662651717370
1496	1741	0	0	0	0	0	0	1662651718390
1496	1740	0	0	0	0	0	0	1662651719410
1496	1740	0	0	0	0	0	0	1662651720430
1496	1739	0	0	0	0	0	0	1662651721450
1496	1737	0	0	0	0	0	0	1662651722470
1496	1735	0	0	0	0	0	0	1662651723490
1496	1733	0	0	0	0	0	0	1662651724510
1496	1731	0	0	0	0	0	0	1662651725530
1496	1730	0	0	0	0	0	0	1662651726550
1496	1728	0	0	0	0	0	0	1662651727570
1496	1726	0	0	0	0	0	0	1662651728590
1496	1725	0	0	0	0	0	0	1662651729610
1496	1723	0	0	0	0	0	0	1662651730630
1496	1721	0	0	0	0	0	0	1662651731650
1496	1721	0	0	0	0	0	0	1662651732670
1496	1720	0	0	0	0	0	0	1662651733690
1496	1719	0	0	0	0	0	0	1662651734710
1496	1718	0	0	0	0	0	0	1662651735730
1496	1718	0	0	0	0	0	0	1662651736750
1496	1718	0	0	0	0	0	0	1662651737770
1496	1718	0	0	0	0	0	0	1662651738790
1496	1718	0	0	0	0	0	0	1662651739810
1496	1718	0	0	0	0	0	0	1662651740830
1496	1718	0	0	0	0	0	0	1662651741850
1496	1717	0	0	0	0	0	0	1662651742870
1496	1717	0	0	0	0	0	0	1662651743890
1496	1717	0	0	0	0	0	0	1662651744910
1496	1717	0	0	0	0	0	0	1662651745930
1496	1717	0	0	0	0	0	0	1662651746950
1495	1717	0	0	0	0	0	0	1662651747970
1495	1717	0	0	0	0	0	0	1662651748990
1495	1717	0	0	0	0	0	0	1662651750010
1495	1717	0	0	0	0	0	0	1662651751030
1495	1717	0	0	0	0	0	0	1662651752050
1495	1717	0	0	0	0	0	0	1662651753070
1495	1717	0	0	0	0	0	0	1662651754090
1495	1717	0	0	0	0	0	0	1662651755110
1495	1717	0	0	0	0	0	0	1662651756130
1495	1717	0	0	0	0	0	0	1662651757150
1495	1717	0	0	0	0	0	0	1662651758170
1495	1717	0	0	0	0	0	0	1662651759190
1495	1730	0	0	0	0	0	0	1662651760210
1495	1725	0	0	0	0	0	0	1662651761230
1495	1722	0	0	0	0	0	0	1662651762250
1495	1721	0	0	0	0	0	0	1662651763270
1495	1719	0	0	0	0	0	0	1662651764290
1495	1718	0	0	0	0	0	0	1662651765310
1495	1718	0	0	0	0	0	0	1662651766330
1495	1718	0	0	0	0	0	0	1662651767350
1495	1718	0	0	0	0	0	0	1662651768370
1495	1718	0	0	0	0	0	0	1662651769390
1495	1717	0	0	0	0	0	0	1662651770410
1495	1717	0	0	0	0	0	0	1662651771430
1495	1717	0	0	0	0	0	0	1662651772450
1495	1717	0	0	0	0	0	0	1662651773470
1495	1717	0	0	0	0	0	0	1662651774490
1494	1717	0	0	0	0	0	0	1662651775510
1494	1717	0	0	0	0	0	0	1662651776530
1493	1717	0	0	0	0	0	0	1662651777550
1494	1717	0	0	0	0	0	0	1662651778570
1493	1717	0	0	0	0	0	0	1662651779590
1493	1717	0	0	0	0	0	0	1662651780610
1491	1717	0	0	0	0	0	0	1662651781630
1492	1717	0	0	0	0	0	0	1662651782650
1492	1717	0	0	0	0	0	0	1662651783670
1492	1717	0	0	0	0	0	0	1662651784690
1491	1717	0	0	0	0	0	0	1662651785710
1491	1717	0	0	0	0	0	0	1662651786730
1490	1717	0	0	0	0	0	0	1662651787750
1489	1717	0	0	0	0	0	0	1662651788770
1489	1717	0	0	0	0	0	0	1662651789790
1489	1716	0	0	0	0	0	0	1662651790810
1488	1716	0	0	0	0	0	0	1662651791830
1488	1716	0	0	0	0	0	0	1662651792850
1489	1717	0	0	0	0	0	0	1662651793870
1487	1717	0	0	0	0	0	0	1662651794890
1484	1717	0	0	0	0	0	0	1662651795910
1484	1717	0	0	0	0	0	0	1662651796930
1483	1717	0	0	0	0	0	0	1662651797950
1482	1717	0	0	0	0	0	0	1662651798970
1481	1717	0	0	0	0	0	0	1662651799990
1480	1717	0	0	0	0	0	0	1662651801010
1480	1717	0	0	0	0	0	0	1662651802030
1479	1717	0	0	0	0	0	0	1662651803050
1479	1717	0	0	0	0	0	0	1662651804070
1477	1717	0	0	0	0	0	0	1662651805090
1478	1717	0	0	0	0	0	0	1662651806110
1475	1717	0	0	0	0	0	0	1662651807130
1475	1717	0	0	0	0	0	0	1662651808150
1476	1717	0	0	0	0	0	0	1662651809170
1475	1717	0	0	0	0	0	0	1662651810190
1476	1717	0	0	0	0	0	0	1662651811210
1475	1717	0	0	0	0	0	0	1662651812230
1475	1717	0	0	0	0	0	0	1662651813250
1474	1717	0	0	0	0	0	0	1662651814270
1473	1716	0	0	0	0	0	0	1662651815290
1471	1716	0	0	0	0	0	0	1662651816310
1471	1715	0	0	0	0	0	0	1662651817330
1471	1714	0	0	0	0	0	0	1662651818350
1471	1714	0	0	0	0	0	0	1662651819370
1470	1715	0	0	0	0	0	0	1662651820390
1470	1713	0	0	0	0	0	0	1662651821410
1470	1711	0	0	0	0	0	0	1662651822430
1469	1711	0	0	0	0	0	0	1662651823450
1468	1712	0	0	0	0	0	0	1662651824470
1469	1709	0	0	0	0	0	0	1662651825490
1469	1708	0	0	0	0	0	0	1662651826510
1469	1707	0	0	0	0	0	0	1662651827530
1469	1704	0	0	0	0	0	0	1662651828550
1468	1703	0	0	0	0	0	0	1662651829570
1468	1701	0	0	0	0	0	0	1662651830590
1468	1699	0	0	0	0	0	0	1662651831610
1468	1698	0	0	0	0	0	0	1662651832630
1468	1696	0	0	0	0	0	0	1662651833650
1468	1695	0	0	0	0	0	0	1662651834670
1468	1694	0	0	0	0	0	0	1662651835690
1468	1692	0	0	0	0	0	0	1662651836710
1468	1691	0	0	0	0	0	0	1662651837730
1468	1690	0	0	0	0	0	0	1662651838750
1468	1690	0	0	0	0	0	0	1662651839770
1468	1690	0	0	0	0	0	0	1662651840790
1468	1690	0	0	0	0	0	0	1662651841810
1468	1690	0	0	0	0	0	0	1662651842830
1468	1690	0	0	0	0	0	0	1662651843850
1468	1690	0	0	0	0	0	0	1662651844870
1468	1690	0	0	0	0	0	0	1662651845890
1468	1690	0	0	0	0	0	0	1662651846910
1468	1689	0	0	0	0	0	0	1662651847930
1468	1689	0	0	0	0	0	0	1662651848950
1468	1689	0	0	0	0	0	0	1662651849970
1468	1689	0	0	0	0	0	0	1662651850990
1468	1689	0	0	0	0	0	0	1662651852010
1468	1689	0	0	0	0	0	0	1662651853030
1468	1689	0	0	0	0	0	0	1662651854050
1468	1689	0	0	0	0	0	0	1662651855070
1468	1689	0	0	0	0	0	0	1662651856090
1468	1689	0	0	0	0	0	0	1662651857110
1468	1689	0	0	0	0	0	0	1662651858130
1468	1689	0	0	0	0	0	0	1662651859150
1468	1689	0	0	0	0	0	0	1662651860170
1468	1689	0	0	0	0	0	0	1662651861190
1468	1689	0	0	0	0	0	0	1662651862210
1468	1689	0	0	0	0	0	0	1662651863230
1468	1689	0	0	0	0	0	0	1662651864250
1468	1689	0	0	0	0	0	0	1662651865270
1468	1689	0	0	0	0	0	0	1662651866290
1468	1689	0	0	0	0	0	0	1662651867310
1468	1689	0	0	0	0	0	0	1662651868330
1468	1689	0	0	0	0	0	0	1662651869350
1468	1689	0	0	0	0	0	0	1662651870370
1468	1689	0	0	0	0	0	0	1662651871390
1468	1689	0	0	0	0	0	0	1662651872410
1468	1689	0	0	0	0	0	0	1662651873430
1468	1689	0	0	0	0	0	0	1662651874450
1468	1689	0	0	0	0	0	0	1662651875470
1468	1689	0	0	0	0	0	0	1662651876490
1468	1689	0	0	0	0	0	0	1662651877510
1468	1689	0	0	0	0	0	0	1662651878530
1468	1689	0	0	0	0	0	0	1662651879550
1468	1689	0	0	0	0	0	0	1662651880570
1468	1689	0	0	0	0	0	0	1662651881590
1468	1689	0	0	0	0	0	0	1662651882610
1468	1689	0	0	0	0	0	0	1662651883630
1468	1689	0	0	0	0	0	0	1662651884650
1468	1689	0	0	0	0	0	0	1662651885670
1468	1689	0	0	0	0	0	0	1662651886690
1468	1689	0	0	0	0	0	0	1662651887710
1468	1689	0	0	0	0	0	0	1662651888730
1468	1689	0	0	0	0	0	0	1662651889750
1468	1689	0	0	0	0	0	0	1662651890770
1468	1689	0	0	0	0	0	0	1662651891790
1468	1689	0	0	0	0	0	0	1662651892810
1468	1689	0	0	0	0	0	0	1662651893830
1468	1689	0	0	0	0	0	0	1662651894850
1468	1689	0	0	0	0	0	0	1662651895870
1468	1689	0	0	0	0	0	0	1662651896890
1468	1689	0	0	0	0	0	0	1662651897910
1468	1689	0	0	0	0	0	0	1662651898930
1468	1689	0	0	0	0	0	0	1662651899950
1468	1689	0	0	0	0	0	0	1662651900970
1468	1689	0	0	0	0	0	0	1662651901990
1468	1689	0	0	0	0	0	0	1662651903010
1468	1689	0	0	0	0	0	0	1662651904030
1468	1689	0	0	0	0	0	0	1662651905050
1468	1689	0	0	0	0	0	0	1662651906070
1468	1689	0	0	0	0	0	0	1662651907090
1468	1689	0	0	0	0	0	0	1662651908110
1468	1689	0	0	0	0	0	0	1662651909130
1468	1689	0	0	0	0	0	0	1662651910150
1468	1689	0	0	0	0	0	0	1662651911170
1468	1689	0	0	0	0	0	0	1662651912190
1468	1689	0	0	0	0	0	0	1662651913210
1468	1689	0	0	0	0	0	0	1662651914230
1468	1689	0	0	0	0	0	0	1662651915250
1468	1689	0	0	0	0	0	0	1662651916270
1468	1689	0	0	0	0	0	0	1662651917290
1468	1689	0	0	0	0	0	0	1662651918310
1468	1689	0	0	0	0	0	0	1662651919330
1468	1688	0	0	0	0	0	0	1662651920350
1468	1687	0	0	0	0	0	0	1662651921370
1468	1688	0	0	0	0	0	0	1662651922390
1468	1688	0	0	0	0	0	0	1662651923410
1468	1687	0	0	0	0	0	0	1662651924430
1468	1687	0	0	0	0	0	0	1662651925450
1468	1686	0	0	0	0	0	0	1662651926470
1468	1685	0	0	0	0	0	0	1662651927490
1468	1683	0	0	0	0	0	0	1662651928510
1468	1682	0	0	0	0	0	0	1662651929530
1468	1682	0	0	0	0	0	0	1662651930550
1468	1680	0	0	0	0	0	0	1662651931570
1468	1680	0	0	0	0	0	0	1662651932590
1468	1678	0	0	0	0	0	0	1662651933610
1468	1674	0	0	0	0	0	0	1662651934630
1468	1672	0	0	0	0	0	0	1662651935650
1468	1673	0	0	0	0	0	0	1662651936670
1468	1670	0	0	0	0	0	0	1662651937690
1468	1670	0	0	0	0	0	0	1662651938710
1468	1667	0	0	0	0	0	0	1662651939730
1468	1666	0	0	0	0	0	0	1662651940750
1468	1666	0	0	0	0	0	0	1662651941770
1468	1666	0	0	0	0	0	0	1662651942790
1468	1664	0	0	0	0	0	0	1662651943810
1468	1664	0	0	0	0	0	0	1662651944830
1468	1663	0	0	0	0	0	0	1662651945850
1468	1662	0	0	0	0	0	0	1662651946870
1468	1662	0	0	0	0	0	0	1662651947890
1468	1661	0	0	0	0	0	0	1662651948910
1468	1661	0	0	0	0	0	0	1662651949930
1468	1661	0	0	0	0	0	0	1662651950950
1468	1661	0	0	0	0	0	0	1662651951970
1468	1661	0	0	0	0	0	0	1662651952990
1468	1661	0	0	0	0	0	0	1662651954010
1468	1661	0	0	0	0	0	0	1662651955030
1468	1661	0	0	0	0	0	0	1662651956050
1468	1661	0	0	0	0	0	0	1662651957070
1468	1661	0	0	0	0	0	0	1662651958090
1468	1661	0	0	0	0	0	0	1662651959110
1468	1661	0	0	0	0	0	0	1662651960130
1468	1661	0	0	0	0	0	0	1662651961150
1467	1661	0	0	0	0	0	0	1662651962170
1467	1661	0	0	0	0	0	0	1662651963190
1467	1661	0	0	0	0	0	0	1662651964210
1467	1661	0	0	0	0	0	0	1662651965230
1467	1661	0	0	0	0	0	0	1662651966250
1467	1661	0	0	0	0	0	0	1662651967270
1467	1661	0	0	0	0	0	0	1662651968290
1467	1661	0	0	0	0	0	0	1662651969310
1467	1661	0	0	0	0	0	0	1662651970330
1467	1661	0	0	0	0	0	0	1662651971350
1467	1661	0	0	0	0	0	0	1662651972370
1467	1661	0	0	0	0	0	0	1662651973390
1468	1661	0	0	0	0	0	0	1662651974410
1468	1661	0	0	0	0	0	0	1662651975430
1468	1661	0	0	0	0	0	0	1662651976450
1468	1661	0	0	0	0	0	0	1662651977470
1468	1661	0	0	0	0	0	0	1662651978490
1468	1661	0	0	0	0	0	0	1662651979510
1468	1661	0	0	0	0	0	0	1662651980530
1468	1661	0	0	0	0	0	0	1662651981550
1468	1661	0	0	0	0	0	0	1662651982570
1468	1661	0	0	0	0	0	0	1662651983590
1468	1661	0	0	0	0	0	0	1662651984610
1468	1661	0	0	0	0	0	0	1662651985630
1468	1661	0	0	0	0	0	0	1662651986650
1468	1661	0	0	0	0	0	0	1662651987670
1467	1661	0	0	0	0	0	0	1662651988690
1467	1661	0	0	0	0	0	0	1662651989710
1468	1661	0	0	0	0	0	0	1662651990730
1467	1661	0	0	0	0	0	0	1662651991750
1467	1661	0	0	0	0	0	0	1662651992770
1467	1661	0	0	0	0	0	0	1662651993790
1467	1661	0	0	0	0	0	0	1662651994810
1467	1661	0	0	0	0	0	0	1662651995830
1467	1661	0	0	0	0	0	0	1662651996850
1467	1661	0	0	0	0	0	0	1662651997870
1467	1661	0	0	0	0	0	0	1662651998890
1467	1661	0	0	0	0	0	0	1662651999910
1467	1661	0	0	0	0	0	0	1662652000930
1467	1661	0	0	0	0	0	0	1662652001950
1467	1661	0	0	0	0	0	0	1662652002970
1467	1661	0	0	0	0	0	0	1662652003990
1467	1661	0	0	0	0	0	0	1662652005010
1467	1661	0	0	0	0	0	0	1662652006030
1467	1661	0	0	0	0	0	0	1662652007050
1467	1661	0	0	0	0	0	0	1662652008070
1467	1661	0	0	0	0	0	0	1662652009090
1467	1661	0	0	0	0	0	0	1662652010110
1467	1661	0	0	0	0	0	0	1662652011130
1467	1661	0	0	0	0	0	0	1662652012150
1467	1661	0	0	0	0	0	0	1662652013170
1467	1661	0	0	0	0	0	0	1662652014190
1468	1661	0	0	0	0	0	0	1662652015210
1468	1661	0	0	0	0	0	0	1662652016230
1468	1661	0	0	0	0	0	0	1662652017250
1468	1661	0	0	0	0	0	0	1662652018270
1468	1661	0	0	0	0	0	0	1662652019290
1468	1661	0	0	0	0	0	0	1662652020310
1467	1661	0	0	0	0	0	0	1662652021330
1467	1661	0	0	0	0	0	0	1662652022350
1467	1661	0	0	0	0	0	0	1662652023370
1467	1661	0	0	0	0	0	0	1662652024390
1467	1661	0	0	0	0	0	0	1662652025410
1467	1661	0	0	0	0	0	0	1662652026430
1467	1661	0	0	0	0	0	0	1662652027450
1467	1661	0	0	0	0	0	0	1662652028470
1467	1661	0	0	0	0	0	0	1662652029490
1467	1661	0	0	0	0	0	0	1662652030510
1467	1661	0	0	0	0	0	0	1662652031530
1467	1661	0	0	0	0	0	0	1662652032550
1467	1661	0	0	0	0	0	0	1662652033570
1467	1661	0	0	0	0	0	0	1662652034590
1467	1661	0	0	0	0	0	0	1662652035610
1467	1661	0	0	0	0	0	0	1662652036630
1467	1661	0	0	0	0	0	0	1662652037650
1467	1661	0	0	0	0	0	0	1662652038670
1467	1661	0	0	0	0	0	0	1662652039690
1467	1660	0	0	0	0	0	0	1662652040710
1467	1660	0	0	0	0	0	0	1662652041730
1467	1660	0	0	0	0	0	0	1662652042750
1467	1660	0	0	0	0	0	0	1662652043770
1467	1661	0	0	0	0	0	0	1662652044790
1467	1661	0	0	0	0	0	0	1662652045810
1467	1660	0	0	0	0	0	0	1662652046830
1467	1660	0	0	0	0	0	0	1662652047850
1467	1659	0	0	0	0	0	0	1662652048870
1467	1659	0	0	0	0	0	0	1662652049890
1467	1659	0	0	0	0	0	0	1662652050910
1467	1658	0	0	0	0	0	0	1662652051930
1467	1658	0	0	0	0	0	0	1662652052950
1467	1657	0	0	0	0	0	0	1662652053970
1467	1657	0	0	0	0	0	0	1662652054990
1467	1657	0	0	0	0	0	0	1662652056010
1467	1656	0	0	0	0	0	0	1662652057030
1467	1655	0	0	0	0	0	0	1662652058050
1467	1655	0	0	0	0	0	0	1662652059070
1467	1653	0	0	0	0	0	0	1662652060090
1467	1651	0	0	0	0	0	0	1662652061110
1467	1649	0	0	0	0	0	0	1662652062130
1467	1648	0	0	0	0	0	0	1662652063150
1467	1647	0	0	0	0	0	0	1662652064170
1467	1646	0	0	0	0	0	0	1662652065190
1467	1645	0	0	0	0	0	0	1662652066210
1467	1645	0	0	0	0	0	0	1662652067230
1467	1642	0	0	0	0	0	0	1662652068250
1467	1641	0	0	0	0	0	0	1662652069270
1467	1640	0	0	0	0	0	0	1662652070290
1466	1639	0	0	0	0	0	0	1662652071310
1466	1638	0	0	0	0	0	0	1662652072330
1466	1637	0	0	0	0	0	0	1662652073350
1466	1636	0	0	0	0	0	0	1662652074370
1466	1635	0	0	0	0	0	0	1662652075390
1466	1635	0	0	0	0	0	0	1662652076410
1465	1636	0	0	0	0	0	0	1662652077430
1465	1635	0	0	0	0	0	0	1662652078450
1465	1635	0	0	0	0	0	0	1662652079470
1464	1634	0	0	0	0	0	0	1662652080490
1462	1634	0	0	0	0	0	0	1662652081510
1462	1634	0	0	0	0	0	0	1662652082530
1463	1634	0	0	0	0	0	0	1662652083550
1464	1633	0	0	0	0	0	0	1662652084570
1464	1633	0	0	0	0	0	0	1662652085590
1464	1633	0	0	0	0	0	0	1662652086610
1465	1633	0	0	0	0	0	0	1662652087630
1463	1633	0	0	0	0	0	0	1662652088650
1460	1633	0	0	0	0	0	0	1662652089670
1460	1633	0	0	0	0	0	0	1662652090690
1462	1633	0	0	0	0	0	0	1662652091710
1460	1633	0	0	0	0	0	0	1662652092730
1460	1633	0	0	0	0	0	0	1662652093750
1462	1633	0	0	0	0	0	0	1662652094770
1461	1633	0	0	0	0	0	0	1662652095790
1459	1633	0	0	0	0	0	0	1662652096810
1459	1633	0	0	0	0	0	0	1662652097830
1459	1633	0	0	0	0	0	0	1662652098850
1457	1633	0	0	0	0	0	0	1662652099870
1453	1633	0	0	0	0	0	0	1662652100890
1450	1633	0	0	0	0	0	0	1662652101910
1448	1633	0	0	0	0	0	0	1662652102930
1445	1633	0	0	0	0	0	0	1662652103950
1444	1633	0	0	0	0	0	0	1662652104970
1443	1633	0	0	0	0	0	0	1662652105990
1442	1633	0	0	0	0	0	0	1662652107010
1441	1633	0	0	0	0	0	0	1662652108030
1440	1633	0	0	0	0	0	0	1662652109050
1440	1633	0	0	0	0	0	0	1662652110070
1440	1633	0	0	0	0	0	0	1662652111090
1440	1633	0	0	0	0	0	0	1662652112110
1440	1633	0	0	0	0	0	0	1662652113130
1440	1633	0	0	0	0	0	0	1662652114150
1440	1633	0	0	0	0	0	0	1662652115170
1440	1633	0	0	0	0	0	0	1662652116190
1440	1633	0	0	0	0	0	0	1662652117210
1440	1633	0	0	0	0	0	0	1662652118230
1440	1633	0	0	0	0	0	0	1662652119250
1440	1633	0	0	0	0	0	0	1662652120270
1440	1633	0	0	0	0	0	0	1662652121290
1440	1633	0	0	0	0	0	0	1662652122310
1440	1633	0	0	0	0	0	0	1662652123330
1440	1633	0	0	0	0	0	0	1662652124350
1440	1633	0	0	0	0	0	0	1662652125370
1440	1633	0	0	0	0	0	0	1662652126390
1440	1633	0	0	0	0	0	0	1662652127410
1440	1633	0	0	0	0	0	0	1662652128430
1440	1633	0	0	0	0	0	0	1662652129450
1440	1633	0	0	0	0	0	0	1662652130470
1440	1633	0	0	0	0	0	0	1662652131490
1440	1633	0	0	0	0	0	0	1662652132510
1440	1633	0	0	0	0	0	0	1662652133530
1440	1633	0	0	0	0	0	0	1662652134550
1440	1633	0	0	0	0	0	0	1662652135570
1440	1633	0	0	0	0	0	0	1662652136590
1440	1633	0	0	0	0	0	0	1662652137610
1440	1633	0	0	0	0	0	0	1662652138630
1440	1633	0	0	0	0	0	0	1662652139650
1440	1633	0	0	0	0	0	0	1662652140670
1440	1633	0	0	0	0	0	0	1662652141690
1440	1633	0	0	0	0	0	0	1662652142710
1440	1633	0	0	0	0	0	0	1662652143730
1440	1633	0	0	0	0	0	0	1662652144750
1440	1633	0	0	0	0	0	0	1662652145770
1440	1633	0	0	0	0	0	0	1662652146790
1440	1633	0	0	0	0	0	0	1662652147810
1440	1633	0	0	0	0	0	0	1662652148830
1440	1633	0	0	0	0	0	0	1662652149850
1440	1633	0	0	0	0	0	0	1662652150870
1440	1633	0	0	0	0	0	0	1662652151890
1440	1633	0	0	0	0	0	0	1662652152910
1440	1633	0	0	0	0	0	0	1662652153930
1440	1633	0	0	0	0	0	0	1662652154950
1440	1633	0	0	0	0	0	0	1662652155970
1440	1633	0	0	0	0	0	0	1662652156990
1440	1633	0	0	0	0	0	0	1662652158010
1440	1633	0	0	0	0	0	0	1662652159030
1440	1633	0	0	0	0	0	0	1662652160050
1440	1633	0	0	0	0	0	0	1662652161070
1440	1633	0	0	0	0	0	0	1662652162090
1440	1633	0	0	0	0	0	0	1662652163110
1440	1633	0	0	0	0	0	0	1662652164130
1440	1633	0	0	0	0	0	0	1662652165150
1440	1633	0	0	0	0	0	0	1662652166170
1440	1633	0	0	0	0	0	0	1662652167190
1440	1633	0	0	0	0	0	0	1662652168210
1440	1633	0	0	0	0	0	0	1662652169230
1440	1633	0	0	0	0	0	0	1662652170250
1440	1633	0	0	0	0	0	0	1662652171270
1440	1633	0	0	0	0	0	0	1662652172290
1440	1633	0	0	0	0	0	0	1662652173310
1440	1633	0	0	0	0	0	0	1662652174330
1440	1633	0	0	0	0	0	0	1662652175350
1440	1633	0	0	0	0	0	0	1662652176370
1440	1633	0	0	0	0	0	0	1662652177390
1440	1633	0	0	0	0	0	0	1662652178410
1440	1633	0	0	0	0	0	0	1662652179430
1440	1633	0	0	0	0	0	0	1662652180450
1440	1633	0	0	0	0	0	0	1662652181470
1440	1633	0	0	0	0	0	0	1662652182490
1440	1633	0	0	0	0	0	0	1662652183510
1440	1633	0	0	0	0	0	0	1662652184530
1440	1633	0	0	0	0	0	0	1662652185550
1440	1633	0	0	0	0	0	0	1662652186570
1440	1633	0	0	0	0	0	0	1662652187590
1440	1633	0	0	0	0	0	0	1662652188610
1440	1633	0	0	0	0	0	0	1662652189630
1440	1633	0	0	0	0	0	0	1662652190650
1440	1633	0	0	0	0	0	0	1662652191670
1440	1633	0	0	0	0	0	0	1662652192690
1440	1633	0	0	0	0	0	0	1662652193710
1440	1633	0	0	0	0	0	0	1662652194730
1440	1633	0	0	0	0	0	0	1662652195750
1440	1633	0	0	0	0	0	0	1662652196770
1440	1633	0	0	0	0	0	0	1662652197790
1440	1633	0	0	0	0	0	0	1662652198810
1440	1633	0	0	0	0	0	0	1662652199830
1440	1633	0	0	0	0	0	0	1662652200850
1440	1633	0	0	0	0	0	0	1662652201870
1440	1633	0	0	0	0	0	0	1662652202890
1440	1633	0	0	0	0	0	0	1662652203910
1440	1633	0	0	0	0	0	0	1662652204930
1440	1633	0	0	0	0	0	0	1662652205950
1440	1633	0	0	0	0	0	0	1662652206970
1439	1633	0	0	0	0	0	0	1662652207990
1440	1632	0	0	0	0	0	0	1662652209010
1440	1632	0	0	0	0	0	0	1662652210030
1440	1632	0	0	0	0	0	0	1662652211050
1440	1632	0	0	0	0	0	0	1662652212070
1440	1632	0	0	0	0	0	0	1662652213090
1440	1632	0	0	0	0	0	0	1662652214110
1440	1632	0	0	0	0	0	0	1662652215130
1440	1632	0	0	0	0	0	0	1662652216150
1440	1632	0	0	0	0	0	0	1662652217170
1440	1632	0	0	0	0	0	0	1662652218190
1440	1631	0	0	0	0	0	0	1662652219210
1440	1630	0	0	0	0	0	0	1662652220230
1440	1630	0	0	0	0	0	0	1662652221250
1440	1630	0	0	0	0	0	0	1662652222270
1440	1628	0	0	0	0	0	0	1662652223290
1440	1628	0	0	0	0	0	0	1662652224310
1440	1627	0	0	0	0	0	0	1662652225330
1440	1628	0	0	0	0	0	0	1662652226350
1440	1627	0	0	0	0	0	0	1662652227370
1440	1625	0	0	0	0	0	0	1662652228390
1440	1625	0	0	0	0	0	0	1662652229410
1440	1624	0	0	0	0	0	0	1662652230430
1440	1624	0	0	0	0	0	0	1662652231450
1440	1623	0	0	0	0	0	0	1662652232470
1440	1622	0	0	0	0	0	0	1662652233490
1440	1621	0	0	0	0	0	0	1662652234510
1440	1620	0	0	0	0	0	0	1662652235530
1440	1619	0	0	0	0	0	0	1662652236550
1440	1620	0	0	0	0	0	0	1662652237570
1440	1617	0	0	0	0	0	0	1662652238590
1440	1618	0	0	0	0	0	0	1662652239610
1440	1618	0	0	0	0	0	0	1662652240630
1440	1618	0	0	0	0	0	0	1662652241650
1440	1616	0	0	0	0	0	0	1662652242670
1440	1614	0	0	0	0	0	0	1662652243690
1440	1615	0	0	0	0	0	0	1662652244710
1440	1614	0	0	0	0	0	0	1662652245730
1440	1613	0	0	0	0	0	0	1662652246750
1440	1611	0	0	0	0	0	0	1662652247770
1440	1611	0	0	0	0	0	0	1662652248790
1440	1610	0	0	0	0	0	0	1662652249810
1440	1610	0	0	0	0	0	0	1662652250830
1440	1610	0	0	0	0	0	0	1662652251850
1440	1610	0	0	0	0	0	0	1662652252870
1440	1609	0	0	0	0	0	0	1662652253890
1440	1609	0	0	0	0	0	0	1662652254910
1440	1608	0	0	0	0	0	0	1662652255930
1440	1607	0	0	0	0	0	0	1662652256950
1440	1606	0	0	0	0	0	0	1662652257970
1440	1605	0	0	0	0	0	0	1662652258990
1440	1606	0	0	0	0	0	0	1662652260010
1440	1606	0	0	0	0	0	0	1662652261030
1440	1605	0	0	0	0	0	0	1662652262050
1440	1606	0	0	0	0	0	0	1662652263070
1440	1606	0	0	0	0	0	0	1662652264090
1440	1605	0	0	0	0	0	0	1662652265110
1440	1605	0	0	0	0	0	0	1662652266130
1440	1605	0	0	0	0	0	0	1662652267150
1440	1605	0	0	0	0	0	0	1662652268170
1440	1605	0	0	0	0	0	0	1662652269190
1440	1605	0	0	0	0	0	0	1662652270210
1440	1605	0	0	0	0	0	0	1662652271230
1440	1605	0	0	0	0	0	0	1662652272250
1440	1605	0	0	0	0	0	0	1662652273270
1440	1605	0	0	0	0	0	0	1662652274290
1440	1605	0	0	0	0	0	0	1662652275310
1440	1605	0	0	0	0	0	0	1662652276330
1440	1605	0	0	0	0	0	0	1662652277350
1440	1605	0	0	0	0	0	0	1662652278370
1440	1605	0	0	0	0	0	0	1662652279390
1440	1605	0	0	0	0	0	0	1662652280410
1440	1605	0	0	0	0	0	0	1662652281430
1440	1605	0	0	0	0	0	0	1662652282450
1440	1605	0	0	0	0	0	0	1662652283470
1440	1605	0	0	0	0	0	0	1662652284490
1440	1605	0	0	0	0	0	0	1662652285510
1440	1605	0	0	0	0	0	0	1662652286530
1440	1605	0	0	0	0	0	0	1662652287550
1440	1605	0	0	0	0	0	0	1662652288570
1440	1605	0	0	0	0	0	0	1662652289590
1439	1605	0	0	0	0	0	0	1662652290610
1439	1605	0	0	0	0	0	0	1662652291630
1439	1605	0	0	0	0	0	0	1662652292650
1439	1605	0	0	0	0	0	0	1662652293670
1439	1605	0	0	0	0	0	0	1662652294690
1439	1605	0	0	0	0	0	0	1662652295710
1439	1605	0	0	0	0	0	0	1662652296730
1439	1605	0	0	0	0	0	0	1662652297750
1439	1605	0	0	0	0	0	0	1662652298770
1439	1605	0	0	0	0	0	0	1662652299790
1439	1605	0	0	0	0	0	0	1662652300810
1439	1605	0	0	0	0	0	0	1662652301830
1439	1605	0	0	0	0	0	0	1662652302850
1439	1605	0	0	0	0	0	0	1662652303870
1439	1605	0	0	0	0	0	0	1662652304890
1439	1605	0	0	0	0	0	0	1662652305910
1440	1605	0	0	0	0	0	0	1662652306930
1440	1605	0	0	0	0	0	0	1662652307950
1440	1605	0	0	0	0	0	0	1662652308970
1440	1605	0	0	0	0	0	0	1662652309990
1440	1605	0	0	0	0	0	0	1662652311010
1440	1605	0	0	0	0	0	0	1662652312030
1440	1605	0	0	0	0	0	0	1662652313050
1440	1605	0	0	0	0	0	0	1662652314070
1440	1605	0	0	0	0	0	0	1662652315090
1440	1605	0	0	0	0	0	0	1662652316110
1440	1605	0	0	0	0	0	0	1662652317130
1440	1605	0	0	0	0	0	0	1662652318150
1440	1605	0	0	0	0	0	0	1662652319170
1440	1605	0	0	0	0	0	0	1662652320190
1440	1605	0	0	0	0	0	0	1662652321210
1440	1605	0	0	0	0	0	0	1662652322230
1440	1605	0	0	0	0	0	0	1662652323250
1440	1605	0	0	0	0	0	0	1662652324270
1440	1605	0	0	0	0	0	0	1662652325290
1440	1605	0	0	0	0	0	0	1662652326310
1440	1605	0	0	0	0	0	0	1662652327330
1440	1605	0	0	0	0	0	0	1662652328350
1440	1605	0	0	0	0	0	0	1662652329370
1440	1605	0	0	0	0	0	0	1662652330390
1440	1605	0	0	0	0	0	0	1662652331410
1440	1605	0	0	0	0	0	0	1662652332430
1440	1605	0	0	0	0	0	0	1662652333450
1440	1605	0	0	0	0	0	0	1662652334470
1440	1605	0	0	0	0	0	0	1662652335490
1440	1605	0	0	0	0	0	0	1662652336510
1440	1605	0	0	0	0	0	0	1662652337530
1440	1605	0	0	0	0	0	0	1662652338550
1440	1605	0	0	0	0	0	0	1662652339570
1440	1605	0	0	0	0	0	0	1662652340590
1440	1605	0	0	0	0	0	0	1662652341610
1440	1605	0	0	0	0	0	0	1662652342630
1440	1605	0	0	0	0	0	0	1662652343650
1440	1605	0	0	0	0	0	0	1662652344670
1440	1605	0	0	0	0	0	0	1662652345690
1440	1605	0	0	0	0	0	0	1662652346710
1440	1605	0	0	0	0	0	0	1662652347730
1440	1605	0	0	0	0	0	0	1662652348750
1440	1605	0	0	0	0	0	0	1662652349770
1440	1605	0	0	0	0	0	0	1662652350790
1440	1605	0	0	0	0	0	0	1662652351810
1440	1605	0	0	0	0	0	0	1662652352830
1440	1605	0	0	0	0	0	0	1662652353850
1440	1605	0	0	0	0	0	0	1662652354870
1440	1605	0	0	0	0	0	0	1662652355890
1440	1605	0	0	0	0	0	0	1662652356910
1440	1605	0	0	0	0	0	0	1662652357930
1440	1605	0	0	0	0	0	0	1662652358950
1440	1605	0	0	0	0	0	0	1662652359970
1440	1605	0	0	0	0	0	0	1662652360990
1440	1605	0	0	0	0	0	0	1662652362010
1440	1605	0	0	0	0	0	0	1662652363030
1440	1605	0	0	0	0	0	0	1662652364050
1440	1605	0	0	0	0	0	0	1662652365070
1440	1605	0	0	0	0	0	0	1662652366090
1440	1605	0	0	0	0	0	0	1662652367110
1440	1605	0	0	0	0	0	0	1662652368130
1440	1605	0	0	0	0	0	0	1662652369150
1440	1605	0	0	0	0	0	0	1662652370170
1439	1605	0	0	0	0	0	0	1662652371190
1439	1605	0	0	0	0	0	0	1662652372210
1439	1605	0	0	0	0	0	0	1662652373230
1439	1605	0	0	0	0	0	0	1662652374250
1439	1605	0	0	0	0	0	0	1662652375270
1439	1605	0	0	0	0	0	0	1662652376290
1439	1605	0	0	0	0	0	0	1662652377310
1440	1605	0	0	0	0	0	0	1662652378330
1440	1605	0	0	0	0	0	0	1662652379350
1440	1605	0	0	0	0	0	0	1662652380370
1440	1605	0	0	0	0	0	0	1662652381390
1440	1605	0	0	0	0	0	0	1662652382410
1440	1605	0	0	0	0	0	0	1662652383430
1440	1605	0	0	0	0	0	0	1662652384450
1440	1605	0	0	0	0	0	0	1662652385470
1440	1605	0	0	0	0	0	0	1662652386490
1440	1605	0	0	0	0	0	0	1662652387510
1440	1605	0	0	0	0	0	0	1662652388530
1440	1605	0	0	0	0	0	0	1662652389550
1440	1605	0	0	0	0	0	0	1662652390570
1440	1605	0	0	0	0	0	0	1662652391590
1439	1605	0	0	0	0	0	0	1662652392610
1439	1605	0	0	0	0	0	0	1662652393630
1439	1605	0	0	0	0	0	0	1662652394650
1439	1605	0	0	0	0	0	0	1662652395670
1439	1605	0	0	0	0	0	0	1662652396690
1439	1605	0	0	0	0	0	0	1662652397710
1439	1605	0	0	0	0	0	0	1662652398730
1439	1605	0	0	0	0	0	0	1662652399750
1439	1605	0	0	0	0	0	0	1662652400770
1439	1605	0	0	0	0	0	0	1662652401790
1439	1605	0	0	0	0	0	0	1662652402810
1439	1605	0	0	0	0	0	0	1662652403830
1439	1605	0	0	0	0	0	0	1662652404850
1439	1605	0	0	0	0	0	0	1662652405870
1439	1605	0	0	0	0	0	0	1662652406890
1439	1605	0	0	0	0	0	0	1662652407910
1439	1605	0	0	0	0	0	0	1662652408930
1439	1605	0	0	0	0	0	0	1662652409950
1439	1605	0	0	0	0	0	0	1662652410970
1439	1605	0	0	0	0	0	0	1662652411990
1439	1605	0	0	0	0	0	0	1662652413010
1439	1605	0	0	0	0	0	0	1662652414030
1439	1605	0	0	0	0	0	0	1662652415050
1439	1605	0	0	0	0	0	0	1662652416070
1439	1605	0	0	0	0	0	0	1662652417090
1439	1605	0	0	0	0	0	0	1662652418110
1439	1605	0	0	0	0	0	0	1662652419130
1439	1605	0	0	0	0	0	0	1662652420150
1439	1605	0	0	0	0	0	0	1662652421170
1439	1605	0	0	0	0	0	0	1662652422190
1439	1605	0	0	0	0	0	0	1662652423210
1439	1605	0	0	0	0	0	0	1662652424230
1439	1605	0	0	0	0	0	0	1662652425250
1439	1605	0	0	0	0	0	0	1662652426270
1439	1605	0	0	0	0	0	0	1662652427290
1439	1605	0	0	0	0	0	0	1662652428310
1439	1605	0	0	0	0	0	0	1662652429330
1439	1605	0	0	0	0	0	0	1662652430350
1439	1605	0	0	0	0	0	0	1662652431370
1440	1605	0	0	0	0	0	0	1662652432390
1439	1605	0	0	0	0	0	0	1662652433410
1439	1605	0	0	0	0	0	0	1662652434430
1439	1605	0	0	0	0	0	0	1662652435450
1439	1605	0	0	0	0	0	0	1662652436470
1439	1605	0	0	0	0	0	0	1662652437490
1439	1605	0	0	0	0	0	0	1662652438510
1439	1605	0	0	0	0	0	0	1662652439530
1440	1605	0	0	0	0	0	0	1662652440550
1440	1605	0	0	0	0	0	0	1662652441570
1440	1605	0	0	0	0	0	0	1662652442590
1440	1605	0	0	0	0	0	0	1662652443610
1440	1604	0	0	0	0	0	0	1662652444630
1439	1604	0	0	0	0	0	0	1662652445650
1439	1604	0	0	0	0	0	0	1662652446670
1439	1603	0	0	0	0	0	0	1662652447690
1439	1603	0	0	0	0	0	0	1662652448710
1439	1604	0	0	0	0	0	0	1662652449730
1439	1604	0	0	0	0	0	0	1662652450750
1439	1604	0	0	0	0	0	0	1662652451770
1439	1604	0	0	0	0	0	0	1662652452790
1439	1604	0	0	0	0	0	0	1662652453810
1439	1604	0	0	0	0	0	0	1662652454830
1439	1603	0	0	0	0	0	0	1662652455850
1438	1604	0	0	0	0	0	0	1662652456870
1439	1602	0	0	0	0	0	0	1662652457890
1438	1602	0	0	0	0	0	0	1662652458910
1438	1602	0	0	0	0	0	0	1662652459930
1438	1601	0	0	0	0	0	0	1662652460950
1438	1601	0	0	0	0	0	0	1662652461970
1439	1601	0	0	0	0	0	0	1662652462990
1439	1600	0	0	0	0	0	0	1662652464010
1438	1598	0	0	0	0	0	0	1662652465030
1438	1599	0	0	0	0	0	0	1662652466050
1439	1599	0	0	0	0	0	0	1662652467070
1438	1597	0	0	0	0	0	0	1662652468090
1438	1597	0	0	0	0	0	0	1662652469110
1437	1597	0	0	0	0	0	0	1662652470130
1437	1596	0	0	0	0	0	0	1662652471150
1436	1596	0	0	0	0	0	0	1662652472170
