1298	1743	0	0	0	0	0	0	1659449948137
1289	1732	0	0	0	0	0	0	1659449949157
1280	1726	0	0	0	0	0	0	1659449950177
1266	1722	0	0	0	0	0	0	1659449951197
1256	1720	0	0	0	0	0	0	1659449952217
1243	1718	0	0	0	0	0	0	1659449953237
1232	1714	0	0	0	0	0	0	1659449954257
1226	1707	0	0	0	0	0	0	1659449955277
1218	1700	0	0	0	0	0	0	1659449956297
1206	1696	0	0	0	0	0	0	1659449957317
1199	1693	0	0	0	0	0	0	1659449958337
1195	1691	0	0	0	0	0	0	1659449959357
1192	1690	0	0	0	0	0	0	1659449960377
1182	1689	0	0	0	0	0	0	1659449961397
1174	1688	0	0	0	0	0	0	1659449962417
1169	1688	0	0	0	0	0	0	1659449963437
1166	1688	0	0	0	0	0	0	1659449964457
1164	1688	0	0	0	0	0	0	1659449965477
1162	1688	0	0	0	0	0	0	1659449966497
1157	1688	0	0	0	0	0	0	1659449967517
1147	1688	0	0	0	0	0	0	1659449968537
1141	1688	0	0	0	0	0	0	1659449969557
1138	1688	0	0	0	0	0	0	1659449970577
1136	1688	0	0	0	0	0	0	1659449971597
1135	1688	0	0	0	0	0	0	1659449972617
1134	1688	0	0	0	0	0	0	1659449973637
1134	1685	0	0	0	0	0	0	1659449974657
1134	1680	0	0	0	0	0	0	1659449975677
1132	1682	0	0	0	0	0	0	1659449976697
1124	1684	0	0	0	0	0	0	1659449977717
1117	1686	0	0	0	0	0	0	1659449978737
1113	1687	0	0	0	0	0	0	1659449979757
1110	1687	0	0	0	0	0	0	1659449980777
1108	1687	0	0	0	0	0	0	1659449981797
1107	1687	0	0	0	0	0	0	1659449982817
1106	1687	0	0	0	0	0	0	1659449983837
1106	1688	0	0	0	0	0	0	1659449984857
1106	1688	0	0	0	0	0	0	1659449985877
1106	1688	0	0	0	0	0	0	1659449986897
1106	1688	0	0	0	0	0	0	1659449987917
1106	1688	0	0	0	0	0	0	1659449988937
1106	1688	0	0	0	0	0	0	1659449989957
1104	1688	0	0	0	0	0	0	1659449990977
1100	1688	0	0	0	0	0	0	1659449991997
1094	1688	0	0	0	0	0	0	1659449993017
1089	1688	0	0	0	0	0	0	1659449994037
1084	1688	0	0	0	0	0	0	1659449995057
1081	1689	0	0	0	0	0	0	1659449996077
1080	1689	0	0	0	0	0	0	1659449997097
1079	1689	0	0	0	0	0	0	1659449998117
1078	1690	0	0	0	0	0	0	1659449999137
1078	1692	0	0	0	0	0	0	1659450000157
1078	1693	0	0	0	0	0	0	1659450001177
1078	1693	0	0	0	0	0	0	1659450002197
1078	1695	0	0	0	0	0	0	1659450003217
1078	1697	0	0	0	0	0	0	1659450004237
1078	1698	0	0	0	0	0	0	1659450005257
1078	1698	0	0	0	0	0	0	1659450006277
1078	1700	0	0	0	0	0	0	1659450007297
1078	1701	0	0	0	0	0	0	1659450008317
1078	1701	0	0	0	0	0	0	1659450009337
1078	1703	0	0	0	0	0	0	1659450010357
1078	1704	0	0	0	0	0	0	1659450011377
1077	1707	0	0	0	0	0	0	1659450012397
1076	1707	0	0	0	0	0	0	1659450013417
1074	1709	0	0	0	0	0	0	1659450014437
1069	1711	0	0	0	0	0	0	1659450015457
1063	1711	0	0	0	0	0	0	1659450016477
1059	1712	0	0	0	0	0	0	1659450017497
1056	1713	0	0	0	0	0	0	1659450018517
1054	1714	0	0	0	0	0	0	1659450019537
1052	1714	0	0	0	0	0	0	1659450020557
1051	1714	0	0	0	0	0	0	1659450021577
1051	1714	0	0	0	0	0	0	1659450022597
1051	1714	0	0	0	0	0	0	1659450023617
1051	1714	0	0	0	0	0	0	1659450024637
1051	1714	0	0	0	0	0	0	1659450025657
1050	1714	0	0	0	0	0	0	1659450026677
1050	1714	0	0	0	0	0	0	1659450027697
1050	1715	0	0	0	0	0	0	1659450028717
1050	1715	0	0	0	0	0	0	1659450029737
1050	1715	0	0	0	0	0	0	1659450030757
1050	1716	0	0	0	0	0	0	1659450031777
1050	1716	0	0	0	0	0	0	1659450032797
1050	1716	0	0	0	0	0	0	1659450033817
1050	1716	0	0	0	0	0	0	1659450034837
1050	1716	0	0	0	0	0	0	1659450035857
1050	1715	0	0	0	0	0	0	1659450036877
1050	1715	0	0	0	0	0	0	1659450037897
1050	1715	0	0	0	0	0	0	1659450038917
1050	1715	0	0	0	0	0	0	1659450039937
1050	1715	0	0	0	0	0	0	1659450040957
1050	1715	0	0	0	0	0	0	1659450041977
1050	1715	0	0	0	0	0	0	1659450042997
1050	1715	0	0	0	0	0	0	1659450044017
1050	1715	0	0	0	0	0	0	1659450045037
1050	1715	0	0	0	0	0	0	1659450046057
1050	1715	0	0	0	0	0	0	1659450047077
1050	1715	0	0	0	0	0	0	1659450048097
1049	1715	0	0	0	0	0	0	1659450049117
1048	1715	0	0	0	0	0	0	1659450050137
1045	1715	0	0	0	0	0	0	1659450051157
1043	1715	0	0	0	0	0	0	1659450052177
1038	1715	0	0	0	0	0	0	1659450053197
1034	1715	0	0	0	0	0	0	1659450054217
1031	1715	0	0	0	0	0	0	1659450055237
1028	1715	0	0	0	0	0	0	1659450056257
1027	1715	0	0	0	0	0	0	1659450057277
1025	1715	0	0	0	0	0	0	1659450058297
1025	1715	0	0	0	0	0	0	1659450059317
1024	1716	0	0	0	0	0	0	1659450060337
1023	1716	0	0	0	0	0	0	1659450061357
1023	1716	0	0	0	0	0	0	1659450062377
1023	1716	0	0	0	0	0	0	1659450063397
1023	1716	0	0	0	0	0	0	1659450064417
1023	1716	0	0	0	0	0	0	1659450065437
1023	1716	0	0	0	0	0	0	1659450066457
1023	1716	0	0	0	0	0	0	1659450067477
1022	1716	0	0	0	0	0	0	1659450068497
1022	1716	0	0	0	0	0	0	1659450069517
1022	1716	0	0	0	0	0	0	1659450070537
1022	1715	0	0	0	0	0	0	1659450071557
1022	1715	0	0	0	0	0	0	1659450072577
1022	1714	0	0	0	0	0	0	1659450073597
1022	1714	0	0	0	0	0	0	1659450074617
1022	1714	0	0	0	0	0	0	1659450075637
1022	1714	0	0	0	0	0	0	1659450076657
1022	1715	0	0	0	0	0	0	1659450077677
1022	1715	0	0	0	0	0	0	1659450078697
1022	1714	0	0	0	0	0	0	1659450079717
1022	1715	0	0	0	0	0	0	1659450080737
1022	1714	0	0	0	0	0	0	1659450081757
1022	1714	0	0	0	0	0	0	1659450082777
1022	1714	0	0	0	0	0	0	1659450083797
1022	1713	0	0	0	0	0	0	1659450084817
1022	1713	0	0	0	0	0	0	1659450085837
1022	1712	0	0	0	0	0	0	1659450086857
1022	1712	0	0	0	0	0	0	1659450087877
1022	1712	0	0	0	0	0	0	1659450088897
1022	1711	0	0	0	0	0	0	1659450089917
1022	1708	0	0	0	0	0	0	1659450090937
1022	1707	0	0	0	0	0	0	1659450091957
1022	1705	0	0	0	0	0	0	1659450092977
1022	1706	0	0	0	0	0	0	1659450093997
1022	1704	0	0	0	0	0	0	1659450095017
1022	1705	0	0	0	0	0	0	1659450096037
1022	1702	0	0	0	0	0	0	1659450097057
1022	1702	0	0	0	0	0	0	1659450098077
1022	1702	0	0	0	0	0	0	1659450099097
1022	1701	0	0	0	0	0	0	1659450100117
1022	1699	0	0	0	0	0	0	1659450101137
1022	1697	0	0	0	0	0	0	1659450102157
1022	1697	0	0	0	0	0	0	1659450103177
1022	1697	0	0	0	0	0	0	1659450104197
1022	1696	0	0	0	0	0	0	1659450105217
1022	1697	0	0	0	0	0	0	1659450106237
1020	1696	0	0	0	0	0	0	1659450107257
1018	1695	0	0	0	0	0	0	1659450108277
1017	1695	0	0	0	0	0	0	1659450109297
1015	1693	0	0	0	0	0	0	1659450110317
1014	1691	0	0	0	0	0	0	1659450111337
1013	1691	0	0	0	0	0	0	1659450112357
1009	1692	0	0	0	0	0	0	1659450113377
1006	1691	0	0	0	0	0	0	1659450114397
1003	1690	0	0	0	0	0	0	1659450115417
1000	1690	0	0	0	0	0	0	1659450116437
999	1689	0	0	0	0	0	0	1659450117457
998	1689	0	0	0	0	0	0	1659450118477
997	1689	0	0	0	0	0	0	1659450119497
997	1689	0	0	0	0	0	0	1659450120517
996	1688	0	0	0	0	0	0	1659450121537
995	1688	0	0	0	0	0	0	1659450122557
995	1688	0	0	0	0	0	0	1659450123577
995	1688	0	0	0	0	0	0	1659450124597
995	1688	0	0	0	0	0	0	1659450125617
995	1688	0	0	0	0	0	0	1659450126637
995	1688	0	0	0	0	0	0	1659450127657
995	1688	0	0	0	0	0	0	1659450128677
995	1688	0	0	0	0	0	0	1659450129697
995	1688	0	0	0	0	0	0	1659450130717
995	1688	0	0	0	0	0	0	1659450131737
995	1688	0	0	0	0	0	0	1659450132757
995	1688	0	0	0	0	0	0	1659450133777
995	1688	0	0	0	0	0	0	1659450134797
995	1688	0	0	0	0	0	0	1659450135817
995	1688	0	0	0	0	0	0	1659450136837
995	1688	0	0	0	0	0	0	1659450137857
995	1688	0	0	0	0	0	0	1659450138877
995	1688	0	0	0	0	0	0	1659450139897
995	1688	0	0	0	0	0	0	1659450140917
995	1688	0	0	0	0	0	0	1659450141937
995	1688	0	0	0	0	0	0	1659450142957
995	1688	0	0	0	0	0	0	1659450143977
995	1688	0	0	0	0	0	0	1659450144997
995	1688	0	0	0	0	0	0	1659450146017
995	1688	0	0	0	0	0	0	1659450147037
995	1688	0	0	0	0	0	0	1659450148057
995	1688	0	0	0	0	0	0	1659450149077
995	1688	0	0	0	0	0	0	1659450150097
995	1688	0	0	0	0	0	0	1659450151117
995	1688	0	0	0	0	0	0	1659450152137
995	1688	0	0	0	0	0	0	1659450153157
995	1688	0	0	0	0	0	0	1659450154177
995	1688	0	0	0	0	0	0	1659450155197
995	1688	0	0	0	0	0	0	1659450156217
995	1688	0	0	0	0	0	0	1659450157237
995	1688	0	0	0	0	0	0	1659450158257
995	1688	0	0	0	0	0	0	1659450159277
995	1688	0	0	0	0	0	0	1659450160297
995	1688	0	0	0	0	0	0	1659450161317
995	1688	0	0	0	0	0	0	1659450162337
995	1688	0	0	0	0	0	0	1659450163357
995	1688	0	0	0	0	0	0	1659450164377
995	1688	0	0	0	0	0	0	1659450165397
995	1688	0	0	0	0	0	0	1659450166417
995	1688	0	0	0	0	0	0	1659450167437
995	1688	0	0	0	0	0	0	1659450168457
995	1689	0	0	0	0	0	0	1659450169477
995	1689	0	0	0	0	0	0	1659450170497
995	1689	0	0	0	0	0	0	1659450171517
995	1689	0	0	0	0	0	0	1659450172537
995	1689	0	0	0	0	0	0	1659450173557
995	1689	0	0	0	0	0	0	1659450174577
995	1689	0	0	0	0	0	0	1659450175597
995	1689	0	0	0	0	0	0	1659450176617
995	1689	0	0	0	0	0	0	1659450177637
995	1689	0	0	0	0	0	0	1659450178657
995	1689	0	0	0	0	0	0	1659450179677
995	1689	0	0	0	0	0	0	1659450180697
995	1689	0	0	0	0	0	0	1659450181717
995	1689	0	0	0	0	0	0	1659450182737
995	1689	0	0	0	0	0	0	1659450183757
995	1689	0	0	0	0	0	0	1659450184777
995	1689	0	0	0	0	0	0	1659450185797
994	1689	0	0	0	0	0	0	1659450186817
993	1689	0	0	0	0	0	0	1659450187837
994	1689	0	0	0	0	0	0	1659450188857
993	1689	0	0	0	0	0	0	1659450189877
993	1689	0	0	0	0	0	0	1659450190897
992	1689	0	0	0	0	0	0	1659450191917
992	1689	0	0	0	0	0	0	1659450192937
985	1689	0	0	0	0	0	0	1659450193957
980	1689	0	0	0	0	0	0	1659450194977
977	1689	0	0	0	0	0	0	1659450195997
975	1689	0	0	0	0	0	0	1659450197017
972	1689	0	0	0	0	0	0	1659450198037
972	1689	0	0	0	0	0	0	1659450199057
974	1689	0	0	0	0	0	0	1659450200077
974	1689	0	0	0	0	0	0	1659450201097
973	1689	0	0	0	0	0	0	1659450202117
972	1689	0	0	0	0	0	0	1659450203137
971	1689	0	0	0	0	0	0	1659450204157
971	1689	0	0	0	0	0	0	1659450205177
970	1688	0	0	0	0	0	0	1659450206197
970	1688	0	0	0	0	0	0	1659450207217
970	1688	0	0	0	0	0	0	1659450208237
969	1688	0	0	0	0	0	0	1659450209257
969	1688	0	0	0	0	0	0	1659450210277
968	1688	0	0	0	0	0	0	1659450211297
967	1686	0	0	0	0	0	0	1659450212317
967	1685	0	0	0	0	0	0	1659450213337
967	1685	0	0	0	0	0	0	1659450214357
967	1684	0	0	0	0	0	0	1659450215377
967	1682	0	0	0	0	0	0	1659450216397
967	1680	0	0	0	0	0	0	1659450217417
967	1678	0	0	0	0	0	0	1659450218437
967	1674	0	0	0	0	0	0	1659450219457
967	1672	0	0	0	0	0	0	1659450220477
967	1670	0	0	0	0	0	0	1659450221497
967	1668	0	0	0	0	0	0	1659450222517
967	1666	0	0	0	0	0	0	1659450223537
967	1665	0	0	0	0	0	0	1659450224557
967	1665	0	0	0	0	0	0	1659450225577
967	1663	0	0	0	0	0	0	1659450226597
967	1662	0	0	0	0	0	0	1659450227617
967	1662	0	0	0	0	0	0	1659450228637
967	1663	0	0	0	0	0	0	1659450229657
967	1662	0	0	0	0	0	0	1659450230677
967	1661	0	0	0	0	0	0	1659450231697
967	1661	0	0	0	0	0	0	1659450232717
967	1661	0	0	0	0	0	0	1659450233737
967	1661	0	0	0	0	0	0	1659450234757
967	1661	0	0	0	0	0	0	1659450235777
967	1661	0	0	0	0	0	0	1659450236797
967	1661	0	0	0	0	0	0	1659450237817
967	1661	0	0	0	0	0	0	1659450238837
967	1661	0	0	0	0	0	0	1659450239857
967	1661	0	0	0	0	0	0	1659450240877
967	1661	0	0	0	0	0	0	1659450241897
967	1661	0	0	0	0	0	0	1659450242917
967	1661	0	0	0	0	0	0	1659450243937
967	1660	0	0	0	0	0	0	1659450244957
967	1660	0	0	0	0	0	0	1659450245977
967	1660	0	0	0	0	0	0	1659450246997
967	1660	0	0	0	0	0	0	1659450248017
967	1660	0	0	0	0	0	0	1659450249037
967	1660	0	0	0	0	0	0	1659450250057
967	1660	0	0	0	0	0	0	1659450251077
967	1660	0	0	0	0	0	0	1659450252097
967	1660	0	0	0	0	0	0	1659450253117
967	1660	0	0	0	0	0	0	1659450254137
967	1660	0	0	0	0	0	0	1659450255157
967	1660	0	0	0	0	0	0	1659450256177
967	1660	0	0	0	0	0	0	1659450257197
967	1660	0	0	0	0	0	0	1659450258217
967	1660	0	0	0	0	0	0	1659450259237
967	1660	0	0	0	0	0	0	1659450260257
967	1660	0	0	0	0	0	0	1659450261277
967	1660	0	0	0	0	0	0	1659450262297
967	1660	0	0	0	0	0	0	1659450263317
967	1660	0	0	0	0	0	0	1659450264337
967	1660	0	0	0	0	0	0	1659450265357
967	1660	0	0	0	0	0	0	1659450266377
967	1660	0	0	0	0	0	0	1659450267397
967	1660	0	0	0	0	0	0	1659450268417
967	1660	0	0	0	0	0	0	1659450269437
967	1660	0	0	0	0	0	0	1659450270457
967	1660	0	0	0	0	0	0	1659450271477
967	1660	0	0	0	0	0	0	1659450272497
967	1660	0	0	0	0	0	0	1659450273517
967	1660	0	0	0	0	0	0	1659450274537
967	1660	0	0	0	0	0	0	1659450275557
967	1660	0	0	0	0	0	0	1659450276577
967	1660	0	0	0	0	0	0	1659450277597
967	1660	0	0	0	0	0	0	1659450278617
967	1660	0	0	0	0	0	0	1659450279637
967	1660	0	0	0	0	0	0	1659450280657
967	1660	0	0	0	0	0	0	1659450281677
967	1660	0	0	0	0	0	0	1659450282697
967	1660	0	0	0	0	0	0	1659450283717
967	1660	0	0	0	0	0	0	1659450284737
967	1660	0	0	0	0	0	0	1659450285757
967	1660	0	0	0	0	0	0	1659450286777
967	1660	0	0	0	0	0	0	1659450287797
967	1660	0	0	0	0	0	0	1659450288817
967	1660	0	0	0	0	0	0	1659450289837
967	1660	0	0	0	0	0	0	1659450290857
967	1660	0	0	0	0	0	0	1659450291877
967	1660	0	0	0	0	0	0	1659450292897
967	1660	0	0	0	0	0	0	1659450293917
967	1660	0	0	0	0	0	0	1659450294937
967	1660	0	0	0	0	0	0	1659450295957
967	1660	0	0	0	0	0	0	1659450296977
967	1660	0	0	0	0	0	0	1659450297997
967	1660	0	0	0	0	0	0	1659450299017
967	1660	0	0	0	0	0	0	1659450300037
967	1660	0	0	0	0	0	0	1659450301057
967	1660	0	0	0	0	0	0	1659450302077
967	1660	0	0	0	0	0	0	1659450303097
966	1660	0	0	0	0	0	0	1659450304117
965	1660	0	0	0	0	0	0	1659450305137
965	1660	0	0	0	0	0	0	1659450306157
965	1660	0	0	0	0	0	0	1659450307177
964	1660	0	0	0	0	0	0	1659450308197
963	1660	0	0	0	0	0	0	1659450309217
963	1660	0	0	0	0	0	0	1659450310237
962	1660	0	0	0	0	0	0	1659450311257
962	1660	0	0	0	0	0	0	1659450312277
961	1660	0	0	0	0	0	0	1659450313297
961	1660	0	0	0	0	0	0	1659450314317
959	1660	0	0	0	0	0	0	1659450315337
957	1660	0	0	0	0	0	0	1659450316357
955	1660	0	0	0	0	0	0	1659450317377
955	1660	0	0	0	0	0	0	1659450318397
954	1660	0	0	0	0	0	0	1659450319417
952	1660	0	0	0	0	0	0	1659450320437
950	1659	0	0	0	0	0	0	1659450321457
950	1659	0	0	0	0	0	0	1659450322477
948	1658	0	0	0	0	0	0	1659450323497
948	1658	0	0	0	0	0	0	1659450324517
947	1657	0	0	0	0	0	0	1659450325537
946	1655	0	0	0	0	0	0	1659450326557
946	1653	0	0	0	0	0	0	1659450327577
945	1654	0	0	0	0	0	0	1659450328597
945	1652	0	0	0	0	0	0	1659450329617
944	1650	0	0	0	0	0	0	1659450330637
943	1646	0	0	0	0	0	0	1659450331657
942	1645	0	0	0	0	0	0	1659450332677
941	1645	0	0	0	0	0	0	1659450333697
941	1643	0	0	0	0	0	0	1659450334717
940	1641	0	0	0	0	0	0	1659450335737
940	1640	0	0	0	0	0	0	1659450336757
939	1638	0	0	0	0	0	0	1659450337777
939	1636	0	0	0	0	0	0	1659450338797
939	1636	0	0	0	0	0	0	1659450339817
939	1635	0	0	0	0	0	0	1659450340837
939	1635	0	0	0	0	0	0	1659450341857
939	1634	0	0	0	0	0	0	1659450342877
939	1634	0	0	0	0	0	0	1659450343897
939	1634	0	0	0	0	0	0	1659450344917
939	1633	0	0	0	0	0	0	1659450345937
939	1632	0	0	0	0	0	0	1659450346957
939	1632	0	0	0	0	0	0	1659450347977
939	1632	0	0	0	0	0	0	1659450348997
939	1632	0	0	0	0	0	0	1659450350017
939	1632	0	0	0	0	0	0	1659450351037
939	1632	0	0	0	0	0	0	1659450352057
939	1632	0	0	0	0	0	0	1659450353077
939	1632	0	0	0	0	0	0	1659450354097
939	1632	0	0	0	0	0	0	1659450355117
939	1632	0	0	0	0	0	0	1659450356137
939	1632	0	0	0	0	0	0	1659450357157
939	1632	0	0	0	0	0	0	1659450358177
939	1632	0	0	0	0	0	0	1659450359197
939	1632	0	0	0	0	0	0	1659450360217
939	1632	0	0	0	0	0	0	1659450361237
939	1632	0	0	0	0	0	0	1659450362257
939	1632	0	0	0	0	0	0	1659450363277
939	1632	0	0	0	0	0	0	1659450364297
939	1632	0	0	0	0	0	0	1659450365317
939	1632	0	0	0	0	0	0	1659450366337
939	1632	0	0	0	0	0	0	1659450367357
939	1632	0	0	0	0	0	0	1659450368377
939	1632	0	0	0	0	0	0	1659450369397
939	1632	0	0	0	0	0	0	1659450370417
939	1633	0	0	0	0	0	0	1659450371437
939	1632	0	0	0	0	0	0	1659450372457
939	1632	0	0	0	0	0	0	1659450373477
939	1632	0	0	0	0	0	0	1659450374497
939	1632	0	0	0	0	0	0	1659450375517
939	1632	0	0	0	0	0	0	1659450376537
939	1632	0	0	0	0	0	0	1659450377557
939	1632	0	0	0	0	0	0	1659450378577
939	1632	0	0	0	0	0	0	1659450379597
939	1632	0	0	0	0	0	0	1659450380617
939	1632	0	0	0	0	0	0	1659450381637
939	1632	0	0	0	0	0	0	1659450382657
939	1632	0	0	0	0	0	0	1659450383677
939	1632	0	0	0	0	0	0	1659450384697
939	1632	0	0	0	0	0	0	1659450385717
939	1632	0	0	0	0	0	0	1659450386737
939	1632	0	0	0	0	0	0	1659450387757
939	1632	0	0	0	0	0	0	1659450388777
939	1632	0	0	0	0	0	0	1659450389797
939	1632	0	0	0	0	0	0	1659450390817
939	1632	0	0	0	0	0	0	1659450391837
939	1632	0	0	0	0	0	0	1659450392857
939	1632	0	0	0	0	0	0	1659450393877
939	1632	0	0	0	0	0	0	1659450394897
939	1632	0	0	0	0	0	0	1659450395917
939	1632	0	0	0	0	0	0	1659450396937
939	1632	0	0	0	0	0	0	1659450397957
939	1632	0	0	0	0	0	0	1659450398977
939	1632	0	0	0	0	0	0	1659450399997
939	1632	0	0	0	0	0	0	1659450401017
939	1632	0	0	0	0	0	0	1659450402037
939	1632	0	0	0	0	0	0	1659450403057
939	1632	0	0	0	0	0	0	1659450404077
939	1632	0	0	0	0	0	0	1659450405097
939	1632	0	0	0	0	0	0	1659450406117
939	1632	0	0	0	0	0	0	1659450407137
939	1632	0	0	0	0	0	0	1659450408157
939	1632	0	0	0	0	0	0	1659450409177
939	1632	0	0	0	0	0	0	1659450410197
939	1632	0	0	0	0	0	0	1659450411217
939	1632	0	0	0	0	0	0	1659450412237
939	1632	0	0	0	0	0	0	1659450413257
939	1632	0	0	0	0	0	0	1659450414277
939	1632	0	0	0	0	0	0	1659450415297
939	1632	0	0	0	0	0	0	1659450416317
939	1632	0	0	0	0	0	0	1659450417337
939	1632	0	0	0	0	0	0	1659450418357
939	1632	0	0	0	0	0	0	1659450419377
939	1632	0	0	0	0	0	0	1659450420397
939	1632	0	0	0	0	0	0	1659450421417
939	1632	0	0	0	0	0	0	1659450422437
939	1632	0	0	0	0	0	0	1659450423457
939	1632	0	0	0	0	0	0	1659450424477
939	1632	0	0	0	0	0	0	1659450425497
939	1632	0	0	0	0	0	0	1659450426517
939	1632	0	0	0	0	0	0	1659450427537
939	1632	0	0	0	0	0	0	1659450428557
939	1632	0	0	0	0	0	0	1659450429577
939	1632	0	0	0	0	0	0	1659450430597
939	1632	0	0	0	0	0	0	1659450431617
939	1632	0	0	0	0	0	0	1659450432637
939	1631	0	0	0	0	0	0	1659450433657
939	1631	0	0	0	0	0	0	1659450434677
939	1630	0	0	0	0	0	0	1659450435697
939	1629	0	0	0	0	0	0	1659450436717
939	1629	0	0	0	0	0	0	1659450437737
939	1629	0	0	0	0	0	0	1659450438757
939	1628	0	0	0	0	0	0	1659450439777
939	1625	0	0	0	0	0	0	1659450440797
939	1625	0	0	0	0	0	0	1659450441817
939	1624	0	0	0	0	0	0	1659450442837
939	1624	0	0	0	0	0	0	1659450443857
939	1622	0	0	0	0	0	0	1659450444877
939	1621	0	0	0	0	0	0	1659450445897
939	1617	0	0	0	0	0	0	1659450446917
939	1615	0	0	0	0	0	0	1659450447937
939	1616	0	0	0	0	0	0	1659450448957
939	1614	0	0	0	0	0	0	1659450449977
939	1612	0	0	0	0	0	0	1659450450997
939	1611	0	0	0	0	0	0	1659450452017
939	1609	0	0	0	0	0	0	1659450453037
939	1608	0	0	0	0	0	0	1659450454057
939	1607	0	0	0	0	0	0	1659450455077
939	1606	0	0	0	0	0	0	1659450456097
939	1605	0	0	0	0	0	0	1659450457117
939	1605	0	0	0	0	0	0	1659450458137
939	1605	0	0	0	0	0	0	1659450459157
939	1605	0	0	0	0	0	0	1659450460177
939	1605	0	0	0	0	0	0	1659450461197
939	1605	0	0	0	0	0	0	1659450462217
939	1605	0	0	0	0	0	0	1659450463237
939	1605	0	0	0	0	0	0	1659450464257
938	1605	0	0	0	0	0	0	1659450465277
938	1605	0	0	0	0	0	0	1659450466297
938	1605	0	0	0	0	0	0	1659450467317
936	1605	0	0	0	0	0	0	1659450468337
936	1605	0	0	0	0	0	0	1659450469357
936	1605	0	0	0	0	0	0	1659450470377
935	1605	0	0	0	0	0	0	1659450471397
935	1605	0	0	0	0	0	0	1659450472417
933	1605	0	0	0	0	0	0	1659450473437
933	1605	0	0	0	0	0	0	1659450474457
932	1605	0	0	0	0	0	0	1659450475477
931	1605	0	0	0	0	0	0	1659450476497
931	1605	0	0	0	0	0	0	1659450477517
929	1605	0	0	0	0	0	0	1659450478537
926	1605	0	0	0	0	0	0	1659450479557
927	1605	0	0	0	0	0	0	1659450480577
925	1605	0	0	0	0	0	0	1659450481597
924	1605	0	0	0	0	0	0	1659450482617
922	1605	0	0	0	0	0	0	1659450483637
921	1605	0	0	0	0	0	0	1659450484657
921	1605	0	0	0	0	0	0	1659450485677
919	1605	0	0	0	0	0	0	1659450486697
918	1605	0	0	0	0	0	0	1659450487717
917	1605	0	0	0	0	0	0	1659450488737
916	1605	0	0	0	0	0	0	1659450489757
917	1605	0	0	0	0	0	0	1659450490777
915	1605	0	0	0	0	0	0	1659450491797
915	1605	0	0	0	0	0	0	1659450492817
915	1605	0	0	0	0	0	0	1659450493837
916	1605	0	0	0	0	0	0	1659450494857
915	1605	0	0	0	0	0	0	1659450495877
914	1605	0	0	0	0	0	0	1659450496897
914	1605	0	0	0	0	0	0	1659450497917
914	1605	0	0	0	0	0	0	1659450498937
914	1605	0	0	0	0	0	0	1659450499957
914	1605	0	0	0	0	0	0	1659450500977
913	1605	0	0	0	0	0	0	1659450501997
913	1605	0	0	0	0	0	0	1659450503017
912	1605	0	0	0	0	0	0	1659450504037
912	1605	0	0	0	0	0	0	1659450505057
912	1605	0	0	0	0	0	0	1659450506077
912	1605	0	0	0	0	0	0	1659450507097
912	1605	0	0	0	0	0	0	1659450508117
912	1605	0	0	0	0	0	0	1659450509137
912	1605	0	0	0	0	0	0	1659450510157
912	1605	0	0	0	0	0	0	1659450511177
912	1605	0	0	0	0	0	0	1659450512197
912	1605	0	0	0	0	0	0	1659450513217
912	1605	0	0	0	0	0	0	1659450514237
912	1605	0	0	0	0	0	0	1659450515257
912	1605	0	0	0	0	0	0	1659450516277
912	1605	0	0	0	0	0	0	1659450517297
912	1605	0	0	0	0	0	0	1659450518317
912	1605	0	0	0	0	0	0	1659450519337
912	1605	0	0	0	0	0	0	1659450520357
912	1605	0	0	0	0	0	0	1659450521377
912	1605	0	0	0	0	0	0	1659450522397
912	1605	0	0	0	0	0	0	1659450523417
912	1605	0	0	0	0	0	0	1659450524437
912	1605	0	0	0	0	0	0	1659450525457
912	1605	0	0	0	0	0	0	1659450526477
912	1605	0	0	0	0	0	0	1659450527497
912	1605	0	0	0	0	0	0	1659450528517
912	1605	0	0	0	0	0	0	1659450529537
912	1605	0	0	0	0	0	0	1659450530557
912	1605	0	0	0	0	0	0	1659450531577
912	1605	0	0	0	0	0	0	1659450532597
912	1605	0	0	0	0	0	0	1659450533617
912	1605	0	0	0	0	0	0	1659450534637
912	1605	0	0	0	0	0	0	1659450535657
912	1605	0	0	0	0	0	0	1659450536677
912	1605	0	0	0	0	0	0	1659450537697
912	1605	0	0	0	0	0	0	1659450538717
912	1605	0	0	0	0	0	0	1659450539737
912	1605	0	0	0	0	0	0	1659450540757
912	1605	0	0	0	0	0	0	1659450541777
912	1605	0	0	0	0	0	0	1659450542797
912	1605	0	0	0	0	0	0	1659450543817
912	1605	0	0	0	0	0	0	1659450544837
912	1605	0	0	0	0	0	0	1659450545857
912	1605	0	0	0	0	0	0	1659450546877
912	1605	0	0	0	0	0	0	1659450547897
912	1604	0	0	0	0	0	0	1659450548917
912	1604	0	0	0	0	0	0	1659450549937
912	1604	0	0	0	0	0	0	1659450550957
912	1604	0	0	0	0	0	0	1659450551977
912	1604	0	0	0	0	0	0	1659450552997
912	1604	0	0	0	0	0	0	1659450554017
912	1604	0	0	0	0	0	0	1659450555037
912	1604	0	0	0	0	0	0	1659450556057
912	1604	0	0	0	0	0	0	1659450557077
912	1604	0	0	0	0	0	0	1659450558097
912	1604	0	0	0	0	0	0	1659450559117
912	1603	0	0	0	0	0	0	1659450560137
912	1603	0	0	0	0	0	0	1659450561157
912	1601	0	0	0	0	0	0	1659450562177
912	1600	0	0	0	0	0	0	1659450563197
912	1601	0	0	0	0	0	0	1659450564217
912	1601	0	0	0	0	0	0	1659450565237
912	1598	0	0	0	0	0	0	1659450566257
912	1597	0	0	0	0	0	0	1659450567277
912	1595	0	0	0	0	0	0	1659450568297
912	1593	0	0	0	0	0	0	1659450569317
912	1591	0	0	0	0	0	0	1659450570337
911	1591	0	0	0	0	0	0	1659450571357
911	1591	0	0	0	0	0	0	1659450572377
911	1589	0	0	0	0	0	0	1659450573397
911	1589	0	0	0	0	0	0	1659450574417
911	1591	0	0	0	0	0	0	1659450575437
911	1589	0	0	0	0	0	0	1659450576457
911	1586	0	0	0	0	0	0	1659450577477
911	1585	0	0	0	0	0	0	1659450578497
911	1585	0	0	0	0	0	0	1659450579517
911	1584	0	0	0	0	0	0	1659450580537
911	1584	0	0	0	0	0	0	1659450581557
911	1581	0	0	0	0	0	0	1659450582577
911	1580	0	0	0	0	0	0	1659450583597
911	1580	0	0	0	0	0	0	1659450584617
911	1579	0	0	0	0	0	0	1659450585637
911	1579	0	0	0	0	0	0	1659450586657
911	1578	0	0	0	0	0	0	1659450587677
911	1578	0	0	0	0	0	0	1659450588697
911	1578	0	0	0	0	0	0	1659450589717
911	1578	0	0	0	0	0	0	1659450590737
911	1577	0	0	0	0	0	0	1659450591757
911	1577	0	0	0	0	0	0	1659450592777
911	1577	0	0	0	0	0	0	1659450593797
911	1577	0	0	0	0	0	0	1659450594817
911	1577	0	0	0	0	0	0	1659450595837
911	1577	0	0	0	0	0	0	1659450596857
911	1577	0	0	0	0	0	0	1659450597877
911	1577	0	0	0	0	0	0	1659450598897
911	1577	0	0	0	0	0	0	1659450599917
911	1577	0	0	0	0	0	0	1659450600937
911	1577	0	0	0	0	0	0	1659450601957
911	1577	0	0	0	0	0	0	1659450602977
911	1577	0	0	0	0	0	0	1659450603997
911	1577	0	0	0	0	0	0	1659450605017
911	1577	0	0	0	0	0	0	1659450606037
911	1577	0	0	0	0	0	0	1659450607057
911	1577	0	0	0	0	0	0	1659450608077
911	1577	0	0	0	0	0	0	1659450609097
911	1577	0	0	0	0	0	0	1659450610117
911	1577	0	0	0	0	0	0	1659450611137
911	1577	0	0	0	0	0	0	1659450612157
911	1577	0	0	0	0	0	0	1659450613177
911	1577	0	0	0	0	0	0	1659450614197
911	1577	0	0	0	0	0	0	1659450615217
911	1577	0	0	0	0	0	0	1659450616237
911	1577	0	0	0	0	0	0	1659450617257
911	1577	0	0	0	0	0	0	1659450618277
911	1577	0	0	0	0	0	0	1659450619297
911	1577	0	0	0	0	0	0	1659450620317
911	1577	0	0	0	0	0	0	1659450621337
911	1577	0	0	0	0	0	0	1659450622357
911	1577	0	0	0	0	0	0	1659450623377
911	1577	0	0	0	0	0	0	1659450624397
911	1577	0	0	0	0	0	0	1659450625417
911	1577	0	0	0	0	0	0	1659450626437
911	1577	0	0	0	0	0	0	1659450627457
911	1577	0	0	0	0	0	0	1659450628477
911	1577	0	0	0	0	0	0	1659450629497
911	1577	0	0	0	0	0	0	1659450630517
911	1577	0	0	0	0	0	0	1659450631537
911	1577	0	0	0	0	0	0	1659450632557
911	1577	0	0	0	0	0	0	1659450633577
911	1577	0	0	0	0	0	0	1659450634597
911	1577	0	0	0	0	0	0	1659450635617
911	1577	0	0	0	0	0	0	1659450636637
911	1577	0	0	0	0	0	0	1659450637657
911	1577	0	0	0	0	0	0	1659450638677
911	1577	0	0	0	0	0	0	1659450639697
911	1577	0	0	0	0	0	0	1659450640717
911	1577	0	0	0	0	0	0	1659450641737
911	1577	0	0	0	0	0	0	1659450642757
911	1577	0	0	0	0	0	0	1659450643777
911	1577	0	0	0	0	0	0	1659450644797
911	1577	0	0	0	0	0	0	1659450645817
911	1577	0	0	0	0	0	0	1659450646837
911	1577	0	0	0	0	0	0	1659450647857
911	1577	0	0	0	0	0	0	1659450648877
911	1577	0	0	0	0	0	0	1659450649897
911	1577	0	0	0	0	0	0	1659450650917
911	1577	0	0	0	0	0	0	1659450651937
911	1577	0	0	0	0	0	0	1659450652957
911	1577	0	0	0	0	0	0	1659450653977
911	1577	0	0	0	0	0	0	1659450654997
911	1577	0	0	0	0	0	0	1659450656017
911	1577	0	0	0	0	0	0	1659450657037
911	1577	0	0	0	0	0	0	1659450658057
910	1577	0	0	0	0	0	0	1659450659077
911	1577	0	0	0	0	0	0	1659450660097
910	1577	0	0	0	0	0	0	1659450661117
910	1577	0	0	0	0	0	0	1659450662137
910	1577	0	0	0	0	0	0	1659450663157
909	1577	0	0	0	0	0	0	1659450664177
909	1577	0	0	0	0	0	0	1659450665197
909	1577	0	0	0	0	0	0	1659450666217
910	1577	0	0	0	0	0	0	1659450667237
910	1577	0	0	0	0	0	0	1659450668257
909	1577	0	0	0	0	0	0	1659450669277
908	1577	0	0	0	0	0	0	1659450670297
906	1577	0	0	0	0	0	0	1659450671317
907	1577	0	0	0	0	0	0	1659450672337
906	1577	0	0	0	0	0	0	1659450673357
905	1577	0	0	0	0	0	0	1659450674377
903	1577	0	0	0	0	0	0	1659450675397
904	1577	0	0	0	0	0	0	1659450676417
903	1577	0	0	0	0	0	0	1659450677437
902	1577	0	0	0	0	0	0	1659450678457
900	1577	0	0	0	0	0	0	1659450679477
899	1577	0	0	0	0	0	0	1659450680497
898	1577	0	0	0	0	0	0	1659450681517
897	1577	0	0	0	0	0	0	1659450682537
896	1577	0	0	0	0	0	0	1659450683557
895	1577	0	0	0	0	0	0	1659450684577
892	1577	0	0	0	0	0	0	1659450685597
892	1577	0	0	0	0	0	0	1659450686617
892	1577	0	0	0	0	0	0	1659450687637
892	1577	0	0	0	0	0	0	1659450688657
891	1577	0	0	0	0	0	0	1659450689677
891	1577	0	0	0	0	0	0	1659450690697
891	1577	0	0	0	0	0	0	1659450691717
890	1577	0	0	0	0	0	0	1659450692737
890	1577	0	0	0	0	0	0	1659450693757
889	1577	0	0	0	0	0	0	1659450694777
888	1577	0	0	0	0	0	0	1659450695797
888	1577	0	0	0	0	0	0	1659450696817
888	1577	0	0	0	0	0	0	1659450697837
887	1577	0	0	0	0	0	0	1659450698857
886	1577	0	0	0	0	0	0	1659450699877
886	1577	0	0	0	0	0	0	1659450700897
887	1577	0	0	0	0	0	0	1659450701917
886	1577	0	0	0	0	0	0	1659450702937
885	1577	0	0	0	0	0	0	1659450703957
885	1577	0	0	0	0	0	0	1659450704977
885	1577	0	0	0	0	0	0	1659450705997
885	1577	0	0	0	0	0	0	1659450707017
10531	1577	0	0	0	0	0	0	1659450708037
6672	1577	0	0	0	0	0	0	1659450709057
4357	1577	0	0	0	0	0	0	1659450710077
2968	1577	0	0	0	0	0	0	1659450711097
2134	1577	0	0	0	0	0	0	1659450712117
1634	1577	0	0	0	0	0	0	1659450713137
1334	1577	0	0	0	0	0	0	1659450714157
1154	1576	0	0	0	0	0	0	1659450715177
1046	1576	0	0	0	0	0	0	1659450716197
981	1576	0	0	0	0	0	0	1659450717217
942	1576	0	0	0	0	0	0	1659450718237
919	1575	0	0	0	0	0	0	1659450719257
905	1575	0	0	0	0	0	0	1659450720277
896	1575	0	0	0	0	0	0	1659450721297
891	1575	0	0	0	0	0	0	1659450722317
888	1574	0	0	0	0	0	0	1659450723337
886	1575	0	0	0	0	0	0	1659450724357
885	1575	0	0	0	0	0	0	1659450725377
884	1574	0	0	0	0	0	0	1659450726397
884	1574	0	0	0	0	0	0	1659450727417
884	1572	0	0	0	0	0	0	1659450728437
884	1572	0	0	0	0	0	0	1659450729457
884	1573	0	0	0	0	0	0	1659450730477
884	1570	0	0	0	0	0	0	1659450731497
884	1570	0	0	0	0	0	0	1659450732517
884	1568	0	0	0	0	0	0	1659450733537
884	1569	0	0	0	0	0	0	1659450734557
884	1568	0	0	0	0	0	0	1659450735577
884	1566	0	0	0	0	0	0	1659450736597
884	1564	0	0	0	0	0	0	1659450737617
884	1563	0	0	0	0	0	0	1659450738637
884	1562	0	0	0	0	0	0	1659450739657
884	1559	0	0	0	0	0	0	1659450740677
884	1561	0	0	0	0	0	0	1659450741697
884	1560	0	0	0	0	0	0	1659450742717
884	1559	0	0	0	0	0	0	1659450743737
884	1559	0	0	0	0	0	0	1659450744757
884	1558	0	0	0	0	0	0	1659450745777
884	1556	0	0	0	0	0	0	1659450746797
884	1553	0	0	0	0	0	0	1659450747817
884	1553	0	0	0	0	0	0	1659450748837
884	1552	0	0	0	0	0	0	1659450749857
884	1551	0	0	0	0	0	0	1659450750877
884	1550	0	0	0	0	0	0	1659450751897
884	1551	0	0	0	0	0	0	1659450752917
884	1551	0	0	0	0	0	0	1659450753937
884	1551	0	0	0	0	0	0	1659450754957
884	1551	0	0	0	0	0	0	1659450755977
884	1550	0	0	0	0	0	0	1659450756997
884	1550	0	0	0	0	0	0	1659450758017
884	1550	0	0	0	0	0	0	1659450759037
884	1550	0	0	0	0	0	0	1659450760057
884	1550	0	0	0	0	0	0	1659450761077
884	1550	0	0	0	0	0	0	1659450762097
884	1550	0	0	0	0	0	0	1659450763117
884	1550	0	0	0	0	0	0	1659450764137
884	1550	0	0	0	0	0	0	1659450765157
884	1550	0	0	0	0	0	0	1659450766177
884	1550	0	0	0	0	0	0	1659450767197
884	1550	0	0	0	0	0	0	1659450768217
884	1549	0	0	0	0	0	0	1659450769237
884	1549	0	0	0	0	0	0	1659450770257
884	1549	0	0	0	0	0	0	1659450771277
884	1549	0	0	0	0	0	0	1659450772297
884	1549	0	0	0	0	0	0	1659450773317
884	1549	0	0	0	0	0	0	1659450774337
884	1549	0	0	0	0	0	0	1659450775357
884	1549	0	0	0	0	0	0	1659450776377
884	1549	0	0	0	0	0	0	1659450777397
884	1549	0	0	0	0	0	0	1659450778417
884	1549	0	0	0	0	0	0	1659450779437
884	1549	0	0	0	0	0	0	1659450780457
884	1549	0	0	0	0	0	0	1659450781477
884	10929	0	0	0	0	0	0	1659450782497
884	7177	0	0	0	0	0	0	1659450783517
884	4926	0	0	0	0	0	0	1659450784537
884	3575	0	0	0	0	0	0	1659450785557
884	2765	0	0	0	0	0	0	1659450786577
884	2279	0	0	0	0	0	0	1659450787597
884	1987	0	0	0	0	0	0	1659450788617
884	1812	0	0	0	0	0	0	1659450789637
884	1707	0	0	0	0	0	0	1659450790657
884	1644	0	0	0	0	0	0	1659450791677
884	1606	0	0	0	0	0	0	1659450792697
884	1583	0	0	0	0	0	0	1659450793717
884	1570	0	0	0	0	0	0	1659450794737
884	1562	0	0	0	0	0	0	1659450795757
884	1557	0	0	0	0	0	0	1659450796777
884	1554	0	0	0	0	0	0	1659450797797
884	1552	0	0	0	0	0	0	1659450798817
884	1551	0	0	0	0	0	0	1659450799837
884	1550	0	0	0	0	0	0	1659450800857
884	1550	0	0	0	0	0	0	1659450801877
884	1549	0	0	0	0	0	0	1659450802897
884	1549	0	0	0	0	0	0	1659450803917
884	1549	0	0	0	0	0	0	1659450804937
884	1549	0	0	0	0	0	0	1659450805957
884	1549	0	0	0	0	0	0	1659450806977
884	1549	0	0	0	0	0	0	1659450807997
884	1549	0	0	0	0	0	0	1659450809017
884	1549	0	0	0	0	0	0	1659450810037
884	1549	0	0	0	0	0	0	1659450811057
884	1549	0	0	0	0	0	0	1659450812077
884	1549	0	0	0	0	0	0	1659450813097
884	1549	0	0	0	0	0	0	1659450814117
884	1549	0	0	0	0	0	0	1659450815137
884	1549	0	0	0	0	0	0	1659450816157
884	1549	0	0	0	0	0	0	1659450817177
884	1549	0	0	0	0	0	0	1659450818197
884	1549	0	0	0	0	0	0	1659450819217
884	1549	0	0	0	0	0	0	1659450820237
884	1549	0	0	0	0	0	0	1659450821257
884	1549	0	0	0	0	0	0	1659450822277
884	1549	0	0	0	0	0	0	1659450823297
884	1549	0	0	0	0	0	0	1659450824317
884	1549	0	0	0	0	0	0	1659450825337
884	1549	0	0	0	0	0	0	1659450826357
884	1549	0	0	0	0	0	0	1659450827377
884	1549	0	0	0	0	0	0	1659450828397
884	1549	0	0	0	0	0	0	1659450829417
884	1549	0	0	0	0	0	0	1659450830437
884	1549	0	0	0	0	0	0	1659450831457
884	1549	0	0	0	0	0	0	1659450832477
884	1546	0	0	0	0	0	0	1659450833497
884	1547	0	0	0	0	0	0	1659450834517
884	1548	0	0	0	0	0	0	1659450835537
884	1548	0	0	0	0	0	0	1659450836557
884	1548	0	0	0	0	0	0	1659450837577
884	1548	0	0	0	0	0	0	1659450838597
884	1548	0	0	0	0	0	0	1659450839617
884	1548	0	0	0	0	0	0	1659450840637
884	1548	0	0	0	0	0	0	1659450841657
884	1548	0	0	0	0	0	0	1659450842677
884	1548	0	0	0	0	0	0	1659450843697
884	1549	0	0	0	0	0	0	1659450844717
884	1549	0	0	0	0	0	0	1659450845737
884	1549	0	0	0	0	0	0	1659450846757
884	1549	0	0	0	0	0	0	1659450847777
884	1549	0	0	0	0	0	0	1659450848797
884	1549	0	0	0	0	0	0	1659450849817
884	1549	0	0	0	0	0	0	1659450850837
884	1549	0	0	0	0	0	0	1659450851857
884	1549	0	0	0	0	0	0	1659450852877
884	1549	0	0	0	0	0	0	1659450853897
884	1549	0	0	0	0	0	0	1659450854917
884	1549	0	0	0	0	0	0	1659450855937
884	1549	0	0	0	0	0	0	1659450856957
884	1549	0	0	0	0	0	0	1659450857977
883	1549	0	0	0	0	0	0	1659450858997
883	1549	0	0	0	0	0	0	1659450860017
883	1549	0	0	0	0	0	0	1659450861037
883	1549	0	0	0	0	0	0	1659450862057
883	1549	0	0	0	0	0	0	1659450863077
883	1549	0	0	0	0	0	0	1659450864097
883	1549	0	0	0	0	0	0	1659450865117
883	1549	0	0	0	0	0	0	1659450866137
883	1549	0	0	0	0	0	0	1659450867157
883	1549	0	0	0	0	0	0	1659450868177
883	1549	0	0	0	0	0	0	1659450869197
883	1549	0	0	0	0	0	0	1659450870217
883	1549	0	0	0	0	0	0	1659450871237
883	1549	0	0	0	0	0	0	1659450872257
883	1549	0	0	0	0	0	0	1659450873277
883	1549	0	0	0	0	0	0	1659450874297
883	1549	0	0	0	0	0	0	1659450875317
883	1549	0	0	0	0	0	0	1659450876337
883	1549	0	0	0	0	0	0	1659450877357
883	1549	0	0	0	0	0	0	1659450878377
883	1549	0	0	0	0	0	0	1659450879397
883	1549	0	0	0	0	0	0	1659450880417
883	1549	0	0	0	0	0	0	1659450881437
883	1549	0	0	0	0	0	0	1659450882457
883	1549	0	0	0	0	0	0	1659450883477
883	1549	0	0	0	0	0	0	1659450884497
883	1549	0	0	0	0	0	0	1659450885517
883	1549	0	0	0	0	0	0	1659450886537
883	1549	0	0	0	0	0	0	1659450887557
883	1549	0	0	0	0	0	0	1659450888577
883	1549	0	0	0	0	0	0	1659450889597
883	1549	0	0	0	0	0	0	1659450890617
882	1549	0	0	0	0	0	0	1659450891637
883	1549	0	0	0	0	0	0	1659450892657
883	1549	0	0	0	0	0	0	1659450893677
883	1549	0	0	0	0	0	0	1659450894697
883	1549	0	0	0	0	0	0	1659450895717
883	1549	0	0	0	0	0	0	1659450896737
883	1549	0	0	0	0	0	0	1659450897757
883	1549	0	0	0	0	0	0	1659450898777
883	1549	0	0	0	0	0	0	1659450899797
883	1549	0	0	0	0	0	0	1659450900817
883	1549	0	0	0	0	0	0	1659450901837
882	1549	0	0	0	0	0	0	1659450902857
883	1549	0	0	0	0	0	0	1659450903877
881	1549	0	0	0	0	0	0	1659450904897
881	1549	0	0	0	0	0	0	1659450905917
881	1549	0	0	0	0	0	0	1659450906937
881	1549	0	0	0	0	0	0	1659450907957
880	1549	0	0	0	0	0	0	1659450908977
880	1549	0	0	0	0	0	0	1659450909997
881	1549	0	0	0	0	0	0	1659450911017
880	1549	0	0	0	0	0	0	1659450912037
880	1549	0	0	0	0	0	0	1659450913057
880	1549	0	0	0	0	0	0	1659450914077
881	1549	0	0	0	0	0	0	1659450915097
881	1549	0	0	0	0	0	0	1659450916117
880	1549	0	0	0	0	0	0	1659450917137
879	1549	0	0	0	0	0	0	1659450918157
877	1549	0	0	0	0	0	0	1659450919177
877	1549	0	0	0	0	0	0	1659450920197
876	1549	0	0	0	0	0	0	1659450921217
876	1549	0	0	0	0	0	0	1659450922237
873	1549	0	0	0	0	0	0	1659450923257
871	1549	0	0	0	0	0	0	1659450924277
870	1549	0	0	0	0	0	0	1659450925297
869	1549	0	0	0	0	0	0	1659450926317
868	1549	0	0	0	0	0	0	1659450927337
866	1549	0	0	0	0	0	0	1659450928357
866	1549	0	0	0	0	0	0	1659450929377
867	1549	0	0	0	0	0	0	1659450930397
867	1549	0	0	0	0	0	0	1659450931417
867	1549	0	0	0	0	0	0	1659450932437
867	1549	0	0	0	0	0	0	1659450933457
865	1549	0	0	0	0	0	0	1659450934477
864	1549	0	0	0	0	0	0	1659450935497
864	1548	0	0	0	0	0	0	1659450936517
864	1548	0	0	0	0	0	0	1659450937537
863	1548	0	0	0	0	0	0	1659450938557
862	1548	0	0	0	0	0	0	1659450939577
863	1549	0	0	0	0	0	0	1659450940597
862	1549	0	0	0	0	0	0	1659450941617
862	1548	0	0	0	0	0	0	1659450942637
862	1548	0	0	0	0	0	0	1659450943657
860	1549	0	0	0	0	0	0	1659450944677
859	1549	0	0	0	0	0	0	1659450945697
858	1549	0	0	0	0	0	0	1659450946717
857	1549	0	0	0	0	0	0	1659450947737
856	1549	0	0	0	0	0	0	1659450948757
856	1548	0	0	0	0	0	0	1659450949777
856	1547	0	0	0	0	0	0	1659450950797
856	1548	0	0	0	0	0	0	1659450951817
856	1547	0	0	0	0	0	0	1659450952837
856	1547	0	0	0	0	0	0	1659450953857
856	1546	0	0	0	0	0	0	1659450954877
856	1545	0	0	0	0	0	0	1659450955897
856	1543	0	0	0	0	0	0	1659450956917
856	1543	0	0	0	0	0	0	1659450957937
856	1541	0	0	0	0	0	0	1659450958957
856	1540	0	0	0	0	0	0	1659450959977
856	1539	0	0	0	0	0	0	1659450960997
856	1539	0	0	0	0	0	0	1659450962017
856	1540	0	0	0	0	0	0	1659450963037
856	1540	0	0	0	0	0	0	1659450964057
856	1539	0	0	0	0	0	0	1659450965077
856	1538	0	0	0	0	0	0	1659450966097
856	1537	0	0	0	0	0	0	1659450967117
856	1536	0	0	0	0	0	0	1659450968137
856	1535	0	0	0	0	0	0	1659450969157
856	1534	0	0	0	0	0	0	1659450970177
856	1532	0	0	0	0	0	0	1659450971197
856	1530	0	0	0	0	0	0	1659450972217
856	1528	0	0	0	0	0	0	1659450973237
856	1527	0	0	0	0	0	0	1659450974257
856	1528	0	0	0	0	0	0	1659450975277
856	1528	0	0	0	0	0	0	1659450976297
856	1527	0	0	0	0	0	0	1659450977317
856	1528	0	0	0	0	0	0	1659450978337
856	1527	0	0	0	0	0	0	1659450979357
856	1529	0	0	0	0	0	0	1659450980377
856	1528	0	0	0	0	0	0	1659450981397
856	1530	0	0	0	0	0	0	1659450982417
856	1528	0	0	0	0	0	0	1659450983437
856	1527	0	0	0	0	0	0	1659450984457
856	1527	0	0	0	0	0	0	1659450985477
856	1527	0	0	0	0	0	0	1659450986497
856	1526	0	0	0	0	0	0	1659450987517
856	1527	0	0	0	0	0	0	1659450988537
856	1528	0	0	0	0	0	0	1659450989557
856	1528	0	0	0	0	0	0	1659450990577
856	1528	0	0	0	0	0	0	1659450991597
856	1526	0	0	0	0	0	0	1659450992617
856	1525	0	0	0	0	0	0	1659450993637
856	1524	0	0	0	0	0	0	1659450994657
856	1525	0	0	0	0	0	0	1659450995677
856	1525	0	0	0	0	0	0	1659450996697
856	1525	0	0	0	0	0	0	1659450997717
856	1525	0	0	0	0	0	0	1659450998737
856	1524	0	0	0	0	0	0	1659450999757
856	1523	0	0	0	0	0	0	1659451000777
856	1523	0	0	0	0	0	0	1659451001797
856	1523	0	0	0	0	0	0	1659451002817
856	1524	0	0	0	0	0	0	1659451003837
856	1523	0	0	0	0	0	0	1659451004857
856	1523	0	0	0	0	0	0	1659451005877
856	1523	0	0	0	0	0	0	1659451006897
856	1522	0	0	0	0	0	0	1659451007917
856	1522	0	0	0	0	0	0	1659451008937
856	1522	0	0	0	0	0	0	1659451009957
856	1522	0	0	0	0	0	0	1659451010977
856	1522	0	0	0	0	0	0	1659451011997
856	1522	0	0	0	0	0	0	1659451013017
856	1522	0	0	0	0	0	0	1659451014037
856	1522	0	0	0	0	0	0	1659451015057
856	1522	0	0	0	0	0	0	1659451016077
856	1522	0	0	0	0	0	0	1659451017097
856	1522	0	0	0	0	0	0	1659451018117
856	1522	0	0	0	0	0	0	1659451019137
856	1522	0	0	0	0	0	0	1659451020157
856	1522	0	0	0	0	0	0	1659451021177
856	1522	0	0	0	0	0	0	1659451022197
856	1522	0	0	0	0	0	0	1659451023217
856	1522	0	0	0	0	0	0	1659451024237
856	1522	0	0	0	0	0	0	1659451025257
856	1522	0	0	0	0	0	0	1659451026277
856	1522	0	0	0	0	0	0	1659451027297
856	1522	0	0	0	0	0	0	1659451028317
856	1522	0	0	0	0	0	0	1659451029337
856	1522	0	0	0	0	0	0	1659451030357
856	1522	0	0	0	0	0	0	1659451031377
856	1522	0	0	0	0	0	0	1659451032397
856	1522	0	0	0	0	0	0	1659451033417
856	1522	0	0	0	0	0	0	1659451034437
856	1522	0	0	0	0	0	0	1659451035457
856	1522	0	0	0	0	0	0	1659451036477
856	1522	0	0	0	0	0	0	1659451037527
856	1522	0	0	0	0	0	0	1659451038547
856	1522	0	0	0	0	0	0	1659451039567
856	1521	0	0	0	0	0	0	1659451040587
856	1521	0	0	0	0	0	0	1659451041607
856	1521	0	0	0	0	0	0	1659451042627
856	1521	0	0	0	0	0	0	1659451043647
856	1521	0	0	0	0	0	0	1659451044667
856	1521	0	0	0	0	0	0	1659451045687
856	1521	0	0	0	0	0	0	1659451046707
856	1521	0	0	0	0	0	0	1659451047727
856	1521	0	0	0	0	0	0	1659451048747
856	1521	0	0	0	0	0	0	1659451049767
856	1521	0	0	0	0	0	0	1659451050787
856	1521	0	0	0	0	0	0	1659451051807
856	1521	0	0	0	0	0	0	1659451052827
856	1521	0	0	0	0	0	0	1659451053847
856	1521	0	0	0	0	0	0	1659451054867
856	1521	0	0	0	0	0	0	1659451055887
856	1521	0	0	0	0	0	0	1659451056907
856	1521	0	0	0	0	0	0	1659451057927
856	1521	0	0	0	0	0	0	1659451058947
856	1521	0	0	0	0	0	0	1659451059967
856	1521	0	0	0	0	0	0	1659451060987
856	1521	0	0	0	0	0	0	1659451062007
856	1521	0	0	0	0	0	0	1659451063027
856	1521	0	0	0	0	0	0	1659451064047
856	1521	0	0	0	0	0	0	1659451065067
856	1521	0	0	0	0	0	0	1659451066087
856	1521	0	0	0	0	0	0	1659451067107
856	1521	0	0	0	0	0	0	1659451068127
856	1521	0	0	0	0	0	0	1659451069147
856	1521	0	0	0	0	0	0	1659451070167
856	1521	0	0	0	0	0	0	1659451071187
856	1521	0	0	0	0	0	0	1659451072207
856	1521	0	0	0	0	0	0	1659451073227
856	1521	0	0	0	0	0	0	1659451074247
856	1521	0	0	0	0	0	0	1659451075267
856	1521	0	0	0	0	0	0	1659451076287
856	1521	0	0	0	0	0	0	1659451077307
856	1521	0	0	0	0	0	0	1659451078327
856	1521	0	0	0	0	0	0	1659451079347
856	1521	0	0	0	0	0	0	1659451080367
856	1521	0	0	0	0	0	0	1659451081387
856	1521	0	0	0	0	0	0	1659451082407
856	1521	0	0	0	0	0	0	1659451083427
856	1521	0	0	0	0	0	0	1659451084447
856	1521	0	0	0	0	0	0	1659451085467
856	1521	0	0	0	0	0	0	1659451086487
856	1521	0	0	0	0	0	0	1659451087507
856	1521	0	0	0	0	0	0	1659451088527
856	1521	0	0	0	0	0	0	1659451089547
856	1521	0	0	0	0	0	0	1659451090567
856	1521	0	0	0	0	0	0	1659451091587
856	1521	0	0	0	0	0	0	1659451092607
856	1521	0	0	0	0	0	0	1659451093627
856	1521	0	0	0	0	0	0	1659451094647
856	1521	0	0	0	0	0	0	1659451095667
856	1521	0	0	0	0	0	0	1659451096687
856	1521	0	0	0	0	0	0	1659451097707
856	1521	0	0	0	0	0	0	1659451098727
856	1521	0	0	0	0	0	0	1659451099747
856	1521	0	0	0	0	0	0	1659451100767
856	1521	0	0	0	0	0	0	1659451101787
856	1521	0	0	0	0	0	0	1659451102807
856	1521	0	0	0	0	0	0	1659451103827
856	1521	0	0	0	0	0	0	1659451104847
856	1521	0	0	0	0	0	0	1659451105867
856	1521	0	0	0	0	0	0	1659451106887
856	1521	0	0	0	0	0	0	1659451107907
856	1521	0	0	0	0	0	0	1659451108927
856	1521	0	0	0	0	0	0	1659451109947
856	1521	0	0	0	0	0	0	1659451110967
856	1521	0	0	0	0	0	0	1659451111987
856	1521	0	0	0	0	0	0	1659451113007
856	1521	0	0	0	0	0	0	1659451114027
856	1521	0	0	0	0	0	0	1659451115047
856	1521	0	0	0	0	0	0	1659451116067
856	1521	0	0	0	0	0	0	1659451117087
856	1521	0	0	0	0	0	0	1659451118107
856	1521	0	0	0	0	0	0	1659451119127
856	1521	0	0	0	0	0	0	1659451120147
856	1521	0	0	0	0	0	0	1659451121167
856	1521	0	0	0	0	0	0	1659451122187
856	1521	0	0	0	0	0	0	1659451123207
856	1521	0	0	0	0	0	0	1659451124227
856	1521	0	0	0	0	0	0	1659451125247
856	1521	0	0	0	0	0	0	1659451126267
856	1521	0	0	0	0	0	0	1659451127287
856	1521	0	0	0	0	0	0	1659451128307
856	1521	0	0	0	0	0	0	1659451129327
856	1521	0	0	0	0	0	0	1659451130347
856	1521	0	0	0	0	0	0	1659451131367
856	1521	0	0	0	0	0	0	1659451132387
856	1521	0	0	0	0	0	0	1659451133407
856	1521	0	0	0	0	0	0	1659451134427
856	1521	0	0	0	0	0	0	1659451135447
856	1521	0	0	0	0	0	0	1659451136467
856	1521	0	0	0	0	0	0	1659451137487
856	1521	0	0	0	0	0	0	1659451138507
856	1521	0	0	0	0	0	0	1659451139527
856	1521	0	0	0	0	0	0	1659451140547
856	1521	0	0	0	0	0	0	1659451141567
856	1521	0	0	0	0	0	0	1659451142587
856	1521	0	0	0	0	0	0	1659451143607
856	1521	0	0	0	0	0	0	1659451144627
856	1521	0	0	0	0	0	0	1659451145647
856	1521	0	0	0	0	0	0	1659451146667
