2925	1008	0	0	0	0	0	0	1662045825619
2911	1002	0	0	0	0	0	0	1662045826639
2892	988	0	0	0	0	0	0	1662045827659
2873	980	0	0	0	0	0	0	1662045828679
2857	968	0	0	0	0	0	0	1662045829699
2837	957	0	0	0	0	0	0	1662045830719
2825	950	0	0	0	0	0	0	1662045831739
2808	940	0	0	0	0	0	0	1662045832759
2796	929	0	0	0	0	0	0	1662045833779
2787	922	0	0	0	0	0	0	1662045834799
2772	918	0	0	0	0	0	0	1662045835819
2764	916	0	0	0	0	0	0	1662045836839
2756	910	0	0	0	0	0	0	1662045837859
2743	900	0	0	0	0	0	0	1662045838879
2735	894	0	0	0	0	0	0	1662045839899
2730	890	0	0	0	0	0	0	1662045840919
2725	888	0	0	0	0	0	0	1662045841939
2713	887	0	0	0	0	0	0	1662045842959
2706	886	0	0	0	0	0	0	1662045843979
2702	885	0	0	0	0	0	0	1662045844999
2697	885	0	0	0	0	0	0	1662045846019
2687	883	0	0	0	0	0	0	1662045847039
2679	876	0	0	0	0	0	0	1662045848059
2674	869	0	0	0	0	0	0	1662045849079
2671	864	0	0	0	0	0	0	1662045850099
2669	861	0	0	0	0	0	0	1662045851119
2663	859	0	0	0	0	0	0	1662045852139
2653	858	0	0	0	0	0	0	1662045853159
2647	857	0	0	0	0	0	0	1662045854179
2644	857	0	0	0	0	0	0	1662045855199
2642	857	0	0	0	0	0	0	1662045856219
2640	857	0	0	0	0	0	0	1662045857239
2634	857	0	0	0	0	0	0	1662045858259
2625	857	0	0	0	0	0	0	1662045859279
2620	857	0	0	0	0	0	0	1662045860299
2616	857	0	0	0	0	0	0	1662045861319
2614	857	0	0	0	0	0	0	1662045862339
2613	857	0	0	0	0	0	0	1662045863359
2612	857	0	0	0	0	0	0	1662045864379
2606	848	0	0	0	0	0	0	1662045865399
2598	851	0	0	0	0	0	0	1662045866419
2592	853	0	0	0	0	0	0	1662045867439
2588	855	0	0	0	0	0	0	1662045868459
2586	856	0	0	0	0	0	0	1662045869479
2585	856	0	0	0	0	0	0	1662045870499
2584	856	0	0	0	0	0	0	1662045871519
2583	856	0	0	0	0	0	0	1662045872539
2582	856	0	0	0	0	0	0	1662045873559
2574	856	0	0	0	0	0	0	1662045874579
2566	856	0	0	0	0	0	0	1662045875599
2562	856	0	0	0	0	0	0	1662045876619
2559	856	0	0	0	0	0	0	1662045877639
2557	856	0	0	0	0	0	0	1662045878659
2556	856	0	0	0	0	0	0	1662045879679
2556	856	0	0	0	0	0	0	1662045880699
2555	856	0	0	0	0	0	0	1662045881719
2555	856	0	0	0	0	0	0	1662045882739
2555	856	0	0	0	0	0	0	1662045883759
2550	856	0	0	0	0	0	0	1662045884779
2542	856	0	0	0	0	0	0	1662045885799
2536	856	0	0	0	0	0	0	1662045886819
2532	856	0	0	0	0	0	0	1662045887839
2530	856	0	0	0	0	0	0	1662045888859
2529	856	0	0	0	0	0	0	1662045889879
2528	856	0	0	0	0	0	0	1662045890899
2527	856	0	0	0	0	0	0	1662045891919
2527	856	0	0	0	0	0	0	1662045892939
2527	856	0	0	0	0	0	0	1662045893959
2527	856	0	0	0	0	0	0	1662045894979
2527	856	0	0	0	0	0	0	1662045895999
2525	856	0	0	0	0	0	0	1662045897019
2518	856	0	0	0	0	0	0	1662045898039
2510	856	0	0	0	0	0	0	1662045899059
2505	856	0	0	0	0	0	0	1662045900079
2502	856	0	0	0	0	0	0	1662045901099
2501	856	0	0	0	0	0	0	1662045902119
2500	856	0	0	0	0	0	0	1662045903139
2500	856	0	0	0	0	0	0	1662045904159
2500	856	0	0	0	0	0	0	1662045905179
2499	856	0	0	0	0	0	0	1662045906199
2499	856	0	0	0	0	0	0	1662045907219
2499	856	0	0	0	0	0	0	1662045908239
2499	856	0	0	0	0	0	0	1662045909259
2498	856	0	0	0	0	0	0	1662045910279
2496	856	0	0	0	0	0	0	1662045911299
2490	856	0	0	0	0	0	0	1662045912319
2483	856	0	0	0	0	0	0	1662045913339
2478	856	0	0	0	0	0	0	1662045914359
2475	856	0	0	0	0	0	0	1662045915379
2474	856	0	0	0	0	0	0	1662045916399
2473	856	0	0	0	0	0	0	1662045917419
2472	856	0	0	0	0	0	0	1662045918439
2471	856	0	0	0	0	0	0	1662045919459
2471	856	0	0	0	0	0	0	1662045920479
2471	856	0	0	0	0	0	0	1662045921499
2471	856	0	0	0	0	0	0	1662045922519
2470	856	0	0	0	0	0	0	1662045923539
2470	856	0	0	0	0	0	0	1662045924559
2470	856	0	0	0	0	0	0	1662045925579
2470	856	0	0	0	0	0	0	1662045926599
2469	856	0	0	0	0	0	0	1662045927619
2466	856	0	0	0	0	0	0	1662045928639
2459	856	0	0	0	0	0	0	1662045929659
2454	856	0	0	0	0	0	0	1662045930679
2450	856	0	0	0	0	0	0	1662045931699
2447	856	0	0	0	0	0	0	1662045932719
2445	856	0	0	0	0	0	0	1662045933739
2444	856	0	0	0	0	0	0	1662045934759
2443	856	0	0	0	0	0	0	1662045935779
2443	856	0	0	0	0	0	0	1662045936799
2443	856	0	0	0	0	0	0	1662045937819
2443	856	0	0	0	0	0	0	1662045938839
2443	856	0	0	0	0	0	0	1662045939859
2443	856	0	0	0	0	0	0	1662045940879
2443	856	0	0	0	0	0	0	1662045941899
2443	856	0	0	0	0	0	0	1662045942919
2443	856	0	0	0	0	0	0	1662045943939
2443	856	0	0	0	0	0	0	1662045944959
2443	856	0	0	0	0	0	0	1662045945979
2442	856	0	0	0	0	0	0	1662045946999
2442	857	0	0	0	0	0	0	1662045948019
2439	857	0	0	0	0	0	0	1662045949039
2437	857	0	0	0	0	0	0	1662045950059
2431	857	0	0	0	0	0	0	1662045951079
2425	857	0	0	0	0	0	0	1662045952099
2421	857	0	0	0	0	0	0	1662045953119
2418	857	0	0	0	0	0	0	1662045954139
2416	857	0	0	0	0	0	0	1662045955159
2415	857	0	0	0	0	0	0	1662045956179
2414	857	0	0	0	0	0	0	1662045957199
2414	857	0	0	0	0	0	0	1662045958219
2414	857	0	0	0	0	0	0	1662045959239
2414	857	0	0	0	0	0	0	1662045960259
2414	857	0	0	0	0	0	0	1662045961279
2414	857	0	0	0	0	0	0	1662045962299
2414	857	0	0	0	0	0	0	1662045963319
2414	857	0	0	0	0	0	0	1662045964339
2414	857	0	0	0	0	0	0	1662045965359
2414	857	0	0	0	0	0	0	1662045966379
2414	857	0	0	0	0	0	0	1662045967399
2414	857	0	0	0	0	0	0	1662045968419
2414	857	0	0	0	0	0	0	1662045969439
2414	857	0	0	0	0	0	0	1662045970459
2414	857	0	0	0	0	0	0	1662045971479
2414	857	0	0	0	0	0	0	1662045972499
2413	857	0	0	0	0	0	0	1662045973519
2412	857	0	0	0	0	0	0	1662045974539
2409	857	0	0	0	0	0	0	1662045975559
2403	857	0	0	0	0	0	0	1662045976579
2397	857	0	0	0	0	0	0	1662045977599
2393	858	0	0	0	0	0	0	1662045978619
2390	858	0	0	0	0	0	0	1662045979639
2388	858	0	0	0	0	0	0	1662045980659
2387	858	0	0	0	0	0	0	1662045981679
2387	858	0	0	0	0	0	0	1662045982699
2386	858	0	0	0	0	0	0	1662045983719
2386	858	0	0	0	0	0	0	1662045984739
2386	858	0	0	0	0	0	0	1662045985759
2386	858	0	0	0	0	0	0	1662045986779
2385	858	0	0	0	0	0	0	1662045987799
2385	858	0	0	0	0	0	0	1662045988819
2385	858	0	0	0	0	0	0	1662045989839
2385	858	0	0	0	0	0	0	1662045990859
2385	859	0	0	0	0	0	0	1662045991879
2385	858	0	0	0	0	0	0	1662045992899
2385	858	0	0	0	0	0	0	1662045993919
2386	858	0	0	0	0	0	0	1662045994939
2386	858	0	0	0	0	0	0	1662045995959
2385	859	0	0	0	0	0	0	1662045996979
2385	858	0	0	0	0	0	0	1662045997999
2385	860	0	0	0	0	0	0	1662045999019
2383	860	0	0	0	0	0	0	1662046000039
2380	861	0	0	0	0	0	0	1662046001059
2378	860	0	0	0	0	0	0	1662046002079
2373	859	0	0	0	0	0	0	1662046003099
2367	859	0	0	0	0	0	0	1662046004119
2363	858	0	0	0	0	0	0	1662046005139
2361	858	0	0	0	0	0	0	1662046006159
2360	858	0	0	0	0	0	0	1662046007179
2359	858	0	0	0	0	0	0	1662046008199
2359	858	0	0	0	0	0	0	1662046009219
2358	857	0	0	0	0	0	0	1662046010239
2358	857	0	0	0	0	0	0	1662046011259
2358	857	0	0	0	0	0	0	1662046012279
2358	857	0	0	0	0	0	0	1662046013299
2358	857	0	0	0	0	0	0	1662046014319
2358	857	0	0	0	0	0	0	1662046015339
2358	857	0	0	0	0	0	0	1662046016359
2358	857	0	0	0	0	0	0	1662046017379
2358	857	0	0	0	0	0	0	1662046018399
2358	857	0	0	0	0	0	0	1662046019419
2358	857	0	0	0	0	0	0	1662046020439
2358	857	0	0	0	0	0	0	1662046021459
2358	857	0	0	0	0	0	0	1662046022479
2358	857	0	0	0	0	0	0	1662046023499
2358	857	0	0	0	0	0	0	1662046024519
2358	857	0	0	0	0	0	0	1662046025539
2358	857	0	0	0	0	0	0	1662046026559
2358	857	0	0	0	0	0	0	1662046027579
2357	857	0	0	0	0	0	0	1662046028599
2354	857	0	0	0	0	0	0	1662046029619
2350	857	0	0	0	0	0	0	1662046030639
2346	857	0	0	0	0	0	0	1662046031659
2343	857	0	0	0	0	0	0	1662046032679
2339	857	0	0	0	0	0	0	1662046033699
2335	857	0	0	0	0	0	0	1662046034719
2333	857	0	0	0	0	0	0	1662046035739
2331	857	0	0	0	0	0	0	1662046036759
2330	857	0	0	0	0	0	0	1662046037779
2330	857	0	0	0	0	0	0	1662046038799
2330	857	0	0	0	0	0	0	1662046039819
2330	857	0	0	0	0	0	0	1662046040839
2330	857	0	0	0	0	0	0	1662046041859
2330	857	0	0	0	0	0	0	1662046042879
2330	857	0	0	0	0	0	0	1662046043899
2330	857	0	0	0	0	0	0	1662046044919
2330	857	0	0	0	0	0	0	1662046045939
2330	857	0	0	0	0	0	0	1662046046959
2330	857	0	0	0	0	0	0	1662046047979
2330	857	0	0	0	0	0	0	1662046048999
2330	857	0	0	0	0	0	0	1662046050019
2330	857	0	0	0	0	0	0	1662046051039
2330	857	0	0	0	0	0	0	1662046052059
2330	857	0	0	0	0	0	0	1662046053079
2330	857	0	0	0	0	0	0	1662046054099
2330	857	0	0	0	0	0	0	1662046055119
2330	857	0	0	0	0	0	0	1662046056139
2330	857	0	0	0	0	0	0	1662046057159
2330	857	0	0	0	0	0	0	1662046058179
2329	857	0	0	0	0	0	0	1662046059199
2328	857	0	0	0	0	0	0	1662046060219
2328	857	0	0	0	0	0	0	1662046061239
2323	857	0	0	0	0	0	0	1662046062259
2317	857	0	0	0	0	0	0	1662046063279
2313	857	0	0	0	0	0	0	1662046064299
2309	857	0	0	0	0	0	0	1662046065319
2306	857	0	0	0	0	0	0	1662046066339
2304	857	0	0	0	0	0	0	1662046067359
2303	857	0	0	0	0	0	0	1662046068379
2303	857	0	0	0	0	0	0	1662046069399
2303	857	0	0	0	0	0	0	1662046070419
2303	857	0	0	0	0	0	0	1662046071439
2302	857	0	0	0	0	0	0	1662046072459
2302	857	0	0	0	0	0	0	1662046073479
2302	857	0	0	0	0	0	0	1662046074499
2302	857	0	0	0	0	0	0	1662046075519
2302	857	0	0	0	0	0	0	1662046076539
2302	857	0	0	0	0	0	0	1662046077559
2302	857	0	0	0	0	0	0	1662046078579
2302	857	0	0	0	0	0	0	1662046079599
2302	857	0	0	0	0	0	0	1662046080619
2302	857	0	0	0	0	0	0	1662046081639
2302	857	0	0	0	0	0	0	1662046082659
2302	857	0	0	0	0	0	0	1662046083679
2302	857	0	0	0	0	0	0	1662046084699
2302	857	0	0	0	0	0	0	1662046085719
2302	857	0	0	0	0	0	0	1662046086739
2302	857	0	0	0	0	0	0	1662046087759
2302	857	0	0	0	0	0	0	1662046088779
2302	857	0	0	0	0	0	0	1662046089799
2302	857	0	0	0	0	0	0	1662046090819
2301	857	0	0	0	0	0	0	1662046091839
2300	857	0	0	0	0	0	0	1662046092859
2299	857	0	0	0	0	0	0	1662046093879
2297	857	0	0	0	0	0	0	1662046094899
2294	857	0	0	0	0	0	0	1662046095919
2292	857	0	0	0	0	0	0	1662046096939
2287	857	0	0	0	0	0	0	1662046097959
2284	857	0	0	0	0	0	0	1662046098979
2281	857	0	0	0	0	0	0	1662046099999
2278	857	0	0	0	0	0	0	1662046101019
2276	857	0	0	0	0	0	0	1662046102039
2275	857	0	0	0	0	0	0	1662046103059
2275	857	0	0	0	0	0	0	1662046104079
2274	857	0	0	0	0	0	0	1662046105099
2274	857	0	0	0	0	0	0	1662046106119
2274	857	0	0	0	0	0	0	1662046107139
2274	857	0	0	0	0	0	0	1662046108159
2274	857	0	0	0	0	0	0	1662046109179
2274	857	0	0	0	0	0	0	1662046110199
2274	857	0	0	0	0	0	0	1662046111219
2274	857	0	0	0	0	0	0	1662046112239
2274	857	0	0	0	0	0	0	1662046113259
2274	857	0	0	0	0	0	0	1662046114279
2274	857	0	0	0	0	0	0	1662046115299
2274	857	0	0	0	0	0	0	1662046116319
2274	857	0	0	0	0	0	0	1662046117339
2274	857	0	0	0	0	0	0	1662046118359
2274	857	0	0	0	0	0	0	1662046119379
2274	857	0	0	0	0	0	0	1662046120399
2274	857	0	0	0	0	0	0	1662046121419
2274	857	0	0	0	0	0	0	1662046122439
2274	857	0	0	0	0	0	0	1662046123459
2274	857	0	0	0	0	0	0	1662046124479
2274	857	0	0	0	0	0	0	1662046125499
2274	857	0	0	0	0	0	0	1662046126519
2274	857	0	0	0	0	0	0	1662046127539
2271	857	0	0	0	0	0	0	1662046128559
2268	857	0	0	0	0	0	0	1662046129579
2264	857	0	0	0	0	0	0	1662046130599
2262	857	0	0	0	0	0	0	1662046131619
2257	857	0	0	0	0	0	0	1662046132639
2254	857	0	0	0	0	0	0	1662046133659
2251	857	0	0	0	0	0	0	1662046134679
2249	857	0	0	0	0	0	0	1662046135699
2248	857	0	0	0	0	0	0	1662046136719
2247	857	0	0	0	0	0	0	1662046137739
2246	857	0	0	0	0	0	0	1662046138759
2246	857	0	0	0	0	0	0	1662046139779
2246	857	0	0	0	0	0	0	1662046140799
2246	857	0	0	0	0	0	0	1662046141819
2246	857	0	0	0	0	0	0	1662046142839
2246	857	0	0	0	0	0	0	1662046143859
2246	857	0	0	0	0	0	0	1662046144879
2246	857	0	0	0	0	0	0	1662046145899
2246	857	0	0	0	0	0	0	1662046146919
2246	857	0	0	0	0	0	0	1662046147939
2246	857	0	0	0	0	0	0	1662046148959
2246	857	0	0	0	0	0	0	1662046149979
2246	857	0	0	0	0	0	0	1662046150999
2246	857	0	0	0	0	0	0	1662046152019
2246	857	0	0	0	0	0	0	1662046153039
2246	857	0	0	0	0	0	0	1662046154059
2246	857	0	0	0	0	0	0	1662046155079
2246	857	0	0	0	0	0	0	1662046156099
2246	857	0	0	0	0	0	0	1662046157119
2246	857	0	0	0	0	0	0	1662046158139
2246	857	0	0	0	0	0	0	1662046159159
2246	857	0	0	0	0	0	0	1662046160179
2246	857	0	0	0	0	0	0	1662046161199
2246	857	0	0	0	0	0	0	1662046162219
2246	857	0	0	0	0	0	0	1662046163239
2246	857	0	0	0	0	0	0	1662046164259
2246	857	0	0	0	0	0	0	1662046165279
2246	857	0	0	0	0	0	0	1662046166299
2246	857	0	0	0	0	0	0	1662046167319
2246	857	0	0	0	0	0	0	1662046168339
2245	857	0	0	0	0	0	0	1662046169359
2244	857	0	0	0	0	0	0	1662046170379
2242	857	0	0	0	0	0	0	1662046171399
2239	857	0	0	0	0	0	0	1662046172419
2237	857	0	0	0	0	0	0	1662046173439
2232	857	0	0	0	0	0	0	1662046174459
2228	857	0	0	0	0	0	0	1662046175479
2225	857	0	0	0	0	0	0	1662046176499
2223	857	0	0	0	0	0	0	1662046177519
2221	857	0	0	0	0	0	0	1662046178539
2220	857	0	0	0	0	0	0	1662046179559
2219	857	0	0	0	0	0	0	1662046180579
2218	857	0	0	0	0	0	0	1662046181599
2218	857	0	0	0	0	0	0	1662046182619
2218	857	0	0	0	0	0	0	1662046183639
2218	857	0	0	0	0	0	0	1662046184659
2218	857	0	0	0	0	0	0	1662046185679
2218	857	0	0	0	0	0	0	1662046186699
2218	857	0	0	0	0	0	0	1662046187719
2218	857	0	0	0	0	0	0	1662046188739
2218	857	0	0	0	0	0	0	1662046189759
2218	857	0	0	0	0	0	0	1662046190779
2218	857	0	0	0	0	0	0	1662046191799
2218	857	0	0	0	0	0	0	1662046192819
2218	857	0	0	0	0	0	0	1662046193839
2218	857	0	0	0	0	0	0	1662046194859
2218	857	0	0	0	0	0	0	1662046195879
2218	857	0	0	0	0	0	0	1662046196899
2218	857	0	0	0	0	0	0	1662046197919
2218	857	0	0	0	0	0	0	1662046198939
2218	857	0	0	0	0	0	0	1662046199959
2218	857	0	0	0	0	0	0	1662046200979
2218	857	0	0	0	0	0	0	1662046201999
2218	857	0	0	0	0	0	0	1662046203019
2218	857	0	0	0	0	0	0	1662046204039
2218	857	0	0	0	0	0	0	1662046205059
2218	857	0	0	0	0	0	0	1662046206079
2218	857	0	0	0	0	0	0	1662046207099
2218	857	0	0	0	0	0	0	1662046208119
2218	857	0	0	0	0	0	0	1662046209139
2218	857	0	0	0	0	0	0	1662046210159
2218	857	0	0	0	0	0	0	1662046211179
2218	857	0	0	0	0	0	0	1662046212199
2218	857	0	0	0	0	0	0	1662046213219
2218	857	0	0	0	0	0	0	1662046214239
2218	857	0	0	0	0	0	0	1662046215259
2217	857	0	0	0	0	0	0	1662046216279
2217	857	0	0	0	0	0	0	1662046217299
2215	857	0	0	0	0	0	0	1662046218319
2212	857	0	0	0	0	0	0	1662046219339
2209	857	0	0	0	0	0	0	1662046220359
2204	857	0	0	0	0	0	0	1662046221379
2200	857	0	0	0	0	0	0	1662046222399
2196	857	0	0	0	0	0	0	1662046223419
2194	857	0	0	0	0	0	0	1662046224439
2193	857	0	0	0	0	0	0	1662046225459
2192	857	0	0	0	0	0	0	1662046226479
2191	857	0	0	0	0	0	0	1662046227499
2191	857	0	0	0	0	0	0	1662046228519
2190	857	0	0	0	0	0	0	1662046229539
2190	857	0	0	0	0	0	0	1662046230559
2190	857	0	0	0	0	0	0	1662046231579
2190	857	0	0	0	0	0	0	1662046232599
2190	857	0	0	0	0	0	0	1662046233619
2190	857	0	0	0	0	0	0	1662046234639
2190	857	0	0	0	0	0	0	1662046235659
2190	857	0	0	0	0	0	0	1662046236679
2190	857	0	0	0	0	0	0	1662046237699
2190	857	0	0	0	0	0	0	1662046238719
2190	857	0	0	0	0	0	0	1662046239739
2190	848	0	0	0	0	0	0	1662046240759
2190	851	0	0	0	0	0	0	1662046241779
2190	853	0	0	0	0	0	0	1662046242799
2190	854	0	0	0	0	0	0	1662046243819
2190	855	0	0	0	0	0	0	1662046244839
2190	856	0	0	0	0	0	0	1662046245859
2190	856	0	0	0	0	0	0	1662046246879
2190	856	0	0	0	0	0	0	1662046247899
2190	856	0	0	0	0	0	0	1662046248919
2190	856	0	0	0	0	0	0	1662046249939
2190	856	0	0	0	0	0	0	1662046250959
2190	856	0	0	0	0	0	0	1662046251979
2190	856	0	0	0	0	0	0	1662046252999
2190	856	0	0	0	0	0	0	1662046254019
2190	856	0	0	0	0	0	0	1662046255039
2190	856	0	0	0	0	0	0	1662046256059
2190	856	0	0	0	0	0	0	1662046257079
2190	856	0	0	0	0	0	0	1662046258099
2190	856	0	0	0	0	0	0	1662046259119
2190	856	0	0	0	0	0	0	1662046260139
2190	856	0	0	0	0	0	0	1662046261159
2190	856	0	0	0	0	0	0	1662046262179
2190	856	0	0	0	0	0	0	1662046263199
2190	856	0	0	0	0	0	0	1662046264219
2190	856	0	0	0	0	0	0	1662046265239
2188	856	0	0	0	0	0	0	1662046266259
2188	856	0	0	0	0	0	0	1662046267279
2186	856	0	0	0	0	0	0	1662046268299
2186	856	0	0	0	0	0	0	1662046269319
2183	856	0	0	0	0	0	0	1662046270339
2182	856	0	0	0	0	0	0	1662046271359
2179	856	0	0	0	0	0	0	1662046272379
2176	856	0	0	0	0	0	0	1662046273399
2173	856	0	0	0	0	0	0	1662046274419
2170	856	0	0	0	0	0	0	1662046275439
2167	856	0	0	0	0	0	0	1662046276459
2165	856	0	0	0	0	0	0	1662046277479
2164	856	0	0	0	0	0	0	1662046278499
2163	856	0	0	0	0	0	0	1662046279519
2162	856	0	0	0	0	0	0	1662046280539
2162	856	0	0	0	0	0	0	1662046281559
2162	856	0	0	0	0	0	0	1662046282579
2162	856	0	0	0	0	0	0	1662046283599
2162	856	0	0	0	0	0	0	1662046284619
2162	856	0	0	0	0	0	0	1662046285639
2162	856	0	0	0	0	0	0	1662046286659
2162	856	0	0	0	0	0	0	1662046287679
2162	856	0	0	0	0	0	0	1662046288699
2162	856	0	0	0	0	0	0	1662046289719
2162	856	0	0	0	0	0	0	1662046290739
2162	856	0	0	0	0	0	0	1662046291759
2162	856	0	0	0	0	0	0	1662046292779
2162	856	0	0	0	0	0	0	1662046293799
2162	856	0	0	0	0	0	0	1662046294819
2162	856	0	0	0	0	0	0	1662046295839
2162	856	0	0	0	0	0	0	1662046296859
2162	856	0	0	0	0	0	0	1662046297879
2162	856	0	0	0	0	0	0	1662046298899
2162	856	0	0	0	0	0	0	1662046299919
2162	856	0	0	0	0	0	0	1662046300939
2162	856	0	0	0	0	0	0	1662046301959
2162	856	0	0	0	0	0	0	1662046302979
2162	856	0	0	0	0	0	0	1662046303999
2162	856	0	0	0	0	0	0	1662046305019
2162	856	0	0	0	0	0	0	1662046306039
2162	856	0	0	0	0	0	0	1662046307059
2162	856	0	0	0	0	0	0	1662046308079
2162	856	0	0	0	0	0	0	1662046309099
2162	856	0	0	0	0	0	0	1662046310119
2162	856	0	0	0	0	0	0	1662046311139
2162	856	0	0	0	0	0	0	1662046312159
2162	856	0	0	0	0	0	0	1662046313179
2162	856	0	0	0	0	0	0	1662046314199
2162	856	0	0	0	0	0	0	1662046315219
2162	856	0	0	0	0	0	0	1662046316239
2162	856	0	0	0	0	0	0	1662046317259
2162	856	0	0	0	0	0	0	1662046318279
2162	856	0	0	0	0	0	0	1662046319299
2162	856	0	0	0	0	0	0	1662046320319
2162	856	0	0	0	0	0	0	1662046321339
2162	856	0	0	0	0	0	0	1662046322359
2162	856	0	0	0	0	0	0	1662046323379
2162	856	0	0	0	0	0	0	1662046324399
2162	856	0	0	0	0	0	0	1662046325419
2162	856	0	0	0	0	0	0	1662046326439
2162	856	0	0	0	0	0	0	1662046327459
2161	856	0	0	0	0	0	0	1662046328479
2160	856	0	0	0	0	0	0	1662046329499
2160	856	0	0	0	0	0	0	1662046330519
2159	856	0	0	0	0	0	0	1662046331539
2158	856	0	0	0	0	0	0	1662046332559
2156	856	0	0	0	0	0	0	1662046333579
2153	856	0	0	0	0	0	0	1662046334599
2151	856	0	0	0	0	0	0	1662046335619
2147	856	0	0	0	0	0	0	1662046336639
2145	856	0	0	0	0	0	0	1662046337659
2143	856	0	0	0	0	0	0	1662046338679
2141	856	0	0	0	0	0	0	1662046339699
2139	856	0	0	0	0	0	0	1662046340719
2137	856	0	0	0	0	0	0	1662046341739
2136	856	0	0	0	0	0	0	1662046342759
2135	856	0	0	0	0	0	0	1662046343779
2135	856	0	0	0	0	0	0	1662046344799
2135	856	0	0	0	0	0	0	1662046345819
2135	856	0	0	0	0	0	0	1662046346839
2135	856	0	0	0	0	0	0	1662046347859
2135	856	0	0	0	0	0	0	1662046348879
2135	856	0	0	0	0	0	0	1662046349899
2135	856	0	0	0	0	0	0	1662046350919
2135	856	0	0	0	0	0	0	1662046351939
2135	856	0	0	0	0	0	0	1662046352959
2135	856	0	0	0	0	0	0	1662046353979
2135	856	0	0	0	0	0	0	1662046354999
2135	856	0	0	0	0	0	0	1662046356019
2134	856	0	0	0	0	0	0	1662046357039
2134	856	0	0	0	0	0	0	1662046358059
2134	856	0	0	0	0	0	0	1662046359079
2134	856	0	0	0	0	0	0	1662046360099
2134	856	0	0	0	0	0	0	1662046361119
2134	856	0	0	0	0	0	0	1662046362139
2134	856	0	0	0	0	0	0	1662046363159
2134	856	0	0	0	0	0	0	1662046364179
2134	856	0	0	0	0	0	0	1662046365199
2134	856	0	0	0	0	0	0	1662046366219
2134	857	0	0	0	0	0	0	1662046367239
2134	857	0	0	0	0	0	0	1662046368259
2134	857	0	0	0	0	0	0	1662046369279
2134	857	0	0	0	0	0	0	1662046370299
2134	857	0	0	0	0	0	0	1662046371319
2134	857	0	0	0	0	0	0	1662046372339
2134	857	0	0	0	0	0	0	1662046373359
2134	857	0	0	0	0	0	0	1662046374379
2134	857	0	0	0	0	0	0	1662046375399
2134	857	0	0	0	0	0	0	1662046376419
2134	857	0	0	0	0	0	0	1662046377439
2134	857	0	0	0	0	0	0	1662046378459
2134	857	0	0	0	0	0	0	1662046379479
2134	857	0	0	0	0	0	0	1662046380499
2134	857	0	0	0	0	0	0	1662046381519
2134	857	0	0	0	0	0	0	1662046382539
2134	857	0	0	0	0	0	0	1662046383559
2134	857	0	0	0	0	0	0	1662046384579
2134	857	0	0	0	0	0	0	1662046385599
2134	857	0	0	0	0	0	0	1662046386619
2134	857	0	0	0	0	0	0	1662046387639
2134	857	0	0	0	0	0	0	1662046388659
2134	857	0	0	0	0	0	0	1662046389679
2134	857	0	0	0	0	0	0	1662046390699
2134	857	0	0	0	0	0	0	1662046391719
2134	857	0	0	0	0	0	0	1662046392739
2134	857	0	0	0	0	0	0	1662046393759
2134	857	0	0	0	0	0	0	1662046394779
2134	857	0	0	0	0	0	0	1662046395799
2134	857	0	0	0	0	0	0	1662046396819
2134	857	0	0	0	0	0	0	1662046397839
2134	857	0	0	0	0	0	0	1662046398859
2134	857	0	0	0	0	0	0	1662046399879
2134	857	0	0	0	0	0	0	1662046400899
2134	857	0	0	0	0	0	0	1662046401919
2133	857	0	0	0	0	0	0	1662046402939
2133	857	0	0	0	0	0	0	1662046403959
2132	857	0	0	0	0	0	0	1662046404979
2131	857	0	0	0	0	0	0	1662046405999
2130	857	0	0	0	0	0	0	1662046407019
2130	857	0	0	0	0	0	0	1662046408039
2129	857	0	0	0	0	0	0	1662046409059
2129	857	0	0	0	0	0	0	1662046410079
2126	857	0	0	0	0	0	0	1662046411099
2123	857	0	0	0	0	0	0	1662046412119
2122	857	0	0	0	0	0	0	1662046413139
2121	857	0	0	0	0	0	0	1662046414159
2119	857	0	0	0	0	0	0	1662046415179
2118	857	0	0	0	0	0	0	1662046416199
2116	857	0	0	0	0	0	0	1662046417219
2115	857	0	0	0	0	0	0	1662046418239
2112	857	0	0	0	0	0	0	1662046419259
2111	857	0	0	0	0	0	0	1662046420279
2109	857	0	0	0	0	0	0	1662046421299
2109	857	0	0	0	0	0	0	1662046422319
2108	857	0	0	0	0	0	0	1662046423339
2107	857	0	0	0	0	0	0	1662046424359
2107	857	0	0	0	0	0	0	1662046425379
2107	857	0	0	0	0	0	0	1662046426399
2107	857	0	0	0	0	0	0	1662046427419
2107	857	0	0	0	0	0	0	1662046428439
2107	857	0	0	0	0	0	0	1662046429459
2107	857	0	0	0	0	0	0	1662046430479
2107	857	0	0	0	0	0	0	1662046431499
2107	857	0	0	0	0	0	0	1662046432519
2107	857	0	0	0	0	0	0	1662046433539
2107	857	0	0	0	0	0	0	1662046434559
2107	857	0	0	0	0	0	0	1662046435579
2107	857	0	0	0	0	0	0	1662046436599
2107	857	0	0	0	0	0	0	1662046437619
2107	857	0	0	0	0	0	0	1662046438639
2107	857	0	0	0	0	0	0	1662046439659
2107	857	0	0	0	0	0	0	1662046440679
2107	857	0	0	0	0	0	0	1662046441699
2107	857	0	0	0	0	0	0	1662046442719
2107	857	0	0	0	0	0	0	1662046443739
2107	857	0	0	0	0	0	0	1662046444759
2107	857	0	0	0	0	0	0	1662046445779
2107	857	0	0	0	0	0	0	1662046446799
2107	857	0	0	0	0	0	0	1662046447819
2107	857	0	0	0	0	0	0	1662046448839
2106	857	0	0	0	0	0	0	1662046449859
2106	857	0	0	0	0	0	0	1662046450879
2106	857	0	0	0	0	0	0	1662046451899
2106	857	0	0	0	0	0	0	1662046452919
2106	857	0	0	0	0	0	0	1662046453939
2106	857	0	0	0	0	0	0	1662046454959
2106	857	0	0	0	0	0	0	1662046455979
2106	857	0	0	0	0	0	0	1662046456999
2106	857	0	0	0	0	0	0	1662046458019
2106	857	0	0	0	0	0	0	1662046459039
2106	857	0	0	0	0	0	0	1662046460059
2106	857	0	0	0	0	0	0	1662046461079
2106	857	0	0	0	0	0	0	1662046462099
2106	857	0	0	0	0	0	0	1662046463119
2106	857	0	0	0	0	0	0	1662046464139
2106	857	0	0	0	0	0	0	1662046465159
2106	857	0	0	0	0	0	0	1662046466179
2106	857	0	0	0	0	0	0	1662046467199
2106	857	0	0	0	0	0	0	1662046468219
2106	857	0	0	0	0	0	0	1662046469239
2106	857	0	0	0	0	0	0	1662046470259
2106	857	0	0	0	0	0	0	1662046471279
2106	857	0	0	0	0	0	0	1662046472299
2106	857	0	0	0	0	0	0	1662046473319
2106	857	0	0	0	0	0	0	1662046474339
2106	857	0	0	0	0	0	0	1662046475359
2106	857	0	0	0	0	0	0	1662046476379
2106	857	0	0	0	0	0	0	1662046477399
2106	848	0	0	0	0	0	0	1662046478419
2106	852	0	0	0	0	0	0	1662046479439
2106	854	0	0	0	0	0	0	1662046480459
2106	855	0	0	0	0	0	0	1662046481479
2106	856	0	0	0	0	0	0	1662046482499
2106	856	0	0	0	0	0	0	1662046483519
2106	856	0	0	0	0	0	0	1662046484539
2106	856	0	0	0	0	0	0	1662046485559
2106	856	0	0	0	0	0	0	1662046486579
2106	856	0	0	0	0	0	0	1662046487599
2106	856	0	0	0	0	0	0	1662046488619
2106	856	0	0	0	0	0	0	1662046489639
2106	856	0	0	0	0	0	0	1662046490659
2106	856	0	0	0	0	0	0	1662046491679
2106	856	0	0	0	0	0	0	1662046492699
2105	856	0	0	0	0	0	0	1662046493719
2105	856	0	0	0	0	0	0	1662046494739
2105	856	0	0	0	0	0	0	1662046495759
2104	856	0	0	0	0	0	0	1662046496779
2105	856	0	0	0	0	0	0	1662046497799
2104	856	0	0	0	0	0	0	1662046498819
2104	856	0	0	0	0	0	0	1662046499839
2104	856	0	0	0	0	0	0	1662046500859
2103	856	0	0	0	0	0	0	1662046501879
2103	856	0	0	0	0	0	0	1662046502899
2099	856	0	0	0	0	0	0	1662046503919
2097	856	0	0	0	0	0	0	1662046504939
2098	856	0	0	0	0	0	0	1662046505989
2094	856	0	0	0	0	0	0	1662046507009
2093	856	0	0	0	0	0	0	1662046508029
2089	856	0	0	0	0	0	0	1662046509049
2087	856	0	0	0	0	0	0	1662046510069
2085	856	0	0	0	0	0	0	1662046511089
2086	856	0	0	0	0	0	0	1662046512109
2084	856	0	0	0	0	0	0	1662046513129
2083	856	0	0	0	0	0	0	1662046514149
2082	856	0	0	0	0	0	0	1662046515169
2081	856	0	0	0	0	0	0	1662046516189
2080	856	0	0	0	0	0	0	1662046517209
2079	856	0	0	0	0	0	0	1662046518229
2079	856	0	0	0	0	0	0	1662046519249
2079	856	0	0	0	0	0	0	1662046520269
2079	856	0	0	0	0	0	0	1662046521289
2079	856	0	0	0	0	0	0	1662046522309
2079	856	0	0	0	0	0	0	1662046523329
2079	856	0	0	0	0	0	0	1662046524349
2079	856	0	0	0	0	0	0	1662046525369
2079	856	0	0	0	0	0	0	1662046526389
2079	856	0	0	0	0	0	0	1662046527409
2079	856	0	0	0	0	0	0	1662046528429
2079	856	0	0	0	0	0	0	1662046529449
2079	856	0	0	0	0	0	0	1662046530469
2079	856	0	0	0	0	0	0	1662046531489
2078	856	0	0	0	0	0	0	1662046532509
2078	856	0	0	0	0	0	0	1662046533529
2078	856	0	0	0	0	0	0	1662046534549
2078	856	0	0	0	0	0	0	1662046535569
2078	856	0	0	0	0	0	0	1662046536589
2078	856	0	0	0	0	0	0	1662046537609
2078	856	0	0	0	0	0	0	1662046538629
2078	856	0	0	0	0	0	0	1662046539649
2078	856	0	0	0	0	0	0	1662046540669
2078	856	0	0	0	0	0	0	1662046541689
2078	856	0	0	0	0	0	0	1662046542709
2078	856	0	0	0	0	0	0	1662046543729
2078	856	0	0	0	0	0	0	1662046544749
2078	856	0	0	0	0	0	0	1662046545769
2078	856	0	0	0	0	0	0	1662046546789
2078	856	0	0	0	0	0	0	1662046547809
2078	856	0	0	0	0	0	0	1662046548829
2078	856	0	0	0	0	0	0	1662046549849
2078	856	0	0	0	0	0	0	1662046550869
2078	856	0	0	0	0	0	0	1662046551889
2078	856	0	0	0	0	0	0	1662046552909
2078	856	0	0	0	0	0	0	1662046553929
2078	856	0	0	0	0	0	0	1662046554949
2078	856	0	0	0	0	0	0	1662046555969
2078	856	0	0	0	0	0	0	1662046556989
2078	856	0	0	0	0	0	0	1662046558009
2078	856	0	0	0	0	0	0	1662046559029
2078	856	0	0	0	0	0	0	1662046560049
2078	856	0	0	0	0	0	0	1662046561069
2078	856	0	0	0	0	0	0	1662046562089
2078	856	0	0	0	0	0	0	1662046563109
2078	856	0	0	0	0	0	0	1662046564129
2078	856	0	0	0	0	0	0	1662046565149
2078	856	0	0	0	0	0	0	1662046566169
2078	856	0	0	0	0	0	0	1662046567189
2078	856	0	0	0	0	0	0	1662046568209
2078	856	0	0	0	0	0	0	1662046569229
2078	856	0	0	0	0	0	0	1662046570249
2078	856	0	0	0	0	0	0	1662046571269
2078	856	0	0	0	0	0	0	1662046572289
2078	856	0	0	0	0	0	0	1662046573309
2078	856	0	0	0	0	0	0	1662046574329
2078	856	0	0	0	0	0	0	1662046575349
2078	856	0	0	0	0	0	0	1662046576369
2078	856	0	0	0	0	0	0	1662046577389
2078	856	0	0	0	0	0	0	1662046578409
2078	856	0	0	0	0	0	0	1662046579429
2078	856	0	0	0	0	0	0	1662046580449
2078	856	0	0	0	0	0	0	1662046581469
2078	856	0	0	0	0	0	0	1662046582489
2078	856	0	0	0	0	0	0	1662046583509
2078	856	0	0	0	0	0	0	1662046584529
2078	856	0	0	0	0	0	0	1662046585549
2078	856	0	0	0	0	0	0	1662046586569
2078	856	0	0	0	0	0	0	1662046587589
2078	856	0	0	0	0	0	0	1662046588609
2078	856	0	0	0	0	0	0	1662046589629
2078	856	0	0	0	0	0	0	1662046590649
2078	856	0	0	0	0	0	0	1662046591669
2078	856	0	0	0	0	0	0	1662046592689
2078	856	0	0	0	0	0	0	1662046593709
2078	856	0	0	0	0	0	0	1662046594729
2078	856	0	0	0	0	0	0	1662046595749
2078	856	0	0	0	0	0	0	1662046596769
2078	856	0	0	0	0	0	0	1662046597789
2078	856	0	0	0	0	0	0	1662046598809
2078	856	0	0	0	0	0	0	1662046599829
2078	856	0	0	0	0	0	0	1662046600849
2078	856	0	0	0	0	0	0	1662046601869
2078	856	0	0	0	0	0	0	1662046602889
2078	856	0	0	0	0	0	0	1662046603909
2078	856	0	0	0	0	0	0	1662046604929
2078	856	0	0	0	0	0	0	1662046605949
2078	856	0	0	0	0	0	0	1662046606969
2094	856	0	0	0	0	0	0	1662046607989
2087	856	0	0	0	0	0	0	1662046609009
2083	856	0	0	0	0	0	0	1662046610029
2081	856	0	0	0	0	0	0	1662046611049
2080	856	0	0	0	0	0	0	1662046612069
2078	856	0	0	0	0	0	0	1662046613089
2078	856	0	0	0	0	0	0	1662046614109
2078	856	0	0	0	0	0	0	1662046615129
2078	856	0	0	0	0	0	0	1662046616149
2078	856	0	0	0	0	0	0	1662046617169
2078	856	0	0	0	0	0	0	1662046618189
2078	856	0	0	0	0	0	0	1662046619209
2078	856	0	0	0	0	0	0	1662046620229
2078	856	0	0	0	0	0	0	1662046621249
2078	856	0	0	0	0	0	0	1662046622269
2078	856	0	0	0	0	0	0	1662046623289
2078	856	0	0	0	0	0	0	1662046624309
2078	856	0	0	0	0	0	0	1662046625329
2078	856	0	0	0	0	0	0	1662046626349
2078	856	0	0	0	0	0	0	1662046627369
2078	856	0	0	0	0	0	0	1662046628389
2078	856	0	0	0	0	0	0	1662046629409
2078	856	0	0	0	0	0	0	1662046630429
2078	856	0	0	0	0	0	0	1662046631449
2078	856	0	0	0	0	0	0	1662046632469
2078	856	0	0	0	0	0	0	1662046633489
2078	856	0	0	0	0	0	0	1662046634509
2078	856	0	0	0	0	0	0	1662046635529
2078	856	0	0	0	0	0	0	1662046636549
2078	856	0	0	0	0	0	0	1662046637569
2078	856	0	0	0	0	0	0	1662046638589
2077	856	0	0	0	0	0	0	1662046639609
2077	856	0	0	0	0	0	0	1662046640629
2077	856	0	0	0	0	0	0	1662046641649
2076	856	0	0	0	0	0	0	1662046642669
2077	856	0	0	0	0	0	0	1662046643689
2077	856	0	0	0	0	0	0	1662046644709
2077	856	0	0	0	0	0	0	1662046645729
2077	856	0	0	0	0	0	0	1662046646749
2077	856	0	0	0	0	0	0	1662046647769
2077	856	0	0	0	0	0	0	1662046648789
2076	856	0	0	0	0	0	0	1662046649809
2075	856	0	0	0	0	0	0	1662046650829
2074	856	0	0	0	0	0	0	1662046651849
2073	856	0	0	0	0	0	0	1662046652869
2072	856	0	0	0	0	0	0	1662046653889
2072	856	0	0	0	0	0	0	1662046654909
2071	856	0	0	0	0	0	0	1662046655929
2070	856	0	0	0	0	0	0	1662046656949
2070	856	0	0	0	0	0	0	1662046657969
2068	856	0	0	0	0	0	0	1662046658989
2068	856	0	0	0	0	0	0	1662046660009
2069	856	0	0	0	0	0	0	1662046661029
2066	856	0	0	0	0	0	0	1662046662049
2064	856	0	0	0	0	0	0	1662046663069
2061	856	0	0	0	0	0	0	1662046664089
2061	856	0	0	0	0	0	0	1662046665109
2059	856	0	0	0	0	0	0	1662046666129
2057	856	0	0	0	0	0	0	1662046667149
2056	856	0	0	0	0	0	0	1662046668169
2056	856	0	0	0	0	0	0	1662046669189
2055	856	0	0	0	0	0	0	1662046670209
2055	856	0	0	0	0	0	0	1662046671229
2055	856	0	0	0	0	0	0	1662046672249
2055	856	0	0	0	0	0	0	1662046673269
2054	856	0	0	0	0	0	0	1662046674289
2053	856	0	0	0	0	0	0	1662046675309
2052	856	0	0	0	0	0	0	1662046676329
2051	856	0	0	0	0	0	0	1662046677349
2051	856	0	0	0	0	0	0	1662046678369
2051	856	0	0	0	0	0	0	1662046679389
2051	856	0	0	0	0	0	0	1662046680409
2051	856	0	0	0	0	0	0	1662046681429
2051	856	0	0	0	0	0	0	1662046682449
2051	856	0	0	0	0	0	0	1662046683469
2051	856	0	0	0	0	0	0	1662046684489
2051	856	0	0	0	0	0	0	1662046685509
2051	856	0	0	0	0	0	0	1662046686529
2051	856	0	0	0	0	0	0	1662046687549
2051	856	0	0	0	0	0	0	1662046688569
2051	856	0	0	0	0	0	0	1662046689589
2051	856	0	0	0	0	0	0	1662046690609
2051	856	0	0	0	0	0	0	1662046691629
2051	856	0	0	0	0	0	0	1662046692649
2051	856	0	0	0	0	0	0	1662046693669
2051	856	0	0	0	0	0	0	1662046694689
2051	856	0	0	0	0	0	0	1662046695709
2051	856	0	0	0	0	0	0	1662046696729
2051	856	0	0	0	0	0	0	1662046697749
2051	856	0	0	0	0	0	0	1662046698769
2051	856	0	0	0	0	0	0	1662046699789
2051	856	0	0	0	0	0	0	1662046700809
2051	856	0	0	0	0	0	0	1662046701829
2051	856	0	0	0	0	0	0	1662046702849
2051	856	0	0	0	0	0	0	1662046703869
2051	856	0	0	0	0	0	0	1662046704889
2051	856	0	0	0	0	0	0	1662046705909
2051	856	0	0	0	0	0	0	1662046706929
2051	856	0	0	0	0	0	0	1662046707949
2051	856	0	0	0	0	0	0	1662046708969
2051	856	0	0	0	0	0	0	1662046709989
2051	856	0	0	0	0	0	0	1662046711009
2051	856	0	0	0	0	0	0	1662046712029
2051	856	0	0	0	0	0	0	1662046713049
2051	856	0	0	0	0	0	0	1662046714069
2051	856	0	0	0	0	0	0	1662046715089
2051	856	0	0	0	0	0	0	1662046716109
2051	856	0	0	0	0	0	0	1662046717129
2051	856	0	0	0	0	0	0	1662046718149
2051	856	0	0	0	0	0	0	1662046719169
2051	856	0	0	0	0	0	0	1662046720189
2051	856	0	0	0	0	0	0	1662046721209
2051	856	0	0	0	0	0	0	1662046722229
2051	856	0	0	0	0	0	0	1662046723249
2051	856	0	0	0	0	0	0	1662046724269
2051	856	0	0	0	0	0	0	1662046725289
2051	856	0	0	0	0	0	0	1662046726309
2051	856	0	0	0	0	0	0	1662046727329
2051	856	0	0	0	0	0	0	1662046728349
2050	856	0	0	0	0	0	0	1662046729369
2050	856	0	0	0	0	0	0	1662046730389
2050	856	0	0	0	0	0	0	1662046731409
2050	856	0	0	0	0	0	0	1662046732429
2050	856	0	0	0	0	0	0	1662046733449
2050	856	0	0	0	0	0	0	1662046734469
2050	856	0	0	0	0	0	0	1662046735489
2050	856	0	0	0	0	0	0	1662046736509
2050	856	0	0	0	0	0	0	1662046737529
2050	856	0	0	0	0	0	0	1662046738549
2050	856	0	0	0	0	0	0	1662046739569
2050	856	0	0	0	0	0	0	1662046740589
2050	856	0	0	0	0	0	0	1662046741609
2050	856	0	0	0	0	0	0	1662046742629
2050	856	0	0	0	0	0	0	1662046743649
2050	856	0	0	0	0	0	0	1662046744669
2050	856	0	0	0	0	0	0	1662046745689
2050	856	0	0	0	0	0	0	1662046746709
2050	856	0	0	0	0	0	0	1662046747729
2050	856	0	0	0	0	0	0	1662046748749
2050	856	0	0	0	0	0	0	1662046749769
2050	856	0	0	0	0	0	0	1662046750789
2050	856	0	0	0	0	0	0	1662046751809
2050	856	0	0	0	0	0	0	1662046752829
2050	856	0	0	0	0	0	0	1662046753849
2050	856	0	0	0	0	0	0	1662046754869
2050	856	0	0	0	0	0	0	1662046755889
2050	856	0	0	0	0	0	0	1662046756909
2050	856	0	0	0	0	0	0	1662046757929
2050	856	0	0	0	0	0	0	1662046758949
2050	856	0	0	0	0	0	0	1662046759969
2050	856	0	0	0	0	0	0	1662046760989
2050	856	0	0	0	0	0	0	1662046762009
2050	856	0	0	0	0	0	0	1662046763029
2050	856	0	0	0	0	0	0	1662046764049
2050	856	0	0	0	0	0	0	1662046765069
2050	856	0	0	0	0	0	0	1662046766089
2050	856	0	0	0	0	0	0	1662046767109
2050	856	0	0	0	0	0	0	1662046768129
2050	856	0	0	0	0	0	0	1662046769149
2050	856	0	0	0	0	0	0	1662046770169
2050	856	0	0	0	0	0	0	1662046771189
2050	856	0	0	0	0	0	0	1662046772209
2050	856	0	0	0	0	0	0	1662046773229
2050	856	0	0	0	0	0	0	1662046774249
2050	856	0	0	0	0	0	0	1662046775269
2050	857	0	0	0	0	0	0	1662046776289
2050	857	0	0	0	0	0	0	1662046777309
2050	857	0	0	0	0	0	0	1662046778329
2050	857	0	0	0	0	0	0	1662046779349
2050	852	0	0	0	0	0	0	1662046780369
2050	851	0	0	0	0	0	0	1662046781389
2050	851	0	0	0	0	0	0	1662046782409
2050	853	0	0	0	0	0	0	1662046783429
2050	853	0	0	0	0	0	0	1662046784449
2050	844	0	0	0	0	0	0	1662046785469
2050	843	0	0	0	0	0	0	1662046786489
2050	841	0	0	0	0	0	0	1662046787509
2050	841	0	0	0	0	0	0	1662046788529
2050	841	0	0	0	0	0	0	1662046789549
2050	842	0	0	0	0	0	0	1662046790569
2050	843	0	0	0	0	0	0	1662046791589
2050	843	0	0	0	0	0	0	1662046792609
2050	846	0	0	0	0	0	0	1662046793629
2066	848	0	0	0	0	0	0	1662046794649
2060	849	0	0	0	0	0	0	1662046795669
2056	849	0	0	0	0	0	0	1662046796689
2054	850	0	0	0	0	0	0	1662046797709
2052	852	0	0	0	0	0	0	1662046798729
2052	853	0	0	0	0	0	0	1662046799749
2052	853	0	0	0	0	0	0	1662046800769
2051	854	0	0	0	0	0	0	1662046801789
2051	855	0	0	0	0	0	0	1662046802809
2051	856	0	0	0	0	0	0	1662046803829
2051	856	0	0	0	0	0	0	1662046804849
2051	856	0	0	0	0	0	0	1662046805869
2051	856	0	0	0	0	0	0	1662046806889
2051	856	0	0	0	0	0	0	1662046807909
2051	856	0	0	0	0	0	0	1662046808929
2051	856	0	0	0	0	0	0	1662046809949
2051	856	0	0	0	0	0	0	1662046810969
2051	856	0	0	0	0	0	0	1662046811989
2051	856	0	0	0	0	0	0	1662046813009
2051	856	0	0	0	0	0	0	1662046814029
2051	856	0	0	0	0	0	0	1662046815049
2051	856	0	0	0	0	0	0	1662046816069
2051	856	0	0	0	0	0	0	1662046817089
2051	856	0	0	0	0	0	0	1662046818109
2051	856	0	0	0	0	0	0	1662046819129
2051	856	0	0	0	0	0	0	1662046820149
2051	856	0	0	0	0	0	0	1662046821169
2051	856	0	0	0	0	0	0	1662046822189
2051	856	0	0	0	0	0	0	1662046823209
2051	856	0	0	0	0	0	0	1662046824229
2051	856	0	0	0	0	0	0	1662046825249
2051	856	0	0	0	0	0	0	1662046826269
2051	856	0	0	0	0	0	0	1662046827289
2051	856	0	0	0	0	0	0	1662046828309
2051	856	0	0	0	0	0	0	1662046829329
2051	856	0	0	0	0	0	0	1662046830349
2051	856	0	0	0	0	0	0	1662046831369
2051	856	0	0	0	0	0	0	1662046832389
2051	856	0	0	0	0	0	0	1662046833409
2051	856	0	0	0	0	0	0	1662046834429
2051	856	0	0	0	0	0	0	1662046835449
2051	856	0	0	0	0	0	0	1662046836469
2051	856	0	0	0	0	0	0	1662046837489
2051	856	0	0	0	0	0	0	1662046838509
2051	856	0	0	0	0	0	0	1662046839529
2051	856	0	0	0	0	0	0	1662046840549
2051	856	0	0	0	0	0	0	1662046841569
2050	856	0	0	0	0	0	0	1662046842589
2050	856	0	0	0	0	0	0	1662046843609
2050	856	0	0	0	0	0	0	1662046844629
2050	856	0	0	0	0	0	0	1662046845649
2050	856	0	0	0	0	0	0	1662046846669
2050	856	0	0	0	0	0	0	1662046847689
2050	856	0	0	0	0	0	0	1662046848709
2050	856	0	0	0	0	0	0	1662046849729
2050	856	0	0	0	0	0	0	1662046850749
2050	856	0	0	0	0	0	0	1662046851769
2050	856	0	0	0	0	0	0	1662046852789
2050	856	0	0	0	0	0	0	1662046853809
2050	856	0	0	0	0	0	0	1662046854829
2050	856	0	0	0	0	0	0	1662046855849
2050	856	0	0	0	0	0	0	1662046856869
2050	856	0	0	0	0	0	0	1662046857889
2050	856	0	0	0	0	0	0	1662046858909
2050	856	0	0	0	0	0	0	1662046859929
2050	856	0	0	0	0	0	0	1662046860949
2050	856	0	0	0	0	0	0	1662046861969
2050	856	0	0	0	0	0	0	1662046862989
2050	856	0	0	0	0	0	0	1662046864009
2050	856	0	0	0	0	0	0	1662046865029
2050	856	0	0	0	0	0	0	1662046866049
2050	856	0	0	0	0	0	0	1662046867069
2050	856	0	0	0	0	0	0	1662046868089
2050	856	0	0	0	0	0	0	1662046869109
2050	856	0	0	0	0	0	0	1662046870129
2050	856	0	0	0	0	0	0	1662046871149
2050	856	0	0	0	0	0	0	1662046872169
2050	856	0	0	0	0	0	0	1662046873189
2050	856	0	0	0	0	0	0	1662046874209
2049	856	0	0	0	0	0	0	1662046875229
2049	856	0	0	0	0	0	0	1662046876249
2050	856	0	0	0	0	0	0	1662046877269
2049	856	0	0	0	0	0	0	1662046878289
2049	856	0	0	0	0	0	0	1662046879309
2049	856	0	0	0	0	0	0	1662046880329
2049	856	0	0	0	0	0	0	1662046881349
2049	856	0	0	0	0	0	0	1662046882369
2048	856	0	0	0	0	0	0	1662046883389
2048	856	0	0	0	0	0	0	1662046884409
2047	856	0	0	0	0	0	0	1662046885429
2047	856	0	0	0	0	0	0	1662046886449
2045	856	0	0	0	0	0	0	1662046887469
2046	856	0	0	0	0	0	0	1662046888489
2046	856	0	0	0	0	0	0	1662046889509
2047	856	0	0	0	0	0	0	1662046890529
2046	857	0	0	0	0	0	0	1662046891549
2047	857	0	0	0	0	0	0	1662046892569
2046	857	0	0	0	0	0	0	1662046893589
2047	857	0	0	0	0	0	0	1662046894609
2047	857	0	0	0	0	0	0	1662046895629
2046	857	0	0	0	0	0	0	1662046896649
2047	857	0	0	0	0	0	0	1662046897669
2046	857	0	0	0	0	0	0	1662046898689
2046	857	0	0	0	0	0	0	1662046899709
2045	857	0	0	0	0	0	0	1662046900729
2044	857	0	0	0	0	0	0	1662046901749
2044	857	0	0	0	0	0	0	1662046902769
2044	857	0	0	0	0	0	0	1662046903789
2043	857	0	0	0	0	0	0	1662046904809
2042	857	0	0	0	0	0	0	1662046905829
2040	857	0	0	0	0	0	0	1662046906849
2039	857	0	0	0	0	0	0	1662046907869
2038	857	0	0	0	0	0	0	1662046908889
2038	857	0	0	0	0	0	0	1662046909909
2038	857	0	0	0	0	0	0	1662046910929
2039	857	0	0	0	0	0	0	1662046911949
2039	857	0	0	0	0	0	0	1662046912969
2039	857	0	0	0	0	0	0	1662046913989
2038	857	0	0	0	0	0	0	1662046915009
2036	857	0	0	0	0	0	0	1662046916029
2037	857	0	0	0	0	0	0	1662046917049
2035	857	0	0	0	0	0	0	1662046918069
2034	857	0	0	0	0	0	0	1662046919089
2033	857	0	0	0	0	0	0	1662046920109
2033	857	0	0	0	0	0	0	1662046921129
2033	857	0	0	0	0	0	0	1662046922149
11219	857	0	0	0	0	0	0	1662046923169
7544	857	0	0	0	0	0	0	1662046924189
5338	857	0	0	0	0	0	0	1662046925209
4015	857	0	0	0	0	0	0	1662046926229
3222	857	0	0	0	0	0	0	1662046927249
2744	857	0	0	0	0	0	0	1662046928269
2459	857	0	0	0	0	0	0	1662046929289
2288	857	0	0	0	0	0	0	1662046930309
2184	857	0	0	0	0	0	0	1662046931329
2121	857	0	0	0	0	0	0	1662046932349
2083	857	0	0	0	0	0	0	1662046933369
2060	857	0	0	0	0	0	0	1662046934389
2048	857	0	0	0	0	0	0	1662046935409
2040	857	0	0	0	0	0	0	1662046936429
2035	857	0	0	0	0	0	0	1662046937449
2031	857	0	0	0	0	0	0	1662046938469
2029	857	0	0	0	0	0	0	1662046939489
2027	857	0	0	0	0	0	0	1662046940509
2026	857	0	0	0	0	0	0	1662046941529
2026	857	0	0	0	0	0	0	1662046942549
2025	857	0	0	0	0	0	0	1662046943569
2024	857	0	0	0	0	0	0	1662046944589
2025	857	0	0	0	0	0	0	1662046945609
2024	857	0	0	0	0	0	0	1662046946629
2025	857	0	0	0	0	0	0	1662046947649
2025	857	0	0	0	0	0	0	1662046948669
2024	857	0	0	0	0	0	0	1662046949689
2024	857	0	0	0	0	0	0	1662046950709
2023	857	0	0	0	0	0	0	1662046951729
2023	857	0	0	0	0	0	0	1662046952749
2023	857	0	0	0	0	0	0	1662046953769
2023	857	0	0	0	0	0	0	1662046954789
2023	857	0	0	0	0	0	0	1662046955809
2023	857	0	0	0	0	0	0	1662046956829
2023	857	0	0	0	0	0	0	1662046957849
2023	857	0	0	0	0	0	0	1662046958869
2023	857	0	0	0	0	0	0	1662046959889
2023	857	0	0	0	0	0	0	1662046960909
2023	857	0	0	0	0	0	0	1662046961929
2023	857	0	0	0	0	0	0	1662046962949
2023	857	0	0	0	0	0	0	1662046963969
2023	857	0	0	0	0	0	0	1662046964989
2023	857	0	0	0	0	0	0	1662046966009
2023	857	0	0	0	0	0	0	1662046967029
2023	857	0	0	0	0	0	0	1662046968049
2023	857	0	0	0	0	0	0	1662046969069
2023	857	0	0	0	0	0	0	1662046970089
2023	857	0	0	0	0	0	0	1662046971109
2023	857	0	0	0	0	0	0	1662046972129
2023	857	0	0	0	0	0	0	1662046973149
2023	857	0	0	0	0	0	0	1662046974169
2023	857	0	0	0	0	0	0	1662046975189
2023	857	0	0	0	0	0	0	1662046976209
2023	857	0	0	0	0	0	0	1662046977229
2023	857	0	0	0	0	0	0	1662046978249
2023	857	0	0	0	0	0	0	1662046979269
2023	857	0	0	0	0	0	0	1662046980289
2023	857	0	0	0	0	0	0	1662046981309
2023	857	0	0	0	0	0	0	1662046982329
2023	857	0	0	0	0	0	0	1662046983349
2023	857	0	0	0	0	0	0	1662046984369
2023	857	0	0	0	0	0	0	1662046985389
2022	857	0	0	0	0	0	0	1662046986409
2022	857	0	0	0	0	0	0	1662046987429
2022	857	0	0	0	0	0	0	1662046988449
2022	857	0	0	0	0	0	0	1662046989469
2022	857	0	0	0	0	0	0	1662046990489
2022	857	0	0	0	0	0	0	1662046991509
2022	857	0	0	0	0	0	0	1662046992529
2022	857	0	0	0	0	0	0	1662046993549
2022	857	0	0	0	0	0	0	1662046994569
2022	857	0	0	0	0	0	0	1662046995589
2022	857	0	0	0	0	0	0	1662046996609
2022	857	0	0	0	0	0	0	1662046997629
2022	857	0	0	0	0	0	0	1662046998649
2022	857	0	0	0	0	0	0	1662046999669
2022	857	0	0	0	0	0	0	1662047000689
2022	857	0	0	0	0	0	0	1662047001709
2022	857	0	0	0	0	0	0	1662047002729
2022	857	0	0	0	0	0	0	1662047003749
2022	857	0	0	0	0	0	0	1662047004769
2022	857	0	0	0	0	0	0	1662047005789
2022	857	0	0	0	0	0	0	1662047006809
2022	857	0	0	0	0	0	0	1662047007829
2022	857	0	0	0	0	0	0	1662047008849
2022	857	0	0	0	0	0	0	1662047009869
2022	857	0	0	0	0	0	0	1662047010889
2022	857	0	0	0	0	0	0	1662047011909
2022	857	0	0	0	0	0	0	1662047012929
2022	857	0	0	0	0	0	0	1662047013949
2022	857	0	0	0	0	0	0	1662047014969
2023	857	0	0	0	0	0	0	1662047015989
2023	857	0	0	0	0	0	0	1662047017009
2023	857	0	0	0	0	0	0	1662047018029
2023	857	0	0	0	0	0	0	1662047019049
2023	857	0	0	0	0	0	0	1662047020069
2023	857	0	0	0	0	0	0	1662047021089
2023	857	0	0	0	0	0	0	1662047022109
2023	857	0	0	0	0	0	0	1662047023129
2023	857	0	0	0	0	0	0	1662047024149
