2502	874	0	0	0	0	0	0	1661440449283
2487	869	0	0	0	0	0	0	1661440450303
2469	864	0	0	0	0	0	0	1661440451323
2454	861	0	0	0	0	0	0	1661440452343
2438	856	0	0	0	0	0	0	1661440453363
2426	846	0	0	0	0	0	0	1661440454383
2410	839	0	0	0	0	0	0	1661440455403
2400	835	0	0	0	0	0	0	1661440456423
2388	832	0	0	0	0	0	0	1661440457443
2376	825	0	0	0	0	0	0	1661440458463
2368	815	0	0	0	0	0	0	1661440459483
2364	809	0	0	0	0	0	0	1661440460503
2353	806	0	0	0	0	0	0	1661440461523
2343	804	0	0	0	0	0	0	1661440462543
2338	803	0	0	0	0	0	0	1661440463563
2335	802	0	0	0	0	0	0	1661440464583
2333	802	0	0	0	0	0	0	1661440465603
2327	797	0	0	0	0	0	0	1661440466623
2317	790	0	0	0	0	0	0	1661440467643
2311	783	0	0	0	0	0	0	1661440468663
2307	779	0	0	0	0	0	0	1661440469683
2305	777	0	0	0	0	0	0	1661440470703
2304	776	0	0	0	0	0	0	1661440471723
2303	775	0	0	0	0	0	0	1661440472743
2301	774	0	0	0	0	0	0	1661440473763
2292	774	0	0	0	0	0	0	1661440474783
2285	774	0	0	0	0	0	0	1661440475803
2280	774	0	0	0	0	0	0	1661440476823
2277	774	0	0	0	0	0	0	1661440477843
2276	774	0	0	0	0	0	0	1661440478863
2275	774	0	0	0	0	0	0	1661440479883
2274	773	0	0	0	0	0	0	1661440480903
2273	772	0	0	0	0	0	0	1661440481923
2273	768	0	0	0	0	0	0	1661440482943
2268	763	0	0	0	0	0	0	1661440483963
2260	759	0	0	0	0	0	0	1661440484983
2254	756	0	0	0	0	0	0	1661440486003
2251	752	0	0	0	0	0	0	1661440487023
2249	750	0	0	0	0	0	0	1661440488043
2248	749	0	0	0	0	0	0	1661440489063
2247	748	0	0	0	0	0	0	1661440490083
2247	747	0	0	0	0	0	0	1661440491103
2246	747	0	0	0	0	0	0	1661440492123
2246	747	0	0	0	0	0	0	1661440493143
2245	747	0	0	0	0	0	0	1661440494163
2243	746	0	0	0	0	0	0	1661440495183
2237	746	0	0	0	0	0	0	1661440496203
2231	746	0	0	0	0	0	0	1661440497223
2226	746	0	0	0	0	0	0	1661440498243
2223	746	0	0	0	0	0	0	1661440499263
2221	746	0	0	0	0	0	0	1661440500283
2220	746	0	0	0	0	0	0	1661440501303
2219	746	0	0	0	0	0	0	1661440502323
2219	746	0	0	0	0	0	0	1661440503343
2219	746	0	0	0	0	0	0	1661440504363
2219	746	0	0	0	0	0	0	1661440505383
2218	746	0	0	0	0	0	0	1661440506403
2218	746	0	0	0	0	0	0	1661440507423
2218	746	0	0	0	0	0	0	1661440508443
2218	746	0	0	0	0	0	0	1661440509463
2218	746	0	0	0	0	0	0	1661440510483
2217	746	0	0	0	0	0	0	1661440511503
2213	746	0	0	0	0	0	0	1661440512523
2207	746	0	0	0	0	0	0	1661440513543
2200	746	0	0	0	0	0	0	1661440514563
2196	746	0	0	0	0	0	0	1661440515583
2194	746	0	0	0	0	0	0	1661440516603
2192	746	0	0	0	0	0	0	1661440517623
2191	746	0	0	0	0	0	0	1661440518643
2191	746	0	0	0	0	0	0	1661440519663
2190	746	0	0	0	0	0	0	1661440520683
2190	746	0	0	0	0	0	0	1661440521703
2190	746	0	0	0	0	0	0	1661440522723
2190	746	0	0	0	0	0	0	1661440523743
2190	746	0	0	0	0	0	0	1661440524763
2190	746	0	0	0	0	0	0	1661440525783
2190	746	0	0	0	0	0	0	1661440526803
2190	746	0	0	0	0	0	0	1661440527823
2190	746	0	0	0	0	0	0	1661440528843
2190	746	0	0	0	0	0	0	1661440529863
2190	746	0	0	0	0	0	0	1661440530883
2190	746	0	0	0	0	0	0	1661440531903
2190	746	0	0	0	0	0	0	1661440532923
2189	746	0	0	0	0	0	0	1661440533943
2186	746	0	0	0	0	0	0	1661440534963
2184	746	0	0	0	0	0	0	1661440535983
2177	746	0	0	0	0	0	0	1661440537003
2171	745	0	0	0	0	0	0	1661440538023
2168	745	0	0	0	0	0	0	1661440539043
2165	745	0	0	0	0	0	0	1661440540063
2164	745	0	0	0	0	0	0	1661440541083
2163	744	0	0	0	0	0	0	1661440542103
2162	744	0	0	0	0	0	0	1661440543123
2162	744	0	0	0	0	0	0	1661440544143
2162	744	0	0	0	0	0	0	1661440545163
2162	744	0	0	0	0	0	0	1661440546183
2162	744	0	0	0	0	0	0	1661440547203
2162	744	0	0	0	0	0	0	1661440548223
2162	743	0	0	0	0	0	0	1661440549243
2162	743	0	0	0	0	0	0	1661440550263
2162	741	0	0	0	0	0	0	1661440551283
2162	741	0	0	0	0	0	0	1661440552303
2162	742	0	0	0	0	0	0	1661440553323
2162	742	0	0	0	0	0	0	1661440554343
2162	742	0	0	0	0	0	0	1661440555363
2162	740	0	0	0	0	0	0	1661440556383
2162	739	0	0	0	0	0	0	1661440557403
2162	739	0	0	0	0	0	0	1661440558423
2162	737	0	0	0	0	0	0	1661440559443
2161	736	0	0	0	0	0	0	1661440560463
2160	736	0	0	0	0	0	0	1661440561483
2156	736	0	0	0	0	0	0	1661440562503
2154	735	0	0	0	0	0	0	1661440563523
2149	736	0	0	0	0	0	0	1661440564543
2144	736	0	0	0	0	0	0	1661440565563
2140	735	0	0	0	0	0	0	1661440566583
2138	733	0	0	0	0	0	0	1661440567603
2136	731	0	0	0	0	0	0	1661440568623
2135	728	0	0	0	0	0	0	1661440569643
2135	727	0	0	0	0	0	0	1661440570663
2135	726	0	0	0	0	0	0	1661440571683
2135	724	0	0	0	0	0	0	1661440572703
2134	725	0	0	0	0	0	0	1661440573723
2134	725	0	0	0	0	0	0	1661440574743
2134	726	0	0	0	0	0	0	1661440575763
2134	724	0	0	0	0	0	0	1661440576783
2134	722	0	0	0	0	0	0	1661440577803
2134	722	0	0	0	0	0	0	1661440578823
2134	721	0	0	0	0	0	0	1661440579843
2134	720	0	0	0	0	0	0	1661440580863
2134	720	0	0	0	0	0	0	1661440581883
2134	720	0	0	0	0	0	0	1661440582903
2134	720	0	0	0	0	0	0	1661440583923
2134	719	0	0	0	0	0	0	1661440584943
2134	719	0	0	0	0	0	0	1661440585963
2134	719	0	0	0	0	0	0	1661440586983
2134	719	0	0	0	0	0	0	1661440588003
2134	719	0	0	0	0	0	0	1661440589023
2134	718	0	0	0	0	0	0	1661440590043
2134	718	0	0	0	0	0	0	1661440591063
2134	718	0	0	0	0	0	0	1661440592083
2134	718	0	0	0	0	0	0	1661440593103
2134	718	0	0	0	0	0	0	1661440594123
2134	718	0	0	0	0	0	0	1661440595143
2133	718	0	0	0	0	0	0	1661440596163
2133	718	0	0	0	0	0	0	1661440597183
2131	718	0	0	0	0	0	0	1661440598203
2126	718	0	0	0	0	0	0	1661440599223
2124	718	0	0	0	0	0	0	1661440600243
2120	718	0	0	0	0	0	0	1661440601263
2115	718	0	0	0	0	0	0	1661440602283
2112	718	0	0	0	0	0	0	1661440603303
2110	718	0	0	0	0	0	0	1661440604323
2108	718	0	0	0	0	0	0	1661440605343
2107	718	0	0	0	0	0	0	1661440606363
2107	718	0	0	0	0	0	0	1661440607383
2107	718	0	0	0	0	0	0	1661440608403
2107	718	0	0	0	0	0	0	1661440609423
2107	718	0	0	0	0	0	0	1661440610443
2107	718	0	0	0	0	0	0	1661440611463
2106	718	0	0	0	0	0	0	1661440612483
2106	718	0	0	0	0	0	0	1661440613503
2106	718	0	0	0	0	0	0	1661440614523
2106	718	0	0	0	0	0	0	1661440615543
2106	718	0	0	0	0	0	0	1661440616563
2106	718	0	0	0	0	0	0	1661440617583
2106	718	0	0	0	0	0	0	1661440618603
2106	718	0	0	0	0	0	0	1661440619623
2106	718	0	0	0	0	0	0	1661440620643
2106	718	0	0	0	0	0	0	1661440621663
2106	718	0	0	0	0	0	0	1661440622683
2106	718	0	0	0	0	0	0	1661440623703
2106	718	0	0	0	0	0	0	1661440624723
2106	718	0	0	0	0	0	0	1661440625743
2106	718	0	0	0	0	0	0	1661440626763
2106	718	0	0	0	0	0	0	1661440627783
2106	718	0	0	0	0	0	0	1661440628803
2106	718	0	0	0	0	0	0	1661440629823
2106	718	0	0	0	0	0	0	1661440630843
2106	718	0	0	0	0	0	0	1661440631863
2106	718	0	0	0	0	0	0	1661440632883
2105	718	0	0	0	0	0	0	1661440633903
2104	718	0	0	0	0	0	0	1661440634923
2103	718	0	0	0	0	0	0	1661440635943
2100	718	0	0	0	0	0	0	1661440636963
2097	718	0	0	0	0	0	0	1661440637983
2094	718	0	0	0	0	0	0	1661440639003
2094	718	0	0	0	0	0	0	1661440640023
2088	718	0	0	0	0	0	0	1661440641043
2085	718	0	0	0	0	0	0	1661440642063
2082	718	0	0	0	0	0	0	1661440643083
2080	718	0	0	0	0	0	0	1661440644103
2079	718	0	0	0	0	0	0	1661440645123
2079	718	0	0	0	0	0	0	1661440646143
2079	718	0	0	0	0	0	0	1661440647163
11247	718	0	0	0	0	0	0	1661440648183
7579	718	0	0	0	0	0	0	1661440649203
5378	718	0	0	0	0	0	0	1661440650223
4058	718	0	0	0	0	0	0	1661440651243
3266	718	0	0	0	0	0	0	1661440652263
2791	718	0	0	0	0	0	0	1661440653283
2506	718	0	0	0	0	0	0	1661440654303
2335	718	0	0	0	0	0	0	1661440655323
2233	718	0	0	0	0	0	0	1661440656343
2171	718	0	0	0	0	0	0	1661440657363
2134	718	0	0	0	0	0	0	1661440658383
2112	718	0	0	0	0	0	0	1661440659403
2098	718	0	0	0	0	0	0	1661440660423
2090	718	0	0	0	0	0	0	1661440661443
2085	718	0	0	0	0	0	0	1661440662463
2082	718	0	0	0	0	0	0	1661440663483
2080	718	0	0	0	0	0	0	1661440664503
2079	718	0	0	0	0	0	0	1661440665523
2079	718	0	0	0	0	0	0	1661440666543
2079	718	0	0	0	0	0	0	1661440667563
2079	718	0	0	0	0	0	0	1661440668583
2079	718	0	0	0	0	0	0	1661440669603
2079	718	0	0	0	0	0	0	1661440670623
2078	718	0	0	0	0	0	0	1661440671643
2078	718	0	0	0	0	0	0	1661440672663
2078	718	0	0	0	0	0	0	1661440673683
2077	718	0	0	0	0	0	0	1661440674703
2076	718	0	0	0	0	0	0	1661440675723
2073	718	0	0	0	0	0	0	1661440676743
2066	718	0	0	0	0	0	0	1661440677763
2064	718	0	0	0	0	0	0	1661440678783
2060	718	0	0	0	0	0	0	1661440679803
2056	718	0	0	0	0	0	0	1661440680823
2054	718	0	0	0	0	0	0	1661440681843
2053	718	0	0	0	0	0	0	1661440682863
2052	718	0	0	0	0	0	0	1661440683883
2052	718	0	0	0	0	0	0	1661440684903
2051	718	0	0	0	0	0	0	1661440685923
2051	718	0	0	0	0	0	0	1661440686943
2051	718	0	0	0	0	0	0	1661440687963
2051	718	0	0	0	0	0	0	1661440688983
2051	718	0	0	0	0	0	0	1661440690003
2051	718	0	0	0	0	0	0	1661440691023
2051	718	0	0	0	0	0	0	1661440692043
2051	718	0	0	0	0	0	0	1661440693063
2051	718	0	0	0	0	0	0	1661440694083
2051	718	0	0	0	0	0	0	1661440695103
2051	718	0	0	0	0	0	0	1661440696123
2051	718	0	0	0	0	0	0	1661440697143
2051	718	0	0	0	0	0	0	1661440698163
2051	718	0	0	0	0	0	0	1661440699183
2050	718	0	0	0	0	0	0	1661440700203
2050	718	0	0	0	0	0	0	1661440701223
2050	718	0	0	0	0	0	0	1661440702243
2050	718	0	0	0	0	0	0	1661440703263
2050	718	0	0	0	0	0	0	1661440704283
2050	718	0	0	0	0	0	0	1661440705303
2050	718	0	0	0	0	0	0	1661440706323
2050	718	0	0	0	0	0	0	1661440707343
2050	718	0	0	0	0	0	0	1661440708363
2050	718	0	0	0	0	0	0	1661440709383
2050	718	0	0	0	0	0	0	1661440710403
2050	718	0	0	0	0	0	0	1661440711423
2050	718	0	0	0	0	0	0	1661440712443
2050	718	0	0	0	0	0	0	1661440713463
2050	718	0	0	0	0	0	0	1661440714483
2050	718	0	0	0	0	0	0	1661440715503
2049	718	0	0	0	0	0	0	1661440716523
2046	718	0	0	0	0	0	0	1661440717543
2044	718	0	0	0	0	0	0	1661440718563
2042	718	0	0	0	0	0	0	1661440719583
2039	718	0	0	0	0	0	0	1661440720603
2035	718	0	0	0	0	0	0	1661440721623
2030	718	0	0	0	0	0	0	1661440722643
2027	718	0	0	0	0	0	0	1661440723663
2026	718	0	0	0	0	0	0	1661440724683
2025	718	0	0	0	0	0	0	1661440725703
2024	718	0	0	0	0	0	0	1661440726723
2024	718	0	0	0	0	0	0	1661440727743
2023	718	0	0	0	0	0	0	1661440728763
2023	718	0	0	0	0	0	0	1661440729783
2023	718	0	0	0	0	0	0	1661440730803
2023	718	0	0	0	0	0	0	1661440731823
2023	718	0	0	0	0	0	0	1661440732843
2023	718	0	0	0	0	0	0	1661440733863
2023	718	0	0	0	0	0	0	1661440734883
2023	718	0	0	0	0	0	0	1661440735903
2022	718	0	0	0	0	0	0	1661440736923
2022	718	0	0	0	0	0	0	1661440737943
2022	718	0	0	0	0	0	0	1661440738963
2022	718	0	0	0	0	0	0	1661440739983
2022	718	0	0	0	0	0	0	1661440741003
2022	718	0	0	0	0	0	0	1661440742023
2022	718	0	0	0	0	0	0	1661440743043
2022	718	0	0	0	0	0	0	1661440744063
2022	718	0	0	0	0	0	0	1661440745083
2022	718	0	0	0	0	0	0	1661440746103
2022	718	0	0	0	0	0	0	1661440747123
2022	718	0	0	0	0	0	0	1661440748143
2022	718	0	0	0	0	0	0	1661440749163
2022	718	0	0	0	0	0	0	1661440750183
2022	718	0	0	0	0	0	0	1661440751203
2022	718	0	0	0	0	0	0	1661440752223
2022	718	0	0	0	0	0	0	1661440753243
2022	718	0	0	0	0	0	0	1661440754263
2022	718	0	0	0	0	0	0	1661440755283
2022	718	0	0	0	0	0	0	1661440756303
2022	718	0	0	0	0	0	0	1661440757323
2022	718	0	0	0	0	0	0	1661440758343
2022	718	0	0	0	0	0	0	1661440759363
2020	718	0	0	0	0	0	0	1661440760383
2019	718	0	0	0	0	0	0	1661440761403
2018	718	0	0	0	0	0	0	1661440762423
2014	718	0	0	0	0	0	0	1661440763443
2011	718	0	0	0	0	0	0	1661440764463
2009	718	0	0	0	0	0	0	1661440765483
2008	718	0	0	0	0	0	0	1661440766503
2006	718	0	0	0	0	0	0	1661440767523
2003	718	0	0	0	0	0	0	1661440768543
2000	718	0	0	0	0	0	0	1661440769563
1998	718	0	0	0	0	0	0	1661440770583
1997	718	0	0	0	0	0	0	1661440771603
1997	718	0	0	0	0	0	0	1661440772623
1996	718	0	0	0	0	0	0	1661440773643
1995	718	0	0	0	0	0	0	1661440774663
1995	718	0	0	0	0	0	0	1661440775683
1995	718	0	0	0	0	0	0	1661440776703
1995	718	0	0	0	0	0	0	1661440777723
1995	718	0	0	0	0	0	0	1661440778743
1995	718	0	0	0	0	0	0	1661440779763
1995	718	0	0	0	0	0	0	1661440780783
1995	718	0	0	0	0	0	0	1661440781803
1995	718	0	0	0	0	0	0	1661440782823
1995	718	0	0	0	0	0	0	1661440783843
1995	718	0	0	0	0	0	0	1661440784863
1995	718	0	0	0	0	0	0	1661440785883
1995	718	0	0	0	0	0	0	1661440786903
1995	718	0	0	0	0	0	0	1661440787923
1994	718	0	0	0	0	0	0	1661440788943
1994	718	0	0	0	0	0	0	1661440789963
1994	718	0	0	0	0	0	0	1661440790983
1994	718	0	0	0	0	0	0	1661440792003
1994	718	0	0	0	0	0	0	1661440793023
1994	718	0	0	0	0	0	0	1661440794043
1994	718	0	0	0	0	0	0	1661440795063
1994	718	0	0	0	0	0	0	1661440796083
1994	718	0	0	0	0	0	0	1661440797103
1994	718	0	0	0	0	0	0	1661440798123
1994	718	0	0	0	0	0	0	1661440799143
1994	718	0	0	0	0	0	0	1661440800163
1994	718	0	0	0	0	0	0	1661440801183
1994	718	0	0	0	0	0	0	1661440802203
1994	718	0	0	0	0	0	0	1661440803223
1994	718	0	0	0	0	0	0	1661440804243
1994	718	0	0	0	0	0	0	1661440805263
1994	718	0	0	0	0	0	0	1661440806283
1994	718	0	0	0	0	0	0	1661440807303
1994	718	0	0	0	0	0	0	1661440808323
1994	718	0	0	0	0	0	0	1661440809343
1994	718	0	0	0	0	0	0	1661440810363
1994	718	0	0	0	0	0	0	1661440811383
1992	718	0	0	0	0	0	0	1661440812403
1992	718	0	0	0	0	0	0	1661440813423
1990	718	0	0	0	0	0	0	1661440814443
1989	718	0	0	0	0	0	0	1661440815463
1985	718	0	0	0	0	0	0	1661440816483
1983	718	0	0	0	0	0	0	1661440817503
1979	718	0	0	0	0	0	0	1661440818523
1976	718	0	0	0	0	0	0	1661440819543
1974	718	0	0	0	0	0	0	1661440820563
1971	718	0	0	0	0	0	0	1661440821583
1970	718	0	0	0	0	0	0	1661440822603
1969	718	0	0	0	0	0	0	1661440823623
1968	718	0	0	0	0	0	0	1661440824643
1967	718	0	0	0	0	0	0	1661440825663
1967	718	0	0	0	0	0	0	1661440826683
1967	718	0	0	0	0	0	0	1661440827703
1967	718	0	0	0	0	0	0	1661440828723
1967	718	0	0	0	0	0	0	1661440829743
1967	718	0	0	0	0	0	0	1661440830763
1967	718	0	0	0	0	0	0	1661440831783
1967	718	0	0	0	0	0	0	1661440832803
1967	718	0	0	0	0	0	0	1661440833823
1967	718	0	0	0	0	0	0	1661440834843
1967	718	0	0	0	0	0	0	1661440835863
1967	718	0	0	0	0	0	0	1661440836883
1967	718	0	0	0	0	0	0	1661440837903
1967	718	0	0	0	0	0	0	1661440838923
1967	718	0	0	0	0	0	0	1661440839943
1967	718	0	0	0	0	0	0	1661440840963
1967	718	0	0	0	0	0	0	1661440841983
1967	718	0	0	0	0	0	0	1661440843003
1967	718	0	0	0	0	0	0	1661440844023
1967	718	0	0	0	0	0	0	1661440845043
1967	718	0	0	0	0	0	0	1661440846063
1967	718	0	0	0	0	0	0	1661440847083
1967	718	0	0	0	0	0	0	1661440848103
1967	718	0	0	0	0	0	0	1661440849123
1967	718	0	0	0	0	0	0	1661440850143
1966	718	0	0	0	0	0	0	1661440851163
1966	718	0	0	0	0	0	0	1661440852183
1966	718	0	0	0	0	0	0	1661440853203
1966	718	0	0	0	0	0	0	1661440854223
1966	718	0	0	0	0	0	0	1661440855243
1966	717	0	0	0	0	0	0	1661440856263
1966	715	0	0	0	0	0	0	1661440857283
1966	716	0	0	0	0	0	0	1661440858303
1966	715	0	0	0	0	0	0	1661440859323
1966	715	0	0	0	0	0	0	1661440860343
1966	715	0	0	0	0	0	0	1661440861363
1966	716	0	0	0	0	0	0	1661440862383
1966	715	0	0	0	0	0	0	1661440863403
1966	713	0	0	0	0	0	0	1661440864423
1966	714	0	0	0	0	0	0	1661440865443
1966	714	0	0	0	0	0	0	1661440866463
1966	714	0	0	0	0	0	0	1661440867483
1965	713	0	0	0	0	0	0	1661440868503
1964	713	0	0	0	0	0	0	1661440869523
1964	713	0	0	0	0	0	0	1661440870543
1960	713	0	0	0	0	0	0	1661440871563
1957	712	0	0	0	0	0	0	1661440872583
1954	710	0	0	0	0	0	0	1661440873603
1949	709	0	0	0	0	0	0	1661440874623
1947	708	0	0	0	0	0	0	1661440875643
1944	709	0	0	0	0	0	0	1661440876663
1943	707	0	0	0	0	0	0	1661440877683
1941	705	0	0	0	0	0	0	1661440878703
1941	705	0	0	0	0	0	0	1661440879723
1940	705	0	0	0	0	0	0	1661440880743
1939	704	0	0	0	0	0	0	1661440881763
1939	705	0	0	0	0	0	0	1661440882783
1939	705	0	0	0	0	0	0	1661440883803
1939	706	0	0	0	0	0	0	1661440884823
1939	707	0	0	0	0	0	0	1661440885843
1939	706	0	0	0	0	0	0	1661440886863
1939	706	0	0	0	0	0	0	1661440887883
1939	706	0	0	0	0	0	0	1661440888903
1939	705	0	0	0	0	0	0	1661440889923
1939	704	0	0	0	0	0	0	1661440890943
1939	703	0	0	0	0	0	0	1661440891963
1939	704	0	0	0	0	0	0	1661440892983
1939	703	0	0	0	0	0	0	1661440894003
1939	704	0	0	0	0	0	0	1661440895023
1939	702	0	0	0	0	0	0	1661440896043
1939	702	0	0	0	0	0	0	1661440897063
1939	699	0	0	0	0	0	0	1661440898083
1939	697	0	0	0	0	0	0	1661440899103
1939	697	0	0	0	0	0	0	1661440900123
1939	697	0	0	0	0	0	0	1661440901143
1939	695	0	0	0	0	0	0	1661440902163
1939	695	0	0	0	0	0	0	1661440903183
1939	694	0	0	0	0	0	0	1661440904203
1939	695	0	0	0	0	0	0	1661440905223
1939	695	0	0	0	0	0	0	1661440906243
1939	695	0	0	0	0	0	0	1661440907263
1939	695	0	0	0	0	0	0	1661440908283
1939	695	0	0	0	0	0	0	1661440909303
1939	696	0	0	0	0	0	0	1661440910323
1939	694	0	0	0	0	0	0	1661440911343
1939	694	0	0	0	0	0	0	1661440912363
1939	695	0	0	0	0	0	0	1661440913383
1939	694	0	0	0	0	0	0	1661440914403
1939	694	0	0	0	0	0	0	1661440915423
1939	695	0	0	0	0	0	0	1661440916443
1939	695	0	0	0	0	0	0	1661440917463
1939	696	0	0	0	0	0	0	1661440918483
1939	694	0	0	0	0	0	0	1661440919503
1939	694	0	0	0	0	0	0	1661440920523
1939	695	0	0	0	0	0	0	1661440921543
1938	695	0	0	0	0	0	0	1661440922563
1938	694	0	0	0	0	0	0	1661440923583
1938	693	0	0	0	0	0	0	1661440924603
1938	692	0	0	0	0	0	0	1661440925623
1938	692	0	0	0	0	0	0	1661440926643
1938	692	0	0	0	0	0	0	1661440927663
1938	692	0	0	0	0	0	0	1661440928683
1938	692	0	0	0	0	0	0	1661440929703
1937	692	0	0	0	0	0	0	1661440930723
1936	692	0	0	0	0	0	0	1661440931743
1936	692	0	0	0	0	0	0	1661440932763
1935	692	0	0	0	0	0	0	1661440933783
1933	692	0	0	0	0	0	0	1661440934803
1930	692	0	0	0	0	0	0	1661440935823
1925	692	0	0	0	0	0	0	1661440936843
1919	691	0	0	0	0	0	0	1661440937863
1916	691	0	0	0	0	0	0	1661440938883
1914	691	0	0	0	0	0	0	1661440939903
1912	691	0	0	0	0	0	0	1661440940923
1912	691	0	0	0	0	0	0	1661440941943
1911	691	0	0	0	0	0	0	1661440942963
1911	691	0	0	0	0	0	0	1661440943983
1911	691	0	0	0	0	0	0	1661440945003
1911	691	0	0	0	0	0	0	1661440946023
1911	691	0	0	0	0	0	0	1661440947043
1911	691	0	0	0	0	0	0	1661440948063
1911	691	0	0	0	0	0	0	1661440949083
1911	691	0	0	0	0	0	0	1661440950103
1911	691	0	0	0	0	0	0	1661440951123
1911	691	0	0	0	0	0	0	1661440952143
1911	691	0	0	0	0	0	0	1661440953163
1911	691	0	0	0	0	0	0	1661440954183
1911	691	0	0	0	0	0	0	1661440955203
1911	691	0	0	0	0	0	0	1661440956223
1911	691	0	0	0	0	0	0	1661440957243
1911	690	0	0	0	0	0	0	1661440958263
1911	690	0	0	0	0	0	0	1661440959283
1911	690	0	0	0	0	0	0	1661440960303
1911	690	0	0	0	0	0	0	1661440961323
1910	690	0	0	0	0	0	0	1661440962343
1911	690	0	0	0	0	0	0	1661440963363
1911	690	0	0	0	0	0	0	1661440964383
1911	690	0	0	0	0	0	0	1661440965403
1911	690	0	0	0	0	0	0	1661440966423
1911	690	0	0	0	0	0	0	1661440967443
1911	690	0	0	0	0	0	0	1661440968463
1911	690	0	0	0	0	0	0	1661440969483
1911	690	0	0	0	0	0	0	1661440970503
1911	690	0	0	0	0	0	0	1661440971523
1911	690	0	0	0	0	0	0	1661440972543
1911	690	0	0	0	0	0	0	1661440973563
1910	690	0	0	0	0	0	0	1661440974583
1910	690	0	0	0	0	0	0	1661440975603
1909	690	0	0	0	0	0	0	1661440976623
1908	690	0	0	0	0	0	0	1661440977643
1907	690	0	0	0	0	0	0	1661440978663
1905	690	0	0	0	0	0	0	1661440979683
1900	690	0	0	0	0	0	0	1661440980703
1898	690	0	0	0	0	0	0	1661440981723
1895	690	0	0	0	0	0	0	1661440982743
1893	690	0	0	0	0	0	0	1661440983763
1890	690	0	0	0	0	0	0	1661440984783
1888	690	0	0	0	0	0	0	1661440985803
1886	690	0	0	0	0	0	0	1661440986823
1885	690	0	0	0	0	0	0	1661440987843
1884	690	0	0	0	0	0	0	1661440988863
1883	690	0	0	0	0	0	0	1661440989883
1883	690	0	0	0	0	0	0	1661440990903
1883	690	0	0	0	0	0	0	1661440991923
1883	690	0	0	0	0	0	0	1661440992943
1883	690	0	0	0	0	0	0	1661440993963
1882	690	0	0	0	0	0	0	1661440994983
1882	690	0	0	0	0	0	0	1661440996003
1883	690	0	0	0	0	0	0	1661440997023
1883	690	0	0	0	0	0	0	1661440998043
1883	690	0	0	0	0	0	0	1661440999063
1883	690	0	0	0	0	0	0	1661441000083
1883	690	0	0	0	0	0	0	1661441001103
1883	690	0	0	0	0	0	0	1661441002123
1883	690	0	0	0	0	0	0	1661441003143
1883	690	0	0	0	0	0	0	1661441004163
1883	690	0	0	0	0	0	0	1661441005183
1883	690	0	0	0	0	0	0	1661441006203
1883	690	0	0	0	0	0	0	1661441007223
1883	690	0	0	0	0	0	0	1661441008243
1883	690	0	0	0	0	0	0	1661441009263
1883	690	0	0	0	0	0	0	1661441010283
1883	690	0	0	0	0	0	0	1661441011303
1883	690	0	0	0	0	0	0	1661441012323
1883	690	0	0	0	0	0	0	1661441013343
1883	690	0	0	0	0	0	0	1661441014363
1883	690	0	0	0	0	0	0	1661441015383
1883	690	0	0	0	0	0	0	1661441016403
1883	690	0	0	0	0	0	0	1661441017423
1883	690	0	0	0	0	0	0	1661441018443
1883	690	0	0	0	0	0	0	1661441019463
1883	690	0	0	0	0	0	0	1661441020483
1883	690	0	0	0	0	0	0	1661441021503
1883	690	0	0	0	0	0	0	1661441022523
1883	690	0	0	0	0	0	0	1661441023543
1883	690	0	0	0	0	0	0	1661441024563
1883	690	0	0	0	0	0	0	1661441025583
1883	690	0	0	0	0	0	0	1661441026603
1883	690	0	0	0	0	0	0	1661441027623
1883	690	0	0	0	0	0	0	1661441028643
1883	690	0	0	0	0	0	0	1661441029663
1883	690	0	0	0	0	0	0	1661441030683
1883	690	0	0	0	0	0	0	1661441031703
1883	690	0	0	0	0	0	0	1661441032723
1883	690	0	0	0	0	0	0	1661441033743
1883	690	0	0	0	0	0	0	1661441034763
1883	690	0	0	0	0	0	0	1661441035783
1883	690	0	0	0	0	0	0	1661441036803
1883	690	0	0	0	0	0	0	1661441037823
1883	690	0	0	0	0	0	0	1661441038843
1883	690	0	0	0	0	0	0	1661441039863
1883	690	0	0	0	0	0	0	1661441040883
1883	690	0	0	0	0	0	0	1661441041903
1883	690	0	0	0	0	0	0	1661441042923
1883	690	0	0	0	0	0	0	1661441043943
1883	690	0	0	0	0	0	0	1661441044963
1883	690	0	0	0	0	0	0	1661441045983
1883	690	0	0	0	0	0	0	1661441047003
1883	690	0	0	0	0	0	0	1661441048023
1883	690	0	0	0	0	0	0	1661441049043
1883	690	0	0	0	0	0	0	1661441050063
1883	690	0	0	0	0	0	0	1661441051083
1883	690	0	0	0	0	0	0	1661441052103
1882	690	0	0	0	0	0	0	1661441053123
1882	690	0	0	0	0	0	0	1661441054143
1881	690	0	0	0	0	0	0	1661441055163
1880	690	0	0	0	0	0	0	1661441056183
1880	690	0	0	0	0	0	0	1661441057203
1879	690	0	0	0	0	0	0	1661441058223
1878	690	0	0	0	0	0	0	1661441059243
1878	690	0	0	0	0	0	0	1661441060263
1877	690	0	0	0	0	0	0	1661441061283
1879	690	0	0	0	0	0	0	1661441062303
1878	690	0	0	0	0	0	0	1661441063323
1877	690	0	0	0	0	0	0	1661441064343
1877	690	0	0	0	0	0	0	1661441065363
1875	690	0	0	0	0	0	0	1661441066383
1872	690	0	0	0	0	0	0	1661441067403
1872	690	0	0	0	0	0	0	1661441068423
1872	690	0	0	0	0	0	0	1661441069443
1870	690	0	0	0	0	0	0	1661441070463
1869	690	0	0	0	0	0	0	1661441071483
1867	690	0	0	0	0	0	0	1661441072503
1866	690	0	0	0	0	0	0	1661441073523
1864	690	0	0	0	0	0	0	1661441074543
1862	690	0	0	0	0	0	0	1661441075563
1861	690	0	0	0	0	0	0	1661441076583
1859	690	0	0	0	0	0	0	1661441077603
1859	690	0	0	0	0	0	0	1661441078623
1858	690	0	0	0	0	0	0	1661441079643
1857	690	0	0	0	0	0	0	1661441080663
1857	690	0	0	0	0	0	0	1661441081683
1856	690	0	0	0	0	0	0	1661441082703
1856	690	0	0	0	0	0	0	1661441083723
1856	690	0	0	0	0	0	0	1661441084743
1855	690	0	0	0	0	0	0	1661441085763
1855	690	0	0	0	0	0	0	1661441086783
1855	690	0	0	0	0	0	0	1661441087803
1855	690	0	0	0	0	0	0	1661441088823
1855	690	0	0	0	0	0	0	1661441089843
1855	690	0	0	0	0	0	0	1661441090863
1855	690	0	0	0	0	0	0	1661441091883
1855	690	0	0	0	0	0	0	1661441092903
1855	690	0	0	0	0	0	0	1661441093923
1854	690	0	0	0	0	0	0	1661441094943
1854	690	0	0	0	0	0	0	1661441095963
1854	690	0	0	0	0	0	0	1661441096983
1854	690	0	0	0	0	0	0	1661441098003
1854	690	0	0	0	0	0	0	1661441099023
1854	690	0	0	0	0	0	0	1661441100043
1854	690	0	0	0	0	0	0	1661441101063
1854	690	0	0	0	0	0	0	1661441102083
1854	690	0	0	0	0	0	0	1661441103103
1854	690	0	0	0	0	0	0	1661441104123
1855	690	0	0	0	0	0	0	1661441105143
1855	690	0	0	0	0	0	0	1661441106163
1855	690	0	0	0	0	0	0	1661441107183
1855	690	0	0	0	0	0	0	1661441108203
1855	690	0	0	0	0	0	0	1661441109223
1855	690	0	0	0	0	0	0	1661441110243
1855	690	0	0	0	0	0	0	1661441111263
1855	690	0	0	0	0	0	0	1661441112283
1855	690	0	0	0	0	0	0	1661441113303
1855	690	0	0	0	0	0	0	1661441114323
1855	690	0	0	0	0	0	0	1661441115343
1855	690	0	0	0	0	0	0	1661441116363
1855	690	0	0	0	0	0	0	1661441117383
1855	690	0	0	0	0	0	0	1661441118403
1855	690	0	0	0	0	0	0	1661441119423
1855	690	0	0	0	0	0	0	1661441120443
1855	690	0	0	0	0	0	0	1661441121463
1855	690	0	0	0	0	0	0	1661441122483
1855	690	0	0	0	0	0	0	1661441123503
1855	690	0	0	0	0	0	0	1661441124523
1855	690	0	0	0	0	0	0	1661441125543
1855	690	0	0	0	0	0	0	1661441126563
1855	690	0	0	0	0	0	0	1661441127583
1855	690	0	0	0	0	0	0	1661441128603
1855	690	0	0	0	0	0	0	1661441129623
1855	690	0	0	0	0	0	0	1661441130643
1855	690	0	0	0	0	0	0	1661441131663
1855	690	0	0	0	0	0	0	1661441132683
1855	690	0	0	0	0	0	0	1661441133703
1855	690	0	0	0	0	0	0	1661441134723
1855	690	0	0	0	0	0	0	1661441135743
1855	690	0	0	0	0	0	0	1661441136763
1855	690	0	0	0	0	0	0	1661441137783
1855	690	0	0	0	0	0	0	1661441138803
1855	690	0	0	0	0	0	0	1661441139823
1855	690	0	0	0	0	0	0	1661441140843
1855	690	0	0	0	0	0	0	1661441141863
1855	690	0	0	0	0	0	0	1661441142883
1855	690	0	0	0	0	0	0	1661441143903
1855	690	0	0	0	0	0	0	1661441144923
1855	690	0	0	0	0	0	0	1661441145943
1855	690	0	0	0	0	0	0	1661441146963
1855	690	0	0	0	0	0	0	1661441147983
1855	690	0	0	0	0	0	0	1661441149003
1855	690	0	0	0	0	0	0	1661441150023
1855	690	0	0	0	0	0	0	1661441151043
1855	690	0	0	0	0	0	0	1661441152063
1855	690	0	0	0	0	0	0	1661441153083
1855	690	0	0	0	0	0	0	1661441154103
1855	690	0	0	0	0	0	0	1661441155123
1855	690	0	0	0	0	0	0	1661441156143
1855	690	0	0	0	0	0	0	1661441157163
1855	690	0	0	0	0	0	0	1661441158183
1855	690	0	0	0	0	0	0	1661441159203
1855	690	0	0	0	0	0	0	1661441160223
1855	690	0	0	0	0	0	0	1661441161243
1855	690	0	0	0	0	0	0	1661441162263
1855	690	0	0	0	0	0	0	1661441163283
1855	690	0	0	0	0	0	0	1661441164303
1855	690	0	0	0	0	0	0	1661441165323
1855	690	0	0	0	0	0	0	1661441166343
1855	690	0	0	0	0	0	0	1661441167363
1855	690	0	0	0	0	0	0	1661441168383
1855	690	0	0	0	0	0	0	1661441169403
1855	690	0	0	0	0	0	0	1661441170423
1855	690	0	0	0	0	0	0	1661441171443
1855	690	0	0	0	0	0	0	1661441172463
1855	690	0	0	0	0	0	0	1661441173483
1855	690	0	0	0	0	0	0	1661441174503
1855	690	0	0	0	0	0	0	1661441175523
1855	690	0	0	0	0	0	0	1661441176543
1854	690	0	0	0	0	0	0	1661441177563
1853	690	0	0	0	0	0	0	1661441178583
1853	690	0	0	0	0	0	0	1661441179603
1853	690	0	0	0	0	0	0	1661441180623
1853	690	0	0	0	0	0	0	1661441181643
1853	690	0	0	0	0	0	0	1661441182663
1852	690	0	0	0	0	0	0	1661441183683
1853	690	0	0	0	0	0	0	1661441184703
1853	690	0	0	0	0	0	0	1661441185723
1853	690	0	0	0	0	0	0	1661441186743
1852	690	0	0	0	0	0	0	1661441187763
1853	690	0	0	0	0	0	0	1661441188783
1852	690	0	0	0	0	0	0	1661441189803
1853	690	0	0	0	0	0	0	1661441190823
1851	690	0	0	0	0	0	0	1661441191843
1850	690	0	0	0	0	0	0	1661441192863
1850	690	0	0	0	0	0	0	1661441193883
1850	690	0	0	0	0	0	0	1661441194903
1848	690	0	0	0	0	0	0	1661441195923
1848	690	0	0	0	0	0	0	1661441196943
1846	690	0	0	0	0	0	0	1661441197963
1845	690	0	0	0	0	0	0	1661441198983
1844	690	0	0	0	0	0	0	1661441200003
1844	690	0	0	0	0	0	0	1661441201023
1842	690	0	0	0	0	0	0	1661441202043
1840	690	0	0	0	0	0	0	1661441203063
1838	690	0	0	0	0	0	0	1661441204083
1836	690	0	0	0	0	0	0	1661441205103
1835	690	0	0	0	0	0	0	1661441206123
1834	690	0	0	0	0	0	0	1661441207143
1832	690	0	0	0	0	0	0	1661441208163
1832	690	0	0	0	0	0	0	1661441209183
1831	690	0	0	0	0	0	0	1661441210203
1830	690	0	0	0	0	0	0	1661441211223
1830	690	0	0	0	0	0	0	1661441212243
1829	690	0	0	0	0	0	0	1661441213263
1828	690	0	0	0	0	0	0	1661441214283
1828	690	0	0	0	0	0	0	1661441215303
1828	690	0	0	0	0	0	0	1661441216323
1828	690	0	0	0	0	0	0	1661441217343
1828	690	0	0	0	0	0	0	1661441218363
1828	690	0	0	0	0	0	0	1661441219383
1828	690	0	0	0	0	0	0	1661441220403
1828	690	0	0	0	0	0	0	1661441221423
1827	690	0	0	0	0	0	0	1661441222443
1827	690	0	0	0	0	0	0	1661441223463
1827	690	0	0	0	0	0	0	1661441224483
1827	690	0	0	0	0	0	0	1661441225503
1827	690	0	0	0	0	0	0	1661441226523
1827	690	0	0	0	0	0	0	1661441227543
1827	690	0	0	0	0	0	0	1661441228563
1827	690	0	0	0	0	0	0	1661441229583
1827	690	0	0	0	0	0	0	1661441230603
1827	690	0	0	0	0	0	0	1661441231623
1826	690	0	0	0	0	0	0	1661441232643
1826	690	0	0	0	0	0	0	1661441233663
1827	690	0	0	0	0	0	0	1661441234683
1827	690	0	0	0	0	0	0	1661441235703
1827	690	0	0	0	0	0	0	1661441236723
1827	690	0	0	0	0	0	0	1661441237743
1827	690	0	0	0	0	0	0	1661441238763
1826	690	0	0	0	0	0	0	1661441239783
1826	690	0	0	0	0	0	0	1661441240803
1826	690	0	0	0	0	0	0	1661441241823
1826	690	0	0	0	0	0	0	1661441242843
1827	690	0	0	0	0	0	0	1661441243863
1827	690	0	0	0	0	0	0	1661441244883
1827	690	0	0	0	0	0	0	1661441245903
1827	690	0	0	0	0	0	0	1661441246923
1827	690	0	0	0	0	0	0	1661441247943
1827	690	0	0	0	0	0	0	1661441248963
1827	690	0	0	0	0	0	0	1661441249983
1827	690	0	0	0	0	0	0	1661441251003
1827	690	0	0	0	0	0	0	1661441252023
1827	690	0	0	0	0	0	0	1661441253043
1827	690	0	0	0	0	0	0	1661441254063
1827	690	0	0	0	0	0	0	1661441255083
1827	690	0	0	0	0	0	0	1661441256103
1827	690	0	0	0	0	0	0	1661441257123
1827	690	0	0	0	0	0	0	1661441258143
1827	690	0	0	0	0	0	0	1661441259163
1827	690	0	0	0	0	0	0	1661441260183
1827	690	0	0	0	0	0	0	1661441261203
1827	690	0	0	0	0	0	0	1661441262223
1827	690	0	0	0	0	0	0	1661441263243
1827	690	0	0	0	0	0	0	1661441264263
1827	690	0	0	0	0	0	0	1661441265283
1827	690	0	0	0	0	0	0	1661441266303
1827	690	0	0	0	0	0	0	1661441267323
1827	690	0	0	0	0	0	0	1661441268343
1827	690	0	0	0	0	0	0	1661441269363
1827	690	0	0	0	0	0	0	1661441270383
1827	690	0	0	0	0	0	0	1661441271403
1827	690	0	0	0	0	0	0	1661441272423
1827	690	0	0	0	0	0	0	1661441273443
1827	690	0	0	0	0	0	0	1661441274463
1827	690	0	0	0	0	0	0	1661441275483
1827	690	0	0	0	0	0	0	1661441276503
1827	690	0	0	0	0	0	0	1661441277523
1827	690	0	0	0	0	0	0	1661441278543
1827	690	0	0	0	0	0	0	1661441279563
1827	690	0	0	0	0	0	0	1661441280583
1827	690	0	0	0	0	0	0	1661441281603
1827	690	0	0	0	0	0	0	1661441282623
1827	690	0	0	0	0	0	0	1661441283643
1827	690	0	0	0	0	0	0	1661441284663
1827	690	0	0	0	0	0	0	1661441285683
1827	690	0	0	0	0	0	0	1661441286703
1827	690	0	0	0	0	0	0	1661441287723
1827	690	0	0	0	0	0	0	1661441288743
1827	690	0	0	0	0	0	0	1661441289763
1827	690	0	0	0	0	0	0	1661441290783
1827	690	0	0	0	0	0	0	1661441291803
1827	690	0	0	0	0	0	0	1661441292823
1827	690	0	0	0	0	0	0	1661441293843
1827	690	0	0	0	0	0	0	1661441294863
1827	690	0	0	0	0	0	0	1661441295883
1827	690	0	0	0	0	0	0	1661441296903
1827	690	0	0	0	0	0	0	1661441297923
1827	690	0	0	0	0	0	0	1661441298943
1827	690	0	0	0	0	0	0	1661441299963
1827	690	0	0	0	0	0	0	1661441300983
1827	690	0	0	0	0	0	0	1661441302003
1827	690	0	0	0	0	0	0	1661441303023
1827	690	0	0	0	0	0	0	1661441304043
1827	690	0	0	0	0	0	0	1661441305063
1827	690	0	0	0	0	0	0	1661441306083
1827	690	0	0	0	0	0	0	1661441307103
1827	690	0	0	0	0	0	0	1661441308123
1827	690	0	0	0	0	0	0	1661441309143
1827	690	0	0	0	0	0	0	1661441310163
1827	690	0	0	0	0	0	0	1661441311183
1827	690	0	0	0	0	0	0	1661441312203
1827	690	0	0	0	0	0	0	1661441313223
1827	690	0	0	0	0	0	0	1661441314243
1827	690	0	0	0	0	0	0	1661441315263
1827	690	0	0	0	0	0	0	1661441316283
1827	690	0	0	0	0	0	0	1661441317303
1827	690	0	0	0	0	0	0	1661441318323
1827	690	0	0	0	0	0	0	1661441319343
1827	690	0	0	0	0	0	0	1661441320363
1827	690	0	0	0	0	0	0	1661441321383
1827	690	0	0	0	0	0	0	1661441322403
1827	690	0	0	0	0	0	0	1661441323423
1827	690	0	0	0	0	0	0	1661441324443
1827	690	0	0	0	0	0	0	1661441325463
1827	690	0	0	0	0	0	0	1661441326483
1827	690	0	0	0	0	0	0	1661441327503
1827	690	0	0	0	0	0	0	1661441328523
1827	690	0	0	0	0	0	0	1661441329543
1827	690	0	0	0	0	0	0	1661441330563
1827	690	0	0	0	0	0	0	1661441331583
1827	690	0	0	0	0	0	0	1661441332603
1827	690	0	0	0	0	0	0	1661441333623
1827	690	0	0	0	0	0	0	1661441334643
1827	690	0	0	0	0	0	0	1661441335663
1827	690	0	0	0	0	0	0	1661441336683
1827	690	0	0	0	0	0	0	1661441337703
1827	690	0	0	0	0	0	0	1661441338723
1827	690	0	0	0	0	0	0	1661441339743
1827	690	0	0	0	0	0	0	1661441340763
1827	690	0	0	0	0	0	0	1661441341783
1827	690	0	0	0	0	0	0	1661441342803
1827	690	0	0	0	0	0	0	1661441343823
1827	690	0	0	0	0	0	0	1661441344843
1827	690	0	0	0	0	0	0	1661441345863
1826	690	0	0	0	0	0	0	1661441346883
1826	690	0	0	0	0	0	0	1661441347903
1826	690	0	0	0	0	0	0	1661441348923
1826	690	0	0	0	0	0	0	1661441349943
1826	690	0	0	0	0	0	0	1661441350963
1826	690	0	0	0	0	0	0	1661441351983
1826	690	0	0	0	0	0	0	1661441353003
1825	690	0	0	0	0	0	0	1661441354023
1825	690	0	0	0	0	0	0	1661441355043
1825	690	0	0	0	0	0	0	1661441356063
1826	690	0	0	0	0	0	0	1661441357083
1825	690	0	0	0	0	0	0	1661441358103
1823	690	0	0	0	0	0	0	1661441359123
1824	690	0	0	0	0	0	0	1661441360143
1824	690	0	0	0	0	0	0	1661441361163
1825	690	0	0	0	0	0	0	1661441362183
1824	690	0	0	0	0	0	0	1661441363203
1824	690	0	0	0	0	0	0	1661441364223
1824	690	0	0	0	0	0	0	1661441365243
1824	690	0	0	0	0	0	0	1661441366263
1823	690	0	0	0	0	0	0	1661441367283
1822	690	0	0	0	0	0	0	1661441368303
1821	690	0	0	0	0	0	0	1661441369323
1820	690	0	0	0	0	0	0	1661441370343
1818	690	0	0	0	0	0	0	1661441371363
1816	690	0	0	0	0	0	0	1661441372383
1817	690	0	0	0	0	0	0	1661441373403
1816	690	0	0	0	0	0	0	1661441374423
1817	690	0	0	0	0	0	0	1661441375443
1816	690	0	0	0	0	0	0	1661441376463
1816	690	0	0	0	0	0	0	1661441377483
1815	690	0	0	0	0	0	0	1661441378503
1814	690	0	0	0	0	0	0	1661441379523
1814	690	0	0	0	0	0	0	1661441380543
1813	690	0	0	0	0	0	0	1661441381563
1813	690	0	0	0	0	0	0	1661441382583
1811	690	0	0	0	0	0	0	1661441383603
1810	690	0	0	0	0	0	0	1661441384623
1808	690	0	0	0	0	0	0	1661441385643
1807	690	0	0	0	0	0	0	1661441386663
1808	690	0	0	0	0	0	0	1661441387683
1806	690	0	0	0	0	0	0	1661441388703
1804	690	0	0	0	0	0	0	1661441389723
1804	690	0	0	0	0	0	0	1661441390743
1803	690	0	0	0	0	0	0	1661441391763
1803	690	0	0	0	0	0	0	1661441392783
1802	690	0	0	0	0	0	0	1661441393803
1801	690	0	0	0	0	0	0	1661441394823
1801	690	0	0	0	0	0	0	1661441395843
1801	690	0	0	0	0	0	0	1661441396863
1801	690	0	0	0	0	0	0	1661441397883
1801	690	0	0	0	0	0	0	1661441398903
1801	690	0	0	0	0	0	0	1661441399923
1801	690	0	0	0	0	0	0	1661441400943
1800	690	0	0	0	0	0	0	1661441401963
1800	690	0	0	0	0	0	0	1661441402983
1800	690	0	0	0	0	0	0	1661441404003
1799	690	0	0	0	0	0	0	1661441405023
1799	690	0	0	0	0	0	0	1661441406043
1799	690	0	0	0	0	0	0	1661441407063
1799	690	0	0	0	0	0	0	1661441408083
1799	690	0	0	0	0	0	0	1661441409103
1799	690	0	0	0	0	0	0	1661441410123
1799	690	0	0	0	0	0	0	1661441411143
1799	690	0	0	0	0	0	0	1661441412163
1799	690	0	0	0	0	0	0	1661441413183
1799	690	0	0	0	0	0	0	1661441414203
1799	690	0	0	0	0	0	0	1661441415223
1799	690	0	0	0	0	0	0	1661441416243
1799	690	0	0	0	0	0	0	1661441417263
1799	690	0	0	0	0	0	0	1661441418283
1799	690	0	0	0	0	0	0	1661441419303
1799	690	0	0	0	0	0	0	1661441420323
1799	690	0	0	0	0	0	0	1661441421343
1799	690	0	0	0	0	0	0	1661441422363
1799	690	0	0	0	0	0	0	1661441423383
1799	690	0	0	0	0	0	0	1661441424403
1799	690	0	0	0	0	0	0	1661441425423
1799	690	0	0	0	0	0	0	1661441426443
1799	690	0	0	0	0	0	0	1661441427463
1799	690	0	0	0	0	0	0	1661441428483
1799	690	0	0	0	0	0	0	1661441429503
1799	690	0	0	0	0	0	0	1661441430523
1799	690	0	0	0	0	0	0	1661441431543
1799	690	0	0	0	0	0	0	1661441432563
1799	690	0	0	0	0	0	0	1661441433583
1799	690	0	0	0	0	0	0	1661441434603
1799	690	0	0	0	0	0	0	1661441435623
1799	690	0	0	0	0	0	0	1661441436643
1799	690	0	0	0	0	0	0	1661441437663
1799	690	0	0	0	0	0	0	1661441438683
1799	690	0	0	0	0	0	0	1661441439703
1799	690	0	0	0	0	0	0	1661441440723
1799	690	0	0	0	0	0	0	1661441441743
1799	690	0	0	0	0	0	0	1661441442763
1799	690	0	0	0	0	0	0	1661441443783
1799	690	0	0	0	0	0	0	1661441444803
1799	690	0	0	0	0	0	0	1661441445823
1799	690	0	0	0	0	0	0	1661441446843
1799	690	0	0	0	0	0	0	1661441447863
1799	690	0	0	0	0	0	0	1661441448883
1799	690	0	0	0	0	0	0	1661441449903
1799	690	0	0	0	0	0	0	1661441450923
1799	690	0	0	0	0	0	0	1661441451943
1799	690	0	0	0	0	0	0	1661441452963
1799	690	0	0	0	0	0	0	1661441453983
1799	690	0	0	0	0	0	0	1661441455003
1799	690	0	0	0	0	0	0	1661441456023
1799	690	0	0	0	0	0	0	1661441457043
1799	690	0	0	0	0	0	0	1661441458063
1799	690	0	0	0	0	0	0	1661441459083
1799	690	0	0	0	0	0	0	1661441460103
1799	690	0	0	0	0	0	0	1661441461123
1799	690	0	0	0	0	0	0	1661441462143
1799	690	0	0	0	0	0	0	1661441463163
1799	690	0	0	0	0	0	0	1661441464183
1799	690	0	0	0	0	0	0	1661441465203
1799	690	0	0	0	0	0	0	1661441466223
1799	690	0	0	0	0	0	0	1661441467243
1799	690	0	0	0	0	0	0	1661441468263
1799	690	0	0	0	0	0	0	1661441469283
1799	690	0	0	0	0	0	0	1661441470303
1799	690	0	0	0	0	0	0	1661441471323
1799	690	0	0	0	0	0	0	1661441472343
1799	690	0	0	0	0	0	0	1661441473363
1799	690	0	0	0	0	0	0	1661441474383
1799	690	0	0	0	0	0	0	1661441475403
1799	690	0	0	0	0	0	0	1661441476423
1799	690	0	0	0	0	0	0	1661441477443
1799	690	0	0	0	0	0	0	1661441478463
1799	690	0	0	0	0	0	0	1661441479483
1799	690	0	0	0	0	0	0	1661441480503
1799	690	0	0	0	0	0	0	1661441481523
1799	690	0	0	0	0	0	0	1661441482543
1799	690	0	0	0	0	0	0	1661441483563
1799	690	0	0	0	0	0	0	1661441484583
1799	690	0	0	0	0	0	0	1661441485603
1799	690	0	0	0	0	0	0	1661441486623
1799	690	0	0	0	0	0	0	1661441487643
1799	690	0	0	0	0	0	0	1661441488663
1799	690	0	0	0	0	0	0	1661441489683
1799	690	0	0	0	0	0	0	1661441490703
1799	690	0	0	0	0	0	0	1661441491723
1799	690	0	0	0	0	0	0	1661441492743
1799	690	0	0	0	0	0	0	1661441493763
1799	690	0	0	0	0	0	0	1661441494783
1799	690	0	0	0	0	0	0	1661441495803
1799	690	0	0	0	0	0	0	1661441496823
1799	690	0	0	0	0	0	0	1661441497843
1799	690	0	0	0	0	0	0	1661441498863
1799	690	0	0	0	0	0	0	1661441499883
1799	690	0	0	0	0	0	0	1661441500903
1799	690	0	0	0	0	0	0	1661441501923
1799	690	0	0	0	0	0	0	1661441502943
1799	690	0	0	0	0	0	0	1661441503963
1799	690	0	0	0	0	0	0	1661441504983
1799	690	0	0	0	0	0	0	1661441506003
1799	690	0	0	0	0	0	0	1661441507023
1799	690	0	0	0	0	0	0	1661441508043
1799	690	0	0	0	0	0	0	1661441509063
1799	690	0	0	0	0	0	0	1661441510083
1799	690	0	0	0	0	0	0	1661441511103
1799	690	0	0	0	0	0	0	1661441512123
1799	690	0	0	0	0	0	0	1661441513143
1799	690	0	0	0	0	0	0	1661441514163
1799	690	0	0	0	0	0	0	1661441515183
1799	690	0	0	0	0	0	0	1661441516203
1799	690	0	0	0	0	0	0	1661441517223
1799	690	0	0	0	0	0	0	1661441518243
1799	690	0	0	0	0	0	0	1661441519263
1799	690	0	0	0	0	0	0	1661441520283
1799	690	0	0	0	0	0	0	1661441521303
1799	690	0	0	0	0	0	0	1661441522323
1799	690	0	0	0	0	0	0	1661441523343
1799	690	0	0	0	0	0	0	1661441524363
1799	690	0	0	0	0	0	0	1661441525383
1799	690	0	0	0	0	0	0	1661441526403
1799	690	0	0	0	0	0	0	1661441527423
1799	690	0	0	0	0	0	0	1661441528443
1799	690	0	0	0	0	0	0	1661441529463
1799	690	0	0	0	0	0	0	1661441530483
1799	690	0	0	0	0	0	0	1661441531503
1799	690	0	0	0	0	0	0	1661441532523
1799	690	0	0	0	0	0	0	1661441533543
1799	690	0	0	0	0	0	0	1661441534563
1799	690	0	0	0	0	0	0	1661441535583
1799	690	0	0	0	0	0	0	1661441536603
1799	690	0	0	0	0	0	0	1661441537623
1799	690	0	0	0	0	0	0	1661441538643
1799	690	0	0	0	0	0	0	1661441539663
1799	690	0	0	0	0	0	0	1661441540683
1799	690	0	0	0	0	0	0	1661441541703
1799	690	0	0	0	0	0	0	1661441542723
1799	690	0	0	0	0	0	0	1661441543743
1799	690	0	0	0	0	0	0	1661441544763
1799	690	0	0	0	0	0	0	1661441545783
1799	690	0	0	0	0	0	0	1661441546803
1799	690	0	0	0	0	0	0	1661441547823
1799	690	0	0	0	0	0	0	1661441548843
1799	690	0	0	0	0	0	0	1661441549863
1799	690	0	0	0	0	0	0	1661441550883
1799	690	0	0	0	0	0	0	1661441551903
1799	690	0	0	0	0	0	0	1661441552923
1799	690	0	0	0	0	0	0	1661441553943
1799	690	0	0	0	0	0	0	1661441554963
1799	690	0	0	0	0	0	0	1661441555983
1799	690	0	0	0	0	0	0	1661441557003
1799	690	0	0	0	0	0	0	1661441558023
1799	690	0	0	0	0	0	0	1661441559043
1799	690	0	0	0	0	0	0	1661441560063
1799	690	0	0	0	0	0	0	1661441561083
1798	690	0	0	0	0	0	0	1661441562103
1799	690	0	0	0	0	0	0	1661441563123
1799	690	0	0	0	0	0	0	1661441564143
1799	690	0	0	0	0	0	0	1661441565163
1799	690	0	0	0	0	0	0	1661441566183
1799	690	0	0	0	0	0	0	1661441567203
1799	690	0	0	0	0	0	0	1661441568223
1799	690	0	0	0	0	0	0	1661441569243
1799	690	0	0	0	0	0	0	1661441570263
1799	690	0	0	0	0	0	0	1661441571283
1799	690	0	0	0	0	0	0	1661441572303
1799	690	0	0	0	0	0	0	1661441573323
1799	690	0	0	0	0	0	0	1661441574343
1799	690	0	0	0	0	0	0	1661441575363
1799	690	0	0	0	0	0	0	1661441576383
1799	690	0	0	0	0	0	0	1661441577403
1799	690	0	0	0	0	0	0	1661441578423
1799	690	0	0	0	0	0	0	1661441579443
1799	690	0	0	0	0	0	0	1661441580463
1799	690	0	0	0	0	0	0	1661441581483
1799	690	0	0	0	0	0	0	1661441582503
1799	690	0	0	0	0	0	0	1661441583523
1799	690	0	0	0	0	0	0	1661441584543
1799	690	0	0	0	0	0	0	1661441585563
1799	690	0	0	0	0	0	0	1661441586583
1799	690	0	0	0	0	0	0	1661441587603
1799	690	0	0	0	0	0	0	1661441588623
1799	690	0	0	0	0	0	0	1661441589643
1799	690	0	0	0	0	0	0	1661441590663
1799	690	0	0	0	0	0	0	1661441591683
1799	690	0	0	0	0	0	0	1661441592703
1799	690	0	0	0	0	0	0	1661441593723
1799	690	0	0	0	0	0	0	1661441594743
1799	690	0	0	0	0	0	0	1661441595763
1799	690	0	0	0	0	0	0	1661441596783
1799	690	0	0	0	0	0	0	1661441597803
1799	690	0	0	0	0	0	0	1661441598823
1799	690	0	0	0	0	0	0	1661441599843
1799	690	0	0	0	0	0	0	1661441600863
1798	690	0	0	0	0	0	0	1661441601883
1798	690	0	0	0	0	0	0	1661441602903
1798	690	0	0	0	0	0	0	1661441603923
1799	690	0	0	0	0	0	0	1661441604943
1799	690	0	0	0	0	0	0	1661441605963
1799	690	0	0	0	0	0	0	1661441606983
1799	690	0	0	0	0	0	0	1661441608003
1799	690	0	0	0	0	0	0	1661441609023
1799	690	0	0	0	0	0	0	1661441610043
1799	690	0	0	0	0	0	0	1661441611063
1799	690	0	0	0	0	0	0	1661441612083
1799	690	0	0	0	0	0	0	1661441613103
1799	690	0	0	0	0	0	0	1661441614123
1799	690	0	0	0	0	0	0	1661441615143
1799	690	0	0	0	0	0	0	1661441616163
1799	690	0	0	0	0	0	0	1661441617183
1799	690	0	0	0	0	0	0	1661441618203
1799	690	0	0	0	0	0	0	1661441619223
1799	690	0	0	0	0	0	0	1661441620243
1799	690	0	0	0	0	0	0	1661441621263
1799	690	0	0	0	0	0	0	1661441622283
1799	690	0	0	0	0	0	0	1661441623303
1799	690	0	0	0	0	0	0	1661441624323
1799	690	0	0	0	0	0	0	1661441625343
1799	690	0	0	0	0	0	0	1661441626363
1799	690	0	0	0	0	0	0	1661441627383
1799	690	0	0	0	0	0	0	1661441628403
1799	690	0	0	0	0	0	0	1661441629423
1799	690	0	0	0	0	0	0	1661441630443
1799	690	0	0	0	0	0	0	1661441631463
1799	690	0	0	0	0	0	0	1661441632483
1799	690	0	0	0	0	0	0	1661441633503
1799	690	0	0	0	0	0	0	1661441634523
1799	690	0	0	0	0	0	0	1661441635543
1799	690	0	0	0	0	0	0	1661441636563
1798	690	0	0	0	0	0	0	1661441637583
1798	690	0	0	0	0	0	0	1661441638603
1797	690	0	0	0	0	0	0	1661441639623
1798	690	0	0	0	0	0	0	1661441640643
1798	690	0	0	0	0	0	0	1661441641663
1798	690	0	0	0	0	0	0	1661441642683
1797	690	0	0	0	0	0	0	1661441643703
1797	690	0	0	0	0	0	0	1661441644723
1798	690	0	0	0	0	0	0	1661441645743
1798	690	0	0	0	0	0	0	1661441646763
1798	690	0	0	0	0	0	0	1661441647783
1797	690	0	0	0	0	0	0	1661441648803
