3356	2318	0	0	0	0	0	0	1654726275586
3346	2306	0	0	0	0	0	0	1654726276606
3353	2302	0	0	0	0	0	0	1654726277626
3245	2245	0	0	0	0	0	0	1654726278646
3276	2248	0	0	0	0	0	0	1654726279666
3288	2242	0	0	0	0	0	0	1654726280686
3287	2234	0	0	0	0	0	0	1654726281706
3287	2220	0	0	0	0	0	0	1654726282726
3282	2212	0	0	0	0	0	0	1654726283746
3273	2204	0	0	0	0	0	0	1654726284766
3267	2191	0	0	0	0	0	0	1654726285786
3264	2182	0	0	0	0	0	0	1654726286806
3262	2178	0	0	0	0	0	0	1654726287826
3259	2170	0	0	0	0	0	0	1654726288846
3251	2159	0	0	0	0	0	0	1654726289866
3243	2152	0	0	0	0	0	0	1654726290886
3238	2148	0	0	0	0	0	0	1654726291906
3237	2145	0	0	0	0	0	0	1654726292926
3246	2144	0	0	0	0	0	0	1654726293946
3246	2140	0	0	0	0	0	0	1654726294966
3240	2130	0	0	0	0	0	0	1654726295986
3236	2123	0	0	0	0	0	0	1654726297006
3237	2120	0	0	0	0	0	0	1654726298026
3236	2118	0	0	0	0	0	0	1654726299046
3234	2116	0	0	0	0	0	0	1654726300066
3234	2111	0	0	0	0	0	0	1654726301086
3232	2101	0	0	0	0	0	0	1654726302106
3231	2095	0	0	0	0	0	0	1654726303126
3272	2144	0	0	0	0	0	0	1654726304146
3293	2176	0	0	0	0	0	0	1654726305166
3330	2210	0	0	0	0	0	0	1654726306186
3357	2206	0	0	0	0	0	0	1654726307206
3363	2192	0	0	0	0	0	0	1654726308226
3366	2176	0	0	0	0	0	0	1654726309246
3362	2162	0	0	0	0	0	0	1654726310266
3354	2143	0	0	0	0	0	0	1654726311286
3350	2131	0	0	0	0	0	0	1654726312306
3347	2124	0	0	0	0	0	0	1654726313326
3360	2157	0	0	0	0	0	0	1654726314346
3396	2184	0	0	0	0	0	0	1654726315366
3418	2188	0	0	0	0	0	0	1654726316386
3419	2180	0	0	0	0	0	0	1654726317406
3411	2165	0	0	0	0	0	0	1654726318426
3398	2156	0	0	0	0	0	0	1654726319446
3387	2142	0	0	0	0	0	0	1654726320466
3381	2131	0	0	0	0	0	0	1654726321486
3377	2124	0	0	0	0	0	0	1654726322506
3374	2120	0	0	0	0	0	0	1654726323526
3383	2121	0	0	0	0	0	0	1654726324546
3416	2129	0	0	0	0	0	0	1654726325566
3415	2124	0	0	0	0	0	0	1654726326586
3404	2118	0	0	0	0	0	0	1654726327606
3391	2107	0	0	0	0	0	0	1654726328626
3383	2099	0	0	0	0	0	0	1654726329646
3408	2106	0	0	0	0	0	0	1654726330666
3302	2064	0	0	0	0	0	0	1654726331686
3228	2034	0	0	0	0	0	0	1654726332706
3262	2045	0	0	0	0	0	0	1654726333726
3258	2040	0	0	0	0	0	0	1654726334746
3267	2041	0	0	0	0	0	0	1654726335766
3282	2048	0	0	0	0	0	0	1654726336786
3302	2057	0	0	0	0	0	0	1654726337806
3334	2120	0	0	0	0	0	0	1654726338826
3400	2162	0	0	0	0	0	0	1654726339846
3422	2160	0	0	0	0	0	0	1654726340866
3426	2153	0	0	0	0	0	0	1654726341886
3427	2149	0	0	0	0	0	0	1654726342906
3427	2139	0	0	0	0	0	0	1654726343926
3454	2146	0	0	0	0	0	0	1654726344946
3424	2125	0	0	0	0	0	0	1654726345966
3402	2109	0	0	0	0	0	0	1654726346986
3389	2101	0	0	0	0	0	0	1654726348006
3383	2095	0	0	0	0	0	0	1654726349026
3379	2087	0	0	0	0	0	0	1654726350046
3365	2079	0	0	0	0	0	0	1654726351066
3357	2072	0	0	0	0	0	0	1654726352086
3363	2073	0	0	0	0	0	0	1654726353106
3304	2050	0	0	0	0	0	0	1654726354126
3315	2051	0	0	0	0	0	0	1654726355146
3326	2051	0	0	0	0	0	0	1654726356166
3332	2042	0	0	0	0	0	0	1654726357186
3328	2038	0	0	0	0	0	0	1654726358206
3333	2036	0	0	0	0	0	0	1654726359226
3334	2033	0	0	0	0	0	0	1654726360246
3326	2032	0	0	0	0	0	0	1654726361266
3321	2031	0	0	0	0	0	0	1654726362286
3318	2031	0	0	0	0	0	0	1654726363306
3306	2030	0	0	0	0	0	0	1654726364326
3305	2030	0	0	0	0	0	0	1654726365346
3309	2019	0	0	0	0	0	0	1654726366366
3312	2013	0	0	0	0	0	0	1654726367386
3313	2009	0	0	0	0	0	0	1654726368406
3321	2011	0	0	0	0	0	0	1654726369426
3321	2010	0	0	0	0	0	0	1654726370446
3319	2006	0	0	0	0	0	0	1654726371466
3318	2004	0	0	0	0	0	0	1654726372486
3316	2003	0	0	0	0	0	0	1654726373506
3310	1994	0	0	0	0	0	0	1654726374526
3300	1986	0	0	0	0	0	0	1654726375546
3294	1981	0	0	0	0	0	0	1654726376566
3291	1978	0	0	0	0	0	0	1654726377586
3289	1976	0	0	0	0	0	0	1654726378606
3288	1975	0	0	0	0	0	0	1654726379626
3287	1974	0	0	0	0	0	0	1654726380646
3286	1974	0	0	0	0	0	0	1654726381666
3286	1974	0	0	0	0	0	0	1654726382686
3286	1974	0	0	0	0	0	0	1654726383706
3286	1974	0	0	0	0	0	0	1654726384726
3286	1974	0	0	0	0	0	0	1654726385746
3286	1972	0	0	0	0	0	0	1654726386766
3286	1963	0	0	0	0	0	0	1654726387786
3286	1957	0	0	0	0	0	0	1654726388806
3286	1953	0	0	0	0	0	0	1654726389826
3286	1950	0	0	0	0	0	0	1654726390846
3286	1948	0	0	0	0	0	0	1654726391866
3286	1947	0	0	0	0	0	0	1654726392886
3286	1947	0	0	0	0	0	0	1654726393906
3286	1947	0	0	0	0	0	0	1654726394926
3286	1946	0	0	0	0	0	0	1654726395946
3286	1946	0	0	0	0	0	0	1654726396966
3286	1946	0	0	0	0	0	0	1654726397986
3286	1946	0	0	0	0	0	0	1654726399006
3286	1946	0	0	0	0	0	0	1654726400026
3286	1945	0	0	0	0	0	0	1654726401046
3286	1945	0	0	0	0	0	0	1654726402066
3286	1945	0	0	0	0	0	0	1654726403086
3286	1945	0	0	0	0	0	0	1654726404106
3285	1945	0	0	0	0	0	0	1654726405126
3283	1945	0	0	0	0	0	0	1654726406146
3281	1942	0	0	0	0	0	0	1654726407166
3275	1937	0	0	0	0	0	0	1654726408186
3274	1932	0	0	0	0	0	0	1654726409206
3275	1927	0	0	0	0	0	0	1654726410226
3275	1923	0	0	0	0	0	0	1654726411246
3274	1921	0	0	0	0	0	0	1654726412266
3274	1920	0	0	0	0	0	0	1654726413286
3269	1919	0	0	0	0	0	0	1654726414306
3266	1919	0	0	0	0	0	0	1654726415326
3264	1919	0	0	0	0	0	0	1654726416346
3263	1918	0	0	0	0	0	0	1654726417366
3264	1917	0	0	0	0	0	0	1654726418386
3263	1917	0	0	0	0	0	0	1654726419406
3263	1917	0	0	0	0	0	0	1654726420426
3263	1917	0	0	0	0	0	0	1654726421446
3262	1917	0	0	0	0	0	0	1654726422466
3261	1917	0	0	0	0	0	0	1654726423486
3261	1917	0	0	0	0	0	0	1654726424506
3261	1917	0	0	0	0	0	0	1654726425526
3262	1917	0	0	0	0	0	0	1654726426546
3270	1917	0	0	0	0	0	0	1654726427566
3270	1918	0	0	0	0	0	0	1654726428586
3266	1916	0	0	0	0	0	0	1654726429606
3263	1912	0	0	0	0	0	0	1654726430626
3261	1907	0	0	0	0	0	0	1654726431646
3260	1904	0	0	0	0	0	0	1654726432666
3260	1900	0	0	0	0	0	0	1654726433686
3260	1896	0	0	0	0	0	0	1654726434706
3260	1894	0	0	0	0	0	0	1654726435726
3260	1892	0	0	0	0	0	0	1654726436746
3260	1891	0	0	0	0	0	0	1654726437766
3321	1911	0	0	0	0	0	0	1654726438786
3513	1977	0	0	0	0	0	0	1654726439806
3613	2010	0	0	0	0	0	0	1654726440826
3672	2029	0	0	0	0	0	0	1654726441846
3699	2038	0	0	0	0	0	0	1654726442866
3714	2040	0	0	0	0	0	0	1654726443886
3714	2036	0	0	0	0	0	0	1654726444906
3713	2033	0	0	0	0	0	0	1654726445926
3707	2031	0	0	0	0	0	0	1654726446946
3699	2031	0	0	0	0	0	0	1654726447966
3693	2028	0	0	0	0	0	0	1654726448986
3689	2020	0	0	0	0	0	0	1654726450006
3682	2013	0	0	0	0	0	0	1654726451026
3673	2009	0	0	0	0	0	0	1654726452046
3666	2006	0	0	0	0	0	0	1654726453066
3662	2005	0	0	0	0	0	0	1654726454086
3659	2003	0	0	0	0	0	0	1654726455106
3657	2002	0	0	0	0	0	0	1654726456126
3654	2000	0	0	0	0	0	0	1654726457146
3649	1995	0	0	0	0	0	0	1654726458166
3644	1989	0	0	0	0	0	0	1654726459186
3643	1984	0	0	0	0	0	0	1654726460206
3653	1984	0	0	0	0	0	0	1654726461226
3665	1982	0	0	0	0	0	0	1654726462246
3672	1979	0	0	0	0	0	0	1654726463266
3677	1976	0	0	0	0	0	0	1654726464286
3679	1975	0	0	0	0	0	0	1654726465306
3681	1974	0	0	0	0	0	0	1654726466326
3672	1974	0	0	0	0	0	0	1654726467346
3667	1974	0	0	0	0	0	0	1654726468366
3662	1974	0	0	0	0	0	0	1654726469386
3659	1974	0	0	0	0	0	0	1654726470406
3658	1973	0	0	0	0	0	0	1654726471426
3657	1973	0	0	0	0	0	0	1654726472446
3656	1973	0	0	0	0	0	0	1654726473466
3655	1973	0	0	0	0	0	0	1654726474486
3655	1973	0	0	0	0	0	0	1654726475506
3685	1991	0	0	0	0	0	0	1654726476526
3721	2009	0	0	0	0	0	0	1654726477546
3738	2016	0	0	0	0	0	0	1654726478566
3730	2010	0	0	0	0	0	0	1654726479586
3720	2001	0	0	0	0	0	0	1654726480606
3713	1990	0	0	0	0	0	0	1654726481626
3713	1983	0	0	0	0	0	0	1654726482646
3701	1979	0	0	0	0	0	0	1654726483666
3684	1968	0	0	0	0	0	0	1654726484686
3668	1959	0	0	0	0	0	0	1654726485706
3654	1954	0	0	0	0	0	0	1654726486726
3652	1951	0	0	0	0	0	0	1654726487746
3649	1949	0	0	0	0	0	0	1654726488766
3636	1954	0	0	0	0	0	0	1654726489786
3620	1960	0	0	0	0	0	0	1654726490806
3611	1955	0	0	0	0	0	0	1654726491826
3607	1951	0	0	0	0	0	0	1654726492846
3606	1949	0	0	0	0	0	0	1654726493866
3608	1959	0	0	0	0	0	0	1654726494886
3641	1998	0	0	0	0	0	0	1654726495906
3699	2029	0	0	0	0	0	0	1654726496926
3740	2036	0	0	0	0	0	0	1654726497946
3749	2030	0	0	0	0	0	0	1654726498966
3772	2086	0	0	0	0	0	0	1654726499986
3793	2147	0	0	0	0	0	0	1654726501006
3834	2264	0	0	0	0	0	0	1654726502026
3826	2236	0	0	0	0	0	0	1654726503046
3832	2202	0	0	0	0	0	0	1654726504066
3818	2158	0	0	0	0	0	0	1654726505086
3809	2129	0	0	0	0	0	0	1654726506106
3796	2106	0	0	0	0	0	0	1654726507126
3785	2087	0	0	0	0	0	0	1654726508146
3773	2074	0	0	0	0	0	0	1654726509166
3765	2058	0	0	0	0	0	0	1654726510186
3775	2047	0	0	0	0	0	0	1654726511206
3783	2040	0	0	0	0	0	0	1654726512226
3789	2036	0	0	0	0	0	0	1654726513246
3803	2033	0	0	0	0	0	0	1654726514266
3807	2032	0	0	0	0	0	0	1654726515286
3794	2025	0	0	0	0	0	0	1654726516306
3787	2019	0	0	0	0	0	0	1654726517326
3774	2013	0	0	0	0	0	0	1654726518346
3760	2008	0	0	0	0	0	0	1654726519366
3748	2006	0	0	0	0	0	0	1654726520386
3734	2004	0	0	0	0	0	0	1654726521406
3726	2003	0	0	0	0	0	0	1654726522426
3721	2002	0	0	0	0	0	0	1654726523446
3718	2002	0	0	0	0	0	0	1654726524466
3716	2002	0	0	0	0	0	0	1654726525486
3726	2000	0	0	0	0	0	0	1654726526506
3732	1995	0	0	0	0	0	0	1654726527526
3730	1987	0	0	0	0	0	0	1654726528546
3723	1982	0	0	0	0	0	0	1654726529566
3719	1979	0	0	0	0	0	0	1654726530586
3716	1977	0	0	0	0	0	0	1654726531606
3715	1976	0	0	0	0	0	0	1654726532626
3714	1975	0	0	0	0	0	0	1654726533646
3718	1977	0	0	0	0	0	0	1654726534666
3761	2006	0	0	0	0	0	0	1654726535686
3763	2001	0	0	0	0	0	0	1654726536706
3758	1990	0	0	0	0	0	0	1654726537726
3762	1983	0	0	0	0	0	0	1654726538746
3765	1979	0	0	0	0	0	0	1654726539766
3766	1977	0	0	0	0	0	0	1654726540786
3757	1975	0	0	0	0	0	0	1654726541806
3750	1968	0	0	0	0	0	0	1654726542826
3746	1959	0	0	0	0	0	0	1654726543846
3743	1954	0	0	0	0	0	0	1654726544866
3742	1951	0	0	0	0	0	0	1654726545886
3741	1949	0	0	0	0	0	0	1654726546906
3741	1948	0	0	0	0	0	0	1654726547926
3740	1947	0	0	0	0	0	0	1654726548946
3734	1946	0	0	0	0	0	0	1654726549966
3726	1946	0	0	0	0	0	0	1654726550986
3721	1946	0	0	0	0	0	0	1654726552006
3717	1946	0	0	0	0	0	0	1654726553026
3715	1946	0	0	0	0	0	0	1654726554046
3714	1946	0	0	0	0	0	0	1654726555066
3713	1942	0	0	0	0	0	0	1654726556086
3713	1934	0	0	0	0	0	0	1654726557106
3712	1928	0	0	0	0	0	0	1654726558126
3712	1924	0	0	0	0	0	0	1654726559146
3712	1922	0	0	0	0	0	0	1654726560166
3712	1920	0	0	0	0	0	0	1654726561186
3712	1919	0	0	0	0	0	0	1654726562206
3712	1918	0	0	0	0	0	0	1654726563226
3711	1918	0	0	0	0	0	0	1654726564246
3709	1918	0	0	0	0	0	0	1654726565266
3704	1918	0	0	0	0	0	0	1654726566286
3705	1919	0	0	0	0	0	0	1654726567306
3697	1918	0	0	0	0	0	0	1654726568326
3692	1918	0	0	0	0	0	0	1654726569346
3704	1918	0	0	0	0	0	0	1654726570366
3718	1918	0	0	0	0	0	0	1654726571386
3726	1918	0	0	0	0	0	0	1654726572406
3723	1917	0	0	0	0	0	0	1654726573426
3719	1913	0	0	0	0	0	0	1654726574446
3716	1913	0	0	0	0	0	0	1654726575466
3714	1907	0	0	0	0	0	0	1654726576486
3713	1903	0	0	0	0	0	0	1654726577506
3713	1898	0	0	0	0	0	0	1654726578526
3712	1897	0	0	0	0	0	0	1654726579546
3712	1904	0	0	0	0	0	0	1654726580566
3712	1909	0	0	0	0	0	0	1654726581586
3705	1907	0	0	0	0	0	0	1654726582606
3697	1900	0	0	0	0	0	0	1654726583626
3691	1896	0	0	0	0	0	0	1654726584646
3687	1894	0	0	0	0	0	0	1654726585666
3686	1893	0	0	0	0	0	0	1654726586686
3688	1892	0	0	0	0	0	0	1654726587706
3693	1891	0	0	0	0	0	0	1654726588726
3690	1890	0	0	0	0	0	0	1654726589746
3688	1891	0	0	0	0	0	0	1654726590766
3686	1890	0	0	0	0	0	0	1654726591786
3685	1890	0	0	0	0	0	0	1654726592806
3685	1890	0	0	0	0	0	0	1654726593826
3685	1890	0	0	0	0	0	0	1654726594846
3685	1890	0	0	0	0	0	0	1654726595866
3684	1890	0	0	0	0	0	0	1654726596886
3684	1889	0	0	0	0	0	0	1654726597906
3684	1888	0	0	0	0	0	0	1654726598926
3684	1887	0	0	0	0	0	0	1654726599946
3683	1885	0	0	0	0	0	0	1654726600966
3683	1884	0	0	0	0	0	0	1654726601986
3684	1885	0	0	0	0	0	0	1654726603006
3684	1887	0	0	0	0	0	0	1654726604026
3684	1888	0	0	0	0	0	0	1654726605046
3684	1889	0	0	0	0	0	0	1654726606066
3684	1879	0	0	0	0	0	0	1654726607086
3684	1873	0	0	0	0	0	0	1654726608106
3681	1869	0	0	0	0	0	0	1654726609126
3671	1866	0	0	0	0	0	0	1654726610146
3665	1864	0	0	0	0	0	0	1654726611166
3661	1863	0	0	0	0	0	0	1654726612186
3659	1862	0	0	0	0	0	0	1654726613206
3658	1862	0	0	0	0	0	0	1654726614226
3657	1862	0	0	0	0	0	0	1654726615246
3657	1862	0	0	0	0	0	0	1654726616266
3656	1862	0	0	0	0	0	0	1654726617286
3656	1862	0	0	0	0	0	0	1654726618306
3656	1862	0	0	0	0	0	0	1654726619326
3656	1862	0	0	0	0	0	0	1654726620346
3656	1862	0	0	0	0	0	0	1654726621366
3656	1862	0	0	0	0	0	0	1654726622386
3656	1862	0	0	0	0	0	0	1654726623406
3656	1862	0	0	0	0	0	0	1654726624426
3656	1862	0	0	0	0	0	0	1654726625446
3655	1862	0	0	0	0	0	0	1654726626466
3655	1862	0	0	0	0	0	0	1654726627486
3655	1862	0	0	0	0	0	0	1654726628506
3655	1862	0	0	0	0	0	0	1654726629526
3655	1861	0	0	0	0	0	0	1654726630546
3655	1861	0	0	0	0	0	0	1654726631566
3655	1861	0	0	0	0	0	0	1654726632586
3655	1860	0	0	0	0	0	0	1654726633606
3655	1857	0	0	0	0	0	0	1654726634626
3655	1856	0	0	0	0	0	0	1654726635646
3655	1852	0	0	0	0	0	0	1654726636666
3655	1850	0	0	0	0	0	0	1654726637686
3656	1847	0	0	0	0	0	0	1654726638706
3655	1843	0	0	0	0	0	0	1654726639726
3655	1840	0	0	0	0	0	0	1654726640746
3655	1838	0	0	0	0	0	0	1654726641766
3655	1836	0	0	0	0	0	0	1654726642786
3655	1835	0	0	0	0	0	0	1654726643806
3655	1835	0	0	0	0	0	0	1654726644826
3655	1835	0	0	0	0	0	0	1654726645846
3654	1835	0	0	0	0	0	0	1654726646866
3689	1866	0	0	0	0	0	0	1654726647886
3723	1889	0	0	0	0	0	0	1654726648906
3730	1897	0	0	0	0	0	0	1654726649926
3734	1894	0	0	0	0	0	0	1654726650946
3733	1893	0	0	0	0	0	0	1654726651966
3725	1892	0	0	0	0	0	0	1654726652986
3720	1891	0	0	0	0	0	0	1654726654006
3721	1890	0	0	0	0	0	0	1654726655026
3718	1879	0	0	0	0	0	0	1654726656046
3715	1872	0	0	0	0	0	0	1654726657066
3705	1868	0	0	0	0	0	0	1654726658086
3704	1865	0	0	0	0	0	0	1654726659106
3706	1878	0	0	0	0	0	0	1654726660126
3717	1888	0	0	0	0	0	0	1654726661146
3738	1891	0	0	0	0	0	0	1654726662166
3739	1890	0	0	0	0	0	0	1654726663186
3728	1884	0	0	0	0	0	0	1654726664206
3721	1875	0	0	0	0	0	0	1654726665226
3717	1870	0	0	0	0	0	0	1654726666246
3711	1862	0	0	0	0	0	0	1654726667266
3700	1855	0	0	0	0	0	0	1654726668286
3694	1848	0	0	0	0	0	0	1654726669306
3690	1842	0	0	0	0	0	0	1654726670326
3688	1841	0	0	0	0	0	0	1654726671346
3684	1847	0	0	0	0	0	0	1654726672366
3673	1853	0	0	0	0	0	0	1654726673386
3664	1857	0	0	0	0	0	0	1654726674406
3660	1855	0	0	0	0	0	0	1654726675426
3658	1854	0	0	0	0	0	0	1654726676446
3657	1847	0	0	0	0	0	0	1654726677466
3657	1842	0	0	0	0	0	0	1654726678486
3657	1839	0	0	0	0	0	0	1654726679506
3656	1837	0	0	0	0	0	0	1654726680526
3656	1835	0	0	0	0	0	0	1654726681546
3656	1834	0	0	0	0	0	0	1654726682566
3656	1834	0	0	0	0	0	0	1654726683586
3738	1854	0	0	0	0	0	0	1654726684606
3852	1883	0	0	0	0	0	0	1654726685626
3874	1887	0	0	0	0	0	0	1654726686646
3881	1888	0	0	0	0	0	0	1654726687666
3835	1872	0	0	0	0	0	0	1654726688686
3806	1862	0	0	0	0	0	0	1654726689706
3796	1861	0	0	0	0	0	0	1654726690726
3782	1853	0	0	0	0	0	0	1654726691746
3769	1845	0	0	0	0	0	0	1654726692766
3756	1841	0	0	0	0	0	0	1654726693786
3743	1838	0	0	0	0	0	0	1654726694806
3743	1836	0	0	0	0	0	0	1654726695826
3740	1835	0	0	0	0	0	0	1654726696846
3734	1834	0	0	0	0	0	0	1654726697866
3725	1834	0	0	0	0	0	0	1654726698886
3719	1829	0	0	0	0	0	0	1654726699906
3716	1830	0	0	0	0	0	0	1654726700926
3712	1830	0	0	0	0	0	0	1654726701946
3709	1824	0	0	0	0	0	0	1654726702966
3708	1818	0	0	0	0	0	0	1654726703986
3706	1813	0	0	0	0	0	0	1654726705006
3708	1810	0	0	0	0	0	0	1654726706026
3708	1808	0	0	0	0	0	0	1654726707046
3700	1807	0	0	0	0	0	0	1654726708066
3694	1806	0	0	0	0	0	0	1654726709086
3690	1806	0	0	0	0	0	0	1654726710106
3688	1806	0	0	0	0	0	0	1654726711126
3686	1806	0	0	0	0	0	0	1654726712146
3685	1806	0	0	0	0	0	0	1654726713166
3685	1806	0	0	0	0	0	0	1654726714186
3685	1806	0	0	0	0	0	0	1654726715206
3684	1800	0	0	0	0	0	0	1654726716226
3684	1793	0	0	0	0	0	0	1654726717246
3683	1787	0	0	0	0	0	0	1654726718266
3683	1784	0	0	0	0	0	0	1654726719286
3683	1781	0	0	0	0	0	0	1654726720306
3683	1780	0	0	0	0	0	0	1654726721326
3683	1779	0	0	0	0	0	0	1654726722346
3683	1779	0	0	0	0	0	0	1654726723366
3683	1779	0	0	0	0	0	0	1654726724386
3683	1778	0	0	0	0	0	0	1654726725406
3682	1778	0	0	0	0	0	0	1654726726426
3681	1778	0	0	0	0	0	0	1654726727446
3680	1778	0	0	0	0	0	0	1654726728466
3682	1778	0	0	0	0	0	0	1654726729486
3683	1778	0	0	0	0	0	0	1654726730506
3684	1778	0	0	0	0	0	0	1654726731526
3684	1778	0	0	0	0	0	0	1654726732546
3684	1778	0	0	0	0	0	0	1654726733566
3684	1778	0	0	0	0	0	0	1654726734586
3684	1778	0	0	0	0	0	0	1654726735606
3684	1778	0	0	0	0	0	0	1654726736626
3684	1778	0	0	0	0	0	0	1654726737646
3684	1778	0	0	0	0	0	0	1654726738666
3683	1778	0	0	0	0	0	0	1654726739686
3683	1777	0	0	0	0	0	0	1654726740706
3683	1777	0	0	0	0	0	0	1654726741726
3681	1777	0	0	0	0	0	0	1654726742746
3676	1777	0	0	0	0	0	0	1654726743766
3669	1777	0	0	0	0	0	0	1654726744786
3665	1777	0	0	0	0	0	0	1654726745806
3661	1777	0	0	0	0	0	0	1654726746826
3659	1777	0	0	0	0	0	0	1654726747846
3659	1777	0	0	0	0	0	0	1654726748866
3657	1777	0	0	0	0	0	0	1654726749886
3656	1777	0	0	0	0	0	0	1654726750906
3656	1777	0	0	0	0	0	0	1654726751926
3656	1777	0	0	0	0	0	0	1654726752946
3656	1777	0	0	0	0	0	0	1654726753966
3656	1776	0	0	0	0	0	0	1654726754986
3655	1777	0	0	0	0	0	0	1654726756006
3655	1776	0	0	0	0	0	0	1654726757026
3655	1776	0	0	0	0	0	0	1654726758046
3655	1775	0	0	0	0	0	0	1654726759066
3655	1773	0	0	0	0	0	0	1654726760086
3655	1771	0	0	0	0	0	0	1654726761106
3655	1769	0	0	0	0	0	0	1654726762126
3655	1766	0	0	0	0	0	0	1654726763146
3655	1763	0	0	0	0	0	0	1654726764166
3655	1760	0	0	0	0	0	0	1654726765186
3655	1758	0	0	0	0	0	0	1654726766206
3655	1755	0	0	0	0	0	0	1654726767226
3655	1753	0	0	0	0	0	0	1654726768246
3655	1752	0	0	0	0	0	0	1654726769266
3655	1751	0	0	0	0	0	0	1654726770286
3655	1750	0	0	0	0	0	0	1654726771306
3655	1749	0	0	0	0	0	0	1654726772326
3655	1749	0	0	0	0	0	0	1654726773346
3655	1749	0	0	0	0	0	0	1654726774366
3655	1749	0	0	0	0	0	0	1654726775386
3655	1750	0	0	0	0	0	0	1654726776406
3655	1750	0	0	0	0	0	0	1654726777426
3655	1750	0	0	0	0	0	0	1654726778446
3655	1750	0	0	0	0	0	0	1654726779466
3655	1750	0	0	0	0	0	0	1654726780486
3656	1750	0	0	0	0	0	0	1654726781506
3656	1750	0	0	0	0	0	0	1654726782526
3656	1750	0	0	0	0	0	0	1654726783546
3656	1750	0	0	0	0	0	0	1654726784566
3655	1750	0	0	0	0	0	0	1654726785586
3655	1750	0	0	0	0	0	0	1654726786606
3655	1750	0	0	0	0	0	0	1654726787626
3655	1750	0	0	0	0	0	0	1654726788646
3655	1750	0	0	0	0	0	0	1654726789666
3655	1750	0	0	0	0	0	0	1654726790686
3655	1749	0	0	0	0	0	0	1654726791706
3655	1750	0	0	0	0	0	0	1654726792726
3655	1749	0	0	0	0	0	0	1654726793746
3655	1749	0	0	0	0	0	0	1654726794766
3655	1749	0	0	0	0	0	0	1654726795786
3656	1749	0	0	0	0	0	0	1654726796806
3656	1749	0	0	0	0	0	0	1654726797826
3655	1749	0	0	0	0	0	0	1654726798846
3655	1749	0	0	0	0	0	0	1654726799866
3655	1749	0	0	0	0	0	0	1654726800886
3655	1749	0	0	0	0	0	0	1654726801906
3655	1749	0	0	0	0	0	0	1654726802926
3655	1749	0	0	0	0	0	0	1654726803946
3655	1749	0	0	0	0	0	0	1654726804966
3655	1749	0	0	0	0	0	0	1654726805986
3655	1750	0	0	0	0	0	0	1654726807006
3655	1750	0	0	0	0	0	0	1654726808026
3655	1750	0	0	0	0	0	0	1654726809046
3655	1749	0	0	0	0	0	0	1654726810066
3655	1749	0	0	0	0	0	0	1654726811086
3654	1749	0	0	0	0	0	0	1654726812106
3654	1749	0	0	0	0	0	0	1654726813126
3654	1749	0	0	0	0	0	0	1654726814146
3655	1749	0	0	0	0	0	0	1654726815166
3655	1749	0	0	0	0	0	0	1654726816186
3655	1748	0	0	0	0	0	0	1654726817206
3655	1746	0	0	0	0	0	0	1654726818226
3655	1742	0	0	0	0	0	0	1654726819246
3655	1741	0	0	0	0	0	0	1654726820266
3656	1738	0	0	0	0	0	0	1654726821286
3656	1735	0	0	0	0	0	0	1654726822306
3655	1731	0	0	0	0	0	0	1654726823326
3654	1728	0	0	0	0	0	0	1654726824346
3654	1728	0	0	0	0	0	0	1654726825366
3654	1728	0	0	0	0	0	0	1654726826386
3654	1726	0	0	0	0	0	0	1654726827406
3655	1726	0	0	0	0	0	0	1654726828426
3655	1726	0	0	0	0	0	0	1654726829446
3655	1725	0	0	0	0	0	0	1654726830466
3655	1724	0	0	0	0	0	0	1654726831486
3655	1723	0	0	0	0	0	0	1654726832506
3655	1722	0	0	0	0	0	0	1654726833526
3655	1722	0	0	0	0	0	0	1654726834546
3655	1722	0	0	0	0	0	0	1654726835566
3655	1722	0	0	0	0	0	0	1654726836586
3653	1722	0	0	0	0	0	0	1654726837606
3652	1722	0	0	0	0	0	0	1654726838626
3648	1722	0	0	0	0	0	0	1654726839646
3645	1721	0	0	0	0	0	0	1654726840666
3648	1721	0	0	0	0	0	0	1654726841686
3651	1721	0	0	0	0	0	0	1654726842706
3652	1721	0	0	0	0	0	0	1654726843726
3652	1721	0	0	0	0	0	0	1654726844746
3652	1721	0	0	0	0	0	0	1654726845766
3653	1721	0	0	0	0	0	0	1654726846786
3652	1721	0	0	0	0	0	0	1654726847806
3646	1721	0	0	0	0	0	0	1654726848826
3641	1721	0	0	0	0	0	0	1654726849846
3641	1721	0	0	0	0	0	0	1654726850866
3642	1722	0	0	0	0	0	0	1654726851886
3639	1722	0	0	0	0	0	0	1654726852906
3637	1722	0	0	0	0	0	0	1654726853926
3635	1721	0	0	0	0	0	0	1654726854946
3636	1721	0	0	0	0	0	0	1654726855966
3632	1722	0	0	0	0	0	0	1654726856986
3630	1722	0	0	0	0	0	0	1654726858006
3629	1722	0	0	0	0	0	0	1654726859026
3628	1721	0	0	0	0	0	0	1654726860046
3628	1721	0	0	0	0	0	0	1654726861066
3629	1721	0	0	0	0	0	0	1654726862086
3628	1721	0	0	0	0	0	0	1654726863106
3628	1721	0	0	0	0	0	0	1654726864126
3627	1721	0	0	0	0	0	0	1654726865146
3627	1721	0	0	0	0	0	0	1654726866166
3628	1721	0	0	0	0	0	0	1654726867186
3628	1721	0	0	0	0	0	0	1654726868206
3628	1721	0	0	0	0	0	0	1654726869226
3627	1722	0	0	0	0	0	0	1654726870246
3627	1722	0	0	0	0	0	0	1654726871266
3627	1722	0	0	0	0	0	0	1654726872286
3627	1721	0	0	0	0	0	0	1654726873306
3627	1721	0	0	0	0	0	0	1654726874326
3627	1721	0	0	0	0	0	0	1654726875346
3627	1719	0	0	0	0	0	0	1654726876366
3627	1715	0	0	0	0	0	0	1654726877386
3627	1713	0	0	0	0	0	0	1654726878406
3627	1707	0	0	0	0	0	0	1654726879426
3627	1702	0	0	0	0	0	0	1654726880446
3627	1698	0	0	0	0	0	0	1654726881466
3627	1696	0	0	0	0	0	0	1654726882486
3626	1695	0	0	0	0	0	0	1654726883506
3627	1695	0	0	0	0	0	0	1654726884526
3627	1695	0	0	0	0	0	0	1654726885546
3627	1695	0	0	0	0	0	0	1654726886566
3627	1694	0	0	0	0	0	0	1654726887586
3627	1694	0	0	0	0	0	0	1654726888606
3627	1693	0	0	0	0	0	0	1654726889626
3627	1693	0	0	0	0	0	0	1654726890646
3627	1693	0	0	0	0	0	0	1654726891666
3627	1693	0	0	0	0	0	0	1654726892686
3627	1693	0	0	0	0	0	0	1654726893706
3627	1694	0	0	0	0	0	0	1654726894726
3627	1694	0	0	0	0	0	0	1654726895746
3627	1694	0	0	0	0	0	0	1654726896766
3627	1694	0	0	0	0	0	0	1654726897786
3627	1694	0	0	0	0	0	0	1654726898806
3628	1694	0	0	0	0	0	0	1654726899826
3628	1694	0	0	0	0	0	0	1654726900846
3628	1694	0	0	0	0	0	0	1654726901866
3627	1694	0	0	0	0	0	0	1654726902886
3627	1694	0	0	0	0	0	0	1654726903906
3628	1694	0	0	0	0	0	0	1654726904926
3628	1693	0	0	0	0	0	0	1654726905946
3627	1694	0	0	0	0	0	0	1654726906966
3627	1694	0	0	0	0	0	0	1654726907986
3627	1694	0	0	0	0	0	0	1654726909006
3627	1694	0	0	0	0	0	0	1654726910026
3626	1694	0	0	0	0	0	0	1654726911046
3627	1694	0	0	0	0	0	0	1654726912066
3629	1694	0	0	0	0	0	0	1654726913086
3628	1694	0	0	0	0	0	0	1654726914106
3627	1694	0	0	0	0	0	0	1654726915126
3627	1694	0	0	0	0	0	0	1654726916146
3627	1694	0	0	0	0	0	0	1654726917166
3627	1694	0	0	0	0	0	0	1654726918186
3627	1694	0	0	0	0	0	0	1654726919206
3627	1694	0	0	0	0	0	0	1654726920226
3627	1694	0	0	0	0	0	0	1654726921246
3627	1694	0	0	0	0	0	0	1654726922266
3627	1694	0	0	0	0	0	0	1654726923286
3627	1694	0	0	0	0	0	0	1654726924306
3627	1694	0	0	0	0	0	0	1654726925326
3627	1694	0	0	0	0	0	0	1654726926346
3628	1694	0	0	0	0	0	0	1654726927366
3627	1694	0	0	0	0	0	0	1654726928386
3627	1694	0	0	0	0	0	0	1654726929406
3627	1694	0	0	0	0	0	0	1654726930426
3627	1694	0	0	0	0	0	0	1654726931446
3627	1694	0	0	0	0	0	0	1654726932466
3626	1694	0	0	0	0	0	0	1654726933486
3627	1694	0	0	0	0	0	0	1654726934506
3627	1694	0	0	0	0	0	0	1654726935526
3627	1694	0	0	0	0	0	0	1654726936546
3627	1694	0	0	0	0	0	0	1654726937566
3627	1694	0	0	0	0	0	0	1654726938586
3627	1693	0	0	0	0	0	0	1654726939606
3627	1693	0	0	0	0	0	0	1654726940626
3627	1693	0	0	0	0	0	0	1654726941646
3627	1693	0	0	0	0	0	0	1654726942666
3627	1693	0	0	0	0	0	0	1654726943686
3627	1692	0	0	0	0	0	0	1654726944706
3627	1692	0	0	0	0	0	0	1654726945726
3627	1690	0	0	0	0	0	0	1654726946746
3627	1690	0	0	0	0	0	0	1654726947766
3626	1686	0	0	0	0	0	0	1654726948786
3617	1681	0	0	0	0	0	0	1654726949806
3611	1680	0	0	0	0	0	0	1654726950826
3608	1677	0	0	0	0	0	0	1654726951846
3607	1673	0	0	0	0	0	0	1654726952866
3613	1671	0	0	0	0	0	0	1654726953886
3617	1669	0	0	0	0	0	0	1654726954906
3621	1671	0	0	0	0	0	0	1654726955926
3629	1678	0	0	0	0	0	0	1654726956946
3629	1680	0	0	0	0	0	0	1654726957966
3628	1674	0	0	0	0	0	0	1654726958986
3627	1676	0	0	0	0	0	0	1654726960006
3620	1683	0	0	0	0	0	0	1654726961026
3621	1696	0	0	0	0	0	0	1654726962046
3620	1706	0	0	0	0	0	0	1654726963066
3627	1712	0	0	0	0	0	0	1654726964086
3640	1716	0	0	0	0	0	0	1654726965106
3664	1722	0	0	0	0	0	0	1654726966126
3721	1734	0	0	0	0	0	0	1654726967146
3723	1732	0	0	0	0	0	0	1654726968166
3719	1728	0	0	0	0	0	0	1654726969186
3714	1726	0	0	0	0	0	0	1654726970206
3702	1724	0	0	0	0	0	0	1654726971226
3695	1724	0	0	0	0	0	0	1654726972246
3690	1723	0	0	0	0	0	0	1654726973266
3687	1722	0	0	0	0	0	0	1654726974286
3685	1721	0	0	0	0	0	0	1654726975306
3684	1719	0	0	0	0	0	0	1654726976326
3687	1736	0	0	0	0	0	0	1654726977346
3707	1838	0	0	0	0	0	0	1654726978366
3710	1883	0	0	0	0	0	0	1654726979386
3711	1895	0	0	0	0	0	0	1654726980406
3711	1893	0	0	0	0	0	0	1654726981426
3711	1891	0	0	0	0	0	0	1654726982446
3711	1891	0	0	0	0	0	0	1654726983466
3711	1889	0	0	0	0	0	0	1654726984486
3711	1882	0	0	0	0	0	0	1654726985506
3711	1875	0	0	0	0	0	0	1654726986526
3712	1870	0	0	0	0	0	0	1654726987546
3712	1867	0	0	0	0	0	0	1654726988566
3712	1865	0	0	0	0	0	0	1654726989586
3710	1864	0	0	0	0	0	0	1654726990606
3709	1863	0	0	0	0	0	0	1654726991626
3708	1862	0	0	0	0	0	0	1654726992646
3708	1862	0	0	0	0	0	0	1654726993666
3706	1862	0	0	0	0	0	0	1654726994686
3701	1862	0	0	0	0	0	0	1654726995706
3695	1861	0	0	0	0	0	0	1654726996726
3691	1861	0	0	0	0	0	0	1654726997746
3688	1856	0	0	0	0	0	0	1654726998766
3687	1848	0	0	0	0	0	0	1654726999786
3725	1862	0	0	0	0	0	0	1654727000806
3740	1845	0	0	0	0	0	0	1654727001826
3740	1829	0	0	0	0	0	0	1654727002846
3740	1819	0	0	0	0	0	0	1654727003866
3740	1813	0	0	0	0	0	0	1654727004886
3740	1810	0	0	0	0	0	0	1654727005906
3740	1807	0	0	0	0	0	0	1654727006926
3736	1799	0	0	0	0	0	0	1654727007946
3727	1791	0	0	0	0	0	0	1654727008966
3721	1785	0	0	0	0	0	0	1654727009986
3718	1782	0	0	0	0	0	0	1654727011006
3717	1782	0	0	0	0	0	0	1654727012026
3729	1839	0	0	0	0	0	0	1654727013046
3734	1859	0	0	0	0	0	0	1654727014066
3737	1860	0	0	0	0	0	0	1654727015086
3738	1861	0	0	0	0	0	0	1654727016106
3735	1862	0	0	0	0	0	0	1654727017126
3731	1862	0	0	0	0	0	0	1654727018146
3733	1870	0	0	0	0	0	0	1654727019166
3736	1867	0	0	0	0	0	0	1654727020186
3738	1864	0	0	0	0	0	0	1654727021206
3739	1858	0	0	0	0	0	0	1654727022226
3739	1851	0	0	0	0	0	0	1654727023246
3738	1845	0	0	0	0	0	0	1654727024266
3748	1841	0	0	0	0	0	0	1654727025286
3773	1833	0	0	0	0	0	0	1654727026306
3771	1811	0	0	0	0	0	0	1654727027326
3770	1798	0	0	0	0	0	0	1654727028346
3769	1790	0	0	0	0	0	0	1654727029366
3763	1785	0	0	0	0	0	0	1654727030386
3754	1782	0	0	0	0	0	0	1654727031406
3749	1779	0	0	0	0	0	0	1654727032426
3746	1776	0	0	0	0	0	0	1654727033446
3744	1770	0	0	0	0	0	0	1654727034466
3743	1765	0	0	0	0	0	0	1654727035486
3742	1759	0	0	0	0	0	0	1654727036506
3742	1755	0	0	0	0	0	0	1654727037526
3741	1753	0	0	0	0	0	0	1654727038546
3741	1752	0	0	0	0	0	0	1654727039566
3741	1751	0	0	0	0	0	0	1654727040586
3741	1750	0	0	0	0	0	0	1654727041606
3741	1750	0	0	0	0	0	0	1654727042626
3741	1750	0	0	0	0	0	0	1654727043646
3741	1750	0	0	0	0	0	0	1654727044666
3741	1750	0	0	0	0	0	0	1654727045686
3741	1750	0	0	0	0	0	0	1654727046706
3741	1750	0	0	0	0	0	0	1654727047726
3741	1750	0	0	0	0	0	0	1654727048746
3741	1749	0	0	0	0	0	0	1654727049766
3741	1749	0	0	0	0	0	0	1654727050786
3741	1749	0	0	0	0	0	0	1654727051806
3741	1749	0	0	0	0	0	0	1654727052826
3741	1749	0	0	0	0	0	0	1654727053846
3740	1749	0	0	0	0	0	0	1654727054866
3740	1749	0	0	0	0	0	0	1654727055886
3740	1749	0	0	0	0	0	0	1654727056906
3740	1749	0	0	0	0	0	0	1654727057926
3740	1749	0	0	0	0	0	0	1654727058946
3740	1749	0	0	0	0	0	0	1654727059966
3740	1749	0	0	0	0	0	0	1654727060986
3740	1749	0	0	0	0	0	0	1654727062006
3740	1749	0	0	0	0	0	0	1654727063026
3740	1749	0	0	0	0	0	0	1654727064046
3740	1749	0	0	0	0	0	0	1654727065066
3740	1749	0	0	0	0	0	0	1654727066086
3740	1749	0	0	0	0	0	0	1654727067106
3740	1749	0	0	0	0	0	0	1654727068126
3741	1749	0	0	0	0	0	0	1654727069146
3741	1749	0	0	0	0	0	0	1654727070166
3741	1749	0	0	0	0	0	0	1654727071186
3735	1750	0	0	0	0	0	0	1654727072206
3728	1750	0	0	0	0	0	0	1654727073226
3725	1750	0	0	0	0	0	0	1654727074246
3720	1750	0	0	0	0	0	0	1654727075266
3717	1748	0	0	0	0	0	0	1654727076286
3715	1747	0	0	0	0	0	0	1654727077306
3714	1743	0	0	0	0	0	0	1654727078326
3714	1740	0	0	0	0	0	0	1654727079346
3713	1734	0	0	0	0	0	0	1654727080366
3712	1731	0	0	0	0	0	0	1654727081386
3712	1729	0	0	0	0	0	0	1654727082406
3712	1726	0	0	0	0	0	0	1654727083426
3713	1724	0	0	0	0	0	0	1654727084446
3713	1723	0	0	0	0	0	0	1654727085466
3713	1722	0	0	0	0	0	0	1654727086486
3713	1722	0	0	0	0	0	0	1654727087506
3713	1722	0	0	0	0	0	0	1654727088526
3713	1722	0	0	0	0	0	0	1654727089546
3713	1722	0	0	0	0	0	0	1654727090566
3713	1722	0	0	0	0	0	0	1654727091586
3713	1722	0	0	0	0	0	0	1654727092606
3713	1722	0	0	0	0	0	0	1654727093626
3713	1722	0	0	0	0	0	0	1654727094646
3713	1722	0	0	0	0	0	0	1654727095666
3724	1722	0	0	0	0	0	0	1654727096686
3720	1722	0	0	0	0	0	0	1654727097706
3718	1722	0	0	0	0	0	0	1654727098726
3716	1722	0	0	0	0	0	0	1654727099746
3715	1722	0	0	0	0	0	0	1654727100766
3714	1722	0	0	0	0	0	0	1654727101786
3713	1722	0	0	0	0	0	0	1654727102806
3713	1722	0	0	0	0	0	0	1654727103826
3714	1722	0	0	0	0	0	0	1654727104846
3713	1722	0	0	0	0	0	0	1654727105866
3713	1722	0	0	0	0	0	0	1654727106886
3713	1722	0	0	0	0	0	0	1654727107906
3712	1721	0	0	0	0	0	0	1654727108926
3712	1721	0	0	0	0	0	0	1654727109946
3712	1721	0	0	0	0	0	0	1654727110966
3712	1721	0	0	0	0	0	0	1654727111986
3712	1721	0	0	0	0	0	0	1654727113006
3712	1721	0	0	0	0	0	0	1654727114026
3712	1721	0	0	0	0	0	0	1654727115046
3713	1721	0	0	0	0	0	0	1654727116066
3713	1721	0	0	0	0	0	0	1654727117086
3713	1721	0	0	0	0	0	0	1654727118106
3713	1721	0	0	0	0	0	0	1654727119126
3712	1721	0	0	0	0	0	0	1654727120146
3712	1721	0	0	0	0	0	0	1654727121166
3712	1721	0	0	0	0	0	0	1654727122186
3712	1719	0	0	0	0	0	0	1654727123206
3712	1718	0	0	0	0	0	0	1654727124226
3712	1714	0	0	0	0	0	0	1654727125246
3712	1711	0	0	0	0	0	0	1654727126266
3712	1708	0	0	0	0	0	0	1654727127286
3712	1708	0	0	0	0	0	0	1654727128306
3712	1705	0	0	0	0	0	0	1654727129326
3712	1703	0	0	0	0	0	0	1654727130346
3712	1700	0	0	0	0	0	0	1654727131366
3711	1698	0	0	0	0	0	0	1654727132386
3709	1697	0	0	0	0	0	0	1654727133406
3710	1695	0	0	0	0	0	0	1654727134426
3710	1694	0	0	0	0	0	0	1654727135446
3711	1694	0	0	0	0	0	0	1654727136466
3707	1694	0	0	0	0	0	0	1654727137486
3702	1694	0	0	0	0	0	0	1654727138506
3700	1694	0	0	0	0	0	0	1654727139526
3696	1694	0	0	0	0	0	0	1654727140546
3693	1694	0	0	0	0	0	0	1654727141566
3690	1693	0	0	0	0	0	0	1654727142586
3688	1693	0	0	0	0	0	0	1654727143606
3687	1693	0	0	0	0	0	0	1654727144626
3686	1693	0	0	0	0	0	0	1654727145646
3686	1693	0	0	0	0	0	0	1654727146666
3685	1693	0	0	0	0	0	0	1654727147686
3685	1693	0	0	0	0	0	0	1654727148706
3685	1693	0	0	0	0	0	0	1654727149726
3685	1693	0	0	0	0	0	0	1654727150746
3685	1693	0	0	0	0	0	0	1654727151766
3685	1693	0	0	0	0	0	0	1654727152786
3684	1693	0	0	0	0	0	0	1654727153806
3684	1693	0	0	0	0	0	0	1654727154826
3684	1693	0	0	0	0	0	0	1654727155846
3684	1693	0	0	0	0	0	0	1654727156866
3684	1694	0	0	0	0	0	0	1654727157886
3684	1694	0	0	0	0	0	0	1654727158906
3684	1694	0	0	0	0	0	0	1654727159926
3684	1694	0	0	0	0	0	0	1654727160946
3684	1693	0	0	0	0	0	0	1654727161966
3684	1693	0	0	0	0	0	0	1654727162986
3688	1693	0	0	0	0	0	0	1654727164006
3697	1693	0	0	0	0	0	0	1654727165026
3702	1693	0	0	0	0	0	0	1654727166046
3711	1718	0	0	0	0	0	0	1654727167066
3723	1762	0	0	0	0	0	0	1654727168086
3730	1775	0	0	0	0	0	0	1654727169106
3732	1776	0	0	0	0	0	0	1654727170126
3725	1777	0	0	0	0	0	0	1654727171146
3720	1776	0	0	0	0	0	0	1654727172166
3717	1773	0	0	0	0	0	0	1654727173186
3715	1766	0	0	0	0	0	0	1654727174206
3714	1760	0	0	0	0	0	0	1654727175226
3713	1756	0	0	0	0	0	0	1654727176246
3713	1753	0	0	0	0	0	0	1654727177266
3713	1752	0	0	0	0	0	0	1654727178286
3712	1751	0	0	0	0	0	0	1654727179306
3712	1750	0	0	0	0	0	0	1654727180326
3712	1750	0	0	0	0	0	0	1654727181346
3712	1750	0	0	0	0	0	0	1654727182366
3713	1749	0	0	0	0	0	0	1654727183386
3713	1749	0	0	0	0	0	0	1654727184406
3724	1758	0	0	0	0	0	0	1654727185426
3731	1757	0	0	0	0	0	0	1654727186446
3734	1754	0	0	0	0	0	0	1654727187466
3730	1752	0	0	0	0	0	0	1654727188486
3725	1751	0	0	0	0	0	0	1654727189506
3724	1750	0	0	0	0	0	0	1654727190526
3720	1750	0	0	0	0	0	0	1654727191546
3718	1750	0	0	0	0	0	0	1654727192566
3716	1750	0	0	0	0	0	0	1654727193586
3715	1750	0	0	0	0	0	0	1654727194606
3714	1750	0	0	0	0	0	0	1654727195626
3714	1750	0	0	0	0	0	0	1654727196646
3714	1750	0	0	0	0	0	0	1654727197666
3714	1750	0	0	0	0	0	0	1654727198686
3714	1750	0	0	0	0	0	0	1654727199706
3713	1750	0	0	0	0	0	0	1654727200726
3720	1749	0	0	0	0	0	0	1654727201746
3721	1749	0	0	0	0	0	0	1654727202766
3726	1758	0	0	0	0	0	0	1654727203786
3731	1766	0	0	0	0	0	0	1654727204806
3735	1772	0	0	0	0	0	0	1654727205826
3736	1760	0	0	0	0	0	0	1654727206846
3727	1741	0	0	0	0	0	0	1654727207866
3721	1722	0	0	0	0	0	0	1654727208886
3717	1710	0	0	0	0	0	0	1654727209906
3715	1703	0	0	0	0	0	0	1654727210926
3714	1699	0	0	0	0	0	0	1654727211946
3711	1697	0	0	0	0	0	0	1654727212966
3708	1696	0	0	0	0	0	0	1654727213986
3708	1695	0	0	0	0	0	0	1654727215006
3708	1695	0	0	0	0	0	0	1654727216026
3706	1695	0	0	0	0	0	0	1654727217046
3702	1695	0	0	0	0	0	0	1654727218066
3698	1694	0	0	0	0	0	0	1654727219086
3696	1694	0	0	0	0	0	0	1654727220106
3695	1693	0	0	0	0	0	0	1654727221126
3694	1693	0	0	0	0	0	0	1654727222146
3692	1693	0	0	0	0	0	0	1654727223166
3690	1692	0	0	0	0	0	0	1654727224186
3689	1693	0	0	0	0	0	0	1654727225206
3689	1690	0	0	0	0	0	0	1654727226226
3687	1688	0	0	0	0	0	0	1654727227246
3687	1687	0	0	0	0	0	0	1654727228266
3686	1685	0	0	0	0	0	0	1654727229286
3685	1684	0	0	0	0	0	0	1654727230306
3685	1683	0	0	0	0	0	0	1654727231326
3685	1680	0	0	0	0	0	0	1654727232346
3684	1676	0	0	0	0	0	0	1654727233366
3684	1673	0	0	0	0	0	0	1654727234386
3684	1671	0	0	0	0	0	0	1654727235406
3684	1669	0	0	0	0	0	0	1654727236426
3684	1668	0	0	0	0	0	0	1654727237446
3684	1672	0	0	0	0	0	0	1654727238466
3685	1680	0	0	0	0	0	0	1654727239486
3685	1685	0	0	0	0	0	0	1654727240506
3687	1697	0	0	0	0	0	0	1654727241526
3691	1704	0	0	0	0	0	0	1654727242546
3700	1700	0	0	0	0	0	0	1654727243566
3705	1698	0	0	0	0	0	0	1654727244586
3708	1696	0	0	0	0	0	0	1654727245606
3710	1695	0	0	0	0	0	0	1654727246626
3711	1694	0	0	0	0	0	0	1654727247646
3710	1694	0	0	0	0	0	0	1654727248666
3710	1694	0	0	0	0	0	0	1654727249686
3711	1693	0	0	0	0	0	0	1654727250706
3709	1693	0	0	0	0	0	0	1654727251726
3710	1693	0	0	0	0	0	0	1654727252746
3709	1693	0	0	0	0	0	0	1654727253766
3709	1692	0	0	0	0	0	0	1654727254786
3708	1692	0	0	0	0	0	0	1654727255806
3707	1689	0	0	0	0	0	0	1654727256826
3709	1683	0	0	0	0	0	0	1654727257846
3710	1677	0	0	0	0	0	0	1654727258866
3701	1672	0	0	0	0	0	0	1654727259886
3696	1670	0	0	0	0	0	0	1654727260906
3691	1668	0	0	0	0	0	0	1654727261926
3689	1667	0	0	0	0	0	0	1654727262946
3688	1666	0	0	0	0	0	0	1654727263966
3687	1666	0	0	0	0	0	0	1654727264986
3686	1666	0	0	0	0	0	0	1654727266006
3686	1666	0	0	0	0	0	0	1654727267026
3685	1666	0	0	0	0	0	0	1654727268046
3685	1666	0	0	0	0	0	0	1654727269066
3685	1666	0	0	0	0	0	0	1654727270086
3685	1666	0	0	0	0	0	0	1654727271106
3685	1666	0	0	0	0	0	0	1654727272126
3685	1666	0	0	0	0	0	0	1654727273146
3684	1666	0	0	0	0	0	0	1654727274166
3684	1666	0	0	0	0	0	0	1654727275186
3684	1666	0	0	0	0	0	0	1654727276206
3685	1666	0	0	0	0	0	0	1654727277226
3702	1674	0	0	0	0	0	0	1654727278246
3708	1675	0	0	0	0	0	0	1654727279266
3710	1671	0	0	0	0	0	0	1654727280286
3711	1669	0	0	0	0	0	0	1654727281306
3712	1668	0	0	0	0	0	0	1654727282326
3712	1666	0	0	0	0	0	0	1654727283346
3712	1666	0	0	0	0	0	0	1654727284366
3712	1665	0	0	0	0	0	0	1654727285386
3712	1665	0	0	0	0	0	0	1654727286406
3712	1665	0	0	0	0	0	0	1654727287426
3712	1665	0	0	0	0	0	0	1654727288446
3712	1665	0	0	0	0	0	0	1654727289466
3712	1665	0	0	0	0	0	0	1654727290486
3712	1665	0	0	0	0	0	0	1654727291506
3712	1665	0	0	0	0	0	0	1654727292526
3712	1665	0	0	0	0	0	0	1654727293546
3712	1665	0	0	0	0	0	0	1654727294566
3712	1665	0	0	0	0	0	0	1654727295586
3712	1665	0	0	0	0	0	0	1654727296606
3712	1665	0	0	0	0	0	0	1654727297626
3707	1665	0	0	0	0	0	0	1654727298646
3698	1665	0	0	0	0	0	0	1654727299666
3693	1665	0	0	0	0	0	0	1654727300686
3691	1665	0	0	0	0	0	0	1654727301706
3689	1657	0	0	0	0	0	0	1654727302726
3691	1653	0	0	0	0	0	0	1654727303746
3704	1658	0	0	0	0	0	0	1654727304766
3708	1654	0	0	0	0	0	0	1654727305786
3710	1650	0	0	0	0	0	0	1654727306806
3711	1652	0	0	0	0	0	0	1654727307826
3711	1680	0	0	0	0	0	0	1654727308846
3723	1711	0	0	0	0	0	0	1654727309866
3731	1750	0	0	0	0	0	0	1654727310886
3738	1780	0	0	0	0	0	0	1654727311906
3742	1784	0	0	0	0	0	0	1654727312926
3753	1781	0	0	0	0	0	0	1654727313946
3752	1780	0	0	0	0	0	0	1654727314966
3748	1779	0	0	0	0	0	0	1654727315986
3745	1779	0	0	0	0	0	0	1654727317006
3744	1778	0	0	0	0	0	0	1654727318026
3743	1772	0	0	0	0	0	0	1654727319046
3742	1763	0	0	0	0	0	0	1654727320066
3744	1757	0	0	0	0	0	0	1654727321086
3753	1741	0	0	0	0	0	0	1654727322106
3747	1722	0	0	0	0	0	0	1654727323126
3733	1706	0	0	0	0	0	0	1654727324146
3725	1692	0	0	0	0	0	0	1654727325166
3720	1681	0	0	0	0	0	0	1654727326186
3717	1675	0	0	0	0	0	0	1654727327206
3715	1671	0	0	0	0	0	0	1654727328226
3714	1669	0	0	0	0	0	0	1654727329246
3713	1667	0	0	0	0	0	0	1654727330266
3719	1667	0	0	0	0	0	0	1654727331286
3726	1666	0	0	0	0	0	0	1654727332306
3729	1666	0	0	0	0	0	0	1654727333326
3733	1666	0	0	0	0	0	0	1654727334346
3734	1665	0	0	0	0	0	0	1654727335366
3730	1665	0	0	0	0	0	0	1654727336386
3730	1665	0	0	0	0	0	0	1654727337406
3732	1666	0	0	0	0	0	0	1654727338426
3733	1666	0	0	0	0	0	0	1654727339446
3728	1665	0	0	0	0	0	0	1654727340466
3729	1665	0	0	0	0	0	0	1654727341486
3723	1665	0	0	0	0	0	0	1654727342506
3718	1665	0	0	0	0	0	0	1654727343526
3716	1665	0	0	0	0	0	0	1654727344546
3715	1665	0	0	0	0	0	0	1654727345566
3714	1665	0	0	0	0	0	0	1654727346586
3713	1665	0	0	0	0	0	0	1654727347606
3713	1665	0	0	0	0	0	0	1654727348626
3713	1665	0	0	0	0	0	0	1654727349646
3712	1665	0	0	0	0	0	0	1654727350666
3712	1660	0	0	0	0	0	0	1654727351686
3713	1659	0	0	0	0	0	0	1654727352706
3713	1653	0	0	0	0	0	0	1654727353726
3713	1648	0	0	0	0	0	0	1654727354746
3713	1646	0	0	0	0	0	0	1654727355766
3712	1644	0	0	0	0	0	0	1654727356786
3712	1642	0	0	0	0	0	0	1654727357806
3712	1641	0	0	0	0	0	0	1654727358826
3712	1641	0	0	0	0	0	0	1654727359846
3713	1640	0	0	0	0	0	0	1654727360866
3713	1639	0	0	0	0	0	0	1654727361886
3713	1639	0	0	0	0	0	0	1654727362906
3714	1643	0	0	0	0	0	0	1654727363926
3713	1642	0	0	0	0	0	0	1654727364946
3713	1642	0	0	0	0	0	0	1654727365966
3713	1640	0	0	0	0	0	0	1654727366986
3713	1639	0	0	0	0	0	0	1654727368006
3713	1639	0	0	0	0	0	0	1654727369026
3713	1639	0	0	0	0	0	0	1654727370046
3713	1638	0	0	0	0	0	0	1654727371066
3713	1638	0	0	0	0	0	0	1654727372086
3713	1638	0	0	0	0	0	0	1654727373106
3713	1638	0	0	0	0	0	0	1654727374126
3713	1638	0	0	0	0	0	0	1654727375146
3712	1638	0	0	0	0	0	0	1654727376166
3712	1638	0	0	0	0	0	0	1654727377186
3713	1638	0	0	0	0	0	0	1654727378206
3713	1638	0	0	0	0	0	0	1654727379226
3713	1638	0	0	0	0	0	0	1654727380246
3713	1638	0	0	0	0	0	0	1654727381266
3713	1638	0	0	0	0	0	0	1654727382286
3713	1638	0	0	0	0	0	0	1654727383306
3713	1638	0	0	0	0	0	0	1654727384326
3713	1638	0	0	0	0	0	0	1654727385346
3713	1638	0	0	0	0	0	0	1654727386366
3713	1638	0	0	0	0	0	0	1654727387386
3713	1638	0	0	0	0	0	0	1654727388406
3713	1638	0	0	0	0	0	0	1654727389426
3713	1638	0	0	0	0	0	0	1654727390446
3713	1638	0	0	0	0	0	0	1654727391466
3713	1638	0	0	0	0	0	0	1654727392486
3713	1638	0	0	0	0	0	0	1654727393506
3713	1638	0	0	0	0	0	0	1654727394526
3713	1638	0	0	0	0	0	0	1654727395546
3713	1638	0	0	0	0	0	0	1654727396566
3713	1638	0	0	0	0	0	0	1654727397586
3712	1638	0	0	0	0	0	0	1654727398606
3712	1638	0	0	0	0	0	0	1654727399626
3713	1638	0	0	0	0	0	0	1654727400646
3713	1638	0	0	0	0	0	0	1654727401666
3713	1638	0	0	0	0	0	0	1654727402686
3713	1638	0	0	0	0	0	0	1654727403706
3713	1638	0	0	0	0	0	0	1654727404726
3713	1638	0	0	0	0	0	0	1654727405746
3713	1638	0	0	0	0	0	0	1654727406766
3713	1637	0	0	0	0	0	0	1654727407786
3713	1637	0	0	0	0	0	0	1654727408806
3713	1637	0	0	0	0	0	0	1654727409826
3713	1637	0	0	0	0	0	0	1654727410846
3713	1637	0	0	0	0	0	0	1654727411866
3713	1637	0	0	0	0	0	0	1654727412886
3713	1637	0	0	0	0	0	0	1654727413906
3713	1637	0	0	0	0	0	0	1654727414926
3712	1637	0	0	0	0	0	0	1654727415946
3712	1637	0	0	0	0	0	0	1654727416966
3712	1637	0	0	0	0	0	0	1654727417986
3712	1637	0	0	0	0	0	0	1654727419006
3712	1637	0	0	0	0	0	0	1654727420026
3712	1637	0	0	0	0	0	0	1654727421046
3712	1637	0	0	0	0	0	0	1654727422066
3713	1637	0	0	0	0	0	0	1654727423086
3713	1637	0	0	0	0	0	0	1654727424106
3713	1637	0	0	0	0	0	0	1654727425126
3712	1637	0	0	0	0	0	0	1654727426146
3713	1637	0	0	0	0	0	0	1654727427166
3713	1637	0	0	0	0	0	0	1654727428186
3713	1637	0	0	0	0	0	0	1654727429206
3713	1637	0	0	0	0	0	0	1654727430226
3713	1637	0	0	0	0	0	0	1654727431246
3713	1637	0	0	0	0	0	0	1654727432266
3713	1637	0	0	0	0	0	0	1654727433286
3713	1638	0	0	0	0	0	0	1654727434306
3713	1638	0	0	0	0	0	0	1654727435326
3713	1638	0	0	0	0	0	0	1654727436346
3713	1638	0	0	0	0	0	0	1654727437366
3713	1637	0	0	0	0	0	0	1654727438386
3713	1637	0	0	0	0	0	0	1654727439406
3713	1637	0	0	0	0	0	0	1654727440426
3713	1637	0	0	0	0	0	0	1654727441446
3713	1637	0	0	0	0	0	0	1654727442466
3713	1637	0	0	0	0	0	0	1654727443486
3713	1636	0	0	0	0	0	0	1654727444506
3713	1636	0	0	0	0	0	0	1654727445526
3713	1637	0	0	0	0	0	0	1654727446546
3713	1637	0	0	0	0	0	0	1654727447566
3713	1637	0	0	0	0	0	0	1654727448586
3713	1637	0	0	0	0	0	0	1654727449606
3713	1637	0	0	0	0	0	0	1654727450626
3713	1635	0	0	0	0	0	0	1654727451646
3713	1635	0	0	0	0	0	0	1654727452666
3713	1634	0	0	0	0	0	0	1654727453686
3713	1634	0	0	0	0	0	0	1654727454706
3713	1633	0	0	0	0	0	0	1654727455726
3713	1632	0	0	0	0	0	0	1654727456746
3713	1633	0	0	0	0	0	0	1654727457766
3713	1632	0	0	0	0	0	0	1654727458786
3713	1632	0	0	0	0	0	0	1654727459806
3713	1631	0	0	0	0	0	0	1654727460826
3713	1631	0	0	0	0	0	0	1654727461846
3713	1631	0	0	0	0	0	0	1654727462866
3713	1629	0	0	0	0	0	0	1654727463886
3713	1631	0	0	0	0	0	0	1654727464906
3723	1642	0	0	0	0	0	0	1654727465926
3730	1641	0	0	0	0	0	0	1654727466946
3734	1640	0	0	0	0	0	0	1654727467966
3737	1639	0	0	0	0	0	0	1654727468986
3738	1638	0	0	0	0	0	0	1654727470006
3739	1638	0	0	0	0	0	0	1654727471026
3739	1638	0	0	0	0	0	0	1654727472046
3740	1638	0	0	0	0	0	0	1654727473066
3739	1638	0	0	0	0	0	0	1654727474086
