1951	1967	0	0	0	0	0	0	1658787036699
1941	1956	0	0	0	0	0	0	1658787037719
1930	1948	0	0	0	0	0	0	1658787038739
1913	1933	0	0	0	0	0	0	1658787039759
1900	1924	0	0	0	0	0	0	1658787040779
1883	1919	0	0	0	0	0	0	1658787041799
1873	1915	0	0	0	0	0	0	1658787042819
1858	1904	0	0	0	0	0	0	1658787043839
1847	1896	0	0	0	0	0	0	1658787044859
1838	1891	0	0	0	0	0	0	1658787045879
1824	1888	0	0	0	0	0	0	1658787046899
1815	1886	0	0	0	0	0	0	1658787047919
1810	1885	0	0	0	0	0	0	1658787048939
1798	1884	0	0	0	0	0	0	1658787049959
1788	1879	0	0	0	0	0	0	1658787050979
1783	1873	0	0	0	0	0	0	1658787051999
1779	1866	0	0	0	0	0	0	1658787053019
1770	1862	0	0	0	0	0	0	1658787054039
1761	1860	0	0	0	0	0	0	1658787055059
1755	1858	0	0	0	0	0	0	1658787056079
1752	1857	0	0	0	0	0	0	1658787057099
1748	1856	0	0	0	0	0	0	1658787058119
1737	1856	0	0	0	0	0	0	1658787059139
1729	1842	0	0	0	0	0	0	1658787060159
1725	1836	0	0	0	0	0	0	1658787061179
1722	1833	0	0	0	0	0	0	1658787062199
1720	1831	0	0	0	0	0	0	1658787063219
1719	1830	0	0	0	0	0	0	1658787064239
1719	1829	0	0	0	0	0	0	1658787065259
1717	1829	0	0	0	0	0	0	1658787066279
1711	1829	0	0	0	0	0	0	1658787067299
1703	1829	0	0	0	0	0	0	1658787068319
1698	1829	0	0	0	0	0	0	1658787069339
1695	1829	0	0	0	0	0	0	1658787070359
1694	1829	0	0	0	0	0	0	1658787071379
1693	1828	0	0	0	0	0	0	1658787072399
1692	1828	0	0	0	0	0	0	1658787073419
1691	1828	0	0	0	0	0	0	1658787074439
1686	1828	0	0	0	0	0	0	1658787075459
1678	1828	0	0	0	0	0	0	1658787076479
1672	1828	0	0	0	0	0	0	1658787077499
1668	1828	0	0	0	0	0	0	1658787078519
1666	1828	0	0	0	0	0	0	1658787079539
1665	1828	0	0	0	0	0	0	1658787080559
1664	1828	0	0	0	0	0	0	1658787081579
1664	1828	0	0	0	0	0	0	1658787082599
1663	1828	0	0	0	0	0	0	1658787083619
1662	1828	0	0	0	0	0	0	1658787084639
1662	1828	0	0	0	0	0	0	1658787085659
1662	1828	0	0	0	0	0	0	1658787086679
1662	1828	0	0	0	0	0	0	1658787087699
1658	1828	0	0	0	0	0	0	1658787088719
1650	1828	0	0	0	0	0	0	1658787089739
1645	1828	0	0	0	0	0	0	1658787090759
1641	1828	0	0	0	0	0	0	1658787091779
1638	1828	0	0	0	0	0	0	1658787092799
1637	1828	0	0	0	0	0	0	1658787093819
1636	1828	0	0	0	0	0	0	1658787094839
1635	1828	0	0	0	0	0	0	1658787095859
1635	1823	0	0	0	0	0	0	1658787096879
1635	1833	0	0	0	0	0	0	1658787097899
1635	1831	0	0	0	0	0	0	1658787098919
1635	1825	0	0	0	0	0	0	1658787099939
1635	1829	0	0	0	0	0	0	1658787100959
1635	1836	0	0	0	0	0	0	1658787101979
1635	1844	0	0	0	0	0	0	1658787102999
1635	1849	0	0	0	0	0	0	1658787104019
1635	1852	0	0	0	0	0	0	1658787105039
1635	1854	0	0	0	0	0	0	1658787106059
1635	1855	0	0	0	0	0	0	1658787107079
1635	1855	0	0	0	0	0	0	1658787108099
1635	1855	0	0	0	0	0	0	1658787109119
1631	1855	0	0	0	0	0	0	1658787110139
1621	1855	0	0	0	0	0	0	1658787111159
1615	1855	0	0	0	0	0	0	1658787112179
1612	1855	0	0	0	0	0	0	1658787113199
1609	1855	0	0	0	0	0	0	1658787114219
1608	1855	0	0	0	0	0	0	1658787115239
1607	1855	0	0	0	0	0	0	1658787116259
1607	1855	0	0	0	0	0	0	1658787117279
1607	1855	0	0	0	0	0	0	1658787118299
1607	1855	0	0	0	0	0	0	1658787119319
1607	1855	0	0	0	0	0	0	1658787120339
1607	1855	0	0	0	0	0	0	1658787121359
1607	1855	0	0	0	0	0	0	1658787122379
1607	1855	0	0	0	0	0	0	1658787123399
1607	1855	0	0	0	0	0	0	1658787124419
1607	1855	0	0	0	0	0	0	1658787125439
1607	1855	0	0	0	0	0	0	1658787126459
1606	1855	0	0	0	0	0	0	1658787127479
1605	1855	0	0	0	0	0	0	1658787128499
1601	1854	0	0	0	0	0	0	1658787129519
1596	1854	0	0	0	0	0	0	1658787130539
1591	1854	0	0	0	0	0	0	1658787131559
1586	1849	0	0	0	0	0	0	1658787132579
1583	1845	0	0	0	0	0	0	1658787133599
1581	1842	0	0	0	0	0	0	1658787134619
1580	1840	0	0	0	0	0	0	1658787135639
1580	1839	0	0	0	0	0	0	1658787136659
1580	1834	0	0	0	0	0	0	1658787137679
1579	1833	0	0	0	0	0	0	1658787138699
1579	1831	0	0	0	0	0	0	1658787139719
1579	1830	0	0	0	0	0	0	1658787140739
1579	1829	0	0	0	0	0	0	1658787141759
1579	1828	0	0	0	0	0	0	1658787142779
1579	1828	0	0	0	0	0	0	1658787143799
1579	1828	0	0	0	0	0	0	1658787144819
1579	1828	0	0	0	0	0	0	1658787145839
1579	1828	0	0	0	0	0	0	1658787146859
1579	1828	0	0	0	0	0	0	1658787147879
1579	1828	0	0	0	0	0	0	1658787148899
1579	1828	0	0	0	0	0	0	1658787149919
1579	1828	0	0	0	0	0	0	1658787150939
1579	1828	0	0	0	0	0	0	1658787151959
1579	1828	0	0	0	0	0	0	1658787152979
1579	1828	0	0	0	0	0	0	1658787153999
1579	1828	0	0	0	0	0	0	1658787155019
1579	1828	0	0	0	0	0	0	1658787156039
1579	1828	0	0	0	0	0	0	1658787157059
1577	1828	0	0	0	0	0	0	1658787158079
1570	1828	0	0	0	0	0	0	1658787159099
1567	1828	0	0	0	0	0	0	1658787160119
1562	1828	0	0	0	0	0	0	1658787161139
1558	1828	0	0	0	0	0	0	1658787162159
1557	1828	0	0	0	0	0	0	1658787163179
1555	1828	0	0	0	0	0	0	1658787164199
1553	1827	0	0	0	0	0	0	1658787165219
1552	1827	0	0	0	0	0	0	1658787166239
1552	1827	0	0	0	0	0	0	1658787167259
1552	1827	0	0	0	0	0	0	1658787168279
1552	1827	0	0	0	0	0	0	1658787169299
1552	1827	0	0	0	0	0	0	1658787170319
1551	1828	0	0	0	0	0	0	1658787171339
1551	1828	0	0	0	0	0	0	1658787172359
1551	1828	0	0	0	0	0	0	1658787173379
1551	1827	0	0	0	0	0	0	1658787174399
1551	1827	0	0	0	0	0	0	1658787175419
1551	1827	0	0	0	0	0	0	1658787176439
1551	1827	0	0	0	0	0	0	1658787177459
1551	1822	0	0	0	0	0	0	1658787178479
1551	1821	0	0	0	0	0	0	1658787179499
1551	1819	0	0	0	0	0	0	1658787180519
1551	1819	0	0	0	0	0	0	1658787181539
1551	1815	0	0	0	0	0	0	1658787182559
1551	1811	0	0	0	0	0	0	1658787183579
1551	1810	0	0	0	0	0	0	1658787184599
1551	1808	0	0	0	0	0	0	1658787185619
1551	1807	0	0	0	0	0	0	1658787186639
1551	1805	0	0	0	0	0	0	1658787187659
1551	1803	0	0	0	0	0	0	1658787188679
1551	1802	0	0	0	0	0	0	1658787189699
1551	1802	0	0	0	0	0	0	1658787190719
1551	1801	0	0	0	0	0	0	1658787191739
1551	1800	0	0	0	0	0	0	1658787192759
1551	1800	0	0	0	0	0	0	1658787193779
1551	1800	0	0	0	0	0	0	1658787194799
1550	1800	0	0	0	0	0	0	1658787195819
1544	1800	0	0	0	0	0	0	1658787196839
1540	1800	0	0	0	0	0	0	1658787197859
1544	1800	0	0	0	0	0	0	1658787198879
1547	1800	0	0	0	0	0	0	1658787199899
1549	1800	0	0	0	0	0	0	1658787200919
1550	1800	0	0	0	0	0	0	1658787201939
1550	1800	0	0	0	0	0	0	1658787202959
1550	1800	0	0	0	0	0	0	1658787203979
1550	1800	0	0	0	0	0	0	1658787204999
1550	1800	0	0	0	0	0	0	1658787206019
1550	1800	0	0	0	0	0	0	1658787207039
1550	1800	0	0	0	0	0	0	1658787208059
1549	1800	0	0	0	0	0	0	1658787209079
1549	1800	0	0	0	0	0	0	1658787210099
1546	1800	0	0	0	0	0	0	1658787211119
1543	1800	0	0	0	0	0	0	1658787212139
1542	1800	0	0	0	0	0	0	1658787213159
1540	1800	0	0	0	0	0	0	1658787214179
1539	1800	0	0	0	0	0	0	1658787215199
1537	1800	0	0	0	0	0	0	1658787216219
1534	1800	0	0	0	0	0	0	1658787217239
1530	1800	0	0	0	0	0	0	1658787218259
1529	1800	0	0	0	0	0	0	1658787219279
1527	1800	0	0	0	0	0	0	1658787220299
1525	1800	0	0	0	0	0	0	1658787221319
1525	1800	0	0	0	0	0	0	1658787222339
1524	1800	0	0	0	0	0	0	1658787223359
1524	1800	0	0	0	0	0	0	1658787224379
1523	1800	0	0	0	0	0	0	1658787225399
1523	1799	0	0	0	0	0	0	1658787226419
1523	1799	0	0	0	0	0	0	1658787227439
1523	1799	0	0	0	0	0	0	1658787228459
1523	1799	0	0	0	0	0	0	1658787229479
1523	1799	0	0	0	0	0	0	1658787230499
1523	1798	0	0	0	0	0	0	1658787231519
1523	1797	0	0	0	0	0	0	1658787232539
1523	1793	0	0	0	0	0	0	1658787233559
1523	1791	0	0	0	0	0	0	1658787234579
1523	1787	0	0	0	0	0	0	1658787235599
1523	1783	0	0	0	0	0	0	1658787236619
1523	1780	0	0	0	0	0	0	1658787237639
1523	1777	0	0	0	0	0	0	1658787238659
1523	1775	0	0	0	0	0	0	1658787239679
1523	1774	0	0	0	0	0	0	1658787240699
1523	1773	0	0	0	0	0	0	1658787241719
1523	1773	0	0	0	0	0	0	1658787242739
1523	1773	0	0	0	0	0	0	1658787243759
1523	1773	0	0	0	0	0	0	1658787244779
1523	1773	0	0	0	0	0	0	1658787245799
1523	1773	0	0	0	0	0	0	1658787246819
1522	1772	0	0	0	0	0	0	1658787247839
1522	1772	0	0	0	0	0	0	1658787248859
1522	1772	0	0	0	0	0	0	1658787249879
1522	1772	0	0	0	0	0	0	1658787250899
1522	1772	0	0	0	0	0	0	1658787251919
1523	1772	0	0	0	0	0	0	1658787252939
1523	1772	0	0	0	0	0	0	1658787253959
1523	1772	0	0	0	0	0	0	1658787254979
1523	1772	0	0	0	0	0	0	1658787255999
1523	1772	0	0	0	0	0	0	1658787257019
1523	1772	0	0	0	0	0	0	1658787258039
1523	1772	0	0	0	0	0	0	1658787259059
1523	1772	0	0	0	0	0	0	1658787260079
1523	1772	0	0	0	0	0	0	1658787261099
1523	1772	0	0	0	0	0	0	1658787262119
1522	1772	0	0	0	0	0	0	1658787263139
1519	1772	0	0	0	0	0	0	1658787264159
1517	1772	0	0	0	0	0	0	1658787265179
1515	1772	0	0	0	0	0	0	1658787266199
1513	1772	0	0	0	0	0	0	1658787267219
1510	1772	0	0	0	0	0	0	1658787268239
1508	1772	0	0	0	0	0	0	1658787269259
1504	1772	0	0	0	0	0	0	1658787270279
1502	1772	0	0	0	0	0	0	1658787271299
1500	1771	0	0	0	0	0	0	1658787272319
1498	1771	0	0	0	0	0	0	1658787273339
1497	1770	0	0	0	0	0	0	1658787274359
1497	1768	0	0	0	0	0	0	1658787275379
1496	1764	0	0	0	0	0	0	1658787276399
1496	1762	0	0	0	0	0	0	1658787277419
1495	1759	0	0	0	0	0	0	1658787278439
1495	1755	0	0	0	0	0	0	1658787279459
1495	1751	0	0	0	0	0	0	1658787280479
1495	1748	0	0	0	0	0	0	1658787281499
1495	1747	0	0	0	0	0	0	1658787282519
1495	1746	0	0	0	0	0	0	1658787283539
1495	1745	0	0	0	0	0	0	1658787284559
1495	1744	0	0	0	0	0	0	1658787285579
1495	1744	0	0	0	0	0	0	1658787286599
1495	1744	0	0	0	0	0	0	1658787287619
1495	1744	0	0	0	0	0	0	1658787288639
1495	1744	0	0	0	0	0	0	1658787289659
1495	1744	0	0	0	0	0	0	1658787290679
1495	1744	0	0	0	0	0	0	1658787291699
1495	1744	0	0	0	0	0	0	1658787292719
1495	1744	0	0	0	0	0	0	1658787293739
1495	1744	0	0	0	0	0	0	1658787294759
1495	1747	0	0	0	0	0	0	1658787295779
1495	1757	0	0	0	0	0	0	1658787296799
1495	1763	0	0	0	0	0	0	1658787297819
1495	1767	0	0	0	0	0	0	1658787298839
1495	1769	0	0	0	0	0	0	1658787299859
1495	1770	0	0	0	0	0	0	1658787300879
1495	1771	0	0	0	0	0	0	1658787301899
1495	1771	0	0	0	0	0	0	1658787302919
1495	1771	0	0	0	0	0	0	1658787303939
1495	1772	0	0	0	0	0	0	1658787304959
1495	1772	0	0	0	0	0	0	1658787305979
1495	1772	0	0	0	0	0	0	1658787306999
1495	1772	0	0	0	0	0	0	1658787308019
1495	1771	0	0	0	0	0	0	1658787309039
1495	1770	0	0	0	0	0	0	1658787310059
1495	1769	0	0	0	0	0	0	1658787311079
1495	1767	0	0	0	0	0	0	1658787312099
1495	1766	0	0	0	0	0	0	1658787313119
1495	1762	0	0	0	0	0	0	1658787314139
1495	1758	0	0	0	0	0	0	1658787315159
1495	1754	0	0	0	0	0	0	1658787316179
1495	1750	0	0	0	0	0	0	1658787317199
1495	1748	0	0	0	0	0	0	1658787318219
1495	1747	0	0	0	0	0	0	1658787319239
1495	1746	0	0	0	0	0	0	1658787320259
1494	1745	0	0	0	0	0	0	1658787321279
1494	1744	0	0	0	0	0	0	1658787322299
1493	1744	0	0	0	0	0	0	1658787323319
1493	1744	0	0	0	0	0	0	1658787324339
1493	1744	0	0	0	0	0	0	1658787325359
1491	1744	0	0	0	0	0	0	1658787326379
1490	1744	0	0	0	0	0	0	1658787327399
1487	1744	0	0	0	0	0	0	1658787328419
1484	1744	0	0	0	0	0	0	1658787329439
1481	1744	0	0	0	0	0	0	1658787330459
1479	1744	0	0	0	0	0	0	1658787331479
1476	1744	0	0	0	0	0	0	1658787332499
1475	1744	0	0	0	0	0	0	1658787333519
1474	1744	0	0	0	0	0	0	1658787334539
1473	1744	0	0	0	0	0	0	1658787335559
1472	1744	0	0	0	0	0	0	1658787336579
1470	1744	0	0	0	0	0	0	1658787337599
1469	1744	0	0	0	0	0	0	1658787338619
1468	1744	0	0	0	0	0	0	1658787339639
1468	1744	0	0	0	0	0	0	1658787340659
1468	1744	0	0	0	0	0	0	1658787341679
1468	1744	0	0	0	0	0	0	1658787342699
1468	1744	0	0	0	0	0	0	1658787343719
1468	1744	0	0	0	0	0	0	1658787344739
1468	1744	0	0	0	0	0	0	1658787345759
1468	1744	0	0	0	0	0	0	1658787346779
1468	1743	0	0	0	0	0	0	1658787347799
1467	1742	0	0	0	0	0	0	1658787348819
1467	1742	0	0	0	0	0	0	1658787349839
1467	1738	0	0	0	0	0	0	1658787350859
1467	1733	0	0	0	0	0	0	1658787351879
1467	1728	0	0	0	0	0	0	1658787352899
1467	1724	0	0	0	0	0	0	1658787353919
1467	1721	0	0	0	0	0	0	1658787354939
1467	1719	0	0	0	0	0	0	1658787355959
1467	1718	0	0	0	0	0	0	1658787356979
1467	1717	0	0	0	0	0	0	1658787357999
1467	1717	0	0	0	0	0	0	1658787359019
1467	1717	0	0	0	0	0	0	1658787360039
1467	1717	0	0	0	0	0	0	1658787361059
1467	1717	0	0	0	0	0	0	1658787362079
1467	1717	0	0	0	0	0	0	1658787363099
1467	1717	0	0	0	0	0	0	1658787364119
1467	1717	0	0	0	0	0	0	1658787365139
1467	1717	0	0	0	0	0	0	1658787366159
1467	1717	0	0	0	0	0	0	1658787367179
1467	1716	0	0	0	0	0	0	1658787368199
1467	1716	0	0	0	0	0	0	1658787369219
1467	1716	0	0	0	0	0	0	1658787370239
1467	1716	0	0	0	0	0	0	1658787371259
1467	1716	0	0	0	0	0	0	1658787372279
1467	1716	0	0	0	0	0	0	1658787373299
1467	1716	0	0	0	0	0	0	1658787374319
1467	1716	0	0	0	0	0	0	1658787375339
1467	1716	0	0	0	0	0	0	1658787376359
1467	1716	0	0	0	0	0	0	1658787377379
1467	1716	0	0	0	0	0	0	1658787378399
1467	1716	0	0	0	0	0	0	1658787379419
1467	1716	0	0	0	0	0	0	1658787380439
1467	1716	0	0	0	0	0	0	1658787381459
1467	1715	0	0	0	0	0	0	1658787382479
1467	1715	0	0	0	0	0	0	1658787383499
1467	1711	0	0	0	0	0	0	1658787384519
1467	1706	0	0	0	0	0	0	1658787385539
1467	1701	0	0	0	0	0	0	1658787386559
1467	1696	0	0	0	0	0	0	1658787387579
1467	1693	0	0	0	0	0	0	1658787388599
1467	1691	0	0	0	0	0	0	1658787389619
1467	1690	0	0	0	0	0	0	1658787390639
1467	1689	0	0	0	0	0	0	1658787391659
1467	1689	0	0	0	0	0	0	1658787392679
1467	1689	0	0	0	0	0	0	1658787393699
1467	1689	0	0	0	0	0	0	1658787394719
1467	1689	0	0	0	0	0	0	1658787395739
1467	1688	0	0	0	0	0	0	1658787396759
1467	1688	0	0	0	0	0	0	1658787397779
1467	1688	0	0	0	0	0	0	1658787398799
1467	1688	0	0	0	0	0	0	1658787399819
1466	1688	0	0	0	0	0	0	1658787400839
1466	1688	0	0	0	0	0	0	1658787401859
1467	1688	0	0	0	0	0	0	1658787402879
1467	1688	0	0	0	0	0	0	1658787403899
1465	1688	0	0	0	0	0	0	1658787404919
1465	1688	0	0	0	0	0	0	1658787405939
1464	1688	0	0	0	0	0	0	1658787406959
1462	1688	0	0	0	0	0	0	1658787407979
1459	1688	0	0	0	0	0	0	1658787408999
1458	1688	0	0	0	0	0	0	1658787410019
1457	1688	0	0	0	0	0	0	1658787411039
1466	1688	0	0	0	0	0	0	1658787412059
1458	1688	0	0	0	0	0	0	1658787413079
1454	1688	0	0	0	0	0	0	1658787414099
1449	1688	0	0	0	0	0	0	1658787415119
1446	1688	0	0	0	0	0	0	1658787416139
1444	1688	0	0	0	0	0	0	1658787417159
1444	1688	0	0	0	0	0	0	1658787418179
1443	1688	0	0	0	0	0	0	1658787419199
1442	1686	0	0	0	0	0	0	1658787420219
1441	1686	0	0	0	0	0	0	1658787421239
1440	1682	0	0	0	0	0	0	1658787422259
1440	1678	0	0	0	0	0	0	1658787423279
1440	1675	0	0	0	0	0	0	1658787424299
1440	1671	0	0	0	0	0	0	1658787425319
1440	1668	0	0	0	0	0	0	1658787426339
1440	1665	0	0	0	0	0	0	1658787427359
1440	1664	0	0	0	0	0	0	1658787428379
1440	1662	0	0	0	0	0	0	1658787429399
1440	1661	0	0	0	0	0	0	1658787430419
1440	1663	0	0	0	0	0	0	1658787431439
1440	1664	0	0	0	0	0	0	1658787432459
1440	1663	0	0	0	0	0	0	1658787433479
1440	1662	0	0	0	0	0	0	1658787434499
1440	1661	0	0	0	0	0	0	1658787435519
1440	1661	0	0	0	0	0	0	1658787436539
1440	1661	0	0	0	0	0	0	1658787437559
1440	1661	0	0	0	0	0	0	1658787438579
1440	1661	0	0	0	0	0	0	1658787439599
1440	1660	0	0	0	0	0	0	1658787440619
1440	1660	0	0	0	0	0	0	1658787441639
1440	1660	0	0	0	0	0	0	1658787442659
1440	1660	0	0	0	0	0	0	1658787443679
1440	1660	0	0	0	0	0	0	1658787444699
1440	1660	0	0	0	0	0	0	1658787445719
1440	1660	0	0	0	0	0	0	1658787446739
1440	1660	0	0	0	0	0	0	1658787447759
1440	1660	0	0	0	0	0	0	1658787448779
1440	1660	0	0	0	0	0	0	1658787449799
1440	1660	0	0	0	0	0	0	1658787450819
1440	1660	0	0	0	0	0	0	1658787451839
1440	1660	0	0	0	0	0	0	1658787452859
1440	1660	0	0	0	0	0	0	1658787453879
1440	1660	0	0	0	0	0	0	1658787454899
1440	1660	0	0	0	0	0	0	1658787455919
1440	1660	0	0	0	0	0	0	1658787456939
1440	1660	0	0	0	0	0	0	1658787457959
1440	1660	0	0	0	0	0	0	1658787458979
1440	1660	0	0	0	0	0	0	1658787459999
1440	1659	0	0	0	0	0	0	1658787461019
1440	1657	0	0	0	0	0	0	1658787462039
1440	1654	0	0	0	0	0	0	1658787463059
1440	1652	0	0	0	0	0	0	1658787464079
1440	1649	0	0	0	0	0	0	1658787465099
1440	1647	0	0	0	0	0	0	1658787466119
1440	1642	0	0	0	0	0	0	1658787467139
1440	1639	0	0	0	0	0	0	1658787468159
1440	1637	0	0	0	0	0	0	1658787469179
1440	1635	0	0	0	0	0	0	1658787470199
1440	1634	0	0	0	0	0	0	1658787471219
1440	1633	0	0	0	0	0	0	1658787472239
1440	1633	0	0	0	0	0	0	1658787473259
1440	1633	0	0	0	0	0	0	1658787474279
1440	1633	0	0	0	0	0	0	1658787475299
1440	1633	0	0	0	0	0	0	1658787476319
1440	1633	0	0	0	0	0	0	1658787477339
1440	1632	0	0	0	0	0	0	1658787478359
1440	1632	0	0	0	0	0	0	1658787479379
1440	1632	0	0	0	0	0	0	1658787480399
1440	1632	0	0	0	0	0	0	1658787481419
1440	1632	0	0	0	0	0	0	1658787482439
1440	1632	0	0	0	0	0	0	1658787483459
1440	1632	0	0	0	0	0	0	1658787484479
1440	1632	0	0	0	0	0	0	1658787485499
1440	1632	0	0	0	0	0	0	1658787486519
1439	1632	0	0	0	0	0	0	1658787487539
1438	1632	0	0	0	0	0	0	1658787488559
1437	1632	0	0	0	0	0	0	1658787489579
1436	1632	0	0	0	0	0	0	1658787490599
1436	1632	0	0	0	0	0	0	1658787491619
1434	1632	0	0	0	0	0	0	1658787492639
1432	1632	0	0	0	0	0	0	1658787493659
1430	1632	0	0	0	0	0	0	1658787494679
1429	1632	0	0	0	0	0	0	1658787495699
1427	1632	0	0	0	0	0	0	1658787496719
1426	1632	0	0	0	0	0	0	1658787497739
1424	1632	0	0	0	0	0	0	1658787498759
1424	1632	0	0	0	0	0	0	1658787499779
1422	1632	0	0	0	0	0	0	1658787500799
1421	1632	0	0	0	0	0	0	1658787501819
1418	1632	0	0	0	0	0	0	1658787502839
1417	1632	0	0	0	0	0	0	1658787503859
1415	1632	0	0	0	0	0	0	1658787504879
1416	1632	0	0	0	0	0	0	1658787505899
1416	1632	0	0	0	0	0	0	1658787506919
1416	1632	0	0	0	0	0	0	1658787507939
1415	1631	0	0	0	0	0	0	1658787508959
1414	1631	0	0	0	0	0	0	1658787509979
1413	1629	0	0	0	0	0	0	1658787510999
1413	1627	0	0	0	0	0	0	1658787512019
1413	1625	0	0	0	0	0	0	1658787513039
1413	1621	0	0	0	0	0	0	1658787514059
1413	1617	0	0	0	0	0	0	1658787515079
1413	1614	0	0	0	0	0	0	1658787516099
1412	1611	0	0	0	0	0	0	1658787517119
1412	1609	0	0	0	0	0	0	1658787518139
1412	1608	0	0	0	0	0	0	1658787519159
1412	1607	0	0	0	0	0	0	1658787520179
1412	1606	0	0	0	0	0	0	1658787521199
1412	1605	0	0	0	0	0	0	1658787522219
1412	1605	0	0	0	0	0	0	1658787523239
1412	1605	0	0	0	0	0	0	1658787524259
1412	1605	0	0	0	0	0	0	1658787525279
1412	1605	0	0	0	0	0	0	1658787526299
1412	1605	0	0	0	0	0	0	1658787527319
1412	1605	0	0	0	0	0	0	1658787528339
1412	1605	0	0	0	0	0	0	1658787529359
1412	1605	0	0	0	0	0	0	1658787530379
1412	1604	0	0	0	0	0	0	1658787531399
1412	1604	0	0	0	0	0	0	1658787532419
1412	1604	0	0	0	0	0	0	1658787533439
1412	1604	0	0	0	0	0	0	1658787534459
1412	1604	0	0	0	0	0	0	1658787535479
1412	1604	0	0	0	0	0	0	1658787536499
1412	1604	0	0	0	0	0	0	1658787537519
1412	1604	0	0	0	0	0	0	1658787538539
1412	1604	0	0	0	0	0	0	1658787539559
1412	1604	0	0	0	0	0	0	1658787540579
1412	1604	0	0	0	0	0	0	1658787541599
1412	1604	0	0	0	0	0	0	1658787542619
1412	1604	0	0	0	0	0	0	1658787543639
1412	1604	0	0	0	0	0	0	1658787544659
1412	1604	0	0	0	0	0	0	1658787545679
1412	1604	0	0	0	0	0	0	1658787546699
1412	1604	0	0	0	0	0	0	1658787547719
1412	1604	0	0	0	0	0	0	1658787548739
1412	1604	0	0	0	0	0	0	1658787549759
1412	1604	0	0	0	0	0	0	1658787550779
1412	1604	0	0	0	0	0	0	1658787551799
1412	1604	0	0	0	0	0	0	1658787552819
1412	1604	0	0	0	0	0	0	1658787553839
1412	1604	0	0	0	0	0	0	1658787554859
1412	1604	0	0	0	0	0	0	1658787555879
1412	1604	0	0	0	0	0	0	1658787556899
1412	1604	0	0	0	0	0	0	1658787557919
1412	1604	0	0	0	0	0	0	1658787558939
1412	1604	0	0	0	0	0	0	1658787559959
1412	1604	0	0	0	0	0	0	1658787560979
1412	1603	0	0	0	0	0	0	1658787561999
1412	1604	0	0	0	0	0	0	1658787563019
1412	1603	0	0	0	0	0	0	1658787564039
1412	1602	0	0	0	0	0	0	1658787565059
1412	1599	0	0	0	0	0	0	1658787566079
1412	1597	0	0	0	0	0	0	1658787567099
1412	1595	0	0	0	0	0	0	1658787568119
1412	1592	0	0	0	0	0	0	1658787569139
1412	1589	0	0	0	0	0	0	1658787570159
1412	1587	0	0	0	0	0	0	1658787571179
1412	1584	0	0	0	0	0	0	1658787572199
1412	1581	0	0	0	0	0	0	1658787573219
1412	1580	0	0	0	0	0	0	1658787574239
1412	1579	0	0	0	0	0	0	1658787575259
1412	1578	0	0	0	0	0	0	1658787576279
1412	1578	0	0	0	0	0	0	1658787577299
1412	1577	0	0	0	0	0	0	1658787578319
1412	1577	0	0	0	0	0	0	1658787579339
1412	1577	0	0	0	0	0	0	1658787580359
1412	1577	0	0	0	0	0	0	1658787581379
1412	1577	0	0	0	0	0	0	1658787582399
1412	1577	0	0	0	0	0	0	1658787583419
1412	1577	0	0	0	0	0	0	1658787584439
1412	1577	0	0	0	0	0	0	1658787585459
1412	1577	0	0	0	0	0	0	1658787586479
1412	1577	0	0	0	0	0	0	1658787587499
1412	1577	0	0	0	0	0	0	1658787588519
1412	1577	0	0	0	0	0	0	1658787589539
1412	1577	0	0	0	0	0	0	1658787590559
1412	1577	0	0	0	0	0	0	1658787591579
1412	1577	0	0	0	0	0	0	1658787592599
1412	1577	0	0	0	0	0	0	1658787593619
1412	1577	0	0	0	0	0	0	1658787594639
1412	1577	0	0	0	0	0	0	1658787595659
1412	1577	0	0	0	0	0	0	1658787596679
1412	1577	0	0	0	0	0	0	1658787597699
1412	1577	0	0	0	0	0	0	1658787598719
1412	1577	0	0	0	0	0	0	1658787599739
1412	1577	0	0	0	0	0	0	1658787600759
1412	1577	0	0	0	0	0	0	1658787601779
1412	1577	0	0	0	0	0	0	1658787602799
1412	1577	0	0	0	0	0	0	1658787603819
1412	1577	0	0	0	0	0	0	1658787604839
1412	1577	0	0	0	0	0	0	1658787605859
1412	1577	0	0	0	0	0	0	1658787606879
1412	1577	0	0	0	0	0	0	1658787607899
1412	1577	0	0	0	0	0	0	1658787608919
1412	1577	0	0	0	0	0	0	1658787609939
1411	1577	0	0	0	0	0	0	1658787610959
1410	1577	0	0	0	0	0	0	1658787611979
1410	1577	0	0	0	0	0	0	1658787612999
1409	1577	0	0	0	0	0	0	1658787614019
1408	1577	0	0	0	0	0	0	1658787615039
1406	1577	0	0	0	0	0	0	1658787616059
1405	1577	0	0	0	0	0	0	1658787617079
1403	1577	0	0	0	0	0	0	1658787618099
1402	1577	0	0	0	0	0	0	1658787619119
1401	1577	0	0	0	0	0	0	1658787620139
1400	1577	0	0	0	0	0	0	1658787621159
1396	1576	0	0	0	0	0	0	1658787622179
1395	1575	0	0	0	0	0	0	1658787623199
1394	1574	0	0	0	0	0	0	1658787624219
1392	1574	0	0	0	0	0	0	1658787625239
1391	1573	0	0	0	0	0	0	1658787626259
1391	1573	0	0	0	0	0	0	1658787627279
1390	1573	0	0	0	0	0	0	1658787628299
1389	1570	0	0	0	0	0	0	1658787629319
1388	1567	0	0	0	0	0	0	1658787630339
1388	1564	0	0	0	0	0	0	1658787631359
1388	1563	0	0	0	0	0	0	1658787632379
1386	1561	0	0	0	0	0	0	1658787633399
1385	1559	0	0	0	0	0	0	1658787634419
1384	1557	0	0	0	0	0	0	1658787635439
1384	1556	0	0	0	0	0	0	1658787636459
1385	1554	0	0	0	0	0	0	1658787637479
1385	1553	0	0	0	0	0	0	1658787638499
1385	1552	0	0	0	0	0	0	1658787639519
1385	1551	0	0	0	0	0	0	1658787640539
1385	1550	0	0	0	0	0	0	1658787641559
1385	1549	0	0	0	0	0	0	1658787642579
1385	1549	0	0	0	0	0	0	1658787643599
1385	1549	0	0	0	0	0	0	1658787644619
1385	1549	0	0	0	0	0	0	1658787645639
1385	1549	0	0	0	0	0	0	1658787646659
1384	1549	0	0	0	0	0	0	1658787647679
1384	1549	0	0	0	0	0	0	1658787648699
1384	1549	0	0	0	0	0	0	1658787649719
1384	1549	0	0	0	0	0	0	1658787650739
1384	1549	0	0	0	0	0	0	1658787651759
1384	1549	0	0	0	0	0	0	1658787652779
1384	1549	0	0	0	0	0	0	1658787653799
1384	1549	0	0	0	0	0	0	1658787654819
1384	1549	0	0	0	0	0	0	1658787655839
1384	1549	0	0	0	0	0	0	1658787656859
1384	1549	0	0	0	0	0	0	1658787657879
1384	1549	0	0	0	0	0	0	1658787658899
1384	1549	0	0	0	0	0	0	1658787659919
1384	1549	0	0	0	0	0	0	1658787660939
1384	1549	0	0	0	0	0	0	1658787661959
1384	1549	0	0	0	0	0	0	1658787662979
1384	1549	0	0	0	0	0	0	1658787663999
1384	1549	0	0	0	0	0	0	1658787665019
1384	1549	0	0	0	0	0	0	1658787666039
1384	1549	0	0	0	0	0	0	1658787667059
1384	1549	0	0	0	0	0	0	1658787668079
1384	1549	0	0	0	0	0	0	1658787669099
1384	1549	0	0	0	0	0	0	1658787670119
1384	1549	0	0	0	0	0	0	1658787671139
1384	1549	0	0	0	0	0	0	1658787672159
1384	1549	0	0	0	0	0	0	1658787673179
1384	1549	0	0	0	0	0	0	1658787674199
1384	1549	0	0	0	0	0	0	1658787675219
1384	1549	0	0	0	0	0	0	1658787676239
1384	1549	0	0	0	0	0	0	1658787677259
1384	1549	0	0	0	0	0	0	1658787678279
1384	1549	0	0	0	0	0	0	1658787679299
1384	1549	0	0	0	0	0	0	1658787680319
1384	1549	0	0	0	0	0	0	1658787681339
1384	1549	0	0	0	0	0	0	1658787682359
1384	1549	0	0	0	0	0	0	1658787683379
1384	1549	0	0	0	0	0	0	1658787684399
1384	1549	0	0	0	0	0	0	1658787685419
1384	1549	0	0	0	0	0	0	1658787686439
1384	1549	0	0	0	0	0	0	1658787687459
1384	1549	0	0	0	0	0	0	1658787688479
1384	1549	0	0	0	0	0	0	1658787689499
1384	1549	0	0	0	0	0	0	1658787690519
1384	1549	0	0	0	0	0	0	1658787691539
1384	1549	0	0	0	0	0	0	1658787692559
1384	1549	0	0	0	0	0	0	1658787693579
1384	1549	0	0	0	0	0	0	1658787694599
1384	1549	0	0	0	0	0	0	1658787695619
1384	1549	0	0	0	0	0	0	1658787696639
1384	1549	0	0	0	0	0	0	1658787697659
1384	1549	0	0	0	0	0	0	1658787698679
1384	1549	0	0	0	0	0	0	1658787699699
1384	1549	0	0	0	0	0	0	1658787700719
1384	1549	0	0	0	0	0	0	1658787701739
1384	1549	0	0	0	0	0	0	1658787702759
1384	1549	0	0	0	0	0	0	1658787703779
1384	1549	0	0	0	0	0	0	1658787704799
1384	1549	0	0	0	0	0	0	1658787705819
1384	1549	0	0	0	0	0	0	1658787706839
1384	1548	0	0	0	0	0	0	1658787707859
1384	1548	0	0	0	0	0	0	1658787708879
1384	1547	0	0	0	0	0	0	1658787709899
1384	1547	0	0	0	0	0	0	1658787710919
1384	1546	0	0	0	0	0	0	1658787711939
1384	1547	0	0	0	0	0	0	1658787712959
1384	1545	0	0	0	0	0	0	1658787713979
1384	1544	0	0	0	0	0	0	1658787714999
1384	1543	0	0	0	0	0	0	1658787716019
1384	1542	0	0	0	0	0	0	1658787717039
1384	1540	0	0	0	0	0	0	1658787718059
1384	1539	0	0	0	0	0	0	1658787719079
1384	1536	0	0	0	0	0	0	1658787720099
1384	1534	0	0	0	0	0	0	1658787721119
1384	1532	0	0	0	0	0	0	1658787722139
1384	1531	0	0	0	0	0	0	1658787723159
1384	1529	0	0	0	0	0	0	1658787724179
1384	1527	0	0	0	0	0	0	1658787725199
1384	1525	0	0	0	0	0	0	1658787726219
1384	1523	0	0	0	0	0	0	1658787727239
1384	1522	0	0	0	0	0	0	1658787728259
1384	1522	0	0	0	0	0	0	1658787729279
1384	1522	0	0	0	0	0	0	1658787730299
1384	1522	0	0	0	0	0	0	1658787731319
1384	1521	0	0	0	0	0	0	1658787732339
1384	1521	0	0	0	0	0	0	1658787733359
1384	1521	0	0	0	0	0	0	1658787734379
1384	1521	0	0	0	0	0	0	1658787735399
1384	1521	0	0	0	0	0	0	1658787736419
1384	1521	0	0	0	0	0	0	1658787737439
1384	1521	0	0	0	0	0	0	1658787738459
1384	1521	0	0	0	0	0	0	1658787739479
1384	1521	0	0	0	0	0	0	1658787740499
1384	1521	0	0	0	0	0	0	1658787741519
1384	1521	0	0	0	0	0	0	1658787742539
1384	1521	0	0	0	0	0	0	1658787743559
1384	1521	0	0	0	0	0	0	1658787744579
1384	1521	0	0	0	0	0	0	1658787745599
1384	1521	0	0	0	0	0	0	1658787746619
1384	1521	0	0	0	0	0	0	1658787747639
1384	1521	0	0	0	0	0	0	1658787748659
1384	1521	0	0	0	0	0	0	1658787749679
1383	1521	0	0	0	0	0	0	1658787750699
1383	1521	0	0	0	0	0	0	1658787751719
1383	1521	0	0	0	0	0	0	1658787752739
1383	1521	0	0	0	0	0	0	1658787753759
1383	1521	0	0	0	0	0	0	1658787754779
1383	1521	0	0	0	0	0	0	1658787755799
1383	1521	0	0	0	0	0	0	1658787756819
1382	1521	0	0	0	0	0	0	1658787757839
1381	1521	0	0	0	0	0	0	1658787758859
1381	1521	0	0	0	0	0	0	1658787759879
1382	1521	0	0	0	0	0	0	1658787760899
1381	1521	0	0	0	0	0	0	1658787761919
1381	1521	0	0	0	0	0	0	1658787762939
1379	1521	0	0	0	0	0	0	1658787763959
1378	1521	0	0	0	0	0	0	1658787764979
1375	1521	0	0	0	0	0	0	1658787765999
1373	1521	0	0	0	0	0	0	1658787767019
1373	1521	0	0	0	0	0	0	1658787768039
1372	1521	0	0	0	0	0	0	1658787769059
1372	1521	0	0	0	0	0	0	1658787770079
1371	1521	0	0	0	0	0	0	1658787771099
1368	1521	0	0	0	0	0	0	1658787772119
1365	1521	0	0	0	0	0	0	1658787773139
1363	1521	0	0	0	0	0	0	1658787774159
1362	1521	0	0	0	0	0	0	1658787775179
1361	1521	0	0	0	0	0	0	1658787776199
1361	1521	0	0	0	0	0	0	1658787777219
1360	1521	0	0	0	0	0	0	1658787778239
1359	1521	0	0	0	0	0	0	1658787779259
1358	1521	0	0	0	0	0	0	1658787780279
1358	1521	0	0	0	0	0	0	1658787781299
1357	1521	0	0	0	0	0	0	1658787782319
1357	1521	0	0	0	0	0	0	1658787783339
1357	1521	0	0	0	0	0	0	1658787784359
1357	1521	0	0	0	0	0	0	1658787785379
1357	1521	0	0	0	0	0	0	1658787786399
1357	1521	0	0	0	0	0	0	1658787787419
1357	1521	0	0	0	0	0	0	1658787788439
1358	1521	0	0	0	0	0	0	1658787789459
1358	1521	0	0	0	0	0	0	1658787790479
1358	1521	0	0	0	0	0	0	1658787791499
1357	1521	0	0	0	0	0	0	1658787792519
1357	1521	0	0	0	0	0	0	1658787793539
1357	1521	0	0	0	0	0	0	1658787794559
1357	1521	0	0	0	0	0	0	1658787795579
1357	1521	0	0	0	0	0	0	1658787796599
1357	1521	0	0	0	0	0	0	1658787797619
1357	1521	0	0	0	0	0	0	1658787798639
1357	1521	0	0	0	0	0	0	1658787799659
1357	1521	0	0	0	0	0	0	1658787800679
1357	1521	0	0	0	0	0	0	1658787801699
1357	1521	0	0	0	0	0	0	1658787802719
1357	1521	0	0	0	0	0	0	1658787803739
1357	1521	0	0	0	0	0	0	1658787804759
1357	1521	0	0	0	0	0	0	1658787805779
1357	1521	0	0	0	0	0	0	1658787806799
1356	1521	0	0	0	0	0	0	1658787807819
1356	1521	0	0	0	0	0	0	1658787808839
1356	1521	0	0	0	0	0	0	1658787809859
1356	1521	0	0	0	0	0	0	1658787810879
1356	1521	0	0	0	0	0	0	1658787811899
1356	1521	0	0	0	0	0	0	1658787812919
1356	1521	0	0	0	0	0	0	1658787813939
1356	1521	0	0	0	0	0	0	1658787814959
1356	1521	0	0	0	0	0	0	1658787815979
1356	1521	0	0	0	0	0	0	1658787816999
1356	1521	0	0	0	0	0	0	1658787818019
1356	1521	0	0	0	0	0	0	1658787819039
1356	1521	0	0	0	0	0	0	1658787820059
1356	1521	0	0	0	0	0	0	1658787821079
1356	1521	0	0	0	0	0	0	1658787822099
1356	1521	0	0	0	0	0	0	1658787823119
1356	1521	0	0	0	0	0	0	1658787824139
1356	1521	0	0	0	0	0	0	1658787825159
1356	1519	0	0	0	0	0	0	1658787826179
1356	1518	0	0	0	0	0	0	1658787827199
1356	1519	0	0	0	0	0	0	1658787828219
1356	1520	0	0	0	0	0	0	1658787829239
1356	1519	0	0	0	0	0	0	1658787830259
1356	1518	0	0	0	0	0	0	1658787831279
1356	1519	0	0	0	0	0	0	1658787832299
1356	1519	0	0	0	0	0	0	1658787833319
1356	1518	0	0	0	0	0	0	1658787834339
1356	1517	0	0	0	0	0	0	1658787835359
1356	1514	0	0	0	0	0	0	1658787836379
1356	1514	0	0	0	0	0	0	1658787837399
1356	1511	0	0	0	0	0	0	1658787838419
1356	1510	0	0	0	0	0	0	1658787839439
1356	1509	0	0	0	0	0	0	1658787840459
1356	1506	0	0	0	0	0	0	1658787841479
1356	1505	0	0	0	0	0	0	1658787842499
1356	1503	0	0	0	0	0	0	1658787843519
1356	1502	0	0	0	0	0	0	1658787844539
1356	1501	0	0	0	0	0	0	1658787845559
1356	1501	0	0	0	0	0	0	1658787846579
1356	1500	0	0	0	0	0	0	1658787847599
1356	1499	0	0	0	0	0	0	1658787848619
1356	1497	0	0	0	0	0	0	1658787849639
1356	1496	0	0	0	0	0	0	1658787850659
1356	1496	0	0	0	0	0	0	1658787851679
1356	1495	0	0	0	0	0	0	1658787852699
1356	1495	0	0	0	0	0	0	1658787853719
1356	1495	0	0	0	0	0	0	1658787854739
1356	1495	0	0	0	0	0	0	1658787855759
1356	1495	0	0	0	0	0	0	1658787856779
1356	1495	0	0	0	0	0	0	1658787857799
1356	1494	0	0	0	0	0	0	1658787858819
1356	1494	0	0	0	0	0	0	1658787859839
1356	1494	0	0	0	0	0	0	1658787860859
1356	1494	0	0	0	0	0	0	1658787861879
1356	1494	0	0	0	0	0	0	1658787862899
1356	1494	0	0	0	0	0	0	1658787863919
1356	1494	0	0	0	0	0	0	1658787864939
1356	1494	0	0	0	0	0	0	1658787865959
1356	1494	0	0	0	0	0	0	1658787866979
1356	1494	0	0	0	0	0	0	1658787867999
1356	1494	0	0	0	0	0	0	1658787869019
1356	1494	0	0	0	0	0	0	1658787870039
1356	1494	0	0	0	0	0	0	1658787871059
1356	1494	0	0	0	0	0	0	1658787872079
1356	1494	0	0	0	0	0	0	1658787873099
1356	1494	0	0	0	0	0	0	1658787874119
1356	1494	0	0	0	0	0	0	1658787875139
1356	1494	0	0	0	0	0	0	1658787876159
1356	1494	0	0	0	0	0	0	1658787877179
1356	1494	0	0	0	0	0	0	1658787878199
1356	1494	0	0	0	0	0	0	1658787879219
1356	1494	0	0	0	0	0	0	1658787880239
1356	1494	0	0	0	0	0	0	1658787881259
1356	1494	0	0	0	0	0	0	1658787882279
1356	1494	0	0	0	0	0	0	1658787883299
1356	1494	0	0	0	0	0	0	1658787884319
1356	1494	0	0	0	0	0	0	1658787885339
1356	1494	0	0	0	0	0	0	1658787886359
1356	1494	0	0	0	0	0	0	1658787887379
1356	1494	0	0	0	0	0	0	1658787888399
1356	1494	0	0	0	0	0	0	1658787889419
1356	1494	0	0	0	0	0	0	1658787890439
1355	1494	0	0	0	0	0	0	1658787891459
1355	1494	0	0	0	0	0	0	1658787892479
1355	1494	0	0	0	0	0	0	1658787893499
1355	1494	0	0	0	0	0	0	1658787894519
1355	1494	0	0	0	0	0	0	1658787895539
1355	1494	0	0	0	0	0	0	1658787896559
1355	1494	0	0	0	0	0	0	1658787897579
1355	1494	0	0	0	0	0	0	1658787898599
1355	1494	0	0	0	0	0	0	1658787899619
1355	1494	0	0	0	0	0	0	1658787900639
1355	1494	0	0	0	0	0	0	1658787901659
1355	1494	0	0	0	0	0	0	1658787902679
1355	1494	0	0	0	0	0	0	1658787903699
1355	1494	0	0	0	0	0	0	1658787904719
1355	1494	0	0	0	0	0	0	1658787905739
1355	1494	0	0	0	0	0	0	1658787906759
1355	1494	0	0	0	0	0	0	1658787907779
1355	1494	0	0	0	0	0	0	1658787908799
1355	1494	0	0	0	0	0	0	1658787909819
1355	1494	0	0	0	0	0	0	1658787910839
1355	1494	0	0	0	0	0	0	1658787911859
1355	1494	0	0	0	0	0	0	1658787912879
1355	1494	0	0	0	0	0	0	1658787913899
1353	1494	0	0	0	0	0	0	1658787914919
1354	1494	0	0	0	0	0	0	1658787915939
1354	1494	0	0	0	0	0	0	1658787916959
1354	1494	0	0	0	0	0	0	1658787917979
1353	1494	0	0	0	0	0	0	1658787918999
1352	1494	0	0	0	0	0	0	1658787920019
1353	1494	0	0	0	0	0	0	1658787921039
1352	1494	0	0	0	0	0	0	1658787922059
1349	1494	0	0	0	0	0	0	1658787923079
1349	1494	0	0	0	0	0	0	1658787924099
1350	1494	0	0	0	0	0	0	1658787925119
1348	1494	0	0	0	0	0	0	1658787926139
1346	1494	0	0	0	0	0	0	1658787927159
1346	1494	0	0	0	0	0	0	1658787928179
1345	1494	0	0	0	0	0	0	1658787929199
1346	1494	0	0	0	0	0	0	1658787930219
1345	1494	0	0	0	0	0	0	1658787931239
1346	1494	0	0	0	0	0	0	1658787932259
1346	1494	0	0	0	0	0	0	1658787933279
1347	1494	0	0	0	0	0	0	1658787934299
1344	1494	0	0	0	0	0	0	1658787935319
1343	1494	0	0	0	0	0	0	1658787936339
1342	1494	0	0	0	0	0	0	1658787937359
1340	1494	0	0	0	0	0	0	1658787938379
1338	1494	0	0	0	0	0	0	1658787939399
1337	1494	0	0	0	0	0	0	1658787940419
1338	1494	0	0	0	0	0	0	1658787941439
1337	1494	0	0	0	0	0	0	1658787942459
1337	1494	0	0	0	0	0	0	1658787943479
1337	1494	0	0	0	0	0	0	1658787944499
1338	1494	0	0	0	0	0	0	1658787945519
1338	1494	0	0	0	0	0	0	1658787946539
1337	1494	0	0	0	0	0	0	1658787947559
1338	1494	0	0	0	0	0	0	1658787948579
1337	1494	0	0	0	0	0	0	1658787949599
1337	1494	0	0	0	0	0	0	1658787950619
1336	1493	0	0	0	0	0	0	1658787951639
1334	1493	0	0	0	0	0	0	1658787952659
1333	1493	0	0	0	0	0	0	1658787953679
1332	1493	0	0	0	0	0	0	1658787954699
1331	1493	0	0	0	0	0	0	1658787955719
1330	1493	0	0	0	0	0	0	1658787956739
1329	1493	0	0	0	0	0	0	1658787957759
1329	1493	0	0	0	0	0	0	1658787958779
1328	1493	0	0	0	0	0	0	1658787959799
1329	1493	0	0	0	0	0	0	1658787960819
1329	1493	0	0	0	0	0	0	1658787961839
1329	1493	0	0	0	0	0	0	1658787962859
1328	1493	0	0	0	0	0	0	1658787963879
1328	1493	0	0	0	0	0	0	1658787964899
1328	1493	0	0	0	0	0	0	1658787965919
1328	1493	0	0	0	0	0	0	1658787966939
1328	1493	0	0	0	0	0	0	1658787967959
1328	1493	0	0	0	0	0	0	1658787968979
1329	1493	0	0	0	0	0	0	1658787969999
1329	1493	0	0	0	0	0	0	1658787971019
1329	1493	0	0	0	0	0	0	1658787972039
1329	1493	0	0	0	0	0	0	1658787973059
1329	1493	0	0	0	0	0	0	1658787974079
1329	1493	0	0	0	0	0	0	1658787975099
1328	1493	0	0	0	0	0	0	1658787976119
1328	1493	0	0	0	0	0	0	1658787977139
1328	1493	0	0	0	0	0	0	1658787978159
1329	1493	0	0	0	0	0	0	1658787979179
1329	1493	0	0	0	0	0	0	1658787980199
1329	1493	0	0	0	0	0	0	1658787981219
1328	1493	0	0	0	0	0	0	1658787982239
1328	1493	0	0	0	0	0	0	1658787983259
1329	1493	0	0	0	0	0	0	1658787984279
1329	1493	0	0	0	0	0	0	1658787985299
1329	1493	0	0	0	0	0	0	1658787986319
1329	1493	0	0	0	0	0	0	1658787987339
1329	1493	0	0	0	0	0	0	1658787988359
1329	1493	0	0	0	0	0	0	1658787989379
1329	1492	0	0	0	0	0	0	1658787990399
1329	1492	0	0	0	0	0	0	1658787991419
1329	1492	0	0	0	0	0	0	1658787992439
1329	1492	0	0	0	0	0	0	1658787993459
1329	1492	0	0	0	0	0	0	1658787994479
1329	1492	0	0	0	0	0	0	1658787995499
1329	1491	0	0	0	0	0	0	1658787996519
1329	1490	0	0	0	0	0	0	1658787997539
1328	1490	0	0	0	0	0	0	1658787998559
1328	1491	0	0	0	0	0	0	1658787999579
1328	1490	0	0	0	0	0	0	1658788000599
1328	1489	0	0	0	0	0	0	1658788001619
1328	1489	0	0	0	0	0	0	1658788002639
1328	1490	0	0	0	0	0	0	1658788003659
1328	1490	0	0	0	0	0	0	1658788004679
1328	1488	0	0	0	0	0	0	1658788005699
1328	1489	0	0	0	0	0	0	1658788006719
1328	1489	0	0	0	0	0	0	1658788007739
1328	1489	0	0	0	0	0	0	1658788008759
1328	1488	0	0	0	0	0	0	1658788009779
1328	1486	0	0	0	0	0	0	1658788010799
1328	1485	0	0	0	0	0	0	1658788011819
1328	1485	0	0	0	0	0	0	1658788012839
1328	1485	0	0	0	0	0	0	1658788013859
1328	1485	0	0	0	0	0	0	1658788014879
1328	1484	0	0	0	0	0	0	1658788015899
1328	1483	0	0	0	0	0	0	1658788016919
1328	1482	0	0	0	0	0	0	1658788017939
1328	1481	0	0	0	0	0	0	1658788018959
1328	1480	0	0	0	0	0	0	1658788019979
1328	1480	0	0	0	0	0	0	1658788020999
1328	1479	0	0	0	0	0	0	1658788022019
1328	1476	0	0	0	0	0	0	1658788023039
1328	1477	0	0	0	0	0	0	1658788024059
1328	1476	0	0	0	0	0	0	1658788025079
1328	1475	0	0	0	0	0	0	1658788026099
1328	1476	0	0	0	0	0	0	1658788027119
1328	1474	0	0	0	0	0	0	1658788028139
1328	1475	0	0	0	0	0	0	1658788029159
1328	1473	0	0	0	0	0	0	1658788030179
1328	1472	0	0	0	0	0	0	1658788031199
1328	1471	0	0	0	0	0	0	1658788032219
1328	1472	0	0	0	0	0	0	1658788033239
1328	1471	0	0	0	0	0	0	1658788034259
1328	1471	0	0	0	0	0	0	1658788035279
1328	1470	0	0	0	0	0	0	1658788036299
1328	1470	0	0	0	0	0	0	1658788037319
1328	1469	0	0	0	0	0	0	1658788038339
1328	1468	0	0	0	0	0	0	1658788039359
1328	1467	0	0	0	0	0	0	1658788040379
1328	1468	0	0	0	0	0	0	1658788041399
1328	1467	0	0	0	0	0	0	1658788042419
1328	1467	0	0	0	0	0	0	1658788043439
1328	1467	0	0	0	0	0	0	1658788044459
1328	1467	0	0	0	0	0	0	1658788045479
1328	1466	0	0	0	0	0	0	1658788046499
1328	1466	0	0	0	0	0	0	1658788047519
1328	1466	0	0	0	0	0	0	1658788048539
1328	1466	0	0	0	0	0	0	1658788049559
1328	1466	0	0	0	0	0	0	1658788050579
1328	1466	0	0	0	0	0	0	1658788051599
1328	1466	0	0	0	0	0	0	1658788052619
1328	1466	0	0	0	0	0	0	1658788053639
1328	1466	0	0	0	0	0	0	1658788054659
1328	1466	0	0	0	0	0	0	1658788055679
1328	1466	0	0	0	0	0	0	1658788056699
1328	1466	0	0	0	0	0	0	1658788057719
1328	1466	0	0	0	0	0	0	1658788058739
1328	1466	0	0	0	0	0	0	1658788059759
1328	1466	0	0	0	0	0	0	1658788060779
1328	1466	0	0	0	0	0	0	1658788061799
1328	1466	0	0	0	0	0	0	1658788062819
1328	1466	0	0	0	0	0	0	1658788063839
1328	1466	0	0	0	0	0	0	1658788064859
1328	1466	0	0	0	0	0	0	1658788065879
1328	1466	0	0	0	0	0	0	1658788066899
1328	1466	0	0	0	0	0	0	1658788067919
1328	1466	0	0	0	0	0	0	1658788068939
1328	1466	0	0	0	0	0	0	1658788069959
1328	1466	0	0	0	0	0	0	1658788070979
1328	1466	0	0	0	0	0	0	1658788071999
1328	1466	0	0	0	0	0	0	1658788073019
1328	1466	0	0	0	0	0	0	1658788074039
1328	1466	0	0	0	0	0	0	1658788075059
1328	1466	0	0	0	0	0	0	1658788076079
1328	1466	0	0	0	0	0	0	1658788077099
1328	1466	0	0	0	0	0	0	1658788078119
1328	1466	0	0	0	0	0	0	1658788079139
1328	1466	0	0	0	0	0	0	1658788080159
1328	1466	0	0	0	0	0	0	1658788081179
1328	1466	0	0	0	0	0	0	1658788082199
1328	1466	0	0	0	0	0	0	1658788083219
1328	1466	0	0	0	0	0	0	1658788084239
1328	1466	0	0	0	0	0	0	1658788085259
1328	1466	0	0	0	0	0	0	1658788086279
1328	1466	0	0	0	0	0	0	1658788087299
1328	1466	0	0	0	0	0	0	1658788088319
1328	1466	0	0	0	0	0	0	1658788089339
1328	1466	0	0	0	0	0	0	1658788090359
1328	1466	0	0	0	0	0	0	1658788091379
1328	1466	0	0	0	0	0	0	1658788092399
1328	1466	0	0	0	0	0	0	1658788093419
1328	1466	0	0	0	0	0	0	1658788094439
1328	1466	0	0	0	0	0	0	1658788095459
1328	1466	0	0	0	0	0	0	1658788096479
1328	1466	0	0	0	0	0	0	1658788097499
1328	1466	0	0	0	0	0	0	1658788098519
1328	1466	0	0	0	0	0	0	1658788099539
1328	1466	0	0	0	0	0	0	1658788100559
1328	1466	0	0	0	0	0	0	1658788101579
1328	1466	0	0	0	0	0	0	1658788102599
1328	1466	0	0	0	0	0	0	1658788103619
1328	1466	0	0	0	0	0	0	1658788104639
1328	1466	0	0	0	0	0	0	1658788105659
1328	1466	0	0	0	0	0	0	1658788106679
1328	1466	0	0	0	0	0	0	1658788107699
1328	1466	0	0	0	0	0	0	1658788108719
1328	1466	0	0	0	0	0	0	1658788109739
1328	1466	0	0	0	0	0	0	1658788110759
1328	1466	0	0	0	0	0	0	1658788111779
1328	1466	0	0	0	0	0	0	1658788112799
1328	1466	0	0	0	0	0	0	1658788113819
1328	1466	0	0	0	0	0	0	1658788114839
1328	1466	0	0	0	0	0	0	1658788115859
1328	1466	0	0	0	0	0	0	1658788116879
1328	1466	0	0	0	0	0	0	1658788117899
1328	1466	0	0	0	0	0	0	1658788118919
1328	1466	0	0	0	0	0	0	1658788119939
1328	1466	0	0	0	0	0	0	1658788120959
1328	1466	0	0	0	0	0	0	1658788121979
1328	1466	0	0	0	0	0	0	1658788122999
1328	1466	0	0	0	0	0	0	1658788124019
1328	1466	0	0	0	0	0	0	1658788125039
1328	1466	0	0	0	0	0	0	1658788126059
1328	1466	0	0	0	0	0	0	1658788127079
1328	1466	0	0	0	0	0	0	1658788128099
1328	1466	0	0	0	0	0	0	1658788129119
1328	1466	0	0	0	0	0	0	1658788130139
1328	1466	0	0	0	0	0	0	1658788131159
1328	1466	0	0	0	0	0	0	1658788132179
1328	1466	0	0	0	0	0	0	1658788133199
1328	1466	0	0	0	0	0	0	1658788134219
1328	1466	0	0	0	0	0	0	1658788135239
1328	1466	0	0	0	0	0	0	1658788136259
1328	1466	0	0	0	0	0	0	1658788137279
1328	1466	0	0	0	0	0	0	1658788138299
1328	1466	0	0	0	0	0	0	1658788139319
1328	1466	0	0	0	0	0	0	1658788140339
1328	1466	0	0	0	0	0	0	1658788141359
1328	1466	0	0	0	0	0	0	1658788142379
1328	1466	0	0	0	0	0	0	1658788143399
1328	1466	0	0	0	0	0	0	1658788144419
1328	1466	0	0	0	0	0	0	1658788145439
1328	1466	0	0	0	0	0	0	1658788146459
1328	1466	0	0	0	0	0	0	1658788147479
1328	1466	0	0	0	0	0	0	1658788148499
1328	1466	0	0	0	0	0	0	1658788149519
1328	1466	0	0	0	0	0	0	1658788150539
1328	1466	0	0	0	0	0	0	1658788151559
1328	1466	0	0	0	0	0	0	1658788152579
1328	1466	0	0	0	0	0	0	1658788153599
1328	1466	0	0	0	0	0	0	1658788154619
1328	1466	0	0	0	0	0	0	1658788155639
1328	1466	0	0	0	0	0	0	1658788156659
1328	1466	0	0	0	0	0	0	1658788157679
1328	1466	0	0	0	0	0	0	1658788158699
1328	1466	0	0	0	0	0	0	1658788159719
1328	1466	0	0	0	0	0	0	1658788160739
1328	1466	0	0	0	0	0	0	1658788161759
1328	1466	0	0	0	0	0	0	1658788162779
1328	1466	0	0	0	0	0	0	1658788163799
1328	1466	0	0	0	0	0	0	1658788164819
1328	1466	0	0	0	0	0	0	1658788165839
1328	1466	0	0	0	0	0	0	1658788166859
1328	1466	0	0	0	0	0	0	1658788167879
1328	1466	0	0	0	0	0	0	1658788168899
1328	1466	0	0	0	0	0	0	1658788169919
1328	1466	0	0	0	0	0	0	1658788170939
1328	1466	0	0	0	0	0	0	1658788171959
1327	1466	0	0	0	0	0	0	1658788172979
1326	1466	0	0	0	0	0	0	1658788173999
1327	1466	0	0	0	0	0	0	1658788175019
1327	1466	0	0	0	0	0	0	1658788176039
1327	1466	0	0	0	0	0	0	1658788177059
1327	1466	0	0	0	0	0	0	1658788178079
1326	1466	0	0	0	0	0	0	1658788179099
1327	1466	0	0	0	0	0	0	1658788180119
1327	1466	0	0	0	0	0	0	1658788181139
1326	1466	0	0	0	0	0	0	1658788182159
1326	1466	0	0	0	0	0	0	1658788183179
1326	1466	0	0	0	0	0	0	1658788184199
1326	1466	0	0	0	0	0	0	1658788185219
1325	1466	0	0	0	0	0	0	1658788186239
1325	1466	0	0	0	0	0	0	1658788187259
1324	1466	0	0	0	0	0	0	1658788188279
1324	1466	0	0	0	0	0	0	1658788189299
1322	1466	0	0	0	0	0	0	1658788190319
1322	1466	0	0	0	0	0	0	1658788191339
1321	1466	0	0	0	0	0	0	1658788192359
1322	1466	0	0	0	0	0	0	1658788193379
1323	1466	0	0	0	0	0	0	1658788194399
1321	1466	0	0	0	0	0	0	1658788195419
1321	1466	0	0	0	0	0	0	1658788196439
1320	1466	0	0	0	0	0	0	1658788197459
1320	1466	0	0	0	0	0	0	1658788198479
1319	1466	0	0	0	0	0	0	1658788199499
1319	1466	0	0	0	0	0	0	1658788200519
1316	1466	0	0	0	0	0	0	1658788201539
1315	1466	0	0	0	0	0	0	1658788202559
1314	1466	0	0	0	0	0	0	1658788203579
1314	1466	0	0	0	0	0	0	1658788204599
1313	1466	0	0	0	0	0	0	1658788205619
1313	1466	0	0	0	0	0	0	1658788206639
1312	1466	0	0	0	0	0	0	1658788207659
1312	1466	0	0	0	0	0	0	1658788208679
1312	1466	0	0	0	0	0	0	1658788209699
1311	1466	0	0	0	0	0	0	1658788210719
1310	1466	0	0	0	0	0	0	1658788211739
1311	1466	0	0	0	0	0	0	1658788212759
1310	1466	0	0	0	0	0	0	1658788213779
1310	1466	0	0	0	0	0	0	1658788214799
1309	1466	0	0	0	0	0	0	1658788215819
1308	1466	0	0	0	0	0	0	1658788216839
1308	1466	0	0	0	0	0	0	1658788217859
1308	1466	0	0	0	0	0	0	1658788218879
1306	1466	0	0	0	0	0	0	1658788219899
1305	1466	0	0	0	0	0	0	1658788220919
1304	1466	0	0	0	0	0	0	1658788221939
1303	1466	0	0	0	0	0	0	1658788222959
1303	1466	0	0	0	0	0	0	1658788223979
1303	1466	0	0	0	0	0	0	1658788224999
1303	1466	0	0	0	0	0	0	1658788226019
1302	1466	0	0	0	0	0	0	1658788227039
1302	1466	0	0	0	0	0	0	1658788228059
1302	1466	0	0	0	0	0	0	1658788229079
1301	1466	0	0	0	0	0	0	1658788230099
1301	1466	0	0	0	0	0	0	1658788231119
1302	1466	0	0	0	0	0	0	1658788232139
1301	1466	0	0	0	0	0	0	1658788233159
1302	1466	0	0	0	0	0	0	1658788234179
1302	1466	0	0	0	0	0	0	1658788235199
