1762	1509	0	0	0	0	0	0	1660935040188
1746	1503	0	0	0	0	0	0	1660935041208
1726	1499	0	0	0	0	0	0	1660935042228
1705	1496	0	0	0	0	0	0	1660935043248
1688	1495	0	0	0	0	0	0	1660935044268
1667	1494	0	0	0	0	0	0	1660935045288
1654	1493	0	0	0	0	0	0	1660935046308
1639	1493	0	0	0	0	0	0	1660935047328
1626	1493	0	0	0	0	0	0	1660935048348
1618	1493	0	0	0	0	0	0	1660935049368
1605	1493	0	0	0	0	0	0	1660935050388
1595	1493	0	0	0	0	0	0	1660935051408
1589	1493	0	0	0	0	0	0	1660935052428
1585	1493	0	0	0	0	0	0	1660935053448
1574	1493	0	0	0	0	0	0	1660935054468
1565	1493	0	0	0	0	0	0	1660935055488
1560	1493	0	0	0	0	0	0	1660935056508
1557	1493	0	0	0	0	0	0	1660935057528
1555	1492	0	0	0	0	0	0	1660935058548
1548	1492	0	0	0	0	0	0	1660935059568
1538	1488	0	0	0	0	0	0	1660935060588
1532	1479	0	0	0	0	0	0	1660935061608
1528	1474	0	0	0	0	0	0	1660935062628
1526	1471	0	0	0	0	0	0	1660935063648
1525	1470	0	0	0	0	0	0	1660935064668
1524	1469	0	0	0	0	0	0	1660935065688
1518	1468	0	0	0	0	0	0	1660935066708
1509	1467	0	0	0	0	0	0	1660935067728
1503	1467	0	0	0	0	0	0	1660935068748
1500	1467	0	0	0	0	0	0	1660935069768
1498	1467	0	0	0	0	0	0	1660935070788
1497	1467	0	0	0	0	0	0	1660935071808
1496	1466	0	0	0	0	0	0	1660935072828
1496	1466	0	0	0	0	0	0	1660935073848
1495	1466	0	0	0	0	0	0	1660935074868
1490	1466	0	0	0	0	0	0	1660935075888
1482	1466	0	0	0	0	0	0	1660935076908
1476	1466	0	0	0	0	0	0	1660935077928
1472	1466	0	0	0	0	0	0	1660935078948
1470	1466	0	0	0	0	0	0	1660935079968
1469	1466	0	0	0	0	0	0	1660935080988
1469	1466	0	0	0	0	0	0	1660935082008
1468	1466	0	0	0	0	0	0	1660935083028
1468	1465	0	0	0	0	0	0	1660935084048
1468	1465	0	0	0	0	0	0	1660935085068
1468	1465	0	0	0	0	0	0	1660935086088
1467	1465	0	0	0	0	0	0	1660935087108
1462	1465	0	0	0	0	0	0	1660935088128
1456	1465	0	0	0	0	0	0	1660935089148
1450	1465	0	0	0	0	0	0	1660935090168
1445	1465	0	0	0	0	0	0	1660935091188
1443	1465	0	0	0	0	0	0	1660935092208
1441	1465	0	0	0	0	0	0	1660935093228
1441	1465	0	0	0	0	0	0	1660935094248
1440	1465	0	0	0	0	0	0	1660935095268
1440	1465	0	0	0	0	0	0	1660935096288
1439	1469	0	0	0	0	0	0	1660935097308
1439	1471	0	0	0	0	0	0	1660935098328
1439	1470	0	0	0	0	0	0	1660935099348
1439	1468	0	0	0	0	0	0	1660935100368
1439	1467	0	0	0	0	0	0	1660935101388
1439	1466	0	0	0	0	0	0	1660935102408
1439	1465	0	0	0	0	0	0	1660935103428
1439	1465	0	0	0	0	0	0	1660935104448
1437	1465	0	0	0	0	0	0	1660935105468
1433	1465	0	0	0	0	0	0	1660935106488
1426	1465	0	0	0	0	0	0	1660935107508
1422	1465	0	0	0	0	0	0	1660935108528
1418	1465	0	0	0	0	0	0	1660935109548
1415	1465	0	0	0	0	0	0	1660935110568
1414	1465	0	0	0	0	0	0	1660935111588
1413	1465	0	0	0	0	0	0	1660935112608
1412	1465	0	0	0	0	0	0	1660935113628
1412	1465	0	0	0	0	0	0	1660935114648
1412	1465	0	0	0	0	0	0	1660935115668
1412	1465	0	0	0	0	0	0	1660935116688
1412	1465	0	0	0	0	0	0	1660935117708
1412	1465	0	0	0	0	0	0	1660935118728
1412	1465	0	0	0	0	0	0	1660935119748
1411	1465	0	0	0	0	0	0	1660935120768
1411	1465	0	0	0	0	0	0	1660935121788
1411	1465	0	0	0	0	0	0	1660935122808
1411	1465	0	0	0	0	0	0	1660935123828
1411	1465	0	0	0	0	0	0	1660935124848
1411	1465	0	0	0	0	0	0	1660935125868
1411	1465	0	0	0	0	0	0	1660935126888
1411	1465	0	0	0	0	0	0	1660935127908
1411	1465	0	0	0	0	0	0	1660935128928
1411	1465	0	0	0	0	0	0	1660935129948
1411	1465	0	0	0	0	0	0	1660935130968
1411	1465	0	0	0	0	0	0	1660935131988
1411	1465	0	0	0	0	0	0	1660935133008
1411	1462	0	0	0	0	0	0	1660935134028
1411	1453	0	0	0	0	0	0	1660935135048
1409	1447	0	0	0	0	0	0	1660935136068
1407	1443	0	0	0	0	0	0	1660935137088
1402	1441	0	0	0	0	0	0	1660935138108
1399	1440	0	0	0	0	0	0	1660935139128
1396	1439	0	0	0	0	0	0	1660935140148
1394	1438	0	0	0	0	0	0	1660935141168
1390	1438	0	0	0	0	0	0	1660935142188
1387	1438	0	0	0	0	0	0	1660935143208
1386	1438	0	0	0	0	0	0	1660935144228
1385	1438	0	0	0	0	0	0	1660935145248
1384	1438	0	0	0	0	0	0	1660935146268
1384	1438	0	0	0	0	0	0	1660935147288
1384	1438	0	0	0	0	0	0	1660935148308
1384	1438	0	0	0	0	0	0	1660935149328
1384	1438	0	0	0	0	0	0	1660935150348
1384	1438	0	0	0	0	0	0	1660935151368
1384	1438	0	0	0	0	0	0	1660935152388
1384	1438	0	0	0	0	0	0	1660935153408
1384	1438	0	0	0	0	0	0	1660935154428
1384	1438	0	0	0	0	0	0	1660935155448
1384	1438	0	0	0	0	0	0	1660935156468
1384	1438	0	0	0	0	0	0	1660935157488
1384	1438	0	0	0	0	0	0	1660935158508
1383	1438	0	0	0	0	0	0	1660935159528
1383	1438	0	0	0	0	0	0	1660935160548
1383	1438	0	0	0	0	0	0	1660935161568
1383	1438	0	0	0	0	0	0	1660935162588
1383	1438	0	0	0	0	0	0	1660935163608
1383	1441	0	0	0	0	0	0	1660935164628
1383	1444	0	0	0	0	0	0	1660935165648
1383	1441	0	0	0	0	0	0	1660935166668
1383	1440	0	0	0	0	0	0	1660935167688
1383	1439	0	0	0	0	0	0	1660935168708
1383	1438	0	0	0	0	0	0	1660935169728
1383	1438	0	0	0	0	0	0	1660935170748
1383	1438	0	0	0	0	0	0	1660935171768
1383	1438	0	0	0	0	0	0	1660935172788
1383	1438	0	0	0	0	0	0	1660935173808
1383	1438	0	0	0	0	0	0	1660935174828
1383	1438	0	0	0	0	0	0	1660935175848
1383	1438	0	0	0	0	0	0	1660935176868
1383	1438	0	0	0	0	0	0	1660935177888
1383	1438	0	0	0	0	0	0	1660935178908
1383	1438	0	0	0	0	0	0	1660935179928
1383	1438	0	0	0	0	0	0	1660935180948
1382	1438	0	0	0	0	0	0	1660935181968
1381	1438	0	0	0	0	0	0	1660935182988
1379	1438	0	0	0	0	0	0	1660935184008
1376	1438	0	0	0	0	0	0	1660935185028
1372	1438	0	0	0	0	0	0	1660935186048
1370	1438	0	0	0	0	0	0	1660935187068
1368	1441	0	0	0	0	0	0	1660935188088
1365	1444	0	0	0	0	0	0	1660935189108
1370	1442	0	0	0	0	0	0	1660935190128
1365	1440	0	0	0	0	0	0	1660935191148
1362	1439	0	0	0	0	0	0	1660935192168
1360	1438	0	0	0	0	0	0	1660935193188
1359	1436	0	0	0	0	0	0	1660935194208
1358	1431	0	0	0	0	0	0	1660935195228
1357	1444	0	0	0	0	0	0	1660935196248
1356	1442	0	0	0	0	0	0	1660935197268
1356	1440	0	0	0	0	0	0	1660935198288
1356	1439	0	0	0	0	0	0	1660935199308
1356	1438	0	0	0	0	0	0	1660935200328
1356	1438	0	0	0	0	0	0	1660935201348
1356	1438	0	0	0	0	0	0	1660935202368
1356	1438	0	0	0	0	0	0	1660935203388
1356	1438	0	0	0	0	0	0	1660935204408
1356	1438	0	0	0	0	0	0	1660935205428
1356	1438	0	0	0	0	0	0	1660935206448
1356	1438	0	0	0	0	0	0	1660935207468
1356	1438	0	0	0	0	0	0	1660935208488
1356	1438	0	0	0	0	0	0	1660935209508
1356	1438	0	0	0	0	0	0	1660935210528
1356	1438	0	0	0	0	0	0	1660935211548
1356	1438	0	0	0	0	0	0	1660935212568
1356	1438	0	0	0	0	0	0	1660935213588
1356	1438	0	0	0	0	0	0	1660935214608
1356	1438	0	0	0	0	0	0	1660935215628
1356	1438	0	0	0	0	0	0	1660935216648
1356	1438	0	0	0	0	0	0	1660935217668
1356	1441	0	0	0	0	0	0	1660935218688
1356	1440	0	0	0	0	0	0	1660935219708
1356	1442	0	0	0	0	0	0	1660935220728
1356	1440	0	0	0	0	0	0	1660935221748
1356	1439	0	0	0	0	0	0	1660935222768
1356	1438	0	0	0	0	0	0	1660935223788
1356	1438	0	0	0	0	0	0	1660935224808
1356	1438	0	0	0	0	0	0	1660935225828
1356	1438	0	0	0	0	0	0	1660935226848
1356	1438	0	0	0	0	0	0	1660935227868
1356	1438	0	0	0	0	0	0	1660935228888
1356	1438	0	0	0	0	0	0	1660935229908
1356	1438	0	0	0	0	0	0	1660935230928
1356	1438	0	0	0	0	0	0	1660935231948
1356	1438	0	0	0	0	0	0	1660935232968
1355	1438	0	0	0	0	0	0	1660935233988
1354	1438	0	0	0	0	0	0	1660935235008
1355	1438	0	0	0	0	0	0	1660935236028
1355	1438	0	0	0	0	0	0	1660935237048
1355	1438	0	0	0	0	0	0	1660935238068
1354	1438	0	0	0	0	0	0	1660935239088
1354	1438	0	0	0	0	0	0	1660935240108
1354	1438	0	0	0	0	0	0	1660935241128
1354	1438	0	0	0	0	0	0	1660935242148
1353	1438	0	0	0	0	0	0	1660935243168
1351	1438	0	0	0	0	0	0	1660935244188
1350	1438	0	0	0	0	0	0	1660935245208
1346	1438	0	0	0	0	0	0	1660935246228
1343	1440	0	0	0	0	0	0	1660935247248
1339	1439	0	0	0	0	0	0	1660935248268
1335	1445	0	0	0	0	0	0	1660935249288
1332	1446	0	0	0	0	0	0	1660935250308
1330	1450	0	0	0	0	0	0	1660935251328
1330	1445	0	0	0	0	0	0	1660935252348
1329	1442	0	0	0	0	0	0	1660935253368
1329	1440	0	0	0	0	0	0	1660935254388
1329	1439	0	0	0	0	0	0	1660935255408
1328	1438	0	0	0	0	0	0	1660935256428
1328	1438	0	0	0	0	0	0	1660935257448
1328	1438	0	0	0	0	0	0	1660935258468
1328	1438	0	0	0	0	0	0	1660935259488
1328	1438	0	0	0	0	0	0	1660935260508
1328	1438	0	0	0	0	0	0	1660935261528
1328	1438	0	0	0	0	0	0	1660935262548
1328	1438	0	0	0	0	0	0	1660935263568
1328	1438	0	0	0	0	0	0	1660935264588
1328	1438	0	0	0	0	0	0	1660935265608
1328	1438	0	0	0	0	0	0	1660935266628
1328	1438	0	0	0	0	0	0	1660935267648
1328	1438	0	0	0	0	0	0	1660935268668
1328	1438	0	0	0	0	0	0	1660935269688
1328	1438	0	0	0	0	0	0	1660935270708
1328	1438	0	0	0	0	0	0	1660935271728
1328	1438	0	0	0	0	0	0	1660935272748
1328	1438	0	0	0	0	0	0	1660935273768
1328	1438	0	0	0	0	0	0	1660935274788
1328	1438	0	0	0	0	0	0	1660935275808
1328	1438	0	0	0	0	0	0	1660935276828
1328	1438	0	0	0	0	0	0	1660935277848
1328	1438	0	0	0	0	0	0	1660935278868
1328	1438	0	0	0	0	0	0	1660935279888
1328	1441	0	0	0	0	0	0	1660935280908
1328	1440	0	0	0	0	0	0	1660935281928
1328	1453	0	0	0	0	0	0	1660935282948
1328	1448	0	0	0	0	0	0	1660935283968
1328	1454	0	0	0	0	0	0	1660935284988
1328	1447	0	0	0	0	0	0	1660935286008
1328	1443	0	0	0	0	0	0	1660935287028
1328	1441	0	0	0	0	0	0	1660935288048
1328	1440	0	0	0	0	0	0	1660935289068
1328	1439	0	0	0	0	0	0	1660935290088
1328	1438	0	0	0	0	0	0	1660935291108
1328	1438	0	0	0	0	0	0	1660935292128
1328	1438	0	0	0	0	0	0	1660935293148
1328	1438	0	0	0	0	0	0	1660935294168
1328	1438	0	0	0	0	0	0	1660935295188
1328	1438	0	0	0	0	0	0	1660935296208
1328	1438	0	0	0	0	0	0	1660935297228
1328	1438	0	0	0	0	0	0	1660935298248
1328	1438	0	0	0	0	0	0	1660935299268
1328	1438	0	0	0	0	0	0	1660935300288
1327	1438	0	0	0	0	0	0	1660935301308
1327	1438	0	0	0	0	0	0	1660935302328
1326	1438	0	0	0	0	0	0	1660935303348
1324	1438	0	0	0	0	0	0	1660935304368
1317	1438	0	0	0	0	0	0	1660935305388
1314	1438	0	0	0	0	0	0	1660935306408
1318	1438	0	0	0	0	0	0	1660935307428
1320	1438	0	0	0	0	0	0	1660935308448
1323	1438	0	0	0	0	0	0	1660935309468
1325	1438	0	0	0	0	0	0	1660935310488
1326	1438	0	0	0	0	0	0	1660935311508
1326	1437	0	0	0	0	0	0	1660935312528
1327	1437	0	0	0	0	0	0	1660935313548
1327	1437	0	0	0	0	0	0	1660935314568
1327	1437	0	0	0	0	0	0	1660935315588
1327	1437	0	0	0	0	0	0	1660935316608
1327	1437	0	0	0	0	0	0	1660935317628
1327	1437	0	0	0	0	0	0	1660935318648
1327	1437	0	0	0	0	0	0	1660935319668
1327	1437	0	0	0	0	0	0	1660935320688
1327	1437	0	0	0	0	0	0	1660935321708
1327	1437	0	0	0	0	0	0	1660935322728
1327	1440	0	0	0	0	0	0	1660935323748
1327	1434	0	0	0	0	0	0	1660935324768
1327	1425	0	0	0	0	0	0	1660935325788
1327	1420	0	0	0	0	0	0	1660935326808
1327	1418	0	0	0	0	0	0	1660935327828
1327	1418	0	0	0	0	0	0	1660935328848
1327	1418	0	0	0	0	0	0	1660935329868
1327	1421	0	0	0	0	0	0	1660935330888
1327	1422	0	0	0	0	0	0	1660935331908
1328	1422	0	0	0	0	0	0	1660935332928
1328	1423	0	0	0	0	0	0	1660935333948
1328	1425	0	0	0	0	0	0	1660935334968
1328	1428	0	0	0	0	0	0	1660935335988
1328	1430	0	0	0	0	0	0	1660935337008
1328	1430	0	0	0	0	0	0	1660935338028
1327	1430	0	0	0	0	0	0	1660935339048
1326	1431	0	0	0	0	0	0	1660935340068
1324	1432	0	0	0	0	0	0	1660935341088
1324	1428	0	0	0	0	0	0	1660935342108
1321	1431	0	0	0	0	0	0	1660935343128
1316	1457	0	0	0	0	0	0	1660935344148
1312	1464	0	0	0	0	0	0	1660935345168
1309	1469	0	0	0	0	0	0	1660935346188
1307	1467	0	0	0	0	0	0	1660935347208
1309	1454	0	0	0	0	0	0	1660935348228
1307	1447	0	0	0	0	0	0	1660935349248
1306	1443	0	0	0	0	0	0	1660935350268
1305	1441	0	0	0	0	0	0	1660935351288
1304	1439	0	0	0	0	0	0	1660935352308
1303	1438	0	0	0	0	0	0	1660935353328
1303	1438	0	0	0	0	0	0	1660935354348
1302	1438	0	0	0	0	0	0	1660935355368
1302	1438	0	0	0	0	0	0	1660935356388
1301	1438	0	0	0	0	0	0	1660935357408
1300	1438	0	0	0	0	0	0	1660935358428
1300	1438	0	0	0	0	0	0	1660935359448
1300	1438	0	0	0	0	0	0	1660935360468
1300	1438	0	0	0	0	0	0	1660935361488
1300	1438	0	0	0	0	0	0	1660935362508
1300	1438	0	0	0	0	0	0	1660935363528
1300	1438	0	0	0	0	0	0	1660935364548
1300	1438	0	0	0	0	0	0	1660935365568
1300	1438	0	0	0	0	0	0	1660935366588
1300	1438	0	0	0	0	0	0	1660935367608
1300	1438	0	0	0	0	0	0	1660935368628
1300	1438	0	0	0	0	0	0	1660935369648
1300	1438	0	0	0	0	0	0	1660935370668
1300	1431	0	0	0	0	0	0	1660935371688
1300	1440	0	0	0	0	0	0	1660935372708
1300	1439	0	0	0	0	0	0	1660935373728
1300	1438	0	0	0	0	0	0	1660935374748
1300	1438	0	0	0	0	0	0	1660935375768
1300	1438	0	0	0	0	0	0	1660935376788
1300	1438	0	0	0	0	0	0	1660935377808
1300	1438	0	0	0	0	0	0	1660935378828
1300	1438	0	0	0	0	0	0	1660935379848
1300	1438	0	0	0	0	0	0	1660935380868
1300	1438	0	0	0	0	0	0	1660935381888
1300	1438	0	0	0	0	0	0	1660935382908
1300	1438	0	0	0	0	0	0	1660935383928
1300	1438	0	0	0	0	0	0	1660935384948
1300	1438	0	0	0	0	0	0	1660935385968
1300	1438	0	0	0	0	0	0	1660935386988
1300	1438	0	0	0	0	0	0	1660935388008
1300	1438	0	0	0	0	0	0	1660935389028
1300	1438	0	0	0	0	0	0	1660935390048
1300	1438	0	0	0	0	0	0	1660935391068
1300	1438	0	0	0	0	0	0	1660935392088
1300	1438	0	0	0	0	0	0	1660935393108
1300	1438	0	0	0	0	0	0	1660935394128
1300	1438	0	0	0	0	0	0	1660935395148
1300	1438	0	0	0	0	0	0	1660935396168
1300	1438	0	0	0	0	0	0	1660935397188
1300	1438	0	0	0	0	0	0	1660935398208
1300	1438	0	0	0	0	0	0	1660935399228
1300	1438	0	0	0	0	0	0	1660935400248
1300	1438	0	0	0	0	0	0	1660935401268
1300	1438	0	0	0	0	0	0	1660935402288
1300	1438	0	0	0	0	0	0	1660935403308
1300	1438	0	0	0	0	0	0	1660935404328
1300	1438	0	0	0	0	0	0	1660935405348
1300	1438	0	0	0	0	0	0	1660935406368
1300	1438	0	0	0	0	0	0	1660935407388
1300	1438	0	0	0	0	0	0	1660935408408
1300	1438	0	0	0	0	0	0	1660935409428
1300	1438	0	0	0	0	0	0	1660935410448
1300	1438	0	0	0	0	0	0	1660935411468
1300	1438	0	0	0	0	0	0	1660935412488
1300	1438	0	0	0	0	0	0	1660935413508
1300	1438	0	0	0	0	0	0	1660935414528
1300	1438	0	0	0	0	0	0	1660935415548
1300	1437	0	0	0	0	0	0	1660935416568
1300	1437	0	0	0	0	0	0	1660935417588
1300	1437	0	0	0	0	0	0	1660935418608
1300	1437	0	0	0	0	0	0	1660935419628
1300	1437	0	0	0	0	0	0	1660935420648
1300	1437	0	0	0	0	0	0	1660935421668
1299	1437	0	0	0	0	0	0	1660935422688
1299	1437	0	0	0	0	0	0	1660935423708
1298	1437	0	0	0	0	0	0	1660935424728
1298	1437	0	0	0	0	0	0	1660935425748
1297	1437	0	0	0	0	0	0	1660935426768
1296	1437	0	0	0	0	0	0	1660935427788
1295	1437	0	0	0	0	0	0	1660935428808
1292	1437	0	0	0	0	0	0	1660935429828
1290	1437	0	0	0	0	0	0	1660935430848
1286	1437	0	0	0	0	0	0	1660935431868
1284	1437	0	0	0	0	0	0	1660935432888
1282	1437	0	0	0	0	0	0	1660935433908
1279	1437	0	0	0	0	0	0	1660935434928
1278	1437	0	0	0	0	0	0	1660935435948
1279	1437	0	0	0	0	0	0	1660935436968
1279	1437	0	0	0	0	0	0	1660935437988
1278	1437	0	0	0	0	0	0	1660935439008
1276	1437	0	0	0	0	0	0	1660935440028
1275	1437	0	0	0	0	0	0	1660935441048
1274	1437	0	0	0	0	0	0	1660935442068
1274	1436	0	0	0	0	0	0	1660935443088
1274	1436	0	0	0	0	0	0	1660935444108
1273	1437	0	0	0	0	0	0	1660935445128
1273	1436	0	0	0	0	0	0	1660935446148
1273	1436	0	0	0	0	0	0	1660935447168
1276	1431	0	0	0	0	0	0	1660935448188
1284	1423	0	0	0	0	0	0	1660935449208
1288	1418	0	0	0	0	0	0	1660935450228
1285	1415	0	0	0	0	0	0	1660935451248
1281	1413	0	0	0	0	0	0	1660935452268
1284	1412	0	0	0	0	0	0	1660935453288
1290	1411	0	0	0	0	0	0	1660935454308
1294	1411	0	0	0	0	0	0	1660935455328
1296	1410	0	0	0	0	0	0	1660935456348
1294	1410	0	0	0	0	0	0	1660935457368
1291	1410	0	0	0	0	0	0	1660935458388
1287	1410	0	0	0	0	0	0	1660935459408
1286	1410	0	0	0	0	0	0	1660935460428
1281	1410	0	0	0	0	0	0	1660935461448
1278	1410	0	0	0	0	0	0	1660935462468
1276	1410	0	0	0	0	0	0	1660935463488
1275	1410	0	0	0	0	0	0	1660935464508
1274	1410	0	0	0	0	0	0	1660935465528
1273	1410	0	0	0	0	0	0	1660935466548
1273	1410	0	0	0	0	0	0	1660935467568
1273	1410	0	0	0	0	0	0	1660935468588
1273	1410	0	0	0	0	0	0	1660935469608
1273	1410	0	0	0	0	0	0	1660935470628
1273	1410	0	0	0	0	0	0	1660935471648
1273	1410	0	0	0	0	0	0	1660935472668
1281	1410	0	0	0	0	0	0	1660935473688
1288	1410	0	0	0	0	0	0	1660935474708
1291	1410	0	0	0	0	0	0	1660935475728
1289	1410	0	0	0	0	0	0	1660935476748
1288	1410	0	0	0	0	0	0	1660935477768
1288	1410	0	0	0	0	0	0	1660935478788
1292	1410	0	0	0	0	0	0	1660935479808
1293	1410	0	0	0	0	0	0	1660935480828
1292	1410	0	0	0	0	0	0	1660935481848
1294	1410	0	0	0	0	0	0	1660935482868
1295	1410	0	0	0	0	0	0	1660935483888
1292	1410	0	0	0	0	0	0	1660935484908
1289	1410	0	0	0	0	0	0	1660935485928
1284	1410	0	0	0	0	0	0	1660935486948
1282	1410	0	0	0	0	0	0	1660935487968
1280	1410	0	0	0	0	0	0	1660935488988
1278	1410	0	0	0	0	0	0	1660935490008
1277	1410	0	0	0	0	0	0	1660935491028
1275	1410	0	0	0	0	0	0	1660935492048
1275	1410	0	0	0	0	0	0	1660935493068
1274	1410	0	0	0	0	0	0	1660935494088
1275	1410	0	0	0	0	0	0	1660935495108
1276	1410	0	0	0	0	0	0	1660935496128
1275	1410	0	0	0	0	0	0	1660935497148
1274	1410	0	0	0	0	0	0	1660935498168
1273	1410	0	0	0	0	0	0	1660935499188
1273	1410	0	0	0	0	0	0	1660935500208
1273	1410	0	0	0	0	0	0	1660935501228
1273	1409	0	0	0	0	0	0	1660935502248
1273	1408	0	0	0	0	0	0	1660935503268
1272	1407	0	0	0	0	0	0	1660935504288
1272	1404	0	0	0	0	0	0	1660935505308
1272	1399	0	0	0	0	0	0	1660935506328
1272	1396	0	0	0	0	0	0	1660935507348
1272	1398	0	0	0	0	0	0	1660935508368
1272	1398	0	0	0	0	0	0	1660935509388
1272	1399	0	0	0	0	0	0	1660935510408
1272	1397	0	0	0	0	0	0	1660935511428
1272	1395	0	0	0	0	0	0	1660935512448
1272	1397	0	0	0	0	0	0	1660935513468
1272	1396	0	0	0	0	0	0	1660935514488
1272	1396	0	0	0	0	0	0	1660935515508
1272	1399	0	0	0	0	0	0	1660935516528
1272	1400	0	0	0	0	0	0	1660935517548
1272	1402	0	0	0	0	0	0	1660935518568
1272	1401	0	0	0	0	0	0	1660935519588
1272	1401	0	0	0	0	0	0	1660935520608
1272	1403	0	0	0	0	0	0	1660935521628
1272	1398	0	0	0	0	0	0	1660935522648
1272	1392	0	0	0	0	0	0	1660935523668
1272	1388	0	0	0	0	0	0	1660935524688
1272	1386	0	0	0	0	0	0	1660935525708
1272	1386	0	0	0	0	0	0	1660935526728
1272	1385	0	0	0	0	0	0	1660935527748
1272	1384	0	0	0	0	0	0	1660935528768
1272	1383	0	0	0	0	0	0	1660935529788
1272	1383	0	0	0	0	0	0	1660935530808
1272	1383	0	0	0	0	0	0	1660935531828
1272	1387	0	0	0	0	0	0	1660935532848
1272	1385	0	0	0	0	0	0	1660935533868
1272	1384	0	0	0	0	0	0	1660935534888
1272	1383	0	0	0	0	0	0	1660935535908
1272	1383	0	0	0	0	0	0	1660935536928
1272	1383	0	0	0	0	0	0	1660935537948
1272	1383	0	0	0	0	0	0	1660935538968
1272	1383	0	0	0	0	0	0	1660935539988
1272	1383	0	0	0	0	0	0	1660935541008
1272	1383	0	0	0	0	0	0	1660935542028
1272	1383	0	0	0	0	0	0	1660935543048
1272	1383	0	0	0	0	0	0	1660935544068
1272	1383	0	0	0	0	0	0	1660935545088
1272	1383	0	0	0	0	0	0	1660935546108
1272	1383	0	0	0	0	0	0	1660935547128
1272	1383	0	0	0	0	0	0	1660935548148
1272	1383	0	0	0	0	0	0	1660935549168
1272	1383	0	0	0	0	0	0	1660935550188
1272	1383	0	0	0	0	0	0	1660935551208
1272	1383	0	0	0	0	0	0	1660935552228
1272	1383	0	0	0	0	0	0	1660935553248
1272	1383	0	0	0	0	0	0	1660935554268
1272	1383	0	0	0	0	0	0	1660935555288
1272	1383	0	0	0	0	0	0	1660935556308
1272	1383	0	0	0	0	0	0	1660935557328
1272	1383	0	0	0	0	0	0	1660935558348
1272	1383	0	0	0	0	0	0	1660935559368
1272	1383	0	0	0	0	0	0	1660935560388
1272	1383	0	0	0	0	0	0	1660935561408
1272	1383	0	0	0	0	0	0	1660935562428
1272	1383	0	0	0	0	0	0	1660935563448
1272	1383	0	0	0	0	0	0	1660935564468
1272	1383	0	0	0	0	0	0	1660935565488
1272	1383	0	0	0	0	0	0	1660935566508
1272	1383	0	0	0	0	0	0	1660935567528
1272	1383	0	0	0	0	0	0	1660935568548
1272	1383	0	0	0	0	0	0	1660935569568
1272	1383	0	0	0	0	0	0	1660935570588
1272	1383	0	0	0	0	0	0	1660935571608
1272	1383	0	0	0	0	0	0	1660935572628
1272	1382	0	0	0	0	0	0	1660935573648
1272	1382	0	0	0	0	0	0	1660935574668
1272	1382	0	0	0	0	0	0	1660935575688
1272	1382	0	0	0	0	0	0	1660935576708
1272	1382	0	0	0	0	0	0	1660935577728
1272	1382	0	0	0	0	0	0	1660935578748
1272	1382	0	0	0	0	0	0	1660935579768
1272	1382	0	0	0	0	0	0	1660935580788
1272	1382	0	0	0	0	0	0	1660935581808
1272	1382	0	0	0	0	0	0	1660935582828
1272	1382	0	0	0	0	0	0	1660935583848
1272	1382	0	0	0	0	0	0	1660935584868
1272	1382	0	0	0	0	0	0	1660935585888
1272	1382	0	0	0	0	0	0	1660935586908
1272	1387	0	0	0	0	0	0	1660935587928
1272	1385	0	0	0	0	0	0	1660935588948
1272	1384	0	0	0	0	0	0	1660935589968
1272	1383	0	0	0	0	0	0	1660935590988
1272	1383	0	0	0	0	0	0	1660935592008
1272	1383	0	0	0	0	0	0	1660935593028
1272	1383	0	0	0	0	0	0	1660935594048
1272	1383	0	0	0	0	0	0	1660935595068
1272	1383	0	0	0	0	0	0	1660935596088
1272	1383	0	0	0	0	0	0	1660935597108
1272	1386	0	0	0	0	0	0	1660935598128
1272	1384	0	0	0	0	0	0	1660935599148
1272	1383	0	0	0	0	0	0	1660935600168
1272	1383	0	0	0	0	0	0	1660935601188
1272	1383	0	0	0	0	0	0	1660935602208
1272	1383	0	0	0	0	0	0	1660935603228
1272	1383	0	0	0	0	0	0	1660935604248
1272	1383	0	0	0	0	0	0	1660935605268
1272	1383	0	0	0	0	0	0	1660935606288
1272	1383	0	0	0	0	0	0	1660935607308
1271	1383	0	0	0	0	0	0	1660935608328
1271	1382	0	0	0	0	0	0	1660935609348
1271	1382	0	0	0	0	0	0	1660935610368
1271	1382	0	0	0	0	0	0	1660935611388
1271	1382	0	0	0	0	0	0	1660935612408
1271	1382	0	0	0	0	0	0	1660935613428
1270	1382	0	0	0	0	0	0	1660935614448
1268	1382	0	0	0	0	0	0	1660935615468
1268	1382	0	0	0	0	0	0	1660935616488
1267	1382	0	0	0	0	0	0	1660935617508
1266	1382	0	0	0	0	0	0	1660935618528
1265	1382	0	0	0	0	0	0	1660935619548
1265	1382	0	0	0	0	0	0	1660935620568
1265	1382	0	0	0	0	0	0	1660935621588
1264	1382	0	0	0	0	0	0	1660935622608
1262	1382	0	0	0	0	0	0	1660935623628
1259	1382	0	0	0	0	0	0	1660935624648
1258	1382	0	0	0	0	0	0	1660935625668
1257	1382	0	0	0	0	0	0	1660935626688
1256	1382	0	0	0	0	0	0	1660935627708
1253	1382	0	0	0	0	0	0	1660935628728
1252	1382	0	0	0	0	0	0	1660935629748
1254	1382	0	0	0	0	0	0	1660935630768
1254	1382	0	0	0	0	0	0	1660935631788
1251	1382	0	0	0	0	0	0	1660935632808
1249	1382	0	0	0	0	0	0	1660935633828
1247	1382	0	0	0	0	0	0	1660935634848
1246	1382	0	0	0	0	0	0	1660935635868
1246	1382	0	0	0	0	0	0	1660935636888
1246	1382	0	0	0	0	0	0	1660935637908
1246	1382	0	0	0	0	0	0	1660935638928
1245	1382	0	0	0	0	0	0	1660935639948
1245	1382	0	0	0	0	0	0	1660935640968
1245	1382	0	0	0	0	0	0	1660935641988
1245	1382	0	0	0	0	0	0	1660935643008
1245	1382	0	0	0	0	0	0	1660935644028
1245	1382	0	0	0	0	0	0	1660935645048
1245	1382	0	0	0	0	0	0	1660935646068
1245	1382	0	0	0	0	0	0	1660935647088
1245	1382	0	0	0	0	0	0	1660935648108
1245	1382	0	0	0	0	0	0	1660935649128
1245	1382	0	0	0	0	0	0	1660935650148
1245	1382	0	0	0	0	0	0	1660935651168
1245	1382	0	0	0	0	0	0	1660935652188
1245	1382	0	0	0	0	0	0	1660935653208
1245	1382	0	0	0	0	0	0	1660935654228
1245	1382	0	0	0	0	0	0	1660935655248
1245	1382	0	0	0	0	0	0	1660935656268
1245	1382	0	0	0	0	0	0	1660935657288
1245	1382	0	0	0	0	0	0	1660935658308
1245	1382	0	0	0	0	0	0	1660935659328
1245	1382	0	0	0	0	0	0	1660935660348
1245	1382	0	0	0	0	0	0	1660935661368
1245	1382	0	0	0	0	0	0	1660935662388
1245	1382	0	0	0	0	0	0	1660935663408
1245	1382	0	0	0	0	0	0	1660935664428
1245	1382	0	0	0	0	0	0	1660935665448
1245	1382	0	0	0	0	0	0	1660935666468
1245	1382	0	0	0	0	0	0	1660935667488
1245	1382	0	0	0	0	0	0	1660935668508
1245	1382	0	0	0	0	0	0	1660935669528
1245	1382	0	0	0	0	0	0	1660935670548
1245	1382	0	0	0	0	0	0	1660935671568
1245	1382	0	0	0	0	0	0	1660935672588
1245	1382	0	0	0	0	0	0	1660935673608
1245	1382	0	0	0	0	0	0	1660935674628
1245	1382	0	0	0	0	0	0	1660935675648
1245	1382	0	0	0	0	0	0	1660935676668
1245	1382	0	0	0	0	0	0	1660935677688
1245	1382	0	0	0	0	0	0	1660935678708
1245	1382	0	0	0	0	0	0	1660935679728
1245	1382	0	0	0	0	0	0	1660935680748
1245	1382	0	0	0	0	0	0	1660935681768
1245	1382	0	0	0	0	0	0	1660935682788
1245	1382	0	0	0	0	0	0	1660935683808
1245	1382	0	0	0	0	0	0	1660935684828
1245	1382	0	0	0	0	0	0	1660935685848
1245	1382	0	0	0	0	0	0	1660935686868
1244	1382	0	0	0	0	0	0	1660935687888
1244	1382	0	0	0	0	0	0	1660935688908
1244	1382	0	0	0	0	0	0	1660935689928
1244	1382	0	0	0	0	0	0	1660935690948
1244	1382	0	0	0	0	0	0	1660935691968
1244	1382	0	0	0	0	0	0	1660935692988
1244	1382	0	0	0	0	0	0	1660935694008
1244	1382	0	0	0	0	0	0	1660935695028
1244	1382	0	0	0	0	0	0	1660935696048
1244	1382	0	0	0	0	0	0	1660935697068
1244	1382	0	0	0	0	0	0	1660935698088
1244	1382	0	0	0	0	0	0	1660935699108
1244	1382	0	0	0	0	0	0	1660935700128
1244	1382	0	0	0	0	0	0	1660935701148
1244	1382	0	0	0	0	0	0	1660935702168
1244	1382	0	0	0	0	0	0	1660935703188
1244	1382	0	0	0	0	0	0	1660935704208
1244	1382	0	0	0	0	0	0	1660935705228
1244	1382	0	0	0	0	0	0	1660935706248
1244	1382	0	0	0	0	0	0	1660935707268
1244	1382	0	0	0	0	0	0	1660935708288
1244	1382	0	0	0	0	0	0	1660935709308
1244	1382	0	0	0	0	0	0	1660935710328
1244	1382	0	0	0	0	0	0	1660935711348
1244	1382	0	0	0	0	0	0	1660935712368
1244	1382	0	0	0	0	0	0	1660935713388
1244	1382	0	0	0	0	0	0	1660935714408
1244	1382	0	0	0	0	0	0	1660935715428
1244	1382	0	0	0	0	0	0	1660935716448
1244	1382	0	0	0	0	0	0	1660935717468
1244	1382	0	0	0	0	0	0	1660935718488
1244	1382	0	0	0	0	0	0	1660935719508
1244	1382	0	0	0	0	0	0	1660935720528
1244	1382	0	0	0	0	0	0	1660935721548
1244	1382	0	0	0	0	0	0	1660935722568
1244	1382	0	0	0	0	0	0	1660935723588
1244	1382	0	0	0	0	0	0	1660935724608
1244	1382	0	0	0	0	0	0	1660935725628
1244	1382	0	0	0	0	0	0	1660935726648
1244	1382	0	0	0	0	0	0	1660935727668
1244	1382	0	0	0	0	0	0	1660935728688
1244	1382	0	0	0	0	0	0	1660935729708
1244	1382	0	0	0	0	0	0	1660935730728
1244	1382	0	0	0	0	0	0	1660935731748
1244	1382	0	0	0	0	0	0	1660935732768
1244	1382	0	0	0	0	0	0	1660935733788
1244	1382	0	0	0	0	0	0	1660935734808
1244	1382	0	0	0	0	0	0	1660935735828
1244	1382	0	0	0	0	0	0	1660935736848
1244	1382	0	0	0	0	0	0	1660935737868
1244	1382	0	0	0	0	0	0	1660935738888
1244	1382	0	0	0	0	0	0	1660935739908
1244	1382	0	0	0	0	0	0	1660935740928
1244	1382	0	0	0	0	0	0	1660935741948
1244	1382	0	0	0	0	0	0	1660935742968
1244	1382	0	0	0	0	0	0	1660935743988
1244	1382	0	0	0	0	0	0	1660935745008
1244	1382	0	0	0	0	0	0	1660935746028
1244	1382	0	0	0	0	0	0	1660935747048
1244	1382	0	0	0	0	0	0	1660935748068
1244	1382	0	0	0	0	0	0	1660935749088
1244	1382	0	0	0	0	0	0	1660935750108
1244	1382	0	0	0	0	0	0	1660935751128
1244	1382	0	0	0	0	0	0	1660935752148
1244	1382	0	0	0	0	0	0	1660935753168
1244	1381	0	0	0	0	0	0	1660935754188
1244	1381	0	0	0	0	0	0	1660935755208
1244	1381	0	0	0	0	0	0	1660935756228
1244	1380	0	0	0	0	0	0	1660935757248
1244	1381	0	0	0	0	0	0	1660935758268
1244	1380	0	0	0	0	0	0	1660935759288
1244	1381	0	0	0	0	0	0	1660935760308
1244	1381	0	0	0	0	0	0	1660935761328
1244	1381	0	0	0	0	0	0	1660935762348
1244	1381	0	0	0	0	0	0	1660935763368
1244	1381	0	0	0	0	0	0	1660935764388
1244	1380	0	0	0	0	0	0	1660935765408
1244	1380	0	0	0	0	0	0	1660935766428
1244	1381	0	0	0	0	0	0	1660935767448
1244	1380	0	0	0	0	0	0	1660935768468
1244	1380	0	0	0	0	0	0	1660935769488
1244	1379	0	0	0	0	0	0	1660935770508
1244	1379	0	0	0	0	0	0	1660935771528
1244	1379	0	0	0	0	0	0	1660935772548
1244	1378	0	0	0	0	0	0	1660935773568
1244	1379	0	0	0	0	0	0	1660935774588
1244	1379	0	0	0	0	0	0	1660935775608
1244	1379	0	0	0	0	0	0	1660935776628
1244	1378	0	0	0	0	0	0	1660935777648
1244	1378	0	0	0	0	0	0	1660935778668
1244	1378	0	0	0	0	0	0	1660935779688
1244	1377	0	0	0	0	0	0	1660935780708
1244	1375	0	0	0	0	0	0	1660935781728
1244	1376	0	0	0	0	0	0	1660935782748
1244	1374	0	0	0	0	0	0	1660935783768
1244	1376	0	0	0	0	0	0	1660935784788
1244	1367	0	0	0	0	0	0	1660935785808
1244	1363	0	0	0	0	0	0	1660935786828
1244	1360	0	0	0	0	0	0	1660935787848
1244	1358	0	0	0	0	0	0	1660935788868
1244	1357	0	0	0	0	0	0	1660935789888
1244	1357	0	0	0	0	0	0	1660935790908
1244	1357	0	0	0	0	0	0	1660935791928
1244	1358	0	0	0	0	0	0	1660935792948
1244	1359	0	0	0	0	0	0	1660935793968
1244	1359	0	0	0	0	0	0	1660935794988
1244	1359	0	0	0	0	0	0	1660935796008
1244	1359	0	0	0	0	0	0	1660935797028
1244	1358	0	0	0	0	0	0	1660935798048
1244	1358	0	0	0	0	0	0	1660935799068
1244	1359	0	0	0	0	0	0	1660935800088
1244	1358	0	0	0	0	0	0	1660935801108
1244	1359	0	0	0	0	0	0	1660935802128
1244	1359	0	0	0	0	0	0	1660935803148
1244	1359	0	0	0	0	0	0	1660935804168
1244	1359	0	0	0	0	0	0	1660935805188
1244	1359	0	0	0	0	0	0	1660935806208
1244	1359	0	0	0	0	0	0	1660935807228
1244	1358	0	0	0	0	0	0	1660935808248
1244	1358	0	0	0	0	0	0	1660935809268
1243	1358	0	0	0	0	0	0	1660935810288
1243	1359	0	0	0	0	0	0	1660935811308
1244	1360	0	0	0	0	0	0	1660935812328
1243	1361	0	0	0	0	0	0	1660935813348
1243	1361	0	0	0	0	0	0	1660935814368
1243	1362	0	0	0	0	0	0	1660935815388
1241	1361	0	0	0	0	0	0	1660935816408
1241	1361	0	0	0	0	0	0	1660935817428
1241	1362	0	0	0	0	0	0	1660935818448
1240	1361	0	0	0	0	0	0	1660935819468
1237	1360	0	0	0	0	0	0	1660935820488
10742	1359	0	0	0	0	0	0	1660935821508
6938	1359	0	0	0	0	0	0	1660935822528
4657	1360	0	0	0	0	0	0	1660935823548
3287	1360	0	0	0	0	0	0	1660935824568
2465	1360	0	0	0	0	0	0	1660935825588
1973	1359	0	0	0	0	0	0	1660935826608
1679	1358	0	0	0	0	0	0	1660935827628
1499	1357	0	0	0	0	0	0	1660935828648
1392	1357	0	0	0	0	0	0	1660935829668
1324	1356	0	0	0	0	0	0	1660935830688
1283	1355	0	0	0	0	0	0	1660935831708
1264	1355	0	0	0	0	0	0	1660935832728
1252	1355	0	0	0	0	0	0	1660935833748
1243	1355	0	0	0	0	0	0	1660935834768
1237	1355	0	0	0	0	0	0	1660935835788
1232	1355	0	0	0	0	0	0	1660935836808
1230	1355	0	0	0	0	0	0	1660935837828
1227	1355	0	0	0	0	0	0	1660935838848
1227	1355	0	0	0	0	0	0	1660935839868
1227	1355	0	0	0	0	0	0	1660935840888
1227	1355	0	0	0	0	0	0	1660935841908
1226	1355	0	0	0	0	0	0	1660935842928
1226	1355	0	0	0	0	0	0	1660935843948
1226	1355	0	0	0	0	0	0	1660935844968
1228	1357	0	0	0	0	0	0	1660935845988
1234	1356	0	0	0	0	0	0	1660935847008
1238	1355	0	0	0	0	0	0	1660935848028
1241	1355	0	0	0	0	0	0	1660935849048
1241	1355	0	0	0	0	0	0	1660935850068
1242	1355	0	0	0	0	0	0	1660935851088
1241	1355	0	0	0	0	0	0	1660935852108
1241	1355	0	0	0	0	0	0	1660935853128
1241	1355	0	0	0	0	0	0	1660935854148
1242	1355	0	0	0	0	0	0	1660935855168
1242	1355	0	0	0	0	0	0	1660935856188
1242	1355	0	0	0	0	0	0	1660935857208
1241	1355	0	0	0	0	0	0	1660935858228
1240	1355	0	0	0	0	0	0	1660935859248
1239	1355	0	0	0	0	0	0	1660935860268
1238	1355	0	0	0	0	0	0	1660935861288
1237	1355	0	0	0	0	0	0	1660935862308
1237	1355	0	0	0	0	0	0	1660935863328
1236	1355	0	0	0	0	0	0	1660935864348
1234	1355	0	0	0	0	0	0	1660935865368
1232	1355	0	0	0	0	0	0	1660935866388
1232	1355	0	0	0	0	0	0	1660935867408
1231	1356	0	0	0	0	0	0	1660935868428
1235	1360	0	0	0	0	0	0	1660935869448
1238	1358	0	0	0	0	0	0	1660935870468
1240	1357	0	0	0	0	0	0	1660935871488
1241	1356	0	0	0	0	0	0	1660935872508
1239	1355	0	0	0	0	0	0	1660935873528
1241	1355	0	0	0	0	0	0	1660935874548
1240	1355	0	0	0	0	0	0	1660935875568
1241	1355	0	0	0	0	0	0	1660935876588
1240	1355	0	0	0	0	0	0	1660935877608
1240	1355	0	0	0	0	0	0	1660935878628
1239	1355	0	0	0	0	0	0	1660935879648
1236	1355	0	0	0	0	0	0	1660935880668
1235	1355	0	0	0	0	0	0	1660935881688
1232	1355	0	0	0	0	0	0	1660935882708
1233	1355	0	0	0	0	0	0	1660935883728
1233	1355	0	0	0	0	0	0	1660935884748
1231	1355	0	0	0	0	0	0	1660935885768
1230	1355	0	0	0	0	0	0	1660935886788
1229	1355	0	0	0	0	0	0	1660935887808
1228	1358	0	0	0	0	0	0	1660935888828
1229	1356	0	0	0	0	0	0	1660935889848
1228	1363	0	0	0	0	0	0	1660935890868
1228	1360	0	0	0	0	0	0	1660935891888
1228	1358	0	0	0	0	0	0	1660935892908
1230	1357	0	0	0	0	0	0	1660935893928
1231	1356	0	0	0	0	0	0	1660935894948
1231	1355	0	0	0	0	0	0	1660935895968
1230	1355	0	0	0	0	0	0	1660935896988
1227	1355	0	0	0	0	0	0	1660935898008
1228	1355	0	0	0	0	0	0	1660935899028
1228	1355	0	0	0	0	0	0	1660935900048
1228	1355	0	0	0	0	0	0	1660935901068
1226	1355	0	0	0	0	0	0	1660935902088
1225	1355	0	0	0	0	0	0	1660935903108
1223	1355	0	0	0	0	0	0	1660935904128
1221	1355	0	0	0	0	0	0	1660935905148
1221	1355	0	0	0	0	0	0	1660935906168
1220	1355	0	0	0	0	0	0	1660935907188
1220	1355	0	0	0	0	0	0	1660935908208
1219	1355	0	0	0	0	0	0	1660935909228
1219	1355	0	0	0	0	0	0	1660935910248
1218	1355	0	0	0	0	0	0	1660935911268
1219	1356	0	0	0	0	0	0	1660935912288
1219	1355	0	0	0	0	0	0	1660935913308
1219	1355	0	0	0	0	0	0	1660935914328
1219	1355	0	0	0	0	0	0	1660935915348
1218	1355	0	0	0	0	0	0	1660935916368
1218	1355	0	0	0	0	0	0	1660935917388
1217	1355	0	0	0	0	0	0	1660935918408
1217	1355	0	0	0	0	0	0	1660935919428
1217	1355	0	0	0	0	0	0	1660935920448
1217	1355	0	0	0	0	0	0	1660935921468
1218	1355	0	0	0	0	0	0	1660935922488
1217	1355	0	0	0	0	0	0	1660935923508
1217	1355	0	0	0	0	0	0	1660935924528
1218	1355	0	0	0	0	0	0	1660935925548
1218	1355	0	0	0	0	0	0	1660935926568
1218	1355	0	0	0	0	0	0	1660935927588
1218	1355	0	0	0	0	0	0	1660935928608
1218	1355	0	0	0	0	0	0	1660935929628
1218	1355	0	0	0	0	0	0	1660935930648
1218	1355	0	0	0	0	0	0	1660935931668
1220	1355	0	0	0	0	0	0	1660935932688
1219	1355	0	0	0	0	0	0	1660935933708
1218	1355	0	0	0	0	0	0	1660935934728
1218	1355	0	0	0	0	0	0	1660935935748
1218	1355	0	0	0	0	0	0	1660935936768
1218	1355	0	0	0	0	0	0	1660935937788
1218	1355	0	0	0	0	0	0	1660935938808
1218	1355	0	0	0	0	0	0	1660935939828
1217	1355	0	0	0	0	0	0	1660935940848
1217	1355	0	0	0	0	0	0	1660935941868
1217	1355	0	0	0	0	0	0	1660935942888
1217	1355	0	0	0	0	0	0	1660935943908
1218	1355	0	0	0	0	0	0	1660935944928
1217	1355	0	0	0	0	0	0	1660935945948
1217	1355	0	0	0	0	0	0	1660935946968
1217	1355	0	0	0	0	0	0	1660935947988
1218	1355	0	0	0	0	0	0	1660935949008
1219	1355	0	0	0	0	0	0	1660935950028
1218	1355	0	0	0	0	0	0	1660935951048
1218	1355	0	0	0	0	0	0	1660935952068
1218	1355	0	0	0	0	0	0	1660935953088
1219	1355	0	0	0	0	0	0	1660935954108
1219	1355	0	0	0	0	0	0	1660935955128
1219	1355	0	0	0	0	0	0	1660935956148
1219	1355	0	0	0	0	0	0	1660935957168
1219	1355	0	0	0	0	0	0	1660935958188
1221	1355	0	0	0	0	0	0	1660935959208
1222	1355	0	0	0	0	0	0	1660935960228
1221	1355	0	0	0	0	0	0	1660935961248
1219	1355	0	0	0	0	0	0	1660935962268
1219	1355	0	0	0	0	0	0	1660935963288
1218	1355	0	0	0	0	0	0	1660935964308
1217	1355	0	0	0	0	0	0	1660935965328
1218	1355	0	0	0	0	0	0	1660935966348
1217	1355	0	0	0	0	0	0	1660935967368
1217	1355	0	0	0	0	0	0	1660935968388
1217	1355	0	0	0	0	0	0	1660935969408
1217	1355	0	0	0	0	0	0	1660935970428
1217	1355	0	0	0	0	0	0	1660935971448
1217	1355	0	0	0	0	0	0	1660935972468
1217	1355	0	0	0	0	0	0	1660935973488
1217	1355	0	0	0	0	0	0	1660935974508
1217	1355	0	0	0	0	0	0	1660935975528
1217	1355	0	0	0	0	0	0	1660935976548
1218	1355	0	0	0	0	0	0	1660935977568
1229	1355	0	0	0	0	0	0	1660935978588
1235	1355	0	0	0	0	0	0	1660935979608
1239	1355	0	0	0	0	0	0	1660935980628
1240	1355	0	0	0	0	0	0	1660935981648
1242	1355	0	0	0	0	0	0	1660935982668
1243	1355	0	0	0	0	0	0	1660935983688
1244	1355	0	0	0	0	0	0	1660935984708
1244	1355	0	0	0	0	0	0	1660935985728
1244	1355	0	0	0	0	0	0	1660935986748
1244	1355	0	0	0	0	0	0	1660935987768
1244	1355	0	0	0	0	0	0	1660935988788
1244	1355	0	0	0	0	0	0	1660935989808
1244	1355	0	0	0	0	0	0	1660935990828
1244	1355	0	0	0	0	0	0	1660935991848
1244	1355	0	0	0	0	0	0	1660935992868
1244	1355	0	0	0	0	0	0	1660935993888
1244	1355	0	0	0	0	0	0	1660935994908
1244	1355	0	0	0	0	0	0	1660935995928
1244	1355	0	0	0	0	0	0	1660935996948
1244	1355	0	0	0	0	0	0	1660935997968
1244	1355	0	0	0	0	0	0	1660935998988
1244	1355	0	0	0	0	0	0	1660936000008
1244	1355	0	0	0	0	0	0	1660936001028
1244	1355	0	0	0	0	0	0	1660936002048
1244	1355	0	0	0	0	0	0	1660936003068
1244	1355	0	0	0	0	0	0	1660936004088
1244	1355	0	0	0	0	0	0	1660936005108
1244	1355	0	0	0	0	0	0	1660936006128
1244	1355	0	0	0	0	0	0	1660936007148
1244	1355	0	0	0	0	0	0	1660936008168
1244	1355	0	0	0	0	0	0	1660936009188
1244	1355	0	0	0	0	0	0	1660936010208
1244	1355	0	0	0	0	0	0	1660936011228
1244	1355	0	0	0	0	0	0	1660936012248
1244	1355	0	0	0	0	0	0	1660936013268
1244	1355	0	0	0	0	0	0	1660936014288
1244	1355	0	0	0	0	0	0	1660936015308
1244	1355	0	0	0	0	0	0	1660936016328
1244	1354	0	0	0	0	0	0	1660936017348
1244	1354	0	0	0	0	0	0	1660936018368
1244	1354	0	0	0	0	0	0	1660936019388
1244	1354	0	0	0	0	0	0	1660936020408
1244	1354	0	0	0	0	0	0	1660936021428
1244	1354	0	0	0	0	0	0	1660936022448
1244	1354	0	0	0	0	0	0	1660936023468
1244	1354	0	0	0	0	0	0	1660936024488
1244	1354	0	0	0	0	0	0	1660936025508
1244	1354	0	0	0	0	0	0	1660936026528
1244	1354	0	0	0	0	0	0	1660936027548
1244	1354	0	0	0	0	0	0	1660936028568
1244	1354	0	0	0	0	0	0	1660936029588
1244	1354	0	0	0	0	0	0	1660936030608
1244	1354	0	0	0	0	0	0	1660936031628
1244	1354	0	0	0	0	0	0	1660936032648
1244	1354	0	0	0	0	0	0	1660936033668
1244	1354	0	0	0	0	0	0	1660936034688
1244	1354	0	0	0	0	0	0	1660936035708
1244	1354	0	0	0	0	0	0	1660936036728
1244	1354	0	0	0	0	0	0	1660936037748
1243	1354	0	0	0	0	0	0	1660936038768
1244	1354	0	0	0	0	0	0	1660936039788
1244	1354	0	0	0	0	0	0	1660936040808
1244	1354	0	0	0	0	0	0	1660936041828
1244	1354	0	0	0	0	0	0	1660936042848
1244	1354	0	0	0	0	0	0	1660936043868
1244	1354	0	0	0	0	0	0	1660936044888
1244	1354	0	0	0	0	0	0	1660936045908
1244	1354	0	0	0	0	0	0	1660936046928
1244	1354	0	0	0	0	0	0	1660936047948
1244	1354	0	0	0	0	0	0	1660936048968
1244	1354	0	0	0	0	0	0	1660936049988
1243	1354	0	0	0	0	0	0	1660936051008
1242	1354	0	0	0	0	0	0	1660936052028
1243	1354	0	0	0	0	0	0	1660936053048
1243	1354	0	0	0	0	0	0	1660936054068
1243	1354	0	0	0	0	0	0	1660936055088
1244	1354	0	0	0	0	0	0	1660936056108
1244	1354	0	0	0	0	0	0	1660936057128
1244	1354	0	0	0	0	0	0	1660936058148
1243	1354	0	0	0	0	0	0	1660936059168
1243	1354	0	0	0	0	0	0	1660936060188
1243	1354	0	0	0	0	0	0	1660936061208
1242	1354	0	0	0	0	0	0	1660936062228
1241	1354	0	0	0	0	0	0	1660936063248
1240	1354	0	0	0	0	0	0	1660936064268
1240	1354	0	0	0	0	0	0	1660936065288
1240	1354	0	0	0	0	0	0	1660936066308
1240	1354	0	0	0	0	0	0	1660936067328
1241	1354	0	0	0	0	0	0	1660936068348
1242	1354	0	0	0	0	0	0	1660936069368
1242	1354	0	0	0	0	0	0	1660936070388
1242	1354	0	0	0	0	0	0	1660936071408
1242	1354	0	0	0	0	0	0	1660936072428
1241	1354	0	0	0	0	0	0	1660936073448
1241	1354	0	0	0	0	0	0	1660936074468
1242	1354	0	0	0	0	0	0	1660936075488
1242	1354	0	0	0	0	0	0	1660936076508
1242	1354	0	0	0	0	0	0	1660936077528
1242	1354	0	0	0	0	0	0	1660936078548
1242	1354	0	0	0	0	0	0	1660936079568
1242	1354	0	0	0	0	0	0	1660936080588
1241	1354	0	0	0	0	0	0	1660936081608
1241	1354	0	0	0	0	0	0	1660936082628
1242	1354	0	0	0	0	0	0	1660936083648
1241	1354	0	0	0	0	0	0	1660936084668
1241	1354	0	0	0	0	0	0	1660936085688
1241	1354	0	0	0	0	0	0	1660936086708
1239	1354	0	0	0	0	0	0	1660936087728
1239	1354	0	0	0	0	0	0	1660936088748
1241	1354	0	0	0	0	0	0	1660936089768
1241	1354	0	0	0	0	0	0	1660936090788
1241	1354	0	0	0	0	0	0	1660936091808
1241	1354	0	0	0	0	0	0	1660936092828
1240	1354	0	0	0	0	0	0	1660936093848
1240	1354	0	0	0	0	0	0	1660936094868
1241	1354	0	0	0	0	0	0	1660936095888
1241	1354	0	0	0	0	0	0	1660936096908
1240	1354	0	0	0	0	0	0	1660936097928
1242	1354	0	0	0	0	0	0	1660936098948
1242	1354	0	0	0	0	0	0	1660936099968
1243	1354	0	0	0	0	0	0	1660936100988
1243	1354	0	0	0	0	0	0	1660936102008
1243	1354	0	0	0	0	0	0	1660936103028
1243	1354	0	0	0	0	0	0	1660936104048
1243	1354	0	0	0	0	0	0	1660936105068
1244	1354	0	0	0	0	0	0	1660936106088
1244	1354	0	0	0	0	0	0	1660936107108
1244	1354	0	0	0	0	0	0	1660936108128
1244	1354	0	0	0	0	0	0	1660936109148
1244	1354	0	0	0	0	0	0	1660936110168
1244	1354	0	0	0	0	0	0	1660936111188
1244	1354	0	0	0	0	0	0	1660936112208
1244	1354	0	0	0	0	0	0	1660936113228
1244	1354	0	0	0	0	0	0	1660936114248
1244	1354	0	0	0	0	0	0	1660936115268
1244	1354	0	0	0	0	0	0	1660936116288
1244	1354	0	0	0	0	0	0	1660936117308
1244	1354	0	0	0	0	0	0	1660936118328
1243	1354	0	0	0	0	0	0	1660936119348
1243	1354	0	0	0	0	0	0	1660936120368
1244	1354	0	0	0	0	0	0	1660936121388
1244	1354	0	0	0	0	0	0	1660936122408
1244	1354	0	0	0	0	0	0	1660936123428
1244	1354	0	0	0	0	0	0	1660936124448
1244	1354	0	0	0	0	0	0	1660936125468
1244	1354	0	0	0	0	0	0	1660936126488
1244	1354	0	0	0	0	0	0	1660936127508
1244	1354	0	0	0	0	0	0	1660936128528
1244	1354	0	0	0	0	0	0	1660936129548
1244	1354	0	0	0	0	0	0	1660936130568
1244	1354	0	0	0	0	0	0	1660936131588
1244	1354	0	0	0	0	0	0	1660936132608
1244	1354	0	0	0	0	0	0	1660936133628
1244	1354	0	0	0	0	0	0	1660936134648
1244	1354	0	0	0	0	0	0	1660936135668
1244	1354	0	0	0	0	0	0	1660936136688
1244	1354	0	0	0	0	0	0	1660936137708
1244	1354	0	0	0	0	0	0	1660936138728
1244	1354	0	0	0	0	0	0	1660936139748
1244	1354	0	0	0	0	0	0	1660936140768
1244	1354	0	0	0	0	0	0	1660936141788
1244	1354	0	0	0	0	0	0	1660936142808
1244	1354	0	0	0	0	0	0	1660936143828
1244	1354	0	0	0	0	0	0	1660936144848
1244	1354	0	0	0	0	0	0	1660936145868
1244	1354	0	0	0	0	0	0	1660936146888
1244	1354	0	0	0	0	0	0	1660936147908
1244	1354	0	0	0	0	0	0	1660936148928
1244	1354	0	0	0	0	0	0	1660936149948
1244	1354	0	0	0	0	0	0	1660936150968
1244	1354	0	0	0	0	0	0	1660936151988
1244	1354	0	0	0	0	0	0	1660936153008
1244	1354	0	0	0	0	0	0	1660936154028
1244	1354	0	0	0	0	0	0	1660936155048
1244	1354	0	0	0	0	0	0	1660936156068
1244	1354	0	0	0	0	0	0	1660936157088
1244	1354	0	0	0	0	0	0	1660936158108
1244	1354	0	0	0	0	0	0	1660936159128
1244	1354	0	0	0	0	0	0	1660936160148
1244	1354	0	0	0	0	0	0	1660936161168
1244	1354	0	0	0	0	0	0	1660936162188
1244	1354	0	0	0	0	0	0	1660936163208
1244	1354	0	0	0	0	0	0	1660936164228
1244	1354	0	0	0	0	0	0	1660936165248
1244	1354	0	0	0	0	0	0	1660936166268
1244	1354	0	0	0	0	0	0	1660936167288
1244	1354	0	0	0	0	0	0	1660936168308
1244	1354	0	0	0	0	0	0	1660936169328
1244	1354	0	0	0	0	0	0	1660936170348
1244	1354	0	0	0	0	0	0	1660936171368
1244	1354	0	0	0	0	0	0	1660936172388
1244	1354	0	0	0	0	0	0	1660936173408
1244	1354	0	0	0	0	0	0	1660936174428
1244	1354	0	0	0	0	0	0	1660936175448
1244	1354	0	0	0	0	0	0	1660936176468
1244	1354	0	0	0	0	0	0	1660936177488
1244	1354	0	0	0	0	0	0	1660936178508
1244	1354	0	0	0	0	0	0	1660936179528
1244	1354	0	0	0	0	0	0	1660936180548
1244	1354	0	0	0	0	0	0	1660936181568
1244	1354	0	0	0	0	0	0	1660936182588
1244	1354	0	0	0	0	0	0	1660936183608
1244	1354	0	0	0	0	0	0	1660936184628
1244	1354	0	0	0	0	0	0	1660936185648
1244	1354	0	0	0	0	0	0	1660936186668
1244	1354	0	0	0	0	0	0	1660936187688
1244	1354	0	0	0	0	0	0	1660936188708
1244	1354	0	0	0	0	0	0	1660936189728
1244	1354	0	0	0	0	0	0	1660936190748
1244	1354	0	0	0	0	0	0	1660936191768
1244	1354	0	0	0	0	0	0	1660936192788
1244	1354	0	0	0	0	0	0	1660936193808
1244	1354	0	0	0	0	0	0	1660936194828
1244	1354	0	0	0	0	0	0	1660936195848
1244	1354	0	0	0	0	0	0	1660936196868
1244	1354	0	0	0	0	0	0	1660936197888
1244	1354	0	0	0	0	0	0	1660936198908
1244	1354	0	0	0	0	0	0	1660936199928
1244	1354	0	0	0	0	0	0	1660936200948
1244	1354	0	0	0	0	0	0	1660936201968
1244	1354	0	0	0	0	0	0	1660936202988
1244	1354	0	0	0	0	0	0	1660936204008
1244	1355	0	0	0	0	0	0	1660936205028
1244	1355	0	0	0	0	0	0	1660936206048
1244	1355	0	0	0	0	0	0	1660936207068
1244	1353	0	0	0	0	0	0	1660936208088
1244	1354	0	0	0	0	0	0	1660936209108
1244	1353	0	0	0	0	0	0	1660936210128
1244	1352	0	0	0	0	0	0	1660936211148
1244	1350	0	0	0	0	0	0	1660936212168
1244	1349	0	0	0	0	0	0	1660936213188
1244	1350	0	0	0	0	0	0	1660936214208
1244	1351	0	0	0	0	0	0	1660936215228
1244	1351	0	0	0	0	0	0	1660936216248
1244	1351	0	0	0	0	0	0	1660936217268
1244	1351	0	0	0	0	0	0	1660936218288
1244	1351	0	0	0	0	0	0	1660936219308
1244	1350	0	0	0	0	0	0	1660936220328
1244	1351	0	0	0	0	0	0	1660936221348
1244	1351	0	0	0	0	0	0	1660936222368
1244	1351	0	0	0	0	0	0	1660936223388
1244	1348	0	0	0	0	0	0	1660936224408
1244	1346	0	0	0	0	0	0	1660936225428
1244	1340	0	0	0	0	0	0	1660936226448
1244	1340	0	0	0	0	0	0	1660936227468
1244	1344	0	0	0	0	0	0	1660936228488
1244	1348	0	0	0	0	0	0	1660936229508
1244	1350	0	0	0	0	0	0	1660936230528
1244	1349	0	0	0	0	0	0	1660936231548
1244	1349	0	0	0	0	0	0	1660936232568
1244	1350	0	0	0	0	0	0	1660936233588
1244	1350	0	0	0	0	0	0	1660936234608
1244	1348	0	0	0	0	0	0	1660936235628
1244	1346	0	0	0	0	0	0	1660936236648
1244	1348	0	0	0	0	0	0	1660936237668
1244	1350	0	0	0	0	0	0	1660936238688
