1118	1954	0	0	0	0	0	0	1660659029279
1113	1943	0	0	0	0	0	0	1660659030299
1102	1930	0	0	0	0	0	0	1660659031319
1092	1923	0	0	0	0	0	0	1660659032339
1086	1918	0	0	0	0	0	0	1660659033359
1078	1909	0	0	0	0	0	0	1660659034379
1067	1899	0	0	0	0	0	0	1660659035399
1060	1893	0	0	0	0	0	0	1660659036419
1056	1889	0	0	0	0	0	0	1660659037439
1054	1887	0	0	0	0	0	0	1660659038459
1053	1881	0	0	0	0	0	0	1660659039479
1055	1868	0	0	0	0	0	0	1660659040499
1053	1863	0	0	0	0	0	0	1660659041519
1046	1860	0	0	0	0	0	0	1660659042539
1038	1858	0	0	0	0	0	0	1660659043559
1032	1857	0	0	0	0	0	0	1660659044579
1028	1857	0	0	0	0	0	0	1660659045599
1026	1856	0	0	0	0	0	0	1660659046619
1024	1856	0	0	0	0	0	0	1660659047639
1023	1856	0	0	0	0	0	0	1660659048659
1023	1856	0	0	0	0	0	0	1660659049679
1023	1856	0	0	0	0	0	0	1660659050699
1023	1856	0	0	0	0	0	0	1660659051719
1023	1854	0	0	0	0	0	0	1660659052739
1021	1852	0	0	0	0	0	0	1660659053759
1011	1845	0	0	0	0	0	0	1660659054779
1006	1839	0	0	0	0	0	0	1660659055799
1001	1835	0	0	0	0	0	0	1660659056819
998	1832	0	0	0	0	0	0	1660659057839
997	1830	0	0	0	0	0	0	1660659058859
996	1829	0	0	0	0	0	0	1660659059879
995	1828	0	0	0	0	0	0	1660659060899
995	1828	0	0	0	0	0	0	1660659061919
995	1828	0	0	0	0	0	0	1660659062939
995	1828	0	0	0	0	0	0	1660659063959
995	1828	0	0	0	0	0	0	1660659064979
995	1828	0	0	0	0	0	0	1660659065999
995	1828	0	0	0	0	0	0	1660659067019
994	1828	0	0	0	0	0	0	1660659068039
994	1828	0	0	0	0	0	0	1660659069059
994	1828	0	0	0	0	0	0	1660659070079
994	1829	0	0	0	0	0	0	1660659071099
994	1831	0	0	0	0	0	0	1660659072119
994	1830	0	0	0	0	0	0	1660659073139
994	1829	0	0	0	0	0	0	1660659074159
994	1828	0	0	0	0	0	0	1660659075179
994	1828	0	0	0	0	0	0	1660659076199
994	1828	0	0	0	0	0	0	1660659077219
994	1828	0	0	0	0	0	0	1660659078239
994	1828	0	0	0	0	0	0	1660659079259
994	1828	0	0	0	0	0	0	1660659080279
994	1828	0	0	0	0	0	0	1660659081299
992	1828	0	0	0	0	0	0	1660659082319
991	1828	0	0	0	0	0	0	1660659083339
988	1828	0	0	0	0	0	0	1660659084359
985	1828	0	0	0	0	0	0	1660659085379
981	1828	0	0	0	0	0	0	1660659086399
977	1826	0	0	0	0	0	0	1660659087419
974	1825	0	0	0	0	0	0	1660659088439
972	1823	0	0	0	0	0	0	1660659089459
970	1820	0	0	0	0	0	0	1660659090479
969	1816	0	0	0	0	0	0	1660659091499
969	1811	0	0	0	0	0	0	1660659092519
968	1808	0	0	0	0	0	0	1660659093539
967	1805	0	0	0	0	0	0	1660659094559
967	1803	0	0	0	0	0	0	1660659095579
967	1802	0	0	0	0	0	0	1660659096599
967	1801	0	0	0	0	0	0	1660659097619
967	1800	0	0	0	0	0	0	1660659098639
967	1800	0	0	0	0	0	0	1660659099659
967	1800	0	0	0	0	0	0	1660659100679
967	1800	0	0	0	0	0	0	1660659101699
967	1800	0	0	0	0	0	0	1660659102719
967	1800	0	0	0	0	0	0	1660659103739
967	1800	0	0	0	0	0	0	1660659104759
967	1800	0	0	0	0	0	0	1660659105779
967	1800	0	0	0	0	0	0	1660659106799
967	1800	0	0	0	0	0	0	1660659107819
967	1800	0	0	0	0	0	0	1660659108839
967	1800	0	0	0	0	0	0	1660659109859
967	1800	0	0	0	0	0	0	1660659110879
967	1800	0	0	0	0	0	0	1660659111899
967	1800	0	0	0	0	0	0	1660659112919
967	1800	0	0	0	0	0	0	1660659113939
967	1800	0	0	0	0	0	0	1660659114959
967	1800	0	0	0	0	0	0	1660659115979
967	1800	0	0	0	0	0	0	1660659116999
967	1800	0	0	0	0	0	0	1660659118019
967	1800	0	0	0	0	0	0	1660659119039
967	1800	0	0	0	0	0	0	1660659120059
967	1800	0	0	0	0	0	0	1660659121079
967	1800	0	0	0	0	0	0	1660659122099
967	1800	0	0	0	0	0	0	1660659123119
967	1800	0	0	0	0	0	0	1660659124139
967	1800	0	0	0	0	0	0	1660659125159
967	1800	0	0	0	0	0	0	1660659126179
967	1800	0	0	0	0	0	0	1660659127199
967	1800	0	0	0	0	0	0	1660659128219
967	1800	0	0	0	0	0	0	1660659129239
967	1800	0	0	0	0	0	0	1660659130259
967	1799	0	0	0	0	0	0	1660659131279
967	1799	0	0	0	0	0	0	1660659132299
967	1798	0	0	0	0	0	0	1660659133319
967	1798	0	0	0	0	0	0	1660659134339
967	1797	0	0	0	0	0	0	1660659135359
967	1797	0	0	0	0	0	0	1660659136379
967	1795	0	0	0	0	0	0	1660659137399
967	1792	0	0	0	0	0	0	1660659138419
967	1789	0	0	0	0	0	0	1660659139439
967	1786	0	0	0	0	0	0	1660659140459
967	1783	0	0	0	0	0	0	1660659141479
967	1780	0	0	0	0	0	0	1660659142499
967	1778	0	0	0	0	0	0	1660659143519
967	1776	0	0	0	0	0	0	1660659144539
967	1774	0	0	0	0	0	0	1660659145559
967	1773	0	0	0	0	0	0	1660659146579
967	1773	0	0	0	0	0	0	1660659147599
967	1773	0	0	0	0	0	0	1660659148619
967	1773	0	0	0	0	0	0	1660659149639
967	1773	0	0	0	0	0	0	1660659150659
967	1773	0	0	0	0	0	0	1660659151679
967	1772	0	0	0	0	0	0	1660659152699
967	1772	0	0	0	0	0	0	1660659153719
967	1772	0	0	0	0	0	0	1660659154739
967	1772	0	0	0	0	0	0	1660659155759
967	1772	0	0	0	0	0	0	1660659156779
967	1772	0	0	0	0	0	0	1660659157799
967	1772	0	0	0	0	0	0	1660659158819
967	1772	0	0	0	0	0	0	1660659159839
967	1772	0	0	0	0	0	0	1660659160859
967	1772	0	0	0	0	0	0	1660659161879
967	1772	0	0	0	0	0	0	1660659162899
967	1772	0	0	0	0	0	0	1660659163919
967	1772	0	0	0	0	0	0	1660659164939
967	1772	0	0	0	0	0	0	1660659165959
967	1772	0	0	0	0	0	0	1660659166979
967	1772	0	0	0	0	0	0	1660659167999
967	1772	0	0	0	0	0	0	1660659169019
967	1772	0	0	0	0	0	0	1660659170039
967	1772	0	0	0	0	0	0	1660659171059
967	1772	0	0	0	0	0	0	1660659172079
967	1772	0	0	0	0	0	0	1660659173099
967	1772	0	0	0	0	0	0	1660659174119
967	1772	0	0	0	0	0	0	1660659175139
966	1772	0	0	0	0	0	0	1660659176159
966	1772	0	0	0	0	0	0	1660659177179
966	1772	0	0	0	0	0	0	1660659178199
966	1772	0	0	0	0	0	0	1660659179219
966	1772	0	0	0	0	0	0	1660659180239
966	1772	0	0	0	0	0	0	1660659181259
966	1772	0	0	0	0	0	0	1660659182279
966	1772	0	0	0	0	0	0	1660659183299
966	1772	0	0	0	0	0	0	1660659184319
966	1772	0	0	0	0	0	0	1660659185339
965	1772	0	0	0	0	0	0	1660659186359
964	1772	0	0	0	0	0	0	1660659187379
964	1772	0	0	0	0	0	0	1660659188399
963	1772	0	0	0	0	0	0	1660659189419
964	1772	0	0	0	0	0	0	1660659190439
963	1772	0	0	0	0	0	0	1660659191459
963	1772	0	0	0	0	0	0	1660659192479
962	1772	0	0	0	0	0	0	1660659193499
958	1772	0	0	0	0	0	0	1660659194519
959	1772	0	0	0	0	0	0	1660659195539
959	1772	0	0	0	0	0	0	1660659196559
958	1772	0	0	0	0	0	0	1660659197579
958	1772	0	0	0	0	0	0	1660659198599
957	1772	0	0	0	0	0	0	1660659199619
956	1772	0	0	0	0	0	0	1660659200639
954	1772	0	0	0	0	0	0	1660659201659
953	1772	0	0	0	0	0	0	1660659202679
952	1772	0	0	0	0	0	0	1660659203699
950	1772	0	0	0	0	0	0	1660659204719
948	1772	0	0	0	0	0	0	1660659205739
947	1772	0	0	0	0	0	0	1660659206759
947	1772	0	0	0	0	0	0	1660659207779
946	1772	0	0	0	0	0	0	1660659208799
944	1772	0	0	0	0	0	0	1660659209819
943	1772	0	0	0	0	0	0	1660659210839
942	1772	0	0	0	0	0	0	1660659211859
943	1772	0	0	0	0	0	0	1660659212879
942	1772	0	0	0	0	0	0	1660659213899
942	1772	0	0	0	0	0	0	1660659214919
942	1772	0	0	0	0	0	0	1660659215939
941	1772	0	0	0	0	0	0	1660659216959
940	1772	0	0	0	0	0	0	1660659217979
940	1771	0	0	0	0	0	0	1660659218999
939	1771	0	0	0	0	0	0	1660659220019
939	1771	0	0	0	0	0	0	1660659221039
939	1770	0	0	0	0	0	0	1660659222059
939	1770	0	0	0	0	0	0	1660659223079
939	1770	0	0	0	0	0	0	1660659224099
939	1770	0	0	0	0	0	0	1660659225119
939	1771	0	0	0	0	0	0	1660659226139
939	1770	0	0	0	0	0	0	1660659227159
939	1768	0	0	0	0	0	0	1660659228179
939	1768	0	0	0	0	0	0	1660659229199
939	1765	0	0	0	0	0	0	1660659230219
939	1763	0	0	0	0	0	0	1660659231239
939	1761	0	0	0	0	0	0	1660659232259
939	1760	0	0	0	0	0	0	1660659233279
939	1759	0	0	0	0	0	0	1660659234299
939	1759	0	0	0	0	0	0	1660659235319
939	1759	0	0	0	0	0	0	1660659236339
939	1755	0	0	0	0	0	0	1660659237359
939	1753	0	0	0	0	0	0	1660659238379
939	1753	0	0	0	0	0	0	1660659239399
939	1751	0	0	0	0	0	0	1660659240419
939	1749	0	0	0	0	0	0	1660659241439
939	1749	0	0	0	0	0	0	1660659242459
939	1750	0	0	0	0	0	0	1660659243479
939	1749	0	0	0	0	0	0	1660659244499
939	1748	0	0	0	0	0	0	1660659245519
939	1748	0	0	0	0	0	0	1660659246539
939	1747	0	0	0	0	0	0	1660659247559
939	1746	0	0	0	0	0	0	1660659248579
939	1746	0	0	0	0	0	0	1660659249599
939	1746	0	0	0	0	0	0	1660659250619
939	1745	0	0	0	0	0	0	1660659251639
939	1745	0	0	0	0	0	0	1660659252659
939	1745	0	0	0	0	0	0	1660659253679
939	1745	0	0	0	0	0	0	1660659254699
939	1745	0	0	0	0	0	0	1660659255719
939	1745	0	0	0	0	0	0	1660659256739
939	1745	0	0	0	0	0	0	1660659257759
939	1745	0	0	0	0	0	0	1660659258779
939	1744	0	0	0	0	0	0	1660659259799
939	1744	0	0	0	0	0	0	1660659260819
939	1744	0	0	0	0	0	0	1660659261839
939	1744	0	0	0	0	0	0	1660659262859
939	1744	0	0	0	0	0	0	1660659263879
939	1744	0	0	0	0	0	0	1660659264899
939	1744	0	0	0	0	0	0	1660659265919
939	1744	0	0	0	0	0	0	1660659266939
939	1744	0	0	0	0	0	0	1660659267959
939	1744	0	0	0	0	0	0	1660659268979
939	1744	0	0	0	0	0	0	1660659269999
939	1744	0	0	0	0	0	0	1660659271019
939	1744	0	0	0	0	0	0	1660659272039
939	1744	0	0	0	0	0	0	1660659273059
939	1744	0	0	0	0	0	0	1660659274079
939	1744	0	0	0	0	0	0	1660659275099
939	1750	0	0	0	0	0	0	1660659276119
939	1748	0	0	0	0	0	0	1660659277139
939	1747	0	0	0	0	0	0	1660659278159
939	1746	0	0	0	0	0	0	1660659279179
939	1745	0	0	0	0	0	0	1660659280199
939	1744	0	0	0	0	0	0	1660659281219
939	1744	0	0	0	0	0	0	1660659282239
939	1744	0	0	0	0	0	0	1660659283259
939	1744	0	0	0	0	0	0	1660659284279
939	1744	0	0	0	0	0	0	1660659285299
939	1744	0	0	0	0	0	0	1660659286319
939	1744	0	0	0	0	0	0	1660659287339
939	1744	0	0	0	0	0	0	1660659288359
939	1744	0	0	0	0	0	0	1660659289379
939	1744	0	0	0	0	0	0	1660659290399
939	1744	0	0	0	0	0	0	1660659291419
939	1744	0	0	0	0	0	0	1660659292439
939	1744	0	0	0	0	0	0	1660659293459
939	1744	0	0	0	0	0	0	1660659294479
939	1744	0	0	0	0	0	0	1660659295499
939	1744	0	0	0	0	0	0	1660659296519
939	1744	0	0	0	0	0	0	1660659297539
939	1744	0	0	0	0	0	0	1660659298559
939	1744	0	0	0	0	0	0	1660659299579
939	1744	0	0	0	0	0	0	1660659300599
939	1744	0	0	0	0	0	0	1660659301619
939	1744	0	0	0	0	0	0	1660659302639
939	1744	0	0	0	0	0	0	1660659303659
939	1744	0	0	0	0	0	0	1660659304679
939	1744	0	0	0	0	0	0	1660659305699
939	1744	0	0	0	0	0	0	1660659306719
939	1744	0	0	0	0	0	0	1660659307739
939	1744	0	0	0	0	0	0	1660659308759
939	1744	0	0	0	0	0	0	1660659309779
939	1744	0	0	0	0	0	0	1660659310799
939	1744	0	0	0	0	0	0	1660659311819
938	1744	0	0	0	0	0	0	1660659312839
938	1744	0	0	0	0	0	0	1660659313859
938	1744	0	0	0	0	0	0	1660659314879
938	1744	0	0	0	0	0	0	1660659315899
939	1744	0	0	0	0	0	0	1660659316919
939	1744	0	0	0	0	0	0	1660659317939
939	1744	0	0	0	0	0	0	1660659318959
939	1744	0	0	0	0	0	0	1660659319979
939	1744	0	0	0	0	0	0	1660659320999
939	1744	0	0	0	0	0	0	1660659322019
939	1744	0	0	0	0	0	0	1660659323039
939	1744	0	0	0	0	0	0	1660659324059
939	1744	0	0	0	0	0	0	1660659325079
938	1744	0	0	0	0	0	0	1660659326099
937	1744	0	0	0	0	0	0	1660659327119
938	1744	0	0	0	0	0	0	1660659328139
938	1744	0	0	0	0	0	0	1660659329159
938	1744	0	0	0	0	0	0	1660659330179
938	1744	0	0	0	0	0	0	1660659331199
938	1744	0	0	0	0	0	0	1660659332219
938	1744	0	0	0	0	0	0	1660659333239
938	1744	0	0	0	0	0	0	1660659334259
937	1744	0	0	0	0	0	0	1660659335279
937	1744	0	0	0	0	0	0	1660659336299
936	1744	0	0	0	0	0	0	1660659337319
936	1744	0	0	0	0	0	0	1660659338339
935	1744	0	0	0	0	0	0	1660659339359
932	1744	0	0	0	0	0	0	1660659340379
933	1744	0	0	0	0	0	0	1660659341399
933	1744	0	0	0	0	0	0	1660659342419
934	1744	0	0	0	0	0	0	1660659343439
934	1744	0	0	0	0	0	0	1660659344459
935	1744	0	0	0	0	0	0	1660659345479
934	1743	0	0	0	0	0	0	1660659346499
934	1743	0	0	0	0	0	0	1660659347519
931	1743	0	0	0	0	0	0	1660659348539
932	1742	0	0	0	0	0	0	1660659349559
930	1742	0	0	0	0	0	0	1660659350579
931	1741	0	0	0	0	0	0	1660659351599
928	1739	0	0	0	0	0	0	1660659352619
924	1739	0	0	0	0	0	0	1660659353639
923	1736	0	0	0	0	0	0	1660659354659
923	1733	0	0	0	0	0	0	1660659355679
923	1732	0	0	0	0	0	0	1660659356699
922	1728	0	0	0	0	0	0	1660659357719
920	1725	0	0	0	0	0	0	1660659358739
918	1723	0	0	0	0	0	0	1660659359759
917	1722	0	0	0	0	0	0	1660659360779
917	1720	0	0	0	0	0	0	1660659361799
916	1719	0	0	0	0	0	0	1660659362819
915	1718	0	0	0	0	0	0	1660659363839
915	1717	0	0	0	0	0	0	1660659364859
914	1717	0	0	0	0	0	0	1660659365879
913	1717	0	0	0	0	0	0	1660659366899
912	1717	0	0	0	0	0	0	1660659367919
913	1717	0	0	0	0	0	0	1660659368939
914	1717	0	0	0	0	0	0	1660659369959
913	1717	0	0	0	0	0	0	1660659370979
913	1716	0	0	0	0	0	0	1660659371999
913	1716	0	0	0	0	0	0	1660659373019
912	1716	0	0	0	0	0	0	1660659374039
912	1716	0	0	0	0	0	0	1660659375059
912	1716	0	0	0	0	0	0	1660659376079
912	1716	0	0	0	0	0	0	1660659377099
912	1716	0	0	0	0	0	0	1660659378119
912	1716	0	0	0	0	0	0	1660659379139
912	1716	0	0	0	0	0	0	1660659380159
912	1716	0	0	0	0	0	0	1660659381179
912	1716	0	0	0	0	0	0	1660659382199
912	1716	0	0	0	0	0	0	1660659383219
912	1716	0	0	0	0	0	0	1660659384239
912	1716	0	0	0	0	0	0	1660659385259
912	1716	0	0	0	0	0	0	1660659386279
912	1716	0	0	0	0	0	0	1660659387299
912	1716	0	0	0	0	0	0	1660659388319
912	1716	0	0	0	0	0	0	1660659389339
912	1716	0	0	0	0	0	0	1660659390359
912	1716	0	0	0	0	0	0	1660659391379
912	1716	0	0	0	0	0	0	1660659392399
912	1716	0	0	0	0	0	0	1660659393419
912	1716	0	0	0	0	0	0	1660659394439
912	1716	0	0	0	0	0	0	1660659395459
912	1716	0	0	0	0	0	0	1660659396479
912	1716	0	0	0	0	0	0	1660659397499
912	1716	0	0	0	0	0	0	1660659398519
912	1716	0	0	0	0	0	0	1660659399539
912	1716	0	0	0	0	0	0	1660659400559
912	1716	0	0	0	0	0	0	1660659401579
912	1716	0	0	0	0	0	0	1660659402599
912	1716	0	0	0	0	0	0	1660659403619
912	1716	0	0	0	0	0	0	1660659404639
912	1716	0	0	0	0	0	0	1660659405659
912	1716	0	0	0	0	0	0	1660659406679
912	1716	0	0	0	0	0	0	1660659407699
912	1716	0	0	0	0	0	0	1660659408719
911	1716	0	0	0	0	0	0	1660659409739
911	1716	0	0	0	0	0	0	1660659410759
911	1716	0	0	0	0	0	0	1660659411779
911	1716	0	0	0	0	0	0	1660659412799
911	1716	0	0	0	0	0	0	1660659413819
911	1716	0	0	0	0	0	0	1660659414839
911	1716	0	0	0	0	0	0	1660659415859
911	1716	0	0	0	0	0	0	1660659416879
911	1716	0	0	0	0	0	0	1660659417899
911	1716	0	0	0	0	0	0	1660659418919
911	1716	0	0	0	0	0	0	1660659419939
911	1716	0	0	0	0	0	0	1660659420959
911	1716	0	0	0	0	0	0	1660659421979
911	1716	0	0	0	0	0	0	1660659422999
911	1716	0	0	0	0	0	0	1660659424019
911	1716	0	0	0	0	0	0	1660659425039
911	1716	0	0	0	0	0	0	1660659426059
911	1715	0	0	0	0	0	0	1660659427079
911	1715	0	0	0	0	0	0	1660659428099
911	1714	0	0	0	0	0	0	1660659429119
911	1713	0	0	0	0	0	0	1660659430139
911	1712	0	0	0	0	0	0	1660659431159
911	1710	0	0	0	0	0	0	1660659432179
911	1707	0	0	0	0	0	0	1660659433199
911	1704	0	0	0	0	0	0	1660659434219
911	1702	0	0	0	0	0	0	1660659435239
911	1700	0	0	0	0	0	0	1660659436259
911	1697	0	0	0	0	0	0	1660659437279
911	1694	0	0	0	0	0	0	1660659438299
911	1692	0	0	0	0	0	0	1660659439319
911	1691	0	0	0	0	0	0	1660659440339
911	1690	0	0	0	0	0	0	1660659441359
911	1689	0	0	0	0	0	0	1660659442379
911	1689	0	0	0	0	0	0	1660659443399
911	1689	0	0	0	0	0	0	1660659444419
911	1689	0	0	0	0	0	0	1660659445439
911	1689	0	0	0	0	0	0	1660659446459
911	1689	0	0	0	0	0	0	1660659447479
911	1689	0	0	0	0	0	0	1660659448499
911	1689	0	0	0	0	0	0	1660659449519
911	1689	0	0	0	0	0	0	1660659450539
911	1689	0	0	0	0	0	0	1660659451559
911	1689	0	0	0	0	0	0	1660659452579
911	1689	0	0	0	0	0	0	1660659453599
911	1689	0	0	0	0	0	0	1660659454619
911	1689	0	0	0	0	0	0	1660659455639
911	1689	0	0	0	0	0	0	1660659456659
911	1689	0	0	0	0	0	0	1660659457679
911	1689	0	0	0	0	0	0	1660659458699
911	1689	0	0	0	0	0	0	1660659459719
911	1689	0	0	0	0	0	0	1660659460739
911	1689	0	0	0	0	0	0	1660659461759
911	1689	0	0	0	0	0	0	1660659462779
911	1689	0	0	0	0	0	0	1660659463799
911	1689	0	0	0	0	0	0	1660659464819
911	1689	0	0	0	0	0	0	1660659465839
911	1689	0	0	0	0	0	0	1660659466859
911	1689	0	0	0	0	0	0	1660659467879
911	1689	0	0	0	0	0	0	1660659468899
911	1689	0	0	0	0	0	0	1660659469919
911	1689	0	0	0	0	0	0	1660659470939
911	1689	0	0	0	0	0	0	1660659471959
911	1689	0	0	0	0	0	0	1660659472979
911	1689	0	0	0	0	0	0	1660659473999
911	1689	0	0	0	0	0	0	1660659475019
911	1689	0	0	0	0	0	0	1660659476039
911	1688	0	0	0	0	0	0	1660659477059
911	1688	0	0	0	0	0	0	1660659478079
911	1688	0	0	0	0	0	0	1660659479099
911	1688	0	0	0	0	0	0	1660659480119
911	1688	0	0	0	0	0	0	1660659481139
911	1688	0	0	0	0	0	0	1660659482159
911	1688	0	0	0	0	0	0	1660659483179
911	1688	0	0	0	0	0	0	1660659484199
911	1688	0	0	0	0	0	0	1660659485219
911	1688	0	0	0	0	0	0	1660659486239
911	1688	0	0	0	0	0	0	1660659487259
911	1688	0	0	0	0	0	0	1660659488279
911	1688	0	0	0	0	0	0	1660659489299
911	1688	0	0	0	0	0	0	1660659490319
911	1688	0	0	0	0	0	0	1660659491339
911	1688	0	0	0	0	0	0	1660659492359
911	1688	0	0	0	0	0	0	1660659493379
911	1688	0	0	0	0	0	0	1660659494399
911	1688	0	0	0	0	0	0	1660659495419
911	1688	0	0	0	0	0	0	1660659496439
911	1688	0	0	0	0	0	0	1660659497459
910	1688	0	0	0	0	0	0	1660659498479
910	1688	0	0	0	0	0	0	1660659499499
910	1688	0	0	0	0	0	0	1660659500519
910	1687	0	0	0	0	0	0	1660659501539
910	1687	0	0	0	0	0	0	1660659502559
910	1687	0	0	0	0	0	0	1660659503579
910	1686	0	0	0	0	0	0	1660659504599
909	1685	0	0	0	0	0	0	1660659505619
909	1683	0	0	0	0	0	0	1660659506639
909	1682	0	0	0	0	0	0	1660659507659
908	1679	0	0	0	0	0	0	1660659508679
908	1677	0	0	0	0	0	0	1660659509699
907	1675	0	0	0	0	0	0	1660659510719
904	1674	0	0	0	0	0	0	1660659511739
903	1672	0	0	0	0	0	0	1660659512759
904	1669	0	0	0	0	0	0	1660659513779
903	1667	0	0	0	0	0	0	1660659514799
900	1665	0	0	0	0	0	0	1660659515819
900	1663	0	0	0	0	0	0	1660659516839
897	1662	0	0	0	0	0	0	1660659517859
897	1661	0	0	0	0	0	0	1660659518879
895	1661	0	0	0	0	0	0	1660659519899
894	1661	0	0	0	0	0	0	1660659520919
893	1661	0	0	0	0	0	0	1660659521939
890	1661	0	0	0	0	0	0	1660659522959
890	1661	0	0	0	0	0	0	1660659523979
888	1661	0	0	0	0	0	0	1660659524999
888	1661	0	0	0	0	0	0	1660659526019
888	1661	0	0	0	0	0	0	1660659527039
887	1661	0	0	0	0	0	0	1660659528059
886	1661	0	0	0	0	0	0	1660659529079
886	1661	0	0	0	0	0	0	1660659530099
886	1661	0	0	0	0	0	0	1660659531119
886	1661	0	0	0	0	0	0	1660659532139
885	1661	0	0	0	0	0	0	1660659533159
885	1661	0	0	0	0	0	0	1660659534179
885	1661	0	0	0	0	0	0	1660659535199
884	1661	0	0	0	0	0	0	1660659536219
884	1661	0	0	0	0	0	0	1660659537239
884	1661	0	0	0	0	0	0	1660659538259
884	1661	0	0	0	0	0	0	1660659539279
884	1661	0	0	0	0	0	0	1660659540299
884	1661	0	0	0	0	0	0	1660659541319
884	1661	0	0	0	0	0	0	1660659542339
884	1661	0	0	0	0	0	0	1660659543359
884	1661	0	0	0	0	0	0	1660659544379
884	1661	0	0	0	0	0	0	1660659545399
884	1661	0	0	0	0	0	0	1660659546419
884	1661	0	0	0	0	0	0	1660659547439
884	1661	0	0	0	0	0	0	1660659548459
884	1661	0	0	0	0	0	0	1660659549479
884	1661	0	0	0	0	0	0	1660659550499
884	1661	0	0	0	0	0	0	1660659551519
884	1661	0	0	0	0	0	0	1660659552539
884	1661	0	0	0	0	0	0	1660659553559
884	1661	0	0	0	0	0	0	1660659554579
884	1661	0	0	0	0	0	0	1660659555599
884	1661	0	0	0	0	0	0	1660659556619
884	1661	0	0	0	0	0	0	1660659557639
884	1661	0	0	0	0	0	0	1660659558659
884	1661	0	0	0	0	0	0	1660659559679
884	1661	0	0	0	0	0	0	1660659560699
884	1661	0	0	0	0	0	0	1660659561719
884	1661	0	0	0	0	0	0	1660659562739
884	1661	0	0	0	0	0	0	1660659563759
884	1661	0	0	0	0	0	0	1660659564779
884	1661	0	0	0	0	0	0	1660659565799
884	1661	0	0	0	0	0	0	1660659566819
884	1661	0	0	0	0	0	0	1660659567839
884	1661	0	0	0	0	0	0	1660659568859
884	1661	0	0	0	0	0	0	1660659569879
884	1661	0	0	0	0	0	0	1660659570899
884	1661	0	0	0	0	0	0	1660659571919
884	1661	0	0	0	0	0	0	1660659572939
884	1661	0	0	0	0	0	0	1660659573959
884	1661	0	0	0	0	0	0	1660659574979
884	1661	0	0	0	0	0	0	1660659575999
884	1661	0	0	0	0	0	0	1660659577019
884	1660	0	0	0	0	0	0	1660659578039
884	1660	0	0	0	0	0	0	1660659579059
884	1660	0	0	0	0	0	0	1660659580079
884	1660	0	0	0	0	0	0	1660659581099
884	1660	0	0	0	0	0	0	1660659582119
884	1660	0	0	0	0	0	0	1660659583139
884	1660	0	0	0	0	0	0	1660659584159
884	1660	0	0	0	0	0	0	1660659585179
884	1660	0	0	0	0	0	0	1660659586199
884	1660	0	0	0	0	0	0	1660659587219
884	1660	0	0	0	0	0	0	1660659588239
884	1660	0	0	0	0	0	0	1660659589259
884	1660	0	0	0	0	0	0	1660659590279
884	1659	0	0	0	0	0	0	1660659591299
884	1659	0	0	0	0	0	0	1660659592319
884	1658	0	0	0	0	0	0	1660659593339
884	1657	0	0	0	0	0	0	1660659594359
884	1656	0	0	0	0	0	0	1660659595379
884	1656	0	0	0	0	0	0	1660659596399
884	1654	0	0	0	0	0	0	1660659597419
884	1652	0	0	0	0	0	0	1660659598439
884	1650	0	0	0	0	0	0	1660659599459
884	1648	0	0	0	0	0	0	1660659600479
884	1645	0	0	0	0	0	0	1660659601499
884	1644	0	0	0	0	0	0	1660659602519
884	1642	0	0	0	0	0	0	1660659603539
884	1640	0	0	0	0	0	0	1660659604559
884	1638	0	0	0	0	0	0	1660659605579
884	1636	0	0	0	0	0	0	1660659606599
884	1636	0	0	0	0	0	0	1660659607619
884	1635	0	0	0	0	0	0	1660659608639
884	1634	0	0	0	0	0	0	1660659609659
884	1633	0	0	0	0	0	0	1660659610679
884	1633	0	0	0	0	0	0	1660659611699
884	1633	0	0	0	0	0	0	1660659612719
884	1633	0	0	0	0	0	0	1660659613739
884	1633	0	0	0	0	0	0	1660659614759
884	1633	0	0	0	0	0	0	1660659615779
884	1633	0	0	0	0	0	0	1660659616799
884	1633	0	0	0	0	0	0	1660659617819
884	1633	0	0	0	0	0	0	1660659618839
884	1633	0	0	0	0	0	0	1660659619859
884	1633	0	0	0	0	0	0	1660659620879
884	1633	0	0	0	0	0	0	1660659621899
884	1633	0	0	0	0	0	0	1660659622919
884	1633	0	0	0	0	0	0	1660659623939
884	1633	0	0	0	0	0	0	1660659624959
884	1633	0	0	0	0	0	0	1660659625979
884	1633	0	0	0	0	0	0	1660659626999
884	1633	0	0	0	0	0	0	1660659628019
884	1633	0	0	0	0	0	0	1660659629039
884	1633	0	0	0	0	0	0	1660659630059
884	1633	0	0	0	0	0	0	1660659631079
884	1633	0	0	0	0	0	0	1660659632099
884	1633	0	0	0	0	0	0	1660659633119
884	1633	0	0	0	0	0	0	1660659634139
884	1633	0	0	0	0	0	0	1660659635159
884	1633	0	0	0	0	0	0	1660659636179
884	1633	0	0	0	0	0	0	1660659637199
884	1633	0	0	0	0	0	0	1660659638219
884	1633	0	0	0	0	0	0	1660659639239
884	1633	0	0	0	0	0	0	1660659640259
884	1633	0	0	0	0	0	0	1660659641279
884	1633	0	0	0	0	0	0	1660659642299
884	1633	0	0	0	0	0	0	1660659643319
884	1633	0	0	0	0	0	0	1660659644339
884	1633	0	0	0	0	0	0	1660659645359
884	1633	0	0	0	0	0	0	1660659646379
884	1633	0	0	0	0	0	0	1660659647399
884	1633	0	0	0	0	0	0	1660659648419
884	1633	0	0	0	0	0	0	1660659649439
884	1633	0	0	0	0	0	0	1660659650459
884	1633	0	0	0	0	0	0	1660659651479
884	1633	0	0	0	0	0	0	1660659652499
884	1633	0	0	0	0	0	0	1660659653519
884	1633	0	0	0	0	0	0	1660659654539
884	1633	0	0	0	0	0	0	1660659655559
884	1633	0	0	0	0	0	0	1660659656579
884	1633	0	0	0	0	0	0	1660659657599
884	1633	0	0	0	0	0	0	1660659658619
884	1633	0	0	0	0	0	0	1660659659639
883	1633	0	0	0	0	0	0	1660659660659
883	1633	0	0	0	0	0	0	1660659661679
883	1633	0	0	0	0	0	0	1660659662699
883	1633	0	0	0	0	0	0	1660659663719
883	1633	0	0	0	0	0	0	1660659664739
883	1633	0	0	0	0	0	0	1660659665759
883	1633	0	0	0	0	0	0	1660659666779
883	1633	0	0	0	0	0	0	1660659667799
883	1633	0	0	0	0	0	0	1660659668819
883	1633	0	0	0	0	0	0	1660659669839
882	1633	0	0	0	0	0	0	1660659670859
882	1633	0	0	0	0	0	0	1660659671879
882	1633	0	0	0	0	0	0	1660659672899
881	1633	0	0	0	0	0	0	1660659673919
880	1633	0	0	0	0	0	0	1660659674939
879	1633	0	0	0	0	0	0	1660659675959
879	1633	0	0	0	0	0	0	1660659676979
878	1633	0	0	0	0	0	0	1660659677999
877	1633	0	0	0	0	0	0	1660659679019
877	1633	0	0	0	0	0	0	1660659680039
876	1633	0	0	0	0	0	0	1660659681059
876	1633	0	0	0	0	0	0	1660659682079
873	1633	0	0	0	0	0	0	1660659683099
871	1633	0	0	0	0	0	0	1660659684119
872	1633	0	0	0	0	0	0	1660659685139
872	1633	0	0	0	0	0	0	1660659686159
869	1633	0	0	0	0	0	0	1660659687179
867	1633	0	0	0	0	0	0	1660659688199
868	1633	0	0	0	0	0	0	1660659689219
867	1633	0	0	0	0	0	0	1660659690239
865	1633	0	0	0	0	0	0	1660659691259
863	1633	0	0	0	0	0	0	1660659692279
863	1632	0	0	0	0	0	0	1660659693299
862	1632	0	0	0	0	0	0	1660659694319
862	1632	0	0	0	0	0	0	1660659695339
861	1631	0	0	0	0	0	0	1660659696359
859	1631	0	0	0	0	0	0	1660659697379
859	1631	0	0	0	0	0	0	1660659698399
859	1631	0	0	0	0	0	0	1660659699419
858	1630	0	0	0	0	0	0	1660659700439
858	1630	0	0	0	0	0	0	1660659701459
858	1630	0	0	0	0	0	0	1660659702479
858	1627	0	0	0	0	0	0	1660659703499
858	1627	0	0	0	0	0	0	1660659704519
858	1626	0	0	0	0	0	0	1660659705539
858	1624	0	0	0	0	0	0	1660659706559
857	1622	0	0	0	0	0	0	1660659707579
857	1622	0	0	0	0	0	0	1660659708599
857	1620	0	0	0	0	0	0	1660659709619
857	1619	0	0	0	0	0	0	1660659710639
857	1616	0	0	0	0	0	0	1660659711659
856	1614	0	0	0	0	0	0	1660659712679
856	1611	0	0	0	0	0	0	1660659713699
856	1610	0	0	0	0	0	0	1660659714719
856	1609	0	0	0	0	0	0	1660659715739
856	1609	0	0	0	0	0	0	1660659716759
856	1609	0	0	0	0	0	0	1660659717779
856	1607	0	0	0	0	0	0	1660659718799
856	1607	0	0	0	0	0	0	1660659719819
857	1607	0	0	0	0	0	0	1660659720839
857	1606	0	0	0	0	0	0	1660659721859
857	1607	0	0	0	0	0	0	1660659722879
856	1607	0	0	0	0	0	0	1660659723899
856	1607	0	0	0	0	0	0	1660659724919
856	1606	0	0	0	0	0	0	1660659725939
856	1605	0	0	0	0	0	0	1660659726959
856	1605	0	0	0	0	0	0	1660659727979
856	1605	0	0	0	0	0	0	1660659728999
856	1605	0	0	0	0	0	0	1660659730019
856	1605	0	0	0	0	0	0	1660659731039
856	1605	0	0	0	0	0	0	1660659732059
856	1605	0	0	0	0	0	0	1660659733079
856	1605	0	0	0	0	0	0	1660659734099
856	1605	0	0	0	0	0	0	1660659735119
856	1605	0	0	0	0	0	0	1660659736139
856	1605	0	0	0	0	0	0	1660659737159
856	1605	0	0	0	0	0	0	1660659738179
856	1605	0	0	0	0	0	0	1660659739199
856	1605	0	0	0	0	0	0	1660659740219
856	1605	0	0	0	0	0	0	1660659741239
856	1605	0	0	0	0	0	0	1660659742259
856	1605	0	0	0	0	0	0	1660659743279
856	1605	0	0	0	0	0	0	1660659744299
856	1605	0	0	0	0	0	0	1660659745319
856	1605	0	0	0	0	0	0	1660659746339
856	1605	0	0	0	0	0	0	1660659747359
856	1605	0	0	0	0	0	0	1660659748379
856	1605	0	0	0	0	0	0	1660659749399
856	1605	0	0	0	0	0	0	1660659750419
856	1605	0	0	0	0	0	0	1660659751439
856	1605	0	0	0	0	0	0	1660659752459
856	1605	0	0	0	0	0	0	1660659753479
856	1605	0	0	0	0	0	0	1660659754499
856	1605	0	0	0	0	0	0	1660659755519
856	1605	0	0	0	0	0	0	1660659756539
856	1605	0	0	0	0	0	0	1660659757559
856	1605	0	0	0	0	0	0	1660659758579
856	1605	0	0	0	0	0	0	1660659759599
856	1605	0	0	0	0	0	0	1660659760619
856	1605	0	0	0	0	0	0	1660659761639
856	1605	0	0	0	0	0	0	1660659762659
856	1605	0	0	0	0	0	0	1660659763679
856	1605	0	0	0	0	0	0	1660659764699
856	1605	0	0	0	0	0	0	1660659765719
856	1605	0	0	0	0	0	0	1660659766739
856	1605	0	0	0	0	0	0	1660659767759
856	1605	0	0	0	0	0	0	1660659768779
856	1605	0	0	0	0	0	0	1660659769799
856	1605	0	0	0	0	0	0	1660659770819
856	1605	0	0	0	0	0	0	1660659771839
856	1605	0	0	0	0	0	0	1660659772859
856	1605	0	0	0	0	0	0	1660659773879
856	1605	0	0	0	0	0	0	1660659774899
856	1605	0	0	0	0	0	0	1660659775919
856	1605	0	0	0	0	0	0	1660659776939
856	1605	0	0	0	0	0	0	1660659777959
856	1605	0	0	0	0	0	0	1660659778979
856	1605	0	0	0	0	0	0	1660659779999
856	1605	0	0	0	0	0	0	1660659781019
856	1605	0	0	0	0	0	0	1660659782039
856	1605	0	0	0	0	0	0	1660659783059
856	1605	0	0	0	0	0	0	1660659784079
856	1605	0	0	0	0	0	0	1660659785099
856	1605	0	0	0	0	0	0	1660659786119
856	1605	0	0	0	0	0	0	1660659787139
856	1605	0	0	0	0	0	0	1660659788159
856	1605	0	0	0	0	0	0	1660659789179
856	1605	0	0	0	0	0	0	1660659790199
856	1605	0	0	0	0	0	0	1660659791219
856	1605	0	0	0	0	0	0	1660659792239
856	1605	0	0	0	0	0	0	1660659793259
856	1605	0	0	0	0	0	0	1660659794279
856	1605	0	0	0	0	0	0	1660659795299
856	1605	0	0	0	0	0	0	1660659796319
856	1605	0	0	0	0	0	0	1660659797339
856	1605	0	0	0	0	0	0	1660659798359
856	1605	0	0	0	0	0	0	1660659799379
856	1605	0	0	0	0	0	0	1660659800399
856	1605	0	0	0	0	0	0	1660659801419
856	1605	0	0	0	0	0	0	1660659802439
856	1605	0	0	0	0	0	0	1660659803459
856	1605	0	0	0	0	0	0	1660659804479
856	1605	0	0	0	0	0	0	1660659805499
856	1605	0	0	0	0	0	0	1660659806519
856	1605	0	0	0	0	0	0	1660659807539
856	1605	0	0	0	0	0	0	1660659808559
856	1605	0	0	0	0	0	0	1660659809579
856	1605	0	0	0	0	0	0	1660659810599
856	1605	0	0	0	0	0	0	1660659811619
856	1605	0	0	0	0	0	0	1660659812639
856	1605	0	0	0	0	0	0	1660659813659
856	1605	0	0	0	0	0	0	1660659814679
856	1605	0	0	0	0	0	0	1660659815699
856	1605	0	0	0	0	0	0	1660659816719
856	1605	0	0	0	0	0	0	1660659817739
856	1605	0	0	0	0	0	0	1660659818759
856	1605	0	0	0	0	0	0	1660659819779
856	1605	0	0	0	0	0	0	1660659820799
856	1605	0	0	0	0	0	0	1660659821819
856	1605	0	0	0	0	0	0	1660659822839
856	1605	0	0	0	0	0	0	1660659823859
856	1605	0	0	0	0	0	0	1660659824879
856	1605	0	0	0	0	0	0	1660659825899
856	1605	0	0	0	0	0	0	1660659826919
856	1605	0	0	0	0	0	0	1660659827939
856	1605	0	0	0	0	0	0	1660659828959
856	1605	0	0	0	0	0	0	1660659829979
856	1605	0	0	0	0	0	0	1660659830999
856	1605	0	0	0	0	0	0	1660659832019
856	1604	0	0	0	0	0	0	1660659833039
856	1604	0	0	0	0	0	0	1660659834059
856	1605	0	0	0	0	0	0	1660659835079
856	1605	0	0	0	0	0	0	1660659836099
856	1605	0	0	0	0	0	0	1660659837119
856	1605	0	0	0	0	0	0	1660659838139
856	1604	0	0	0	0	0	0	1660659839159
856	1603	0	0	0	0	0	0	1660659840179
856	1603	0	0	0	0	0	0	1660659841199
856	1602	0	0	0	0	0	0	1660659842219
856	1602	0	0	0	0	0	0	1660659843239
856	1601	0	0	0	0	0	0	1660659844259
856	1602	0	0	0	0	0	0	1660659845279
856	1603	0	0	0	0	0	0	1660659846299
856	1603	0	0	0	0	0	0	1660659847319
856	1602	0	0	0	0	0	0	1660659848339
856	1600	0	0	0	0	0	0	1660659849359
856	1600	0	0	0	0	0	0	1660659850379
856	1599	0	0	0	0	0	0	1660659851399
856	1597	0	0	0	0	0	0	1660659852449
856	1596	0	0	0	0	0	0	1660659853469
856	1595	0	0	0	0	0	0	1660659854489
856	1593	0	0	0	0	0	0	1660659855509
856	1592	0	0	0	0	0	0	1660659856529
856	1590	0	0	0	0	0	0	1660659857549
856	1589	0	0	0	0	0	0	1660659858569
856	1589	0	0	0	0	0	0	1660659859589
856	1590	0	0	0	0	0	0	1660659860609
856	1589	0	0	0	0	0	0	1660659861629
856	1589	0	0	0	0	0	0	1660659862649
856	1586	0	0	0	0	0	0	1660659863669
856	1585	0	0	0	0	0	0	1660659864689
856	1585	0	0	0	0	0	0	1660659865709
856	1585	0	0	0	0	0	0	1660659866729
856	1584	0	0	0	0	0	0	1660659867749
856	1583	0	0	0	0	0	0	1660659868769
856	1582	0	0	0	0	0	0	1660659869789
856	1582	0	0	0	0	0	0	1660659870809
856	1581	0	0	0	0	0	0	1660659871829
856	1581	0	0	0	0	0	0	1660659872849
856	1580	0	0	0	0	0	0	1660659873869
856	1579	0	0	0	0	0	0	1660659874889
856	1579	0	0	0	0	0	0	1660659875909
856	1579	0	0	0	0	0	0	1660659876929
856	1579	0	0	0	0	0	0	1660659877949
856	1578	0	0	0	0	0	0	1660659878969
856	1579	0	0	0	0	0	0	1660659879989
856	1578	0	0	0	0	0	0	1660659881009
856	1578	0	0	0	0	0	0	1660659882029
856	1578	0	0	0	0	0	0	1660659883049
856	1577	0	0	0	0	0	0	1660659884069
856	1577	0	0	0	0	0	0	1660659885089
856	1577	0	0	0	0	0	0	1660659886109
856	1577	0	0	0	0	0	0	1660659887129
856	1577	0	0	0	0	0	0	1660659888149
856	1577	0	0	0	0	0	0	1660659889169
856	1577	0	0	0	0	0	0	1660659890189
856	1577	0	0	0	0	0	0	1660659891209
856	1577	0	0	0	0	0	0	1660659892229
856	1577	0	0	0	0	0	0	1660659893249
856	1577	0	0	0	0	0	0	1660659894269
856	1577	0	0	0	0	0	0	1660659895289
856	1577	0	0	0	0	0	0	1660659896309
856	1577	0	0	0	0	0	0	1660659897329
856	1577	0	0	0	0	0	0	1660659898349
856	1577	0	0	0	0	0	0	1660659899369
855	1577	0	0	0	0	0	0	1660659900389
855	1577	0	0	0	0	0	0	1660659901409
855	1577	0	0	0	0	0	0	1660659902429
855	1577	0	0	0	0	0	0	1660659903449
855	1577	0	0	0	0	0	0	1660659904469
854	1577	0	0	0	0	0	0	1660659905489
855	1577	0	0	0	0	0	0	1660659906509
855	1577	0	0	0	0	0	0	1660659907529
855	1577	0	0	0	0	0	0	1660659908549
855	1577	0	0	0	0	0	0	1660659909569
855	1577	0	0	0	0	0	0	1660659910589
855	1577	0	0	0	0	0	0	1660659911609
855	1577	0	0	0	0	0	0	1660659912629
854	1577	0	0	0	0	0	0	1660659913649
854	1577	0	0	0	0	0	0	1660659914669
853	1577	0	0	0	0	0	0	1660659915689
854	1577	0	0	0	0	0	0	1660659916709
853	1577	0	0	0	0	0	0	1660659917729
853	1577	0	0	0	0	0	0	1660659918749
852	1577	0	0	0	0	0	0	1660659919769
852	1577	0	0	0	0	0	0	1660659920789
851	1577	0	0	0	0	0	0	1660659921809
851	1577	0	0	0	0	0	0	1660659922829
850	1577	0	0	0	0	0	0	1660659923849
848	1577	0	0	0	0	0	0	1660659924869
849	1577	0	0	0	0	0	0	1660659925889
849	1577	0	0	0	0	0	0	1660659926909
850	1577	0	0	0	0	0	0	1660659927929
851	1577	0	0	0	0	0	0	1660659928949
851	1577	0	0	0	0	0	0	1660659929969
851	1577	0	0	0	0	0	0	1660659930989
851	1577	0	0	0	0	0	0	1660659932009
850	1577	0	0	0	0	0	0	1660659933029
849	1577	0	0	0	0	0	0	1660659934049
850	1577	0	0	0	0	0	0	1660659935069
849	1577	0	0	0	0	0	0	1660659936089
847	1577	0	0	0	0	0	0	1660659937109
848	1577	0	0	0	0	0	0	1660659938129
847	1577	0	0	0	0	0	0	1660659939149
846	1577	0	0	0	0	0	0	1660659940169
845	1577	0	0	0	0	0	0	1660659941189
844	1577	0	0	0	0	0	0	1660659942209
843	1577	0	0	0	0	0	0	1660659943229
843	1577	0	0	0	0	0	0	1660659944249
843	1577	0	0	0	0	0	0	1660659945269
843	1577	0	0	0	0	0	0	1660659946289
842	1577	0	0	0	0	0	0	1660659947309
840	1577	0	0	0	0	0	0	1660659948329
839	1577	0	0	0	0	0	0	1660659949349
836	1577	0	0	0	0	0	0	1660659950369
833	1577	0	0	0	0	0	0	1660659951389
831	1577	0	0	0	0	0	0	1660659952409
830	1577	0	0	0	0	0	0	1660659953429
834	1577	0	0	0	0	0	0	1660659954449
842	1577	0	0	0	0	0	0	1660659955469
843	1577	0	0	0	0	0	0	1660659956489
840	1577	0	0	0	0	0	0	1660659957509
842	1577	0	0	0	0	0	0	1660659958529
838	1577	0	0	0	0	0	0	1660659959549
835	1577	0	0	0	0	0	0	1660659960569
832	1577	0	0	0	0	0	0	1660659961589
830	1577	0	0	0	0	0	0	1660659962609
830	1577	0	0	0	0	0	0	1660659963629
829	1577	0	0	0	0	0	0	1660659964649
829	1577	0	0	0	0	0	0	1660659965669
829	1577	0	0	0	0	0	0	1660659966689
829	1577	0	0	0	0	0	0	1660659967709
828	1577	0	0	0	0	0	0	1660659968729
828	1577	0	0	0	0	0	0	1660659969749
828	1577	0	0	0	0	0	0	1660659970769
828	1577	0	0	0	0	0	0	1660659971789
828	1577	0	0	0	0	0	0	1660659972809
828	1577	0	0	0	0	0	0	1660659973829
828	1577	0	0	0	0	0	0	1660659974849
828	1577	0	0	0	0	0	0	1660659975869
828	1577	0	0	0	0	0	0	1660659976889
828	1577	0	0	0	0	0	0	1660659977909
828	1577	0	0	0	0	0	0	1660659978929
828	1577	0	0	0	0	0	0	1660659979949
828	1577	0	0	0	0	0	0	1660659980969
828	1577	0	0	0	0	0	0	1660659981989
828	1577	0	0	0	0	0	0	1660659983009
828	1577	0	0	0	0	0	0	1660659984029
828	1577	0	0	0	0	0	0	1660659985049
828	1577	0	0	0	0	0	0	1660659986069
828	1577	0	0	0	0	0	0	1660659987089
828	1577	0	0	0	0	0	0	1660659988109
828	1577	0	0	0	0	0	0	1660659989129
828	1577	0	0	0	0	0	0	1660659990149
828	1577	0	0	0	0	0	0	1660659991169
828	1577	0	0	0	0	0	0	1660659992189
828	1577	0	0	0	0	0	0	1660659993209
828	1577	0	0	0	0	0	0	1660659994229
828	1577	0	0	0	0	0	0	1660659995249
828	1577	0	0	0	0	0	0	1660659996269
828	1577	0	0	0	0	0	0	1660659997289
828	1577	0	0	0	0	0	0	1660659998309
828	1577	0	0	0	0	0	0	1660659999329
828	1577	0	0	0	0	0	0	1660660000349
828	1577	0	0	0	0	0	0	1660660001369
828	1577	0	0	0	0	0	0	1660660002389
828	1577	0	0	0	0	0	0	1660660003409
828	1577	0	0	0	0	0	0	1660660004429
828	1577	0	0	0	0	0	0	1660660005449
828	1577	0	0	0	0	0	0	1660660006469
828	1577	0	0	0	0	0	0	1660660007489
828	1577	0	0	0	0	0	0	1660660008509
828	1577	0	0	0	0	0	0	1660660009529
828	1577	0	0	0	0	0	0	1660660010549
828	1577	0	0	0	0	0	0	1660660011569
828	1577	0	0	0	0	0	0	1660660012589
828	1577	0	0	0	0	0	0	1660660013609
828	1577	0	0	0	0	0	0	1660660014629
828	1577	0	0	0	0	0	0	1660660015649
828	1577	0	0	0	0	0	0	1660660016669
828	1577	0	0	0	0	0	0	1660660017689
828	1577	0	0	0	0	0	0	1660660018709
828	1577	0	0	0	0	0	0	1660660019729
828	1577	0	0	0	0	0	0	1660660020749
828	1577	0	0	0	0	0	0	1660660021769
828	1577	0	0	0	0	0	0	1660660022789
828	1577	0	0	0	0	0	0	1660660023809
828	1577	0	0	0	0	0	0	1660660024829
828	1577	0	0	0	0	0	0	1660660025849
828	1577	0	0	0	0	0	0	1660660026869
828	1577	0	0	0	0	0	0	1660660027889
828	1577	0	0	0	0	0	0	1660660028909
828	1577	0	0	0	0	0	0	1660660029929
828	1577	0	0	0	0	0	0	1660660030949
828	1577	0	0	0	0	0	0	1660660031969
828	1577	0	0	0	0	0	0	1660660032989
828	1577	0	0	0	0	0	0	1660660034009
828	1577	0	0	0	0	0	0	1660660035029
828	1577	0	0	0	0	0	0	1660660036049
828	1577	0	0	0	0	0	0	1660660037069
828	1577	0	0	0	0	0	0	1660660038089
828	1577	0	0	0	0	0	0	1660660039109
828	1577	0	0	0	0	0	0	1660660040129
828	1577	0	0	0	0	0	0	1660660041149
828	1577	0	0	0	0	0	0	1660660042169
828	1577	0	0	0	0	0	0	1660660043189
828	1577	0	0	0	0	0	0	1660660044209
828	1577	0	0	0	0	0	0	1660660045229
828	1577	0	0	0	0	0	0	1660660046249
828	1577	0	0	0	0	0	0	1660660047269
828	1577	0	0	0	0	0	0	1660660048289
828	1577	0	0	0	0	0	0	1660660049309
828	1577	0	0	0	0	0	0	1660660050329
828	1577	0	0	0	0	0	0	1660660051349
828	1577	0	0	0	0	0	0	1660660052369
828	1577	0	0	0	0	0	0	1660660053389
828	1577	0	0	0	0	0	0	1660660054409
828	1577	0	0	0	0	0	0	1660660055429
828	1577	0	0	0	0	0	0	1660660056449
828	1577	0	0	0	0	0	0	1660660057469
828	1577	0	0	0	0	0	0	1660660058489
828	1577	0	0	0	0	0	0	1660660059509
828	1577	0	0	0	0	0	0	1660660060529
828	1577	0	0	0	0	0	0	1660660061549
828	1577	0	0	0	0	0	0	1660660062569
828	1577	0	0	0	0	0	0	1660660063589
828	1577	0	0	0	0	0	0	1660660064609
828	1577	0	0	0	0	0	0	1660660065629
828	1577	0	0	0	0	0	0	1660660066649
828	1577	0	0	0	0	0	0	1660660067669
828	1577	0	0	0	0	0	0	1660660068689
828	1577	0	0	0	0	0	0	1660660069709
828	1577	0	0	0	0	0	0	1660660070729
828	1577	0	0	0	0	0	0	1660660071749
828	1577	0	0	0	0	0	0	1660660072769
828	1577	0	0	0	0	0	0	1660660073789
828	1577	0	0	0	0	0	0	1660660074809
828	1577	0	0	0	0	0	0	1660660075829
828	1577	0	0	0	0	0	0	1660660076849
828	1577	0	0	0	0	0	0	1660660077869
828	1577	0	0	0	0	0	0	1660660078889
828	1577	0	0	0	0	0	0	1660660079909
828	1577	0	0	0	0	0	0	1660660080929
828	1577	0	0	0	0	0	0	1660660081949
828	1577	0	0	0	0	0	0	1660660082969
828	1577	0	0	0	0	0	0	1660660083989
828	1577	0	0	0	0	0	0	1660660085009
828	1577	0	0	0	0	0	0	1660660086029
828	1577	0	0	0	0	0	0	1660660087049
828	1577	0	0	0	0	0	0	1660660088069
828	1577	0	0	0	0	0	0	1660660089089
828	1577	0	0	0	0	0	0	1660660090109
828	1577	0	0	0	0	0	0	1660660091129
828	1577	0	0	0	0	0	0	1660660092149
828	1577	0	0	0	0	0	0	1660660093169
828	1577	0	0	0	0	0	0	1660660094189
828	1577	0	0	0	0	0	0	1660660095209
828	1577	0	0	0	0	0	0	1660660096229
828	1577	0	0	0	0	0	0	1660660097249
828	1577	0	0	0	0	0	0	1660660098269
828	1577	0	0	0	0	0	0	1660660099289
828	1577	0	0	0	0	0	0	1660660100309
828	1577	0	0	0	0	0	0	1660660101329
828	1577	0	0	0	0	0	0	1660660102349
828	1577	0	0	0	0	0	0	1660660103369
828	1577	0	0	0	0	0	0	1660660104389
828	1577	0	0	0	0	0	0	1660660105409
828	1577	0	0	0	0	0	0	1660660106429
828	1577	0	0	0	0	0	0	1660660107449
828	1577	0	0	0	0	0	0	1660660108469
828	1577	0	0	0	0	0	0	1660660109489
828	1577	0	0	0	0	0	0	1660660110509
828	1577	0	0	0	0	0	0	1660660111529
828	1577	0	0	0	0	0	0	1660660112549
828	1577	0	0	0	0	0	0	1660660113569
828	1577	0	0	0	0	0	0	1660660114589
828	1577	0	0	0	0	0	0	1660660115609
828	1577	0	0	0	0	0	0	1660660116629
828	1576	0	0	0	0	0	0	1660660117649
828	1576	0	0	0	0	0	0	1660660118669
828	1576	0	0	0	0	0	0	1660660119689
828	1576	0	0	0	0	0	0	1660660120709
828	1576	0	0	0	0	0	0	1660660121729
828	1576	0	0	0	0	0	0	1660660122749
828	1576	0	0	0	0	0	0	1660660123769
828	1576	0	0	0	0	0	0	1660660124789
828	1576	0	0	0	0	0	0	1660660125809
828	1576	0	0	0	0	0	0	1660660126829
828	1576	0	0	0	0	0	0	1660660127849
828	1577	0	0	0	0	0	0	1660660128869
828	1577	0	0	0	0	0	0	1660660129889
828	1577	0	0	0	0	0	0	1660660130909
828	1577	0	0	0	0	0	0	1660660131929
828	1577	0	0	0	0	0	0	1660660132949
828	1577	0	0	0	0	0	0	1660660133969
828	1577	0	0	0	0	0	0	1660660134989
828	1577	0	0	0	0	0	0	1660660136009
828	1577	0	0	0	0	0	0	1660660137029
828	1577	0	0	0	0	0	0	1660660138049
828	1576	0	0	0	0	0	0	1660660139069
828	1576	0	0	0	0	0	0	1660660140089
828	1576	0	0	0	0	0	0	1660660141109
828	1576	0	0	0	0	0	0	1660660142129
828	1576	0	0	0	0	0	0	1660660143149
828	1576	0	0	0	0	0	0	1660660144169
828	1577	0	0	0	0	0	0	1660660145189
828	1576	0	0	0	0	0	0	1660660146209
828	1576	0	0	0	0	0	0	1660660147229
828	1576	0	0	0	0	0	0	1660660148249
828	1577	0	0	0	0	0	0	1660660149269
828	1576	0	0	0	0	0	0	1660660150289
828	1576	0	0	0	0	0	0	1660660151309
828	1575	0	0	0	0	0	0	1660660152329
828	1574	0	0	0	0	0	0	1660660153349
828	1575	0	0	0	0	0	0	1660660154369
828	1575	0	0	0	0	0	0	1660660155389
828	1575	0	0	0	0	0	0	1660660156409
828	1576	0	0	0	0	0	0	1660660157429
828	1575	0	0	0	0	0	0	1660660158449
828	1575	0	0	0	0	0	0	1660660159469
828	1575	0	0	0	0	0	0	1660660160489
828	1575	0	0	0	0	0	0	1660660161509
828	1575	0	0	0	0	0	0	1660660162529
828	1574	0	0	0	0	0	0	1660660163549
828	1573	0	0	0	0	0	0	1660660164569
828	1573	0	0	0	0	0	0	1660660165589
828	1573	0	0	0	0	0	0	1660660166609
828	1572	0	0	0	0	0	0	1660660167629
828	1572	0	0	0	0	0	0	1660660168649
828	1573	0	0	0	0	0	0	1660660169669
828	1575	0	0	0	0	0	0	1660660170689
828	1575	0	0	0	0	0	0	1660660171709
828	1575	0	0	0	0	0	0	1660660172729
828	1574	0	0	0	0	0	0	1660660173749
828	1574	0	0	0	0	0	0	1660660174769
828	1574	0	0	0	0	0	0	1660660175789
828	1573	0	0	0	0	0	0	1660660176809
828	1574	0	0	0	0	0	0	1660660177829
828	1572	0	0	0	0	0	0	1660660178849
828	1572	0	0	0	0	0	0	1660660179869
828	1572	0	0	0	0	0	0	1660660180889
828	1571	0	0	0	0	0	0	1660660181909
828	1572	0	0	0	0	0	0	1660660182929
828	1572	0	0	0	0	0	0	1660660183949
828	1571	0	0	0	0	0	0	1660660184969
828	1572	0	0	0	0	0	0	1660660185989
828	1573	0	0	0	0	0	0	1660660187009
828	1572	0	0	0	0	0	0	1660660188029
828	1573	0	0	0	0	0	0	1660660189049
828	1572	0	0	0	0	0	0	1660660190069
828	1570	0	0	0	0	0	0	1660660191089
828	1571	0	0	0	0	0	0	1660660192109
828	1573	0	0	0	0	0	0	1660660193129
828	1572	0	0	0	0	0	0	1660660194149
828	1571	0	0	0	0	0	0	1660660195169
828	1569	0	0	0	0	0	0	1660660196189
828	1570	0	0	0	0	0	0	1660660197209
828	1571	0	0	0	0	0	0	1660660198229
828	1571	0	0	0	0	0	0	1660660199249
828	1570	0	0	0	0	0	0	1660660200269
828	1568	0	0	0	0	0	0	1660660201289
828	1569	0	0	0	0	0	0	1660660202309
828	1567	0	0	0	0	0	0	1660660203329
828	1567	0	0	0	0	0	0	1660660204349
828	1568	0	0	0	0	0	0	1660660205369
828	1567	0	0	0	0	0	0	1660660206389
828	1568	0	0	0	0	0	0	1660660207409
828	1568	0	0	0	0	0	0	1660660208429
828	1568	0	0	0	0	0	0	1660660209449
828	1569	0	0	0	0	0	0	1660660210469
828	1568	0	0	0	0	0	0	1660660211489
828	1568	0	0	0	0	0	0	1660660212509
828	1567	0	0	0	0	0	0	1660660213529
828	1568	0	0	0	0	0	0	1660660214549
828	1569	0	0	0	0	0	0	1660660215569
828	1568	0	0	0	0	0	0	1660660216589
828	1570	0	0	0	0	0	0	1660660217609
828	1570	0	0	0	0	0	0	1660660218629
828	1568	0	0	0	0	0	0	1660660219649
828	1568	0	0	0	0	0	0	1660660220669
828	1566	0	0	0	0	0	0	1660660221689
828	1565	0	0	0	0	0	0	1660660222709
828	1565	0	0	0	0	0	0	1660660223729
828	1565	0	0	0	0	0	0	1660660224749
828	1565	0	0	0	0	0	0	1660660225769
828	1566	0	0	0	0	0	0	1660660226789
828	1566	0	0	0	0	0	0	1660660227809
