1734	1987	0	0	0	0	0	0	1661365112017
1722	1979	0	0	0	0	0	0	1661365113037
1705	1974	0	0	0	0	0	0	1661365114057
1687	1965	0	0	0	0	0	0	1661365115077
1666	1955	0	0	0	0	0	0	1661365116097
1650	1949	0	0	0	0	0	0	1661365117117
1633	1945	0	0	0	0	0	0	1661365118137
1621	1943	0	0	0	0	0	0	1661365119157
1604	1941	0	0	0	0	0	0	1661365120177
1594	1934	0	0	0	0	0	0	1661365121197
1583	1925	0	0	0	0	0	0	1661365122217
1570	1920	0	0	0	0	0	0	1661365123237
1562	1917	0	0	0	0	0	0	1661365124257
1557	1915	0	0	0	0	0	0	1661365125277
1547	1914	0	0	0	0	0	0	1661365126297
1538	1913	0	0	0	0	0	0	1661365127317
1532	1912	0	0	0	0	0	0	1661365128337
1528	1912	0	0	0	0	0	0	1661365129357
1524	1912	0	0	0	0	0	0	1661365130377
1514	1912	0	0	0	0	0	0	1661365131397
1506	1911	0	0	0	0	0	0	1661365132417
1502	1908	0	0	0	0	0	0	1661365133437
1499	1902	0	0	0	0	0	0	1661365134457
1497	1895	0	0	0	0	0	0	1661365135477
1495	1891	0	0	0	0	0	0	1661365136497
1489	1888	0	0	0	0	0	0	1661365137517
1480	1886	0	0	0	0	0	0	1661365138537
1475	1885	0	0	0	0	0	0	1661365139557
1472	1884	0	0	0	0	0	0	1661365140577
1470	1884	0	0	0	0	0	0	1661365141597
1469	1884	0	0	0	0	0	0	1661365142617
1468	1884	0	0	0	0	0	0	1661365143637
1467	1884	0	0	0	0	0	0	1661365144657
1466	1884	0	0	0	0	0	0	1661365145677
1461	1884	0	0	0	0	0	0	1661365146697
1453	1884	0	0	0	0	0	0	1661365147717
1448	1884	0	0	0	0	0	0	1661365148737
1444	1884	0	0	0	0	0	0	1661365149757
1442	1884	0	0	0	0	0	0	1661365150777
1441	1884	0	0	0	0	0	0	1661365151797
1440	1884	0	0	0	0	0	0	1661365152817
1440	1884	0	0	0	0	0	0	1661365153837
1439	1884	0	0	0	0	0	0	1661365154857
1439	1884	0	0	0	0	0	0	1661365155877
1439	1884	0	0	0	0	0	0	1661365156897
1439	1883	0	0	0	0	0	0	1661365157917
1439	1882	0	0	0	0	0	0	1661365158937
1435	11129	0	0	0	0	0	0	1661365159957
1430	7426	0	0	0	0	0	0	1661365160977
1423	5199	0	0	0	0	0	0	1661365161997
1418	3862	0	0	0	0	0	0	1661365163017
1415	3060	0	0	0	0	0	0	1661365164037
1414	2578	0	0	0	0	0	0	1661365165057
1413	2289	0	0	0	0	0	0	1661365166077
1412	2116	0	0	0	0	0	0	1661365167097
1412	2012	0	0	0	0	0	0	1661365168117
1412	1949	0	0	0	0	0	0	1661365169137
1412	1912	0	0	0	0	0	0	1661365170157
1412	1890	0	0	0	0	0	0	1661365171177
1412	1877	0	0	0	0	0	0	1661365172197
1412	1868	0	0	0	0	0	0	1661365173217
1412	1863	0	0	0	0	0	0	1661365174237
1412	1860	0	0	0	0	0	0	1661365175257
1412	1858	0	0	0	0	0	0	1661365176277
1412	1857	0	0	0	0	0	0	1661365177297
1412	1857	0	0	0	0	0	0	1661365178317
1411	1856	0	0	0	0	0	0	1661365179337
1407	1856	0	0	0	0	0	0	1661365180357
1403	1856	0	0	0	0	0	0	1661365181377
1398	1856	0	0	0	0	0	0	1661365182397
1395	1856	0	0	0	0	0	0	1661365183417
1402	1856	0	0	0	0	0	0	1661365184437
1395	1856	0	0	0	0	0	0	1661365185457
1390	1856	0	0	0	0	0	0	1661365186477
1388	1856	0	0	0	0	0	0	1661365187497
1386	1856	0	0	0	0	0	0	1661365188517
1385	1856	0	0	0	0	0	0	1661365189537
1384	1856	0	0	0	0	0	0	1661365190557
1384	1856	0	0	0	0	0	0	1661365191577
1384	1856	0	0	0	0	0	0	1661365192597
1384	1856	0	0	0	0	0	0	1661365193617
1384	1856	0	0	0	0	0	0	1661365194637
1384	1856	0	0	0	0	0	0	1661365195657
1384	1856	0	0	0	0	0	0	1661365196677
1384	1856	0	0	0	0	0	0	1661365197697
1384	1856	0	0	0	0	0	0	1661365198717
1383	1856	0	0	0	0	0	0	1661365199737
1383	1856	0	0	0	0	0	0	1661365200757
1383	1855	0	0	0	0	0	0	1661365201777
1383	1854	0	0	0	0	0	0	1661365202797
1383	1852	0	0	0	0	0	0	1661365203817
1383	1850	0	0	0	0	0	0	1661365204837
1383	1850	0	0	0	0	0	0	1661365205857
1383	1846	0	0	0	0	0	0	1661365206877
1383	1843	0	0	0	0	0	0	1661365207897
1383	1839	0	0	0	0	0	0	1661365208917
1383	1836	0	0	0	0	0	0	1661365209937
1383	1833	0	0	0	0	0	0	1661365210957
1383	1832	0	0	0	0	0	0	1661365211977
1383	1831	0	0	0	0	0	0	1661365212997
1383	1830	0	0	0	0	0	0	1661365214017
1383	1829	0	0	0	0	0	0	1661365215037
1383	1828	0	0	0	0	0	0	1661365216057
1383	1828	0	0	0	0	0	0	1661365217077
1383	1828	0	0	0	0	0	0	1661365218097
1383	1828	0	0	0	0	0	0	1661365219117
1382	1828	0	0	0	0	0	0	1661365220137
1382	1828	0	0	0	0	0	0	1661365221157
1380	1828	0	0	0	0	0	0	1661365222177
1377	1828	0	0	0	0	0	0	1661365223197
1375	1828	0	0	0	0	0	0	1661365224217
1373	1828	0	0	0	0	0	0	1661365225237
1370	1828	0	0	0	0	0	0	1661365226257
1366	1828	0	0	0	0	0	0	1661365227277
1364	1828	0	0	0	0	0	0	1661365228297
1362	1828	0	0	0	0	0	0	1661365229317
1360	1828	0	0	0	0	0	0	1661365230337
1359	1828	0	0	0	0	0	0	1661365231357
1358	1828	0	0	0	0	0	0	1661365232377
1358	1828	0	0	0	0	0	0	1661365233397
1357	1828	0	0	0	0	0	0	1661365234417
1357	1828	0	0	0	0	0	0	1661365235437
1356	1828	0	0	0	0	0	0	1661365236457
1356	1828	0	0	0	0	0	0	1661365237477
1356	1828	0	0	0	0	0	0	1661365238497
1356	1828	0	0	0	0	0	0	1661365239517
1356	1828	0	0	0	0	0	0	1661365240537
1356	1828	0	0	0	0	0	0	1661365241557
1356	1828	0	0	0	0	0	0	1661365242577
1356	1828	0	0	0	0	0	0	1661365243597
1356	1828	0	0	0	0	0	0	1661365244617
1356	1828	0	0	0	0	0	0	1661365245637
1356	1828	0	0	0	0	0	0	1661365246657
1356	1828	0	0	0	0	0	0	1661365247677
1356	1828	0	0	0	0	0	0	1661365248697
1356	1828	0	0	0	0	0	0	1661365249717
1356	1828	0	0	0	0	0	0	1661365250737
1356	1828	0	0	0	0	0	0	1661365251757
1356	1828	0	0	0	0	0	0	1661365252777
1356	1828	0	0	0	0	0	0	1661365253797
1356	1828	0	0	0	0	0	0	1661365254817
1356	1828	0	0	0	0	0	0	1661365255837
1356	1826	0	0	0	0	0	0	1661365256857
1356	1826	0	0	0	0	0	0	1661365257877
1356	1826	0	0	0	0	0	0	1661365258897
1356	1824	0	0	0	0	0	0	1661365259917
1356	1823	0	0	0	0	0	0	1661365260937
1356	1820	0	0	0	0	0	0	1661365261957
1356	1818	0	0	0	0	0	0	1661365262977
1356	1813	0	0	0	0	0	0	1661365263997
1356	1810	0	0	0	0	0	0	1661365265017
1356	1807	0	0	0	0	0	0	1661365266037
1356	1805	0	0	0	0	0	0	1661365267057
1356	1803	0	0	0	0	0	0	1661365268077
1356	1802	0	0	0	0	0	0	1661365269097
1356	1801	0	0	0	0	0	0	1661365270117
1356	1801	0	0	0	0	0	0	1661365271137
1356	1800	0	0	0	0	0	0	1661365272157
1356	1800	0	0	0	0	0	0	1661365273177
1356	1800	0	0	0	0	0	0	1661365274197
1356	1800	0	0	0	0	0	0	1661365275217
1356	1800	0	0	0	0	0	0	1661365276237
1356	1800	0	0	0	0	0	0	1661365277257
1356	1800	0	0	0	0	0	0	1661365278277
1356	1800	0	0	0	0	0	0	1661365279297
1356	1800	0	0	0	0	0	0	1661365280317
1356	1800	0	0	0	0	0	0	1661365281337
1356	1800	0	0	0	0	0	0	1661365282357
1356	1800	0	0	0	0	0	0	1661365283377
1356	1800	0	0	0	0	0	0	1661365284397
1356	1800	0	0	0	0	0	0	1661365285417
1356	1800	0	0	0	0	0	0	1661365286437
1356	1800	0	0	0	0	0	0	1661365287457
1356	1800	0	0	0	0	0	0	1661365288477
1356	1800	0	0	0	0	0	0	1661365289497
1356	1800	0	0	0	0	0	0	1661365290517
1356	1800	0	0	0	0	0	0	1661365291537
1356	1800	0	0	0	0	0	0	1661365292557
1356	1800	0	0	0	0	0	0	1661365293577
1356	1800	0	0	0	0	0	0	1661365294597
1356	1800	0	0	0	0	0	0	1661365295617
1356	1800	0	0	0	0	0	0	1661365296637
1356	1800	0	0	0	0	0	0	1661365297657
1356	1800	0	0	0	0	0	0	1661365298677
1356	1800	0	0	0	0	0	0	1661365299697
1356	1800	0	0	0	0	0	0	1661365300717
1356	1800	0	0	0	0	0	0	1661365301737
1356	1800	0	0	0	0	0	0	1661365302757
1356	1800	0	0	0	0	0	0	1661365303777
1356	1800	0	0	0	0	0	0	1661365304797
1356	1800	0	0	0	0	0	0	1661365305817
1356	1800	0	0	0	0	0	0	1661365306837
1356	1800	0	0	0	0	0	0	1661365307857
1356	1800	0	0	0	0	0	0	1661365308877
1356	1800	0	0	0	0	0	0	1661365309897
1356	1800	0	0	0	0	0	0	1661365310917
1356	1799	0	0	0	0	0	0	1661365311937
1356	1799	0	0	0	0	0	0	1661365312957
1356	1798	0	0	0	0	0	0	1661365313977
1356	1798	0	0	0	0	0	0	1661365314997
1356	1796	0	0	0	0	0	0	1661365316017
1356	1794	0	0	0	0	0	0	1661365317037
1356	1790	0	0	0	0	0	0	1661365318057
1356	1789	0	0	0	0	0	0	1661365319077
1356	1787	0	0	0	0	0	0	1661365320097
1356	1784	0	0	0	0	0	0	1661365321117
1355	1781	0	0	0	0	0	0	1661365322137
1355	1779	0	0	0	0	0	0	1661365323157
1355	1777	0	0	0	0	0	0	1661365324177
1355	1775	0	0	0	0	0	0	1661365325197
1355	1774	0	0	0	0	0	0	1661365326217
1355	1774	0	0	0	0	0	0	1661365327237
1355	1773	0	0	0	0	0	0	1661365328257
1355	1773	0	0	0	0	0	0	1661365329277
1355	1773	0	0	0	0	0	0	1661365330297
1355	1772	0	0	0	0	0	0	1661365331317
1356	1772	0	0	0	0	0	0	1661365332337
1356	1772	0	0	0	0	0	0	1661365333357
1356	1772	0	0	0	0	0	0	1661365334377
1356	1772	0	0	0	0	0	0	1661365335397
1356	1772	0	0	0	0	0	0	1661365336417
1356	1772	0	0	0	0	0	0	1661365337437
1356	1772	0	0	0	0	0	0	1661365338457
1355	1772	0	0	0	0	0	0	1661365339477
1355	1772	0	0	0	0	0	0	1661365340497
1355	1772	0	0	0	0	0	0	1661365341517
1354	1772	0	0	0	0	0	0	1661365342537
1354	1772	0	0	0	0	0	0	1661365343557
1354	1772	0	0	0	0	0	0	1661365344577
1354	1772	0	0	0	0	0	0	1661365345597
1354	1772	0	0	0	0	0	0	1661365346617
1354	1772	0	0	0	0	0	0	1661365347637
1354	1772	0	0	0	0	0	0	1661365348657
1355	1772	0	0	0	0	0	0	1661365349677
1354	1772	0	0	0	0	0	0	1661365350697
1354	1772	0	0	0	0	0	0	1661365351717
1353	1772	0	0	0	0	0	0	1661365352737
1353	1772	0	0	0	0	0	0	1661365353757
1353	1772	0	0	0	0	0	0	1661365354777
1354	1772	0	0	0	0	0	0	1661365355797
1354	1772	0	0	0	0	0	0	1661365356817
1354	1772	0	0	0	0	0	0	1661365357837
1354	1772	0	0	0	0	0	0	1661365358857
1355	1772	0	0	0	0	0	0	1661365359877
1355	1772	0	0	0	0	0	0	1661365360897
1355	1772	0	0	0	0	0	0	1661365361917
1355	1772	0	0	0	0	0	0	1661365362937
1355	1772	0	0	0	0	0	0	1661365363957
1355	1772	0	0	0	0	0	0	1661365364977
1355	1772	0	0	0	0	0	0	1661365365997
1355	1772	0	0	0	0	0	0	1661365367017
1355	1772	0	0	0	0	0	0	1661365368037
1354	1772	0	0	0	0	0	0	1661365369057
1354	1772	0	0	0	0	0	0	1661365370077
1353	1772	0	0	0	0	0	0	1661365371097
1354	1772	0	0	0	0	0	0	1661365372117
1354	1771	0	0	0	0	0	0	1661365373137
1355	1770	0	0	0	0	0	0	1661365374157
1355	1767	0	0	0	0	0	0	1661365375177
1353	1764	0	0	0	0	0	0	1661365376197
1352	1761	0	0	0	0	0	0	1661365377217
1353	1758	0	0	0	0	0	0	1661365378237
1353	1754	0	0	0	0	0	0	1661365379257
1353	1752	0	0	0	0	0	0	1661365380277
1353	1750	0	0	0	0	0	0	1661365381297
1352	1748	0	0	0	0	0	0	1661365382317
1351	1747	0	0	0	0	0	0	1661365383337
1351	1746	0	0	0	0	0	0	1661365384357
1351	1745	0	0	0	0	0	0	1661365385377
1353	1745	0	0	0	0	0	0	1661365386397
1353	1745	0	0	0	0	0	0	1661365387417
1353	1745	0	0	0	0	0	0	1661365388437
1354	1745	0	0	0	0	0	0	1661365389457
1353	1745	0	0	0	0	0	0	1661365390477
1353	1745	0	0	0	0	0	0	1661365391497
1352	1744	0	0	0	0	0	0	1661365392517
1348	1744	0	0	0	0	0	0	1661365393537
1347	1744	0	0	0	0	0	0	1661365394557
1348	1744	0	0	0	0	0	0	1661365395577
1345	1744	0	0	0	0	0	0	1661365396597
1345	1744	0	0	0	0	0	0	1661365397617
1343	1744	0	0	0	0	0	0	1661365398637
1344	1744	0	0	0	0	0	0	1661365399657
1344	1744	0	0	0	0	0	0	1661365400677
1345	1744	0	0	0	0	0	0	1661365401697
1346	1744	0	0	0	0	0	0	1661365402717
1346	1744	0	0	0	0	0	0	1661365403737
1348	1744	0	0	0	0	0	0	1661365404757
1350	1744	0	0	0	0	0	0	1661365405777
1350	1744	0	0	0	0	0	0	1661365406797
1350	1744	0	0	0	0	0	0	1661365407817
1350	1744	0	0	0	0	0	0	1661365408837
1351	1744	0	0	0	0	0	0	1661365409857
1352	1744	0	0	0	0	0	0	1661365410877
1349	1744	0	0	0	0	0	0	1661365411897
1347	1744	0	0	0	0	0	0	1661365412917
1346	1744	0	0	0	0	0	0	1661365413937
1345	1744	0	0	0	0	0	0	1661365414957
1345	1744	0	0	0	0	0	0	1661365415977
1345	1744	0	0	0	0	0	0	1661365416997
1344	1744	0	0	0	0	0	0	1661365418017
1343	1744	0	0	0	0	0	0	1661365419037
1341	1744	0	0	0	0	0	0	1661365420057
1337	1744	0	0	0	0	0	0	1661365421077
1338	1744	0	0	0	0	0	0	1661365422097
1341	1744	0	0	0	0	0	0	1661365423117
1343	1744	0	0	0	0	0	0	1661365424137
1343	1744	0	0	0	0	0	0	1661365425157
1344	1743	0	0	0	0	0	0	1661365426177
1344	1743	0	0	0	0	0	0	1661365427197
1343	1743	0	0	0	0	0	0	1661365428217
1344	1743	0	0	0	0	0	0	1661365429237
1344	1743	0	0	0	0	0	0	1661365430257
1340	1741	0	0	0	0	0	0	1661365431277
1336	1741	0	0	0	0	0	0	1661365432297
1333	1739	0	0	0	0	0	0	1661365433317
1333	1737	0	0	0	0	0	0	1661365434337
1332	1737	0	0	0	0	0	0	1661365435357
1333	1733	0	0	0	0	0	0	1661365436377
1333	1728	0	0	0	0	0	0	1661365437397
1336	1727	0	0	0	0	0	0	1661365438417
1339	1724	0	0	0	0	0	0	1661365439437
1341	1721	0	0	0	0	0	0	1661365440457
1341	1719	0	0	0	0	0	0	1661365441477
1342	1718	0	0	0	0	0	0	1661365442497
1341	1718	0	0	0	0	0	0	1661365443517
1341	1717	0	0	0	0	0	0	1661365444537
1341	1723	0	0	0	0	0	0	1661365445557
1339	1743	0	0	0	0	0	0	1661365446577
1341	1755	0	0	0	0	0	0	1661365447597
1347	1762	0	0	0	0	0	0	1661365448617
1350	1766	0	0	0	0	0	0	1661365449637
1352	1768	0	0	0	0	0	0	1661365450657
1353	1769	0	0	0	0	0	0	1661365451677
1354	1770	0	0	0	0	0	0	1661365452697
1354	1771	0	0	0	0	0	0	1661365453717
1354	1771	0	0	0	0	0	0	1661365454737
1355	1769	0	0	0	0	0	0	1661365455757
1355	1764	0	0	0	0	0	0	1661365456777
1355	1760	0	0	0	0	0	0	1661365457797
1355	1756	0	0	0	0	0	0	1661365458817
1355	1752	0	0	0	0	0	0	1661365459837
1355	1749	0	0	0	0	0	0	1661365460857
1356	1747	0	0	0	0	0	0	1661365461877
1356	1746	0	0	0	0	0	0	1661365462897
1356	1745	0	0	0	0	0	0	1661365463917
1356	1744	0	0	0	0	0	0	1661365464937
1356	1744	0	0	0	0	0	0	1661365465957
1356	1744	0	0	0	0	0	0	1661365466977
1356	1744	0	0	0	0	0	0	1661365467997
1356	1744	0	0	0	0	0	0	1661365469017
1356	1744	0	0	0	0	0	0	1661365470037
1356	1744	0	0	0	0	0	0	1661365471057
1356	1744	0	0	0	0	0	0	1661365472077
1356	1744	0	0	0	0	0	0	1661365473097
1356	1744	0	0	0	0	0	0	1661365474117
1356	1744	0	0	0	0	0	0	1661365475137
1356	1744	0	0	0	0	0	0	1661365476157
1356	1744	0	0	0	0	0	0	1661365477177
1356	1744	0	0	0	0	0	0	1661365478197
1356	1744	0	0	0	0	0	0	1661365479217
1356	1744	0	0	0	0	0	0	1661365480237
1356	1744	0	0	0	0	0	0	1661365481257
1356	1744	0	0	0	0	0	0	1661365482277
1356	1744	0	0	0	0	0	0	1661365483297
1356	1744	0	0	0	0	0	0	1661365484317
1356	1744	0	0	0	0	0	0	1661365485337
1356	1744	0	0	0	0	0	0	1661365486357
1356	1744	0	0	0	0	0	0	1661365487377
1356	1744	0	0	0	0	0	0	1661365488397
1356	1744	0	0	0	0	0	0	1661365489417
1356	1744	0	0	0	0	0	0	1661365490437
1356	1744	0	0	0	0	0	0	1661365491457
1356	1744	0	0	0	0	0	0	1661365492477
1356	1744	0	0	0	0	0	0	1661365493497
1356	1744	0	0	0	0	0	0	1661365494517
1356	1744	0	0	0	0	0	0	1661365495537
1356	1744	0	0	0	0	0	0	1661365496557
1356	1744	0	0	0	0	0	0	1661365497577
1356	1744	0	0	0	0	0	0	1661365498597
1356	1743	0	0	0	0	0	0	1661365499617
1356	1741	0	0	0	0	0	0	1661365500637
1356	1739	0	0	0	0	0	0	1661365501657
1356	1737	0	0	0	0	0	0	1661365502677
1356	1734	0	0	0	0	0	0	1661365503697
1356	1731	0	0	0	0	0	0	1661365504717
1356	1727	0	0	0	0	0	0	1661365505737
1356	1725	0	0	0	0	0	0	1661365506757
1356	1722	0	0	0	0	0	0	1661365507777
1356	1720	0	0	0	0	0	0	1661365508797
1356	1719	0	0	0	0	0	0	1661365509817
1356	1718	0	0	0	0	0	0	1661365510837
1356	1717	0	0	0	0	0	0	1661365511857
1356	1717	0	0	0	0	0	0	1661365512877
1356	1717	0	0	0	0	0	0	1661365513897
1356	1717	0	0	0	0	0	0	1661365514917
1356	1717	0	0	0	0	0	0	1661365515937
1356	1717	0	0	0	0	0	0	1661365516957
1356	1717	0	0	0	0	0	0	1661365517977
1356	1717	0	0	0	0	0	0	1661365518997
1356	1717	0	0	0	0	0	0	1661365520017
1356	1717	0	0	0	0	0	0	1661365521037
1356	1717	0	0	0	0	0	0	1661365522057
1356	1717	0	0	0	0	0	0	1661365523077
1356	1717	0	0	0	0	0	0	1661365524097
1356	1717	0	0	0	0	0	0	1661365525117
1356	1717	0	0	0	0	0	0	1661365526137
1356	1717	0	0	0	0	0	0	1661365527157
1356	1716	0	0	0	0	0	0	1661365528177
1356	1716	0	0	0	0	0	0	1661365529197
1356	1716	0	0	0	0	0	0	1661365530217
1356	1716	0	0	0	0	0	0	1661365531237
1356	1716	0	0	0	0	0	0	1661365532257
1356	1716	0	0	0	0	0	0	1661365533277
1356	1716	0	0	0	0	0	0	1661365534297
1356	1716	0	0	0	0	0	0	1661365535317
1356	1716	0	0	0	0	0	0	1661365536337
1356	1716	0	0	0	0	0	0	1661365537357
1356	1716	0	0	0	0	0	0	1661365538377
1356	1716	0	0	0	0	0	0	1661365539397
1356	1716	0	0	0	0	0	0	1661365540417
1356	1716	0	0	0	0	0	0	1661365541437
1356	1716	0	0	0	0	0	0	1661365542457
1356	1716	0	0	0	0	0	0	1661365543477
1356	1716	0	0	0	0	0	0	1661365544497
1356	1716	0	0	0	0	0	0	1661365545517
1356	1716	0	0	0	0	0	0	1661365546537
1356	1716	0	0	0	0	0	0	1661365547557
1356	1716	0	0	0	0	0	0	1661365548577
1356	1716	0	0	0	0	0	0	1661365549597
1356	1716	0	0	0	0	0	0	1661365550617
1356	1716	0	0	0	0	0	0	1661365551637
1356	1715	0	0	0	0	0	0	1661365552657
1356	1713	0	0	0	0	0	0	1661365553677
1356	1710	0	0	0	0	0	0	1661365554697
1356	1708	0	0	0	0	0	0	1661365555717
1356	1706	0	0	0	0	0	0	1661365556737
1356	1703	0	0	0	0	0	0	1661365557757
1356	1700	0	0	0	0	0	0	1661365558777
1356	1698	0	0	0	0	0	0	1661365559797
1356	1695	0	0	0	0	0	0	1661365560817
1356	1694	0	0	0	0	0	0	1661365561837
1356	1692	0	0	0	0	0	0	1661365562857
1356	1691	0	0	0	0	0	0	1661365563877
1356	1690	0	0	0	0	0	0	1661365564897
1356	1689	0	0	0	0	0	0	1661365565917
1356	1689	0	0	0	0	0	0	1661365566937
1356	1689	0	0	0	0	0	0	1661365567957
1356	1689	0	0	0	0	0	0	1661365568977
1356	1689	0	0	0	0	0	0	1661365569997
1356	1689	0	0	0	0	0	0	1661365571017
1356	1689	0	0	0	0	0	0	1661365572037
1356	1689	0	0	0	0	0	0	1661365573057
1356	1689	0	0	0	0	0	0	1661365574077
1356	1689	0	0	0	0	0	0	1661365575097
1356	1689	0	0	0	0	0	0	1661365576117
1356	1689	0	0	0	0	0	0	1661365577137
1356	1689	0	0	0	0	0	0	1661365578157
1356	1689	0	0	0	0	0	0	1661365579177
1356	1689	0	0	0	0	0	0	1661365580197
1356	1689	0	0	0	0	0	0	1661365581217
1356	1689	0	0	0	0	0	0	1661365582237
1356	1689	0	0	0	0	0	0	1661365583257
1356	1689	0	0	0	0	0	0	1661365584277
1356	1689	0	0	0	0	0	0	1661365585297
1356	1689	0	0	0	0	0	0	1661365586317
1356	1689	0	0	0	0	0	0	1661365587337
1356	1689	0	0	0	0	0	0	1661365588357
1356	1689	0	0	0	0	0	0	1661365589377
1356	1689	0	0	0	0	0	0	1661365590397
1356	1689	0	0	0	0	0	0	1661365591417
1356	1689	0	0	0	0	0	0	1661365592437
1356	1689	0	0	0	0	0	0	1661365593457
1356	1689	0	0	0	0	0	0	1661365594477
1356	1689	0	0	0	0	0	0	1661365595497
1356	1689	0	0	0	0	0	0	1661365596517
1356	1689	0	0	0	0	0	0	1661365597537
1356	1689	0	0	0	0	0	0	1661365598557
1356	1689	0	0	0	0	0	0	1661365599577
1356	1689	0	0	0	0	0	0	1661365600597
1356	1689	0	0	0	0	0	0	1661365601617
1356	1689	0	0	0	0	0	0	1661365602637
1356	1689	0	0	0	0	0	0	1661365603657
1356	1688	0	0	0	0	0	0	1661365604677
1356	1688	0	0	0	0	0	0	1661365605697
1356	1688	0	0	0	0	0	0	1661365606717
1356	1688	0	0	0	0	0	0	1661365607737
1356	1688	0	0	0	0	0	0	1661365608757
1356	1687	0	0	0	0	0	0	1661365609777
1356	1686	0	0	0	0	0	0	1661365610797
1356	1686	0	0	0	0	0	0	1661365611817
1356	1685	0	0	0	0	0	0	1661365612837
1356	1684	0	0	0	0	0	0	1661365613857
1356	1681	0	0	0	0	0	0	1661365614877
1356	1679	0	0	0	0	0	0	1661365615897
1356	1676	0	0	0	0	0	0	1661365616917
1356	1672	0	0	0	0	0	0	1661365617937
1356	1670	0	0	0	0	0	0	1661365618957
1356	1667	0	0	0	0	0	0	1661365619977
1356	1665	0	0	0	0	0	0	1661365620997
1356	1664	0	0	0	0	0	0	1661365622017
1356	1663	0	0	0	0	0	0	1661365623037
1356	1662	0	0	0	0	0	0	1661365624057
1356	1662	0	0	0	0	0	0	1661365625077
1356	1661	0	0	0	0	0	0	1661365626097
1356	1661	0	0	0	0	0	0	1661365627117
1356	1661	0	0	0	0	0	0	1661365628137
1356	1661	0	0	0	0	0	0	1661365629157
1357	1661	0	0	0	0	0	0	1661365630177
1357	1661	0	0	0	0	0	0	1661365631197
1358	1661	0	0	0	0	0	0	1661365632217
1363	1661	0	0	0	0	0	0	1661365633237
1368	1661	0	0	0	0	0	0	1661365634257
1371	1661	0	0	0	0	0	0	1661365635277
1373	1661	0	0	0	0	0	0	1661365636297
1374	1661	0	0	0	0	0	0	1661365637317
1377	1661	0	0	0	0	0	0	1661365638337
1377	1661	0	0	0	0	0	0	1661365639357
1377	1661	0	0	0	0	0	0	1661365640377
1377	1661	0	0	0	0	0	0	1661365641397
1379	1661	0	0	0	0	0	0	1661365642417
1379	1661	0	0	0	0	0	0	1661365643437
1379	1661	0	0	0	0	0	0	1661365644457
1377	1661	0	0	0	0	0	0	1661365645477
1378	1661	0	0	0	0	0	0	1661365646497
1379	1661	0	0	0	0	0	0	1661365647517
1380	1661	0	0	0	0	0	0	1661365648537
1380	1661	0	0	0	0	0	0	1661365649557
1380	1661	0	0	0	0	0	0	1661365650577
1381	1661	0	0	0	0	0	0	1661365651597
1382	1661	0	0	0	0	0	0	1661365652617
1382	1661	0	0	0	0	0	0	1661365653637
1381	1661	0	0	0	0	0	0	1661365654657
1380	1661	0	0	0	0	0	0	1661365655677
1380	1661	0	0	0	0	0	0	1661365656697
1381	1661	0	0	0	0	0	0	1661365657717
1380	1661	0	0	0	0	0	0	1661365658737
1379	1661	0	0	0	0	0	0	1661365659757
1379	1661	0	0	0	0	0	0	1661365660777
1380	1661	0	0	0	0	0	0	1661365661797
1379	1661	0	0	0	0	0	0	1661365662817
1379	1661	0	0	0	0	0	0	1661365663837
1381	1661	0	0	0	0	0	0	1661365664857
1380	1661	0	0	0	0	0	0	1661365665877
1379	1661	0	0	0	0	0	0	1661365666897
1380	1661	0	0	0	0	0	0	1661365667917
1379	1661	0	0	0	0	0	0	1661365668937
1380	1661	0	0	0	0	0	0	1661365669957
1379	1660	0	0	0	0	0	0	1661365670977
1375	1660	0	0	0	0	0	0	1661365671997
1375	1660	0	0	0	0	0	0	1661365673017
1376	1660	0	0	0	0	0	0	1661365674037
1378	1660	0	0	0	0	0	0	1661365675057
1375	1660	0	0	0	0	0	0	1661365676077
1372	1660	0	0	0	0	0	0	1661365677097
1372	1660	0	0	0	0	0	0	1661365678117
1372	1659	0	0	0	0	0	0	1661365679137
1373	1657	0	0	0	0	0	0	1661365680157
1374	1657	0	0	0	0	0	0	1661365681177
1375	1657	0	0	0	0	0	0	1661365682197
1373	1655	0	0	0	0	0	0	1661365683217
1373	1654	0	0	0	0	0	0	1661365684237
1374	1652	0	0	0	0	0	0	1661365685257
1374	1649	0	0	0	0	0	0	1661365686277
1375	1646	0	0	0	0	0	0	1661365687297
1374	1643	0	0	0	0	0	0	1661365688317
1375	1641	0	0	0	0	0	0	1661365689337
1377	1639	0	0	0	0	0	0	1661365690357
1378	1638	0	0	0	0	0	0	1661365691377
1380	1636	0	0	0	0	0	0	1661365692397
1378	1635	0	0	0	0	0	0	1661365693417
1377	1634	0	0	0	0	0	0	1661365694437
1378	1633	0	0	0	0	0	0	1661365695457
1379	1633	0	0	0	0	0	0	1661365696477
1378	1633	0	0	0	0	0	0	1661365697497
1377	1633	0	0	0	0	0	0	1661365698517
1372	1633	0	0	0	0	0	0	1661365699537
1370	1633	0	0	0	0	0	0	1661365700557
1373	1633	0	0	0	0	0	0	1661365701577
1375	1633	0	0	0	0	0	0	1661365702597
1377	1633	0	0	0	0	0	0	1661365703617
1379	1633	0	0	0	0	0	0	1661365704637
1379	1633	0	0	0	0	0	0	1661365705657
1380	1633	0	0	0	0	0	0	1661365706677
1381	1633	0	0	0	0	0	0	1661365707697
1381	1633	0	0	0	0	0	0	1661365708717
1381	1633	0	0	0	0	0	0	1661365709737
1381	1633	0	0	0	0	0	0	1661365710757
1379	1633	0	0	0	0	0	0	1661365711777
1379	1633	0	0	0	0	0	0	1661365712797
1379	1633	0	0	0	0	0	0	1661365713817
1379	1633	0	0	0	0	0	0	1661365714837
1379	1633	0	0	0	0	0	0	1661365715857
1378	1633	0	0	0	0	0	0	1661365716877
1376	1633	0	0	0	0	0	0	1661365717897
1374	1633	0	0	0	0	0	0	1661365718917
1373	1633	0	0	0	0	0	0	1661365719937
1372	1633	0	0	0	0	0	0	1661365720957
1375	1633	0	0	0	0	0	0	1661365721977
1375	1633	0	0	0	0	0	0	1661365722997
1375	1633	0	0	0	0	0	0	1661365724017
1375	1633	0	0	0	0	0	0	1661365725037
1375	1633	0	0	0	0	0	0	1661365726057
1374	1633	0	0	0	0	0	0	1661365727077
1373	1633	0	0	0	0	0	0	1661365728097
1373	1633	0	0	0	0	0	0	1661365729117
1371	1633	0	0	0	0	0	0	1661365730137
1372	1633	0	0	0	0	0	0	1661365731157
1372	1633	0	0	0	0	0	0	1661365732177
1372	1633	0	0	0	0	0	0	1661365733197
1371	1633	0	0	0	0	0	0	1661365734217
1371	1633	0	0	0	0	0	0	1661365735237
1369	1633	0	0	0	0	0	0	1661365736257
1370	1633	0	0	0	0	0	0	1661365737277
1369	1633	0	0	0	0	0	0	1661365738297
1370	1633	0	0	0	0	0	0	1661365739317
1373	1633	0	0	0	0	0	0	1661365740337
1374	1633	0	0	0	0	0	0	1661365741357
1376	1633	0	0	0	0	0	0	1661365742377
1376	1633	0	0	0	0	0	0	1661365743397
1375	1633	0	0	0	0	0	0	1661365744417
1376	1633	0	0	0	0	0	0	1661365745437
1379	1633	0	0	0	0	0	0	1661365746457
1380	1633	0	0	0	0	0	0	1661365747477
1380	1633	0	0	0	0	0	0	1661365748497
1380	1633	0	0	0	0	0	0	1661365749517
1380	1633	0	0	0	0	0	0	1661365750537
1379	1633	0	0	0	0	0	0	1661365751557
1378	1633	0	0	0	0	0	0	1661365752577
1377	1633	0	0	0	0	0	0	1661365753597
1377	1633	0	0	0	0	0	0	1661365754617
1377	1632	0	0	0	0	0	0	1661365755637
1373	1631	0	0	0	0	0	0	1661365756657
1373	1630	0	0	0	0	0	0	1661365757677
1375	1629	0	0	0	0	0	0	1661365758697
1378	1630	0	0	0	0	0	0	1661365759717
1379	1627	0	0	0	0	0	0	1661365760737
1378	1626	0	0	0	0	0	0	1661365761757
1379	1623	0	0	0	0	0	0	1661365762777
1380	1622	0	0	0	0	0	0	1661365763797
1382	1621	0	0	0	0	0	0	1661365764817
1381	1619	0	0	0	0	0	0	1661365765837
1382	1615	0	0	0	0	0	0	1661365766857
1382	1612	0	0	0	0	0	0	1661365767877
1382	1613	0	0	0	0	0	0	1661365768897
1382	1611	0	0	0	0	0	0	1661365769917
1383	1609	0	0	0	0	0	0	1661365770937
1383	1608	0	0	0	0	0	0	1661365771957
1383	1607	0	0	0	0	0	0	1661365772977
1383	1606	0	0	0	0	0	0	1661365773997
1383	1606	0	0	0	0	0	0	1661365775017
1383	1606	0	0	0	0	0	0	1661365776037
1383	1606	0	0	0	0	0	0	1661365777057
1383	1606	0	0	0	0	0	0	1661365778077
1383	1606	0	0	0	0	0	0	1661365779097
1383	1605	0	0	0	0	0	0	1661365780117
1383	1605	0	0	0	0	0	0	1661365781137
1383	1605	0	0	0	0	0	0	1661365782157
1383	1605	0	0	0	0	0	0	1661365783177
1384	1605	0	0	0	0	0	0	1661365784197
1384	1605	0	0	0	0	0	0	1661365785217
1384	1605	0	0	0	0	0	0	1661365786237
1382	1605	0	0	0	0	0	0	1661365787257
1383	1605	0	0	0	0	0	0	1661365788277
1383	1605	0	0	0	0	0	0	1661365789297
1383	1605	0	0	0	0	0	0	1661365790317
1383	1605	0	0	0	0	0	0	1661365791337
1383	1605	0	0	0	0	0	0	1661365792357
1383	1605	0	0	0	0	0	0	1661365793377
1383	1605	0	0	0	0	0	0	1661365794397
1383	1605	0	0	0	0	0	0	1661365795417
1383	1605	0	0	0	0	0	0	1661365796437
1383	1605	0	0	0	0	0	0	1661365797457
1383	1605	0	0	0	0	0	0	1661365798477
1383	1605	0	0	0	0	0	0	1661365799497
1383	1605	0	0	0	0	0	0	1661365800517
1384	1605	0	0	0	0	0	0	1661365801537
1384	1605	0	0	0	0	0	0	1661365802557
1384	1605	0	0	0	0	0	0	1661365803577
1384	1605	0	0	0	0	0	0	1661365804597
1384	1605	0	0	0	0	0	0	1661365805617
1384	1605	0	0	0	0	0	0	1661365806637
1384	1605	0	0	0	0	0	0	1661365807657
1384	1605	0	0	0	0	0	0	1661365808677
1384	1605	0	0	0	0	0	0	1661365809697
1384	1605	0	0	0	0	0	0	1661365810717
1384	1605	0	0	0	0	0	0	1661365811737
1384	1605	0	0	0	0	0	0	1661365812757
1384	1605	0	0	0	0	0	0	1661365813777
1384	1605	0	0	0	0	0	0	1661365814797
1384	1605	0	0	0	0	0	0	1661365815817
1384	1605	0	0	0	0	0	0	1661365816837
1378	1605	0	0	0	0	0	0	1661365817857
1369	1605	0	0	0	0	0	0	1661365818877
1369	1605	0	0	0	0	0	0	1661365819897
1375	1605	0	0	0	0	0	0	1661365820917
1378	1605	0	0	0	0	0	0	1661365821937
1380	1605	0	0	0	0	0	0	1661365822957
1381	1605	0	0	0	0	0	0	1661365823977
1382	1605	0	0	0	0	0	0	1661365824997
1383	1605	0	0	0	0	0	0	1661365826017
1383	1605	0	0	0	0	0	0	1661365827037
1383	1605	0	0	0	0	0	0	1661365828057
1383	1605	0	0	0	0	0	0	1661365829077
1383	1605	0	0	0	0	0	0	1661365830097
1383	1605	0	0	0	0	0	0	1661365831117
1383	1605	0	0	0	0	0	0	1661365832137
1382	1605	0	0	0	0	0	0	1661365833157
1383	1605	0	0	0	0	0	0	1661365834177
1383	1605	0	0	0	0	0	0	1661365835197
1383	1605	0	0	0	0	0	0	1661365836217
1383	1605	0	0	0	0	0	0	1661365837237
1383	1605	0	0	0	0	0	0	1661365838257
1383	1605	0	0	0	0	0	0	1661365839277
1383	1604	0	0	0	0	0	0	1661365840297
1383	1604	0	0	0	0	0	0	1661365841317
1383	1604	0	0	0	0	0	0	1661365842337
1383	1605	0	0	0	0	0	0	1661365843357
1383	1604	0	0	0	0	0	0	1661365844377
1383	1604	0	0	0	0	0	0	1661365845397
1383	1603	0	0	0	0	0	0	1661365846417
1383	1603	0	0	0	0	0	0	1661365847437
1383	1602	0	0	0	0	0	0	1661365848457
1383	1602	0	0	0	0	0	0	1661365849477
1383	1602	0	0	0	0	0	0	1661365850497
1383	1602	0	0	0	0	0	0	1661365851517
1383	1600	0	0	0	0	0	0	1661365852537
1383	1599	0	0	0	0	0	0	1661365853557
1383	1597	0	0	0	0	0	0	1661365854577
1383	1598	0	0	0	0	0	0	1661365855597
1383	1596	0	0	0	0	0	0	1661365856617
1383	1594	0	0	0	0	0	0	1661365857637
1383	1591	0	0	0	0	0	0	1661365858657
1384	1590	0	0	0	0	0	0	1661365859677
1384	1587	0	0	0	0	0	0	1661365860697
1384	1585	0	0	0	0	0	0	1661365861717
1384	1583	0	0	0	0	0	0	1661365862737
1383	1581	0	0	0	0	0	0	1661365863757
1383	1580	0	0	0	0	0	0	1661365864777
1383	1579	0	0	0	0	0	0	1661365865797
1383	1578	0	0	0	0	0	0	1661365866817
1383	1578	0	0	0	0	0	0	1661365867837
1383	1578	0	0	0	0	0	0	1661365868857
1383	1578	0	0	0	0	0	0	1661365869877
1383	1578	0	0	0	0	0	0	1661365870897
1383	1577	0	0	0	0	0	0	1661365871917
1383	1577	0	0	0	0	0	0	1661365872937
1383	1577	0	0	0	0	0	0	1661365873957
1383	1577	0	0	0	0	0	0	1661365874977
1383	1577	0	0	0	0	0	0	1661365875997
1383	1577	0	0	0	0	0	0	1661365877017
1383	1577	0	0	0	0	0	0	1661365878037
1383	1577	0	0	0	0	0	0	1661365879057
1383	1577	0	0	0	0	0	0	1661365880077
1383	1577	0	0	0	0	0	0	1661365881097
1383	1577	0	0	0	0	0	0	1661365882117
1383	1577	0	0	0	0	0	0	1661365883137
1383	1577	0	0	0	0	0	0	1661365884157
1383	1577	0	0	0	0	0	0	1661365885177
1383	1577	0	0	0	0	0	0	1661365886197
1383	1577	0	0	0	0	0	0	1661365887217
1383	1577	0	0	0	0	0	0	1661365888237
1383	1577	0	0	0	0	0	0	1661365889257
1383	1577	0	0	0	0	0	0	1661365890277
1383	1577	0	0	0	0	0	0	1661365891297
1383	1577	0	0	0	0	0	0	1661365892317
1383	1577	0	0	0	0	0	0	1661365893337
1383	1577	0	0	0	0	0	0	1661365894357
1383	1577	0	0	0	0	0	0	1661365895377
1383	1577	0	0	0	0	0	0	1661365896397
1383	1577	0	0	0	0	0	0	1661365897417
1383	1577	0	0	0	0	0	0	1661365898437
1383	1577	0	0	0	0	0	0	1661365899457
1383	1577	0	0	0	0	0	0	1661365900477
1383	1577	0	0	0	0	0	0	1661365901497
1383	1577	0	0	0	0	0	0	1661365902517
1383	1577	0	0	0	0	0	0	1661365903537
1383	1577	0	0	0	0	0	0	1661365904557
1383	1577	0	0	0	0	0	0	1661365905577
1383	1577	0	0	0	0	0	0	1661365906597
1383	1577	0	0	0	0	0	0	1661365907617
1382	1577	0	0	0	0	0	0	1661365908637
1382	1577	0	0	0	0	0	0	1661365909657
1383	1577	0	0	0	0	0	0	1661365910677
1383	1577	0	0	0	0	0	0	1661365911697
1383	1577	0	0	0	0	0	0	1661365912717
1383	1577	0	0	0	0	0	0	1661365913737
1383	1577	0	0	0	0	0	0	1661365914757
1383	1577	0	0	0	0	0	0	1661365915777
1383	1577	0	0	0	0	0	0	1661365916797
1379	1577	0	0	0	0	0	0	1661365917817
1370	1577	0	0	0	0	0	0	1661365918837
1364	1577	0	0	0	0	0	0	1661365919857
1361	1577	0	0	0	0	0	0	1661365920877
1359	1577	0	0	0	0	0	0	1661365921897
1358	1577	0	0	0	0	0	0	1661365922917
1357	1577	0	0	0	0	0	0	1661365923937
1356	1577	0	0	0	0	0	0	1661365924957
1365	1577	0	0	0	0	0	0	1661365925977
1372	1577	0	0	0	0	0	0	1661365926997
1377	1577	0	0	0	0	0	0	1661365928017
1373	1577	0	0	0	0	0	0	1661365929037
1374	1577	0	0	0	0	0	0	1661365930057
1378	1577	0	0	0	0	0	0	1661365931077
1380	1577	0	0	0	0	0	0	1661365932097
10828	1577	0	0	0	0	0	0	1661365933117
7050	1577	0	0	0	0	0	0	1661365934137
4783	1577	0	0	0	0	0	0	1661365935157
3423	1577	0	0	0	0	0	0	1661365936177
2607	1577	0	0	0	0	0	0	1661365937197
2118	1576	0	0	0	0	0	0	1661365938217
1824	1576	0	0	0	0	0	0	1661365939237
1648	1576	0	0	0	0	0	0	1661365940257
1542	1576	0	0	0	0	0	0	1661365941277
1479	1576	0	0	0	0	0	0	1661365942297
1441	1576	0	0	0	0	0	0	1661365943317
1418	1576	0	0	0	0	0	0	1661365944337
1404	1576	0	0	0	0	0	0	1661365945357
1396	1576	0	0	0	0	0	0	1661365946377
1391	1576	0	0	0	0	0	0	1661365947397
1388	1576	0	0	0	0	0	0	1661365948417
1386	1576	0	0	0	0	0	0	1661365949437
1385	1576	0	0	0	0	0	0	1661365950457
1384	1576	0	0	0	0	0	0	1661365951477
1384	1576	0	0	0	0	0	0	1661365952497
1384	1576	0	0	0	0	0	0	1661365953517
1384	1577	0	0	0	0	0	0	1661365954537
1384	1577	0	0	0	0	0	0	1661365955557
10830	1576	0	0	0	0	0	0	1661365956577
7051	1576	0	0	0	0	0	0	1661365957597
4784	1575	0	0	0	0	0	0	1661365958617
3424	1576	0	0	0	0	0	0	1661365959637
2608	1576	0	0	0	0	0	0	1661365960657
2118	1575	0	0	0	0	0	0	1661365961677
1824	1575	0	0	0	0	0	0	1661365962697
1648	1574	0	0	0	0	0	0	1661365963717
1542	1572	0	0	0	0	0	0	1661365964737
1479	1572	0	0	0	0	0	0	1661365965757
1441	1572	0	0	0	0	0	0	1661365966777
1418	1572	0	0	0	0	0	0	1661365967797
1404	1571	0	0	0	0	0	0	1661365968817
1396	1569	0	0	0	0	0	0	1661365969837
1391	1566	0	0	0	0	0	0	1661365970857
1388	1565	0	0	0	0	0	0	1661365971877
1386	1564	0	0	0	0	0	0	1661365972897
1385	1562	0	0	0	0	0	0	1661365973917
1384	1561	0	0	0	0	0	0	1661365974937
1384	1560	0	0	0	0	0	0	1661365975957
1384	1558	0	0	0	0	0	0	1661365976977
1384	1558	0	0	0	0	0	0	1661365977997
1384	1556	0	0	0	0	0	0	1661365979017
1384	1556	0	0	0	0	0	0	1661365980037
1384	1554	0	0	0	0	0	0	1661365981057
1384	1554	0	0	0	0	0	0	1661365982077
1384	1553	0	0	0	0	0	0	1661365983097
1384	1552	0	0	0	0	0	0	1661365984117
1384	1552	0	0	0	0	0	0	1661365985137
1384	1551	0	0	0	0	0	0	1661365986157
1384	1550	0	0	0	0	0	0	1661365987177
1384	1550	0	0	0	0	0	0	1661365988197
1384	1550	0	0	0	0	0	0	1661365989217
1384	1550	0	0	0	0	0	0	1661365990237
1384	1550	0	0	0	0	0	0	1661365991257
1384	1550	0	0	0	0	0	0	1661365992277
1384	1550	0	0	0	0	0	0	1661365993297
1384	1550	0	0	0	0	0	0	1661365994317
1384	1550	0	0	0	0	0	0	1661365995337
1384	1550	0	0	0	0	0	0	1661365996357
1384	1550	0	0	0	0	0	0	1661365997377
1383	1550	0	0	0	0	0	0	1661365998397
1383	1550	0	0	0	0	0	0	1661365999417
1383	1550	0	0	0	0	0	0	1661366000437
1383	1550	0	0	0	0	0	0	1661366001457
1383	1550	0	0	0	0	0	0	1661366002477
1383	1550	0	0	0	0	0	0	1661366003497
1383	1550	0	0	0	0	0	0	1661366004517
1383	1550	0	0	0	0	0	0	1661366005537
1383	1550	0	0	0	0	0	0	1661366006557
1383	1550	0	0	0	0	0	0	1661366007577
1384	1550	0	0	0	0	0	0	1661366008597
1384	1550	0	0	0	0	0	0	1661366009617
1384	1550	0	0	0	0	0	0	1661366010637
1383	1550	0	0	0	0	0	0	1661366011657
1383	1550	0	0	0	0	0	0	1661366012677
1383	1550	0	0	0	0	0	0	1661366013697
1383	1550	0	0	0	0	0	0	1661366014717
1383	1550	0	0	0	0	0	0	1661366015737
1383	1549	0	0	0	0	0	0	1661366016757
1383	1549	0	0	0	0	0	0	1661366017777
1383	1549	0	0	0	0	0	0	1661366018797
1383	1549	0	0	0	0	0	0	1661366019817
1383	1549	0	0	0	0	0	0	1661366020837
1383	1549	0	0	0	0	0	0	1661366021857
1383	1549	0	0	0	0	0	0	1661366022877
1383	1549	0	0	0	0	0	0	1661366023897
1383	1549	0	0	0	0	0	0	1661366024917
1383	1549	0	0	0	0	0	0	1661366025937
1383	1549	0	0	0	0	0	0	1661366026957
1373	1549	0	0	0	0	0	0	1661366027977
1366	1549	0	0	0	0	0	0	1661366028997
1362	1549	0	0	0	0	0	0	1661366030017
1362	1549	0	0	0	0	0	0	1661366031037
1371	1549	0	0	0	0	0	0	1661366032057
1376	1549	0	0	0	0	0	0	1661366033077
1379	1549	0	0	0	0	0	0	1661366034097
1381	1549	0	0	0	0	0	0	1661366035117
1382	1549	0	0	0	0	0	0	1661366036137
1383	1549	0	0	0	0	0	0	1661366037157
1383	1549	0	0	0	0	0	0	1661366038177
1383	1549	0	0	0	0	0	0	1661366039197
1383	1549	0	0	0	0	0	0	1661366040217
1383	1549	0	0	0	0	0	0	1661366041237
1383	1549	0	0	0	0	0	0	1661366042257
1384	1549	0	0	0	0	0	0	1661366043277
1384	1549	0	0	0	0	0	0	1661366044297
1384	1549	0	0	0	0	0	0	1661366045317
1384	1549	0	0	0	0	0	0	1661366046337
1384	1549	0	0	0	0	0	0	1661366047357
1384	1549	0	0	0	0	0	0	1661366048377
1384	1549	0	0	0	0	0	0	1661366049397
1384	1549	0	0	0	0	0	0	1661366050417
1384	1549	0	0	0	0	0	0	1661366051437
1383	1549	0	0	0	0	0	0	1661366052457
1383	1549	0	0	0	0	0	0	1661366053477
1383	1549	0	0	0	0	0	0	1661366054497
1383	1549	0	0	0	0	0	0	1661366055517
1383	1549	0	0	0	0	0	0	1661366056537
1383	1549	0	0	0	0	0	0	1661366057557
1383	1549	0	0	0	0	0	0	1661366058577
1383	1549	0	0	0	0	0	0	1661366059597
1383	1549	0	0	0	0	0	0	1661366060617
1383	1549	0	0	0	0	0	0	1661366061637
1383	1549	0	0	0	0	0	0	1661366062657
1383	1549	0	0	0	0	0	0	1661366063677
1383	1549	0	0	0	0	0	0	1661366064697
1383	1549	0	0	0	0	0	0	1661366065717
1383	1549	0	0	0	0	0	0	1661366066737
1383	1549	0	0	0	0	0	0	1661366067757
1383	1549	0	0	0	0	0	0	1661366068777
1383	1549	0	0	0	0	0	0	1661366069797
1384	1549	0	0	0	0	0	0	1661366070817
1384	1549	0	0	0	0	0	0	1661366071837
1384	1549	0	0	0	0	0	0	1661366072857
1384	1549	0	0	0	0	0	0	1661366073877
1384	1549	0	0	0	0	0	0	1661366074897
1384	1549	0	0	0	0	0	0	1661366075917
1384	1549	0	0	0	0	0	0	1661366076937
1384	1549	0	0	0	0	0	0	1661366077957
1384	1549	0	0	0	0	0	0	1661366078977
1384	1549	0	0	0	0	0	0	1661366079997
1384	1549	0	0	0	0	0	0	1661366081017
1384	1549	0	0	0	0	0	0	1661366082037
1377	1549	0	0	0	0	0	0	1661366083057
1375	1549	0	0	0	0	0	0	1661366084077
1378	1549	0	0	0	0	0	0	1661366085097
1380	1549	0	0	0	0	0	0	1661366086117
1381	1549	0	0	0	0	0	0	1661366087137
1382	1549	0	0	0	0	0	0	1661366088157
1383	1549	0	0	0	0	0	0	1661366089177
1383	1549	0	0	0	0	0	0	1661366090197
1383	1549	0	0	0	0	0	0	1661366091217
1383	1549	0	0	0	0	0	0	1661366092237
1377	1549	0	0	0	0	0	0	1661366093257
1368	1549	0	0	0	0	0	0	1661366094277
1363	1549	0	0	0	0	0	0	1661366095297
1360	1549	0	0	0	0	0	0	1661366096317
1358	1548	0	0	0	0	0	0	1661366097337
1361	1546	0	0	0	0	0	0	1661366098357
1370	1545	0	0	0	0	0	0	1661366099377
1375	1544	0	0	0	0	0	0	1661366100397
1379	1545	0	0	0	0	0	0	1661366101417
1381	1544	0	0	0	0	0	0	1661366102437
1382	1543	0	0	0	0	0	0	1661366103457
1383	1542	0	0	0	0	0	0	1661366104477
1383	1539	0	0	0	0	0	0	1661366105497
1383	1540	0	0	0	0	0	0	1661366106517
1383	1540	0	0	0	0	0	0	1661366107537
1383	1539	0	0	0	0	0	0	1661366108557
1384	1539	0	0	0	0	0	0	1661366109577
1383	1539	0	0	0	0	0	0	1661366110597
1383	1537	0	0	0	0	0	0	1661366111617
1383	1535	0	0	0	0	0	0	1661366112637
1383	1534	0	0	0	0	0	0	1661366113657
1383	1534	0	0	0	0	0	0	1661366114677
1383	1534	0	0	0	0	0	0	1661366115697
1383	1535	0	0	0	0	0	0	1661366116717
1383	1533	0	0	0	0	0	0	1661366117737
1383	1532	0	0	0	0	0	0	1661366118757
1383	1531	0	0	0	0	0	0	1661366119777
1383	1532	0	0	0	0	0	0	1661366120797
1383	1530	0	0	0	0	0	0	1661366121817
1383	1530	0	0	0	0	0	0	1661366122837
1383	1530	0	0	0	0	0	0	1661366123857
1383	1528	0	0	0	0	0	0	1661366124877
1383	1528	0	0	0	0	0	0	1661366125897
1383	1527	0	0	0	0	0	0	1661366126917
1383	1526	0	0	0	0	0	0	1661366127937
1383	1526	0	0	0	0	0	0	1661366128957
1383	1525	0	0	0	0	0	0	1661366129977
1383	1524	0	0	0	0	0	0	1661366130997
1383	1523	0	0	0	0	0	0	1661366132017
1382	1522	0	0	0	0	0	0	1661366133037
1383	1522	0	0	0	0	0	0	1661366134057
1383	1522	0	0	0	0	0	0	1661366135077
1383	1522	0	0	0	0	0	0	1661366136097
1383	1522	0	0	0	0	0	0	1661366137117
1383	1522	0	0	0	0	0	0	1661366138137
1383	1522	0	0	0	0	0	0	1661366139157
1383	1522	0	0	0	0	0	0	1661366140177
1383	1522	0	0	0	0	0	0	1661366141197
1384	1522	0	0	0	0	0	0	1661366142217
1383	1522	0	0	0	0	0	0	1661366143237
1379	1522	0	0	0	0	0	0	1661366144257
1373	1522	0	0	0	0	0	0	1661366145277
1371	1522	0	0	0	0	0	0	1661366146297
1372	1522	0	0	0	0	0	0	1661366147317
1375	1522	0	0	0	0	0	0	1661366148337
1376	1522	0	0	0	0	0	0	1661366149357
1378	1522	0	0	0	0	0	0	1661366150377
1379	1522	0	0	0	0	0	0	1661366151397
1379	1522	0	0	0	0	0	0	1661366152417
1380	1522	0	0	0	0	0	0	1661366153437
1379	1522	0	0	0	0	0	0	1661366154457
1377	1522	0	0	0	0	0	0	1661366155477
1378	1522	0	0	0	0	0	0	1661366156497
1375	1522	0	0	0	0	0	0	1661366157517
1375	1522	0	0	0	0	0	0	1661366158537
1374	1522	0	0	0	0	0	0	1661366159557
1372	1522	0	0	0	0	0	0	1661366160577
1372	1522	0	0	0	0	0	0	1661366161597
1370	1522	0	0	0	0	0	0	1661366162617
1369	1522	0	0	0	0	0	0	1661366163637
1368	1522	0	0	0	0	0	0	1661366164657
1365	1522	0	0	0	0	0	0	1661366165677
1360	1522	0	0	0	0	0	0	1661366166697
1347	1522	0	0	0	0	0	0	1661366167717
1341	1522	0	0	0	0	0	0	1661366168737
1347	1522	0	0	0	0	0	0	1661366169757
1353	1522	0	0	0	0	0	0	1661366170777
1357	1522	0	0	0	0	0	0	1661366171797
1364	1522	0	0	0	0	0	0	1661366172817
1369	1522	0	0	0	0	0	0	1661366173837
1372	1522	0	0	0	0	0	0	1661366174857
1372	1522	0	0	0	0	0	0	1661366175877
1374	1522	0	0	0	0	0	0	1661366176897
1377	1522	0	0	0	0	0	0	1661366177917
1375	1522	0	0	0	0	0	0	1661366178937
1378	1522	0	0	0	0	0	0	1661366179957
1377	1522	0	0	0	0	0	0	1661366180977
1376	1522	0	0	0	0	0	0	1661366181997
1375	1522	0	0	0	0	0	0	1661366183017
1376	1522	0	0	0	0	0	0	1661366184037
1376	1522	0	0	0	0	0	0	1661366185057
1375	1522	0	0	0	0	0	0	1661366186077
1376	1522	0	0	0	0	0	0	1661366187097
1373	1522	0	0	0	0	0	0	1661366188117
1366	1522	0	0	0	0	0	0	1661366189137
1363	1522	0	0	0	0	0	0	1661366190157
1366	1522	0	0	0	0	0	0	1661366191177
1370	1522	0	0	0	0	0	0	1661366192197
1371	1522	0	0	0	0	0	0	1661366193217
1370	1522	0	0	0	0	0	0	1661366194237
1369	1522	0	0	0	0	0	0	1661366195257
1368	1522	0	0	0	0	0	0	1661366196277
1368	1522	0	0	0	0	0	0	1661366197297
1366	1522	0	0	0	0	0	0	1661366198317
1366	1522	0	0	0	0	0	0	1661366199337
1365	1522	0	0	0	0	0	0	1661366200357
1363	1522	0	0	0	0	0	0	1661366201377
1361	1522	0	0	0	0	0	0	1661366202397
1359	1522	0	0	0	0	0	0	1661366203417
1358	1522	0	0	0	0	0	0	1661366204437
1358	1522	0	0	0	0	0	0	1661366205457
1359	1522	0	0	0	0	0	0	1661366206477
1360	1522	0	0	0	0	0	0	1661366207497
1359	1522	0	0	0	0	0	0	1661366208517
1358	1522	0	0	0	0	0	0	1661366209537
1359	1522	0	0	0	0	0	0	1661366210557
1358	1522	0	0	0	0	0	0	1661366211577
1359	1522	0	0	0	0	0	0	1661366212597
1358	1522	0	0	0	0	0	0	1661366213617
1347	1522	0	0	0	0	0	0	1661366214637
1342	1522	0	0	0	0	0	0	1661366215657
1348	1522	0	0	0	0	0	0	1661366216677
1352	1522	0	0	0	0	0	0	1661366217697
1354	1522	0	0	0	0	0	0	1661366218717
1355	1522	0	0	0	0	0	0	1661366219737
1356	1522	0	0	0	0	0	0	1661366220757
1356	1522	0	0	0	0	0	0	1661366221777
10813	1522	0	0	0	0	0	0	1661366222797
7030	1522	0	0	0	0	0	0	1661366223817
4760	1522	0	0	0	0	0	0	1661366224837
3398	1522	0	0	0	0	0	0	1661366225857
2581	1522	0	0	0	0	0	0	1661366226877
2091	1522	0	0	0	0	0	0	1661366227897
1797	1522	0	0	0	0	0	0	1661366228917
1620	1522	0	0	0	0	0	0	1661366229937
1514	1522	0	0	0	0	0	0	1661366230957
1451	1522	0	0	0	0	0	0	1661366231977
1413	1522	0	0	0	0	0	0	1661366232997
1390	1522	0	0	0	0	0	0	1661366234017
1376	1522	0	0	0	0	0	0	1661366235037
1368	1522	0	0	0	0	0	0	1661366236057
1363	1522	0	0	0	0	0	0	1661366237077
1360	1522	0	0	0	0	0	0	1661366238097
1358	1522	0	0	0	0	0	0	1661366239117
1357	1522	0	0	0	0	0	0	1661366240137
1356	1522	0	0	0	0	0	0	1661366241157
1356	1522	0	0	0	0	0	0	1661366242177
1356	1522	0	0	0	0	0	0	1661366243197
1356	1522	0	0	0	0	0	0	1661366244217
1356	1522	0	0	0	0	0	0	1661366245237
1356	1522	0	0	0	0	0	0	1661366246257
1356	1522	0	0	0	0	0	0	1661366247277
1356	1522	0	0	0	0	0	0	1661366248297
1356	1522	0	0	0	0	0	0	1661366249317
1356	1522	0	0	0	0	0	0	1661366250337
1356	1522	0	0	0	0	0	0	1661366251357
1356	1522	0	0	0	0	0	0	1661366252377
1356	1522	0	0	0	0	0	0	1661366253397
1356	1522	0	0	0	0	0	0	1661366254417
1356	1522	0	0	0	0	0	0	1661366255437
1356	1522	0	0	0	0	0	0	1661366256457
1356	1522	0	0	0	0	0	0	1661366257477
1356	1522	0	0	0	0	0	0	1661366258497
1356	1522	0	0	0	0	0	0	1661366259517
1356	1522	0	0	0	0	0	0	1661366260537
1356	1522	0	0	0	0	0	0	1661366261557
1356	1522	0	0	0	0	0	0	1661366262577
1356	1522	0	0	0	0	0	0	1661366263597
1356	1522	0	0	0	0	0	0	1661366264617
1356	1522	0	0	0	0	0	0	1661366265637
1356	1522	0	0	0	0	0	0	1661366266657
1356	1522	0	0	0	0	0	0	1661366267677
1356	1522	0	0	0	0	0	0	1661366268697
1356	1522	0	0	0	0	0	0	1661366269717
1356	1522	0	0	0	0	0	0	1661366270737
1356	1522	0	0	0	0	0	0	1661366271757
1347	1522	0	0	0	0	0	0	1661366272777
1339	1522	0	0	0	0	0	0	1661366273797
1335	1522	0	0	0	0	0	0	1661366274817
1342	1522	0	0	0	0	0	0	1661366275837
1348	1522	0	0	0	0	0	0	1661366276857
1351	1522	0	0	0	0	0	0	1661366277877
1353	1522	0	0	0	0	0	0	1661366278897
1354	1522	0	0	0	0	0	0	1661366279917
1355	1522	0	0	0	0	0	0	1661366280937
1355	1522	0	0	0	0	0	0	1661366281957
1355	1522	0	0	0	0	0	0	1661366282977
1355	1522	0	0	0	0	0	0	1661366283997
1355	1522	0	0	0	0	0	0	1661366285017
1355	1522	0	0	0	0	0	0	1661366286037
1355	1522	0	0	0	0	0	0	1661366287057
1356	1521	0	0	0	0	0	0	1661366288077
1356	1521	0	0	0	0	0	0	1661366289097
1356	1521	0	0	0	0	0	0	1661366290117
1356	1521	0	0	0	0	0	0	1661366291137
1356	1521	0	0	0	0	0	0	1661366292157
1356	1521	0	0	0	0	0	0	1661366293177
1356	1521	0	0	0	0	0	0	1661366294197
1356	1521	0	0	0	0	0	0	1661366295217
1356	1521	0	0	0	0	0	0	1661366296237
1356	1521	0	0	0	0	0	0	1661366297257
1356	1521	0	0	0	0	0	0	1661366298277
1356	1521	0	0	0	0	0	0	1661366299297
1356	1521	0	0	0	0	0	0	1661366300317
1356	1521	0	0	0	0	0	0	1661366301337
1356	1521	0	0	0	0	0	0	1661366302357
1356	1520	0	0	0	0	0	0	1661366303377
1356	1520	0	0	0	0	0	0	1661366304397
1356	1520	0	0	0	0	0	0	1661366305417
1356	1520	0	0	0	0	0	0	1661366306437
1356	1520	0	0	0	0	0	0	1661366307457
1356	1520	0	0	0	0	0	0	1661366308477
1356	1520	0	0	0	0	0	0	1661366309497
1356	1519	0	0	0	0	0	0	1661366310517
