2673	1670	0	0	0	0	0	0	1662496182311
2661	1666	0	0	0	0	0	0	1662496183331
2644	1663	0	0	0	0	0	0	1662496184351
2626	1655	0	0	0	0	0	0	1662496185371
2611	1646	0	0	0	0	0	0	1662496186391
2593	1640	0	0	0	0	0	0	1662496187411
2580	1637	0	0	0	0	0	0	1662496188431
2564	1635	0	0	0	0	0	0	1662496189451
2552	1634	0	0	0	0	0	0	1662496190471
2541	1633	0	0	0	0	0	0	1662496191491
2526	1632	0	0	0	0	0	0	1662496192511
2517	1632	0	0	0	0	0	0	1662496193531
2507	1632	0	0	0	0	0	0	1662496194551
2494	1632	0	0	0	0	0	0	1662496195571
2486	1632	0	0	0	0	0	0	1662496196591
2481	1632	0	0	0	0	0	0	1662496197611
2469	1632	0	0	0	0	0	0	1662496198631
2460	1632	0	0	0	0	0	0	1662496199651
2454	1632	0	0	0	0	0	0	1662496200671
2447	1632	0	0	0	0	0	0	1662496201691
2436	1632	0	0	0	0	0	0	1662496202711
2429	1632	0	0	0	0	0	0	1662496203731
2425	1631	0	0	0	0	0	0	1662496204751
2422	1631	0	0	0	0	0	0	1662496205771
2411	1630	0	0	0	0	0	0	1662496206791
2403	1630	0	0	0	0	0	0	1662496207811
2398	1629	0	0	0	0	0	0	1662496208831
2395	1629	0	0	0	0	0	0	1662496209851
2393	1629	0	0	0	0	0	0	1662496210871
2384	1625	0	0	0	0	0	0	1662496211891
2376	1625	0	0	0	0	0	0	1662496212911
2370	1622	0	0	0	0	0	0	1662496213931
2367	1620	0	0	0	0	0	0	1662496214951
2365	1619	0	0	0	0	0	0	1662496215971
2362	1618	0	0	0	0	0	0	1662496216991
2352	1616	0	0	0	0	0	0	1662496218011
2345	1617	0	0	0	0	0	0	1662496219031
2341	1615	0	0	0	0	0	0	1662496220051
2338	1614	0	0	0	0	0	0	1662496221071
2336	1613	0	0	0	0	0	0	1662496222091
2335	1613	0	0	0	0	0	0	1662496223111
2326	1613	0	0	0	0	0	0	1662496224131
2318	1612	0	0	0	0	0	0	1662496225151
2313	1614	0	0	0	0	0	0	1662496226171
2310	1612	0	0	0	0	0	0	1662496227191
2308	1612	0	0	0	0	0	0	1662496228211
2307	1610	0	0	0	0	0	0	1662496229231
2307	1613	0	0	0	0	0	0	1662496230251
2301	1612	0	0	0	0	0	0	1662496231271
2293	1611	0	0	0	0	0	0	1662496232291
2287	1612	0	0	0	0	0	0	1662496233311
2283	1610	0	0	0	0	0	0	1662496234331
2281	1610	0	0	0	0	0	0	1662496235351
2280	1610	0	0	0	0	0	0	1662496236371
2279	1609	0	0	0	0	0	0	1662496237391
2279	1608	0	0	0	0	0	0	1662496238411
2276	1609	0	0	0	0	0	0	1662496239431
2267	1610	0	0	0	0	0	0	1662496240451
2260	1610	0	0	0	0	0	0	1662496241471
2256	1610	0	0	0	0	0	0	1662496242491
2254	1610	0	0	0	0	0	0	1662496243511
2253	1609	0	0	0	0	0	0	1662496244531
2252	1610	0	0	0	0	0	0	1662496245551
2251	1611	0	0	0	0	0	0	1662496246571
2250	1612	0	0	0	0	0	0	1662496247591
2247	1613	0	0	0	0	0	0	1662496248611
2240	1613	0	0	0	0	0	0	1662496249631
2233	1613	0	0	0	0	0	0	1662496250651
2229	1613	0	0	0	0	0	0	1662496251671
2226	1614	0	0	0	0	0	0	1662496252691
2225	1615	0	0	0	0	0	0	1662496253711
2224	1619	0	0	0	0	0	0	1662496254731
2223	1619	0	0	0	0	0	0	1662496255751
2223	1620	0	0	0	0	0	0	1662496256771
2223	1622	0	0	0	0	0	0	1662496257791
2222	1622	0	0	0	0	0	0	1662496258811
2217	1623	0	0	0	0	0	0	1662496259831
2209	1624	0	0	0	0	0	0	1662496260851
2203	1625	0	0	0	0	0	0	1662496261871
2199	1626	0	0	0	0	0	0	1662496262891
2198	1626	0	0	0	0	0	0	1662496263911
2196	1626	0	0	0	0	0	0	1662496264931
2195	1628	0	0	0	0	0	0	1662496265951
2195	1629	0	0	0	0	0	0	1662496266971
2195	1630	0	0	0	0	0	0	1662496267991
2195	1630	0	0	0	0	0	0	1662496269011
2195	1630	0	0	0	0	0	0	1662496270031
2193	1630	0	0	0	0	0	0	1662496271051
2187	1630	0	0	0	0	0	0	1662496272071
2180	1630	0	0	0	0	0	0	1662496273091
2175	1630	0	0	0	0	0	0	1662496274111
2172	1630	0	0	0	0	0	0	1662496275131
2169	1631	0	0	0	0	0	0	1662496276151
2168	1631	0	0	0	0	0	0	1662496277171
2167	1631	0	0	0	0	0	0	1662496278191
2167	1631	0	0	0	0	0	0	1662496279211
2167	1631	0	0	0	0	0	0	1662496280231
2167	1632	0	0	0	0	0	0	1662496281251
2167	1632	0	0	0	0	0	0	1662496282271
2167	1632	0	0	0	0	0	0	1662496283291
2167	1632	0	0	0	0	0	0	1662496284311
2166	1632	0	0	0	0	0	0	1662496285331
2166	1632	0	0	0	0	0	0	1662496286351
2162	1632	0	0	0	0	0	0	1662496287371
2156	1632	0	0	0	0	0	0	1662496288391
2150	1632	0	0	0	0	0	0	1662496289411
2145	1632	0	0	0	0	0	0	1662496290431
2142	1632	0	0	0	0	0	0	1662496291451
2140	1632	0	0	0	0	0	0	1662496292471
2139	1632	0	0	0	0	0	0	1662496293491
2139	1632	0	0	0	0	0	0	1662496294511
2139	1632	0	0	0	0	0	0	1662496295531
2139	1632	0	0	0	0	0	0	1662496296551
2139	1632	0	0	0	0	0	0	1662496297571
2139	1632	0	0	0	0	0	0	1662496298591
2138	1632	0	0	0	0	0	0	1662496299611
2138	1632	0	0	0	0	0	0	1662496300631
2138	1632	0	0	0	0	0	0	1662496301651
2138	1632	0	0	0	0	0	0	1662496302671
2136	1632	0	0	0	0	0	0	1662496303691
2128	1632	0	0	0	0	0	0	1662496304711
2123	1632	0	0	0	0	0	0	1662496305731
2119	1632	0	0	0	0	0	0	1662496306751
2116	1632	0	0	0	0	0	0	1662496307771
2114	1632	0	0	0	0	0	0	1662496308791
2113	1632	0	0	0	0	0	0	1662496309811
2112	1632	0	0	0	0	0	0	1662496310831
2111	1632	0	0	0	0	0	0	1662496311851
2111	1632	0	0	0	0	0	0	1662496312871
2111	1632	0	0	0	0	0	0	1662496313891
2111	1632	0	0	0	0	0	0	1662496314911
2111	1632	0	0	0	0	0	0	1662496315931
2111	1632	0	0	0	0	0	0	1662496316951
2111	1632	0	0	0	0	0	0	1662496317971
2110	1632	0	0	0	0	0	0	1662496318991
2110	1632	0	0	0	0	0	0	1662496320011
2110	1632	0	0	0	0	0	0	1662496321031
2109	1632	0	0	0	0	0	0	1662496322051
2106	1632	0	0	0	0	0	0	1662496323071
2100	1632	0	0	0	0	0	0	1662496324091
2093	1632	0	0	0	0	0	0	1662496325111
2089	1632	0	0	0	0	0	0	1662496326131
2086	1632	0	0	0	0	0	0	1662496327151
2084	1633	0	0	0	0	0	0	1662496328171
2083	1634	0	0	0	0	0	0	1662496329191
2082	1634	0	0	0	0	0	0	1662496330211
2082	1633	0	0	0	0	0	0	1662496331231
2082	1635	0	0	0	0	0	0	1662496332251
2082	1636	0	0	0	0	0	0	1662496333271
2082	1639	0	0	0	0	0	0	1662496334291
2082	1639	0	0	0	0	0	0	1662496335311
2082	1641	0	0	0	0	0	0	1662496336331
2082	1644	0	0	0	0	0	0	1662496337351
2082	1646	0	0	0	0	0	0	1662496338371
2082	1648	0	0	0	0	0	0	1662496339391
2082	1650	0	0	0	0	0	0	1662496340411
2082	1652	0	0	0	0	0	0	1662496341431
2080	1654	0	0	0	0	0	0	1662496342451
2076	1655	0	0	0	0	0	0	1662496343471
2071	1656	0	0	0	0	0	0	1662496344491
2065	1656	0	0	0	0	0	0	1662496345511
2061	1657	0	0	0	0	0	0	1662496346531
2058	1658	0	0	0	0	0	0	1662496347551
2056	1658	0	0	0	0	0	0	1662496348571
2055	1658	0	0	0	0	0	0	1662496349591
2055	1658	0	0	0	0	0	0	1662496350611
2055	1659	0	0	0	0	0	0	1662496351631
2054	1659	0	0	0	0	0	0	1662496352651
2054	1659	0	0	0	0	0	0	1662496353671
2054	1659	0	0	0	0	0	0	1662496354691
2055	1659	0	0	0	0	0	0	1662496355711
2055	1659	0	0	0	0	0	0	1662496356731
2055	1659	0	0	0	0	0	0	1662496357751
2055	1659	0	0	0	0	0	0	1662496358771
2055	1659	0	0	0	0	0	0	1662496359791
2054	1659	0	0	0	0	0	0	1662496360811
2054	1659	0	0	0	0	0	0	1662496361831
2054	1659	0	0	0	0	0	0	1662496362851
2054	1659	0	0	0	0	0	0	1662496363871
2052	1659	0	0	0	0	0	0	1662496364891
2049	1659	0	0	0	0	0	0	1662496365911
2044	1659	0	0	0	0	0	0	1662496366931
2039	1659	0	0	0	0	0	0	1662496367951
2035	1659	0	0	0	0	0	0	1662496368971
2032	1659	0	0	0	0	0	0	1662496369991
2030	1659	0	0	0	0	0	0	1662496371011
2028	1659	0	0	0	0	0	0	1662496372031
2027	1659	0	0	0	0	0	0	1662496373051
2026	1659	0	0	0	0	0	0	1662496374071
2026	1659	0	0	0	0	0	0	1662496375091
2026	1659	0	0	0	0	0	0	1662496376111
2026	1659	0	0	0	0	0	0	1662496377131
2026	1659	0	0	0	0	0	0	1662496378151
2026	1659	0	0	0	0	0	0	1662496379171
2026	1659	0	0	0	0	0	0	1662496380191
2026	1659	0	0	0	0	0	0	1662496381211
2026	1659	0	0	0	0	0	0	1662496382231
2026	1660	0	0	0	0	0	0	1662496383251
2026	1660	0	0	0	0	0	0	1662496384271
2026	1660	0	0	0	0	0	0	1662496385291
2026	1660	0	0	0	0	0	0	1662496386311
2026	1660	0	0	0	0	0	0	1662496387331
2024	1660	0	0	0	0	0	0	1662496388351
2021	1660	0	0	0	0	0	0	1662496389371
2016	1660	0	0	0	0	0	0	1662496390391
2014	1660	0	0	0	0	0	0	1662496391411
2008	1660	0	0	0	0	0	0	1662496392431
2004	1660	0	0	0	0	0	0	1662496393451
2002	1660	0	0	0	0	0	0	1662496394471
2000	1660	0	0	0	0	0	0	1662496395491
1999	1660	0	0	0	0	0	0	1662496396511
1999	1660	0	0	0	0	0	0	1662496397531
1998	1660	0	0	0	0	0	0	1662496398551
1998	1660	0	0	0	0	0	0	1662496399571
1998	1660	0	0	0	0	0	0	1662496400591
1998	1660	0	0	0	0	0	0	1662496401611
1997	1659	0	0	0	0	0	0	1662496402631
1997	1658	0	0	0	0	0	0	1662496403651
1997	1658	0	0	0	0	0	0	1662496404671
1998	1659	0	0	0	0	0	0	1662496405691
1998	1659	0	0	0	0	0	0	1662496406711
1998	1659	0	0	0	0	0	0	1662496407731
1998	1658	0	0	0	0	0	0	1662496408751
1998	1657	0	0	0	0	0	0	1662496409771
1998	1656	0	0	0	0	0	0	1662496410791
1997	1656	0	0	0	0	0	0	1662496411811
1997	1654	0	0	0	0	0	0	1662496412831
1996	1653	0	0	0	0	0	0	1662496413851
1993	1652	0	0	0	0	0	0	1662496414871
1987	1651	0	0	0	0	0	0	1662496415891
1983	1651	0	0	0	0	0	0	1662496416911
1978	1650	0	0	0	0	0	0	1662496417931
1975	1652	0	0	0	0	0	0	1662496418951
1973	1649	0	0	0	0	0	0	1662496419971
1972	1646	0	0	0	0	0	0	1662496420991
1971	1645	0	0	0	0	0	0	1662496422011
1971	1644	0	0	0	0	0	0	1662496423031
1971	1643	0	0	0	0	0	0	1662496424051
1971	1641	0	0	0	0	0	0	1662496425071
1971	1639	0	0	0	0	0	0	1662496426091
1971	1639	0	0	0	0	0	0	1662496427111
1971	1638	0	0	0	0	0	0	1662496428131
1971	1638	0	0	0	0	0	0	1662496429151
1971	1636	0	0	0	0	0	0	1662496430171
1971	1636	0	0	0	0	0	0	1662496431191
1970	1635	0	0	0	0	0	0	1662496432211
1970	1635	0	0	0	0	0	0	1662496433231
1970	1634	0	0	0	0	0	0	1662496434251
1970	1633	0	0	0	0	0	0	1662496435271
1970	1633	0	0	0	0	0	0	1662496436291
1970	1633	0	0	0	0	0	0	1662496437311
1970	1633	0	0	0	0	0	0	1662496438331
1969	1632	0	0	0	0	0	0	1662496439351
1969	1632	0	0	0	0	0	0	1662496440371
1968	1632	0	0	0	0	0	0	1662496441391
1963	1632	0	0	0	0	0	0	1662496442411
1961	1632	0	0	0	0	0	0	1662496443431
1958	10979	0	0	0	0	0	0	1662496444451
1953	7240	0	0	0	0	0	0	1662496445471
1950	4997	0	0	0	0	0	0	1662496446491
1947	3651	0	0	0	0	0	0	1662496447511
1946	2843	0	0	0	0	0	0	1662496448531
1945	2359	0	0	0	0	0	0	1662496449551
1944	2068	0	0	0	0	0	0	1662496450571
1943	1893	0	0	0	0	0	0	1662496451591
1943	1789	0	0	0	0	0	0	1662496452611
1943	1726	0	0	0	0	0	0	1662496453631
1942	1689	0	0	0	0	0	0	1662496454651
1942	1666	0	0	0	0	0	0	1662496455671
1942	1652	0	0	0	0	0	0	1662496456691
1942	1644	0	0	0	0	0	0	1662496457711
1942	1639	0	0	0	0	0	0	1662496458731
1942	1636	0	0	0	0	0	0	1662496459751
1942	1635	0	0	0	0	0	0	1662496460771
1942	1634	0	0	0	0	0	0	1662496461791
1942	1633	0	0	0	0	0	0	1662496462811
1942	1633	0	0	0	0	0	0	1662496463831
1942	1633	0	0	0	0	0	0	1662496464851
1942	1633	0	0	0	0	0	0	1662496465871
1942	1633	0	0	0	0	0	0	1662496466891
1942	1633	0	0	0	0	0	0	1662496467911
1942	1633	0	0	0	0	0	0	1662496468931
1942	1633	0	0	0	0	0	0	1662496469951
1942	1632	0	0	0	0	0	0	1662496470971
1942	1632	0	0	0	0	0	0	1662496471991
1941	1632	0	0	0	0	0	0	1662496473011
1941	1632	0	0	0	0	0	0	1662496474031
1941	1632	0	0	0	0	0	0	1662496475051
1936	1632	0	0	0	0	0	0	1662496476071
1932	1632	0	0	0	0	0	0	1662496477091
1929	1632	0	0	0	0	0	0	1662496478111
1925	1632	0	0	0	0	0	0	1662496479131
1921	1632	0	0	0	0	0	0	1662496480151
1919	1632	0	0	0	0	0	0	1662496481171
1917	1632	0	0	0	0	0	0	1662496482191
1916	1632	0	0	0	0	0	0	1662496483211
1915	1632	0	0	0	0	0	0	1662496484231
1914	1632	0	0	0	0	0	0	1662496485251
1914	1632	0	0	0	0	0	0	1662496486271
1914	1632	0	0	0	0	0	0	1662496487291
1914	1632	0	0	0	0	0	0	1662496488311
1914	1632	0	0	0	0	0	0	1662496489331
1914	1632	0	0	0	0	0	0	1662496490351
1914	1632	0	0	0	0	0	0	1662496491371
1914	1632	0	0	0	0	0	0	1662496492391
1914	1632	0	0	0	0	0	0	1662496493411
1914	1632	0	0	0	0	0	0	1662496494431
1914	1632	0	0	0	0	0	0	1662496495451
1914	1632	0	0	0	0	0	0	1662496496471
1914	1632	0	0	0	0	0	0	1662496497491
1914	1632	0	0	0	0	0	0	1662496498511
1914	1632	0	0	0	0	0	0	1662496499531
1914	1632	0	0	0	0	0	0	1662496500551
1914	1632	0	0	0	0	0	0	1662496501571
1914	1632	0	0	0	0	0	0	1662496502591
1914	1632	0	0	0	0	0	0	1662496503611
1914	1632	0	0	0	0	0	0	1662496504631
1914	1632	0	0	0	0	0	0	1662496505651
1914	1632	0	0	0	0	0	0	1662496506671
1914	1631	0	0	0	0	0	0	1662496507691
1913	1631	0	0	0	0	0	0	1662496508711
1913	1631	0	0	0	0	0	0	1662496509731
1912	1629	0	0	0	0	0	0	1662496510751
1910	1629	0	0	0	0	0	0	1662496511771
1907	1628	0	0	0	0	0	0	1662496512791
1903	1626	0	0	0	0	0	0	1662496513811
1900	1626	0	0	0	0	0	0	1662496514831
1895	1624	0	0	0	0	0	0	1662496515851
1891	1621	0	0	0	0	0	0	1662496516871
1889	1618	0	0	0	0	0	0	1662496517891
1888	1615	0	0	0	0	0	0	1662496518911
1888	1613	0	0	0	0	0	0	1662496519931
1887	1611	0	0	0	0	0	0	1662496520951
1887	1609	0	0	0	0	0	0	1662496521971
1887	1607	0	0	0	0	0	0	1662496522991
1887	1607	0	0	0	0	0	0	1662496524011
1887	1606	0	0	0	0	0	0	1662496525031
1887	1605	0	0	0	0	0	0	1662496526051
1887	1605	0	0	0	0	0	0	1662496527071
1887	1605	0	0	0	0	0	0	1662496528091
1887	1605	0	0	0	0	0	0	1662496529111
1886	1605	0	0	0	0	0	0	1662496530131
1886	1605	0	0	0	0	0	0	1662496531151
1886	1605	0	0	0	0	0	0	1662496532171
1886	1605	0	0	0	0	0	0	1662496533191
1886	1605	0	0	0	0	0	0	1662496534211
1886	1605	0	0	0	0	0	0	1662496535231
1886	1605	0	0	0	0	0	0	1662496536251
1886	1605	0	0	0	0	0	0	1662496537271
1886	1605	0	0	0	0	0	0	1662496538291
1886	1605	0	0	0	0	0	0	1662496539311
1886	1605	0	0	0	0	0	0	1662496540331
1886	1605	0	0	0	0	0	0	1662496541351
1886	1605	0	0	0	0	0	0	1662496542371
1886	1605	0	0	0	0	0	0	1662496543391
1886	1605	0	0	0	0	0	0	1662496544411
1886	1605	0	0	0	0	0	0	1662496545431
1886	1605	0	0	0	0	0	0	1662496546451
1886	1605	0	0	0	0	0	0	1662496547471
1886	1605	0	0	0	0	0	0	1662496548491
1885	1605	0	0	0	0	0	0	1662496549511
1885	1605	0	0	0	0	0	0	1662496550531
1882	1605	0	0	0	0	0	0	1662496551551
1880	1605	0	0	0	0	0	0	1662496552571
1879	1605	0	0	0	0	0	0	1662496553591
1876	1605	0	0	0	0	0	0	1662496554611
1871	1605	0	0	0	0	0	0	1662496555631
1867	1605	0	0	0	0	0	0	1662496556651
1864	1605	0	0	0	0	0	0	1662496557671
1862	1605	0	0	0	0	0	0	1662496558691
1861	1605	0	0	0	0	0	0	1662496559711
1860	1605	0	0	0	0	0	0	1662496560731
1859	1605	0	0	0	0	0	0	1662496561751
1859	1605	0	0	0	0	0	0	1662496562771
1858	1605	0	0	0	0	0	0	1662496563791
1858	1605	0	0	0	0	0	0	1662496564811
1858	1605	0	0	0	0	0	0	1662496565831
1859	1605	0	0	0	0	0	0	1662496566851
1858	1604	0	0	0	0	0	0	1662496567871
1858	1604	0	0	0	0	0	0	1662496568891
1858	1604	0	0	0	0	0	0	1662496569911
1858	1604	0	0	0	0	0	0	1662496570931
1858	1604	0	0	0	0	0	0	1662496571951
1858	1604	0	0	0	0	0	0	1662496572971
1858	1604	0	0	0	0	0	0	1662496573991
1858	1604	0	0	0	0	0	0	1662496575011
1858	1604	0	0	0	0	0	0	1662496576031
1858	1604	0	0	0	0	0	0	1662496577051
1858	1604	0	0	0	0	0	0	1662496578071
1858	1604	0	0	0	0	0	0	1662496579091
1858	1604	0	0	0	0	0	0	1662496580111
1858	1604	0	0	0	0	0	0	1662496581131
1858	1604	0	0	0	0	0	0	1662496582151
1858	1604	0	0	0	0	0	0	1662496583171
1858	1604	0	0	0	0	0	0	1662496584191
1858	1604	0	0	0	0	0	0	1662496585211
1858	1604	0	0	0	0	0	0	1662496586231
1858	1603	0	0	0	0	0	0	1662496587251
1858	1602	0	0	0	0	0	0	1662496588271
1858	1603	0	0	0	0	0	0	1662496589291
1857	1604	0	0	0	0	0	0	1662496590311
1857	1603	0	0	0	0	0	0	1662496591331
1857	1601	0	0	0	0	0	0	1662496592351
1857	1601	0	0	0	0	0	0	1662496593371
1857	1600	0	0	0	0	0	0	1662496594391
1854	1598	0	0	0	0	0	0	1662496595411
1850	1597	0	0	0	0	0	0	1662496596431
1846	1595	0	0	0	0	0	0	1662496597451
1841	1591	0	0	0	0	0	0	1662496598471
1838	1590	0	0	0	0	0	0	1662496599491
1836	1587	0	0	0	0	0	0	1662496600511
1836	1585	0	0	0	0	0	0	1662496601531
1834	1582	0	0	0	0	0	0	1662496602551
1833	1581	0	0	0	0	0	0	1662496603571
1832	1580	0	0	0	0	0	0	1662496604591
1831	1579	0	0	0	0	0	0	1662496605611
1831	1578	0	0	0	0	0	0	1662496606631
1831	1577	0	0	0	0	0	0	1662496607651
1830	1578	0	0	0	0	0	0	1662496608671
1830	1577	0	0	0	0	0	0	1662496609691
1830	1577	0	0	0	0	0	0	1662496610711
1830	1577	0	0	0	0	0	0	1662496611731
1830	1577	0	0	0	0	0	0	1662496612751
1830	1577	0	0	0	0	0	0	1662496613771
1830	1577	0	0	0	0	0	0	1662496614791
1830	1577	0	0	0	0	0	0	1662496615811
1830	1577	0	0	0	0	0	0	1662496616831
1831	1577	0	0	0	0	0	0	1662496617851
1831	1577	0	0	0	0	0	0	1662496618871
1831	1577	0	0	0	0	0	0	1662496619891
1830	1577	0	0	0	0	0	0	1662496620911
1830	1577	0	0	0	0	0	0	1662496621931
1830	1577	0	0	0	0	0	0	1662496622951
1830	1577	0	0	0	0	0	0	1662496623971
1830	1577	0	0	0	0	0	0	1662496624991
1830	1577	0	0	0	0	0	0	1662496626011
1830	1577	0	0	0	0	0	0	1662496627031
1830	1577	0	0	0	0	0	0	1662496628051
1830	1577	0	0	0	0	0	0	1662496629071
1830	1577	0	0	0	0	0	0	1662496630091
1830	1577	0	0	0	0	0	0	1662496631111
1830	1577	0	0	0	0	0	0	1662496632131
1830	1577	0	0	0	0	0	0	1662496633151
1830	1577	0	0	0	0	0	0	1662496634171
1830	1577	0	0	0	0	0	0	1662496635191
1830	1577	0	0	0	0	0	0	1662496636211
1830	1577	0	0	0	0	0	0	1662496637231
1830	1577	0	0	0	0	0	0	1662496638251
1829	1577	0	0	0	0	0	0	1662496639271
1827	1577	0	0	0	0	0	0	1662496640291
1827	1577	0	0	0	0	0	0	1662496641311
1825	1577	0	0	0	0	0	0	1662496642331
1824	1577	0	0	0	0	0	0	1662496643351
1821	1577	0	0	0	0	0	0	1662496644371
1818	1577	0	0	0	0	0	0	1662496645391
1814	1577	0	0	0	0	0	0	1662496646411
1810	1577	0	0	0	0	0	0	1662496647431
1809	1577	0	0	0	0	0	0	1662496648451
1806	1577	0	0	0	0	0	0	1662496649471
1805	1577	0	0	0	0	0	0	1662496650491
1804	1577	0	0	0	0	0	0	1662496651511
1803	1577	0	0	0	0	0	0	1662496652531
1803	1577	0	0	0	0	0	0	1662496653551
1803	1577	0	0	0	0	0	0	1662496654571
1803	1577	0	0	0	0	0	0	1662496655591
1802	1577	0	0	0	0	0	0	1662496656611
1802	1577	0	0	0	0	0	0	1662496657631
1802	1577	0	0	0	0	0	0	1662496658651
1802	1577	0	0	0	0	0	0	1662496659671
1802	1577	0	0	0	0	0	0	1662496660691
1802	1577	0	0	0	0	0	0	1662496661711
1802	1577	0	0	0	0	0	0	1662496662731
1802	1577	0	0	0	0	0	0	1662496663751
1802	1577	0	0	0	0	0	0	1662496664771
1802	1577	0	0	0	0	0	0	1662496665791
1802	1577	0	0	0	0	0	0	1662496666811
1802	1577	0	0	0	0	0	0	1662496667831
1802	1577	0	0	0	0	0	0	1662496668851
1802	1577	0	0	0	0	0	0	1662496669871
1802	1577	0	0	0	0	0	0	1662496670891
1802	1577	0	0	0	0	0	0	1662496671911
1802	1577	0	0	0	0	0	0	1662496672931
1802	1577	0	0	0	0	0	0	1662496673951
1802	1577	0	0	0	0	0	0	1662496674971
1802	1577	0	0	0	0	0	0	1662496675991
1802	1577	0	0	0	0	0	0	1662496677011
1802	1577	0	0	0	0	0	0	1662496678031
1802	1577	0	0	0	0	0	0	1662496679051
1802	1577	0	0	0	0	0	0	1662496680071
1802	1577	0	0	0	0	0	0	1662496681091
1802	1576	0	0	0	0	0	0	1662496682111
1802	1576	0	0	0	0	0	0	1662496683131
1802	1575	0	0	0	0	0	0	1662496684151
1802	1575	0	0	0	0	0	0	1662496685171
1800	1575	0	0	0	0	0	0	1662496686191
1793	1575	0	0	0	0	0	0	1662496687211
1785	1574	0	0	0	0	0	0	1662496688231
1781	1573	0	0	0	0	0	0	1662496689251
1780	1571	0	0	0	0	0	0	1662496690271
1778	1570	0	0	0	0	0	0	1662496691291
1777	1568	0	0	0	0	0	0	1662496692311
1778	1565	0	0	0	0	0	0	1662496693331
1777	1562	0	0	0	0	0	0	1662496694351
1777	1561	0	0	0	0	0	0	1662496695371
1783	1559	0	0	0	0	0	0	1662496696391
1783	1557	0	0	0	0	0	0	1662496697411
1781	1555	0	0	0	0	0	0	1662496698431
1781	1554	0	0	0	0	0	0	1662496699451
1779	1552	0	0	0	0	0	0	1662496700471
1777	1551	0	0	0	0	0	0	1662496701491
1776	1551	0	0	0	0	0	0	1662496702511
1776	1550	0	0	0	0	0	0	1662496703531
1776	1550	0	0	0	0	0	0	1662496704551
1775	1550	0	0	0	0	0	0	1662496705571
1775	1550	0	0	0	0	0	0	1662496706591
1775	1550	0	0	0	0	0	0	1662496707611
1775	1549	0	0	0	0	0	0	1662496708631
1775	1549	0	0	0	0	0	0	1662496709651
1775	1549	0	0	0	0	0	0	1662496710671
1775	1549	0	0	0	0	0	0	1662496711691
1775	1549	0	0	0	0	0	0	1662496712711
1775	1549	0	0	0	0	0	0	1662496713731
1775	1549	0	0	0	0	0	0	1662496714751
1775	1549	0	0	0	0	0	0	1662496715771
1775	1549	0	0	0	0	0	0	1662496716791
1775	1549	0	0	0	0	0	0	1662496717811
1775	1549	0	0	0	0	0	0	1662496718831
1775	1549	0	0	0	0	0	0	1662496719851
1775	1549	0	0	0	0	0	0	1662496720871
1775	1549	0	0	0	0	0	0	1662496721891
1775	1549	0	0	0	0	0	0	1662496722911
1775	1549	0	0	0	0	0	0	1662496723931
1775	1549	0	0	0	0	0	0	1662496724951
1775	1549	0	0	0	0	0	0	1662496725971
1775	1549	0	0	0	0	0	0	1662496726991
1775	1549	0	0	0	0	0	0	1662496728011
1775	1549	0	0	0	0	0	0	1662496729031
1775	1549	0	0	0	0	0	0	1662496730051
1775	1549	0	0	0	0	0	0	1662496731071
1775	1549	0	0	0	0	0	0	1662496732091
1775	1549	0	0	0	0	0	0	1662496733111
1775	1549	0	0	0	0	0	0	1662496734131
1774	1549	0	0	0	0	0	0	1662496735151
1774	1549	0	0	0	0	0	0	1662496736171
1774	1549	0	0	0	0	0	0	1662496737191
1775	1549	0	0	0	0	0	0	1662496738211
1775	1549	0	0	0	0	0	0	1662496739231
1775	1549	0	0	0	0	0	0	1662496740251
1775	1549	0	0	0	0	0	0	1662496741271
1775	1549	0	0	0	0	0	0	1662496742291
1775	1549	0	0	0	0	0	0	1662496743311
1775	1549	0	0	0	0	0	0	1662496744331
1775	1549	0	0	0	0	0	0	1662496745351
1775	1549	0	0	0	0	0	0	1662496746371
1774	1549	0	0	0	0	0	0	1662496747391
1774	1549	0	0	0	0	0	0	1662496748411
1774	1549	0	0	0	0	0	0	1662496749431
1774	1549	0	0	0	0	0	0	1662496750451
1773	1549	0	0	0	0	0	0	1662496751471
1772	1549	0	0	0	0	0	0	1662496752491
1771	1549	0	0	0	0	0	0	1662496753511
1770	1549	0	0	0	0	0	0	1662496754531
1767	1549	0	0	0	0	0	0	1662496755551
1764	1549	0	0	0	0	0	0	1662496756571
1759	1549	0	0	0	0	0	0	1662496757591
1756	1549	0	0	0	0	0	0	1662496758611
1754	1549	0	0	0	0	0	0	1662496759631
1753	1549	0	0	0	0	0	0	1662496760651
1752	1549	0	0	0	0	0	0	1662496761671
1754	1549	0	0	0	0	0	0	1662496762691
1752	1549	0	0	0	0	0	0	1662496763711
1751	1549	0	0	0	0	0	0	1662496764731
1750	1549	0	0	0	0	0	0	1662496765751
1749	1549	0	0	0	0	0	0	1662496766771
1749	1549	0	0	0	0	0	0	1662496767791
1748	1549	0	0	0	0	0	0	1662496768811
1747	1549	0	0	0	0	0	0	1662496769831
1746	1549	0	0	0	0	0	0	1662496770851
1746	1549	0	0	0	0	0	0	1662496771871
1746	1549	0	0	0	0	0	0	1662496772891
1746	1549	0	0	0	0	0	0	1662496773911
1746	1549	0	0	0	0	0	0	1662496774931
1746	1549	0	0	0	0	0	0	1662496775951
1746	1549	0	0	0	0	0	0	1662496776971
1746	1549	0	0	0	0	0	0	1662496777991
1746	1549	0	0	0	0	0	0	1662496779011
1746	1549	0	0	0	0	0	0	1662496780031
1746	1549	0	0	0	0	0	0	1662496781051
1746	1549	0	0	0	0	0	0	1662496782071
1746	1549	0	0	0	0	0	0	1662496783091
1746	1549	0	0	0	0	0	0	1662496784111
1746	1549	0	0	0	0	0	0	1662496785131
1746	1549	0	0	0	0	0	0	1662496786151
1746	1549	0	0	0	0	0	0	1662496787171
1746	1549	0	0	0	0	0	0	1662496788191
1746	1549	0	0	0	0	0	0	1662496789211
1746	1549	0	0	0	0	0	0	1662496790231
1746	1549	0	0	0	0	0	0	1662496791251
1746	1549	0	0	0	0	0	0	1662496792271
1746	1549	0	0	0	0	0	0	1662496793291
1746	1549	0	0	0	0	0	0	1662496794311
1746	1548	0	0	0	0	0	0	1662496795331
1746	1548	0	0	0	0	0	0	1662496796351
1746	1548	0	0	0	0	0	0	1662496797371
1746	1549	0	0	0	0	0	0	1662496798391
1746	1549	0	0	0	0	0	0	1662496799411
1747	1549	0	0	0	0	0	0	1662496800431
1747	1549	0	0	0	0	0	0	1662496801451
1747	1549	0	0	0	0	0	0	1662496802471
1747	1548	0	0	0	0	0	0	1662496803491
1747	1548	0	0	0	0	0	0	1662496804511
1747	1546	0	0	0	0	0	0	1662496805531
1747	1546	0	0	0	0	0	0	1662496806551
1747	1545	0	0	0	0	0	0	1662496807571
1747	1545	0	0	0	0	0	0	1662496808591
1747	1545	0	0	0	0	0	0	1662496809611
1747	1545	0	0	0	0	0	0	1662496810631
1747	1544	0	0	0	0	0	0	1662496811651
1746	1543	0	0	0	0	0	0	1662496812671
1746	1542	0	0	0	0	0	0	1662496813691
1746	1542	0	0	0	0	0	0	1662496814711
1746	1541	0	0	0	0	0	0	1662496815731
1746	1541	0	0	0	0	0	0	1662496816751
1746	1541	0	0	0	0	0	0	1662496817771
1745	1540	0	0	0	0	0	0	1662496818791
1742	1539	0	0	0	0	0	0	1662496819811
1738	1538	0	0	0	0	0	0	1662496820831
1733	1538	0	0	0	0	0	0	1662496821851
1730	1538	0	0	0	0	0	0	1662496822871
1728	1537	0	0	0	0	0	0	1662496823891
1726	1535	0	0	0	0	0	0	1662496824911
1724	1532	0	0	0	0	0	0	1662496825931
1723	1531	0	0	0	0	0	0	1662496826951
1723	1529	0	0	0	0	0	0	1662496827971
1723	1528	0	0	0	0	0	0	1662496828991
1722	1526	0	0	0	0	0	0	1662496830011
1722	1524	0	0	0	0	0	0	1662496831031
1722	1523	0	0	0	0	0	0	1662496832051
1721	1522	0	0	0	0	0	0	1662496833071
1720	1522	0	0	0	0	0	0	1662496834091
1719	1522	0	0	0	0	0	0	1662496835111
1719	1522	0	0	0	0	0	0	1662496836131
1719	1522	0	0	0	0	0	0	1662496837151
1719	1522	0	0	0	0	0	0	1662496838171
1719	1522	0	0	0	0	0	0	1662496839191
1719	1522	0	0	0	0	0	0	1662496840211
1719	1521	0	0	0	0	0	0	1662496841231
1719	1521	0	0	0	0	0	0	1662496842251
1719	1521	0	0	0	0	0	0	1662496843271
1719	1521	0	0	0	0	0	0	1662496844291
1719	1521	0	0	0	0	0	0	1662496845311
1719	1521	0	0	0	0	0	0	1662496846331
1719	1521	0	0	0	0	0	0	1662496847351
1719	1521	0	0	0	0	0	0	1662496848371
1719	1521	0	0	0	0	0	0	1662496849391
1719	1521	0	0	0	0	0	0	1662496850411
1719	1521	0	0	0	0	0	0	1662496851431
1719	1521	0	0	0	0	0	0	1662496852451
1719	1521	0	0	0	0	0	0	1662496853471
1719	1521	0	0	0	0	0	0	1662496854491
1719	1521	0	0	0	0	0	0	1662496855511
1719	1521	0	0	0	0	0	0	1662496856531
1719	1521	0	0	0	0	0	0	1662496857551
1718	1521	0	0	0	0	0	0	1662496858571
1718	1521	0	0	0	0	0	0	1662496859591
1718	1521	0	0	0	0	0	0	1662496860611
1718	1521	0	0	0	0	0	0	1662496861631
1718	1521	0	0	0	0	0	0	1662496862651
1718	1521	0	0	0	0	0	0	1662496863671
1718	1521	0	0	0	0	0	0	1662496864691
1718	1521	0	0	0	0	0	0	1662496865711
1718	1521	0	0	0	0	0	0	1662496866731
1718	1521	0	0	0	0	0	0	1662496867751
1718	1521	0	0	0	0	0	0	1662496868771
1718	1521	0	0	0	0	0	0	1662496869791
1718	1521	0	0	0	0	0	0	1662496870811
1718	1521	0	0	0	0	0	0	1662496871831
1718	1521	0	0	0	0	0	0	1662496872851
1718	1521	0	0	0	0	0	0	1662496873871
1718	1521	0	0	0	0	0	0	1662496874891
1718	1521	0	0	0	0	0	0	1662496875911
1718	1521	0	0	0	0	0	0	1662496876931
1718	1521	0	0	0	0	0	0	1662496877951
1719	1521	0	0	0	0	0	0	1662496878971
1719	1521	0	0	0	0	0	0	1662496879991
1719	1521	0	0	0	0	0	0	1662496881011
1719	1521	0	0	0	0	0	0	1662496882031
1719	1521	0	0	0	0	0	0	1662496883051
1719	1521	0	0	0	0	0	0	1662496884071
1719	1521	0	0	0	0	0	0	1662496885091
1719	1521	0	0	0	0	0	0	1662496886111
1719	1521	0	0	0	0	0	0	1662496887131
1719	1521	0	0	0	0	0	0	1662496888151
1719	1521	0	0	0	0	0	0	1662496889171
1718	1521	0	0	0	0	0	0	1662496890191
1718	1521	0	0	0	0	0	0	1662496891211
1718	1521	0	0	0	0	0	0	1662496892231
1717	1521	0	0	0	0	0	0	1662496893251
1716	1521	0	0	0	0	0	0	1662496894271
1715	1521	0	0	0	0	0	0	1662496895291
1710	1521	0	0	0	0	0	0	1662496896311
1703	1521	0	0	0	0	0	0	1662496897331
1698	1521	0	0	0	0	0	0	1662496898351
1695	1521	0	0	0	0	0	0	1662496899371
1694	1521	0	0	0	0	0	0	1662496900391
1693	1521	0	0	0	0	0	0	1662496901411
1692	1521	0	0	0	0	0	0	1662496902431
1691	1521	0	0	0	0	0	0	1662496903451
1691	1521	0	0	0	0	0	0	1662496904471
1691	1521	0	0	0	0	0	0	1662496905491
1691	1521	0	0	0	0	0	0	1662496906511
1691	1521	0	0	0	0	0	0	1662496907531
1691	1521	0	0	0	0	0	0	1662496908551
1691	1521	0	0	0	0	0	0	1662496909571
1691	1521	0	0	0	0	0	0	1662496910591
1691	1521	0	0	0	0	0	0	1662496911611
1691	1521	0	0	0	0	0	0	1662496912631
1691	1521	0	0	0	0	0	0	1662496913651
1691	1521	0	0	0	0	0	0	1662496914671
1691	1521	0	0	0	0	0	0	1662496915691
1691	1521	0	0	0	0	0	0	1662496916711
1691	1521	0	0	0	0	0	0	1662496917731
1691	1521	0	0	0	0	0	0	1662496918751
1691	1521	0	0	0	0	0	0	1662496919771
1691	1521	0	0	0	0	0	0	1662496920791
1691	1521	0	0	0	0	0	0	1662496921811
1691	1521	0	0	0	0	0	0	1662496922831
1691	1521	0	0	0	0	0	0	1662496923851
1691	1521	0	0	0	0	0	0	1662496924871
1691	1521	0	0	0	0	0	0	1662496925891
1691	1521	0	0	0	0	0	0	1662496926911
1691	1521	0	0	0	0	0	0	1662496927931
1691	1521	0	0	0	0	0	0	1662496928951
1691	1521	0	0	0	0	0	0	1662496929971
1691	1521	0	0	0	0	0	0	1662496930991
1691	1521	0	0	0	0	0	0	1662496932011
1691	1521	0	0	0	0	0	0	1662496933031
1691	1521	0	0	0	0	0	0	1662496934051
1691	1521	0	0	0	0	0	0	1662496935071
1691	1521	0	0	0	0	0	0	1662496936091
1691	1521	0	0	0	0	0	0	1662496937111
1691	1521	0	0	0	0	0	0	1662496938131
1691	1521	0	0	0	0	0	0	1662496939151
1691	1521	0	0	0	0	0	0	1662496940171
1691	1521	0	0	0	0	0	0	1662496941191
1691	1521	0	0	0	0	0	0	1662496942211
1691	1521	0	0	0	0	0	0	1662496943231
1691	1521	0	0	0	0	0	0	1662496944251
1691	1521	0	0	0	0	0	0	1662496945271
1691	1521	0	0	0	0	0	0	1662496946291
1691	1521	0	0	0	0	0	0	1662496947311
1691	1521	0	0	0	0	0	0	1662496948331
1691	1521	0	0	0	0	0	0	1662496949351
1691	1521	0	0	0	0	0	0	1662496950371
1691	1521	0	0	0	0	0	0	1662496951391
1691	1521	0	0	0	0	0	0	1662496952411
1691	1521	0	0	0	0	0	0	1662496953431
1691	1520	0	0	0	0	0	0	1662496954451
1691	1520	0	0	0	0	0	0	1662496955471
1691	1520	0	0	0	0	0	0	1662496956491
1691	1520	0	0	0	0	0	0	1662496957511
1691	1520	0	0	0	0	0	0	1662496958531
1690	1520	0	0	0	0	0	0	1662496959551
1690	1520	0	0	0	0	0	0	1662496960571
1690	1520	0	0	0	0	0	0	1662496961591
1690	1520	0	0	0	0	0	0	1662496962611
1690	1520	0	0	0	0	0	0	1662496963631
1690	1520	0	0	0	0	0	0	1662496964651
1688	1520	0	0	0	0	0	0	1662496965671
1687	1520	0	0	0	0	0	0	1662496966691
1684	1520	0	0	0	0	0	0	1662496967711
1684	1520	0	0	0	0	0	0	1662496968731
1683	1520	0	0	0	0	0	0	1662496969751
1682	1520	0	0	0	0	0	0	1662496970771
1675	1518	0	0	0	0	0	0	1662496971791
1673	1518	0	0	0	0	0	0	1662496972811
1672	1518	0	0	0	0	0	0	1662496973831
1670	1517	0	0	0	0	0	0	1662496974851
1670	1515	0	0	0	0	0	0	1662496975871
1669	1516	0	0	0	0	0	0	1662496976891
1669	1517	0	0	0	0	0	0	1662496977911
1668	1517	0	0	0	0	0	0	1662496978931
1667	1515	0	0	0	0	0	0	1662496979951
1665	1514	0	0	0	0	0	0	1662496980971
1664	1514	0	0	0	0	0	0	1662496981991
1664	1514	0	0	0	0	0	0	1662496983011
1664	1513	0	0	0	0	0	0	1662496984031
1664	1511	0	0	0	0	0	0	1662496985051
1664	1509	0	0	0	0	0	0	1662496986071
1664	1510	0	0	0	0	0	0	1662496987091
1664	1508	0	0	0	0	0	0	1662496988111
1664	1507	0	0	0	0	0	0	1662496989131
1664	1506	0	0	0	0	0	0	1662496990151
1663	1506	0	0	0	0	0	0	1662496991171
1663	1506	0	0	0	0	0	0	1662496992191
1663	1506	0	0	0	0	0	0	1662496993211
1663	1506	0	0	0	0	0	0	1662496994231
1663	1504	0	0	0	0	0	0	1662496995251
1663	1504	0	0	0	0	0	0	1662496996271
1663	1502	0	0	0	0	0	0	1662496997291
1663	1501	0	0	0	0	0	0	1662496998311
1663	1500	0	0	0	0	0	0	1662496999331
1663	1500	0	0	0	0	0	0	1662497000351
1663	1499	0	0	0	0	0	0	1662497001371
1663	1499	0	0	0	0	0	0	1662497002391
1663	1498	0	0	0	0	0	0	1662497003411
1663	1497	0	0	0	0	0	0	1662497004431
1663	1497	0	0	0	0	0	0	1662497005451
1663	1496	0	0	0	0	0	0	1662497006471
1663	1495	0	0	0	0	0	0	1662497007491
1663	1494	0	0	0	0	0	0	1662497008511
1663	1494	0	0	0	0	0	0	1662497009531
1663	1494	0	0	0	0	0	0	1662497010551
1663	1494	0	0	0	0	0	0	1662497011571
1663	1494	0	0	0	0	0	0	1662497012591
1663	1494	0	0	0	0	0	0	1662497013611
1663	1494	0	0	0	0	0	0	1662497014631
1663	1494	0	0	0	0	0	0	1662497015651
1663	1494	0	0	0	0	0	0	1662497016671
1663	1494	0	0	0	0	0	0	1662497017691
1663	1494	0	0	0	0	0	0	1662497018711
1663	1494	0	0	0	0	0	0	1662497019731
1663	1494	0	0	0	0	0	0	1662497020751
1663	1494	0	0	0	0	0	0	1662497021771
1663	1494	0	0	0	0	0	0	1662497022791
1663	1494	0	0	0	0	0	0	1662497023811
1663	1494	0	0	0	0	0	0	1662497024831
1663	1494	0	0	0	0	0	0	1662497025851
1663	1494	0	0	0	0	0	0	1662497026871
1663	1494	0	0	0	0	0	0	1662497027891
1663	1494	0	0	0	0	0	0	1662497028911
1663	1494	0	0	0	0	0	0	1662497029931
1663	1494	0	0	0	0	0	0	1662497030951
1663	1494	0	0	0	0	0	0	1662497031971
1663	1494	0	0	0	0	0	0	1662497032991
1663	1494	0	0	0	0	0	0	1662497034011
1663	1494	0	0	0	0	0	0	1662497035031
1662	1494	0	0	0	0	0	0	1662497036051
1662	1494	0	0	0	0	0	0	1662497037071
1662	1494	0	0	0	0	0	0	1662497038091
1663	1494	0	0	0	0	0	0	1662497039111
1663	1494	0	0	0	0	0	0	1662497040131
1663	1494	0	0	0	0	0	0	1662497041151
1663	1494	0	0	0	0	0	0	1662497042171
1663	1494	0	0	0	0	0	0	1662497043191
1663	1494	0	0	0	0	0	0	1662497044211
1663	1494	0	0	0	0	0	0	1662497045231
1663	1494	0	0	0	0	0	0	1662497046251
1663	1494	0	0	0	0	0	0	1662497047271
1663	1494	0	0	0	0	0	0	1662497048291
1663	1494	0	0	0	0	0	0	1662497049311
1663	1494	0	0	0	0	0	0	1662497050331
1663	1494	0	0	0	0	0	0	1662497051351
1663	1494	0	0	0	0	0	0	1662497052371
1663	1494	0	0	0	0	0	0	1662497053391
1663	1494	0	0	0	0	0	0	1662497054411
1663	1494	0	0	0	0	0	0	1662497055431
1663	1494	0	0	0	0	0	0	1662497056451
1663	1494	0	0	0	0	0	0	1662497057471
1662	1494	0	0	0	0	0	0	1662497058491
1662	1494	0	0	0	0	0	0	1662497059511
1662	1494	0	0	0	0	0	0	1662497060531
1662	1494	0	0	0	0	0	0	1662497061551
1663	1494	0	0	0	0	0	0	1662497062571
1663	1494	0	0	0	0	0	0	1662497063591
1663	1494	0	0	0	0	0	0	1662497064611
1663	1494	0	0	0	0	0	0	1662497065631
1663	1494	0	0	0	0	0	0	1662497066651
1663	1494	0	0	0	0	0	0	1662497067671
1663	1494	0	0	0	0	0	0	1662497068691
1661	1494	0	0	0	0	0	0	1662497069711
1660	1494	0	0	0	0	0	0	1662497070731
1659	1494	0	0	0	0	0	0	1662497071751
1657	1494	0	0	0	0	0	0	1662497072771
1658	1494	0	0	0	0	0	0	1662497073791
1654	1494	0	0	0	0	0	0	1662497074811
1654	1494	0	0	0	0	0	0	1662497075831
1653	1494	0	0	0	0	0	0	1662497076851
1651	1494	0	0	0	0	0	0	1662497077871
1649	1494	0	0	0	0	0	0	1662497078891
1650	1494	0	0	0	0	0	0	1662497079911
1646	1494	0	0	0	0	0	0	1662497080931
1645	1494	0	0	0	0	0	0	1662497081951
1644	1502	0	0	0	0	0	0	1662497082971
1649	1502	0	0	0	0	0	0	1662497083991
1652	1499	0	0	0	0	0	0	1662497085011
1656	1497	0	0	0	0	0	0	1662497086031
1658	1496	0	0	0	0	0	0	1662497087051
1659	1495	0	0	0	0	0	0	1662497088071
1658	1495	0	0	0	0	0	0	1662497089091
1658	1494	0	0	0	0	0	0	1662497090111
1659	1494	0	0	0	0	0	0	1662497091131
1660	1494	0	0	0	0	0	0	1662497092151
1661	1494	0	0	0	0	0	0	1662497093171
1661	1494	0	0	0	0	0	0	1662497094191
1662	1494	0	0	0	0	0	0	1662497095211
1662	1494	0	0	0	0	0	0	1662497096231
1662	1494	0	0	0	0	0	0	1662497097251
1662	1494	0	0	0	0	0	0	1662497098271
1662	1494	0	0	0	0	0	0	1662497099291
1662	1494	0	0	0	0	0	0	1662497100311
1662	1494	0	0	0	0	0	0	1662497101331
1661	1494	0	0	0	0	0	0	1662497102351
1658	1494	0	0	0	0	0	0	1662497103371
1654	1494	0	0	0	0	0	0	1662497104391
1650	1491	0	0	0	0	0	0	1662497105411
1646	1492	0	0	0	0	0	0	1662497106431
1642	1493	0	0	0	0	0	0	1662497107451
1639	1493	0	0	0	0	0	0	1662497108471
1638	1493	0	0	0	0	0	0	1662497109491
1637	1493	0	0	0	0	0	0	1662497110511
1636	1493	0	0	0	0	0	0	1662497111531
1636	1493	0	0	0	0	0	0	1662497112551
1636	1493	0	0	0	0	0	0	1662497113571
1636	1493	0	0	0	0	0	0	1662497114591
1636	1493	0	0	0	0	0	0	1662497115611
1636	1493	0	0	0	0	0	0	1662497116631
1636	1493	0	0	0	0	0	0	1662497117651
1636	1493	0	0	0	0	0	0	1662497118671
1636	1493	0	0	0	0	0	0	1662497119691
1636	1493	0	0	0	0	0	0	1662497120711
1635	1493	0	0	0	0	0	0	1662497121731
1635	1493	0	0	0	0	0	0	1662497122751
1635	1493	0	0	0	0	0	0	1662497123771
1635	1493	0	0	0	0	0	0	1662497124791
1635	1493	0	0	0	0	0	0	1662497125811
1635	1493	0	0	0	0	0	0	1662497126831
1635	1493	0	0	0	0	0	0	1662497127851
1635	1493	0	0	0	0	0	0	1662497128871
1635	1493	0	0	0	0	0	0	1662497129891
1635	1493	0	0	0	0	0	0	1662497130911
1635	1493	0	0	0	0	0	0	1662497131931
1635	1493	0	0	0	0	0	0	1662497132951
1635	1493	0	0	0	0	0	0	1662497133971
1635	1493	0	0	0	0	0	0	1662497134991
1635	1493	0	0	0	0	0	0	1662497136011
1635	1493	0	0	0	0	0	0	1662497137031
1635	1493	0	0	0	0	0	0	1662497138051
1635	1493	0	0	0	0	0	0	1662497139071
1635	1493	0	0	0	0	0	0	1662497140091
1635	1493	0	0	0	0	0	0	1662497141111
1635	1493	0	0	0	0	0	0	1662497142131
1635	1493	0	0	0	0	0	0	1662497143151
1635	1493	0	0	0	0	0	0	1662497144171
1635	1493	0	0	0	0	0	0	1662497145191
1635	1493	0	0	0	0	0	0	1662497146211
1635	1493	0	0	0	0	0	0	1662497147231
1635	1493	0	0	0	0	0	0	1662497148251
1635	1493	0	0	0	0	0	0	1662497149271
1635	1493	0	0	0	0	0	0	1662497150291
1635	1493	0	0	0	0	0	0	1662497151311
1635	1493	0	0	0	0	0	0	1662497152331
1635	1493	0	0	0	0	0	0	1662497153351
1635	1493	0	0	0	0	0	0	1662497154371
1635	1493	0	0	0	0	0	0	1662497155391
1635	1493	0	0	0	0	0	0	1662497156411
1635	1493	0	0	0	0	0	0	1662497157431
1635	1493	0	0	0	0	0	0	1662497158451
1635	1493	0	0	0	0	0	0	1662497159471
1635	1493	0	0	0	0	0	0	1662497160491
1635	1493	0	0	0	0	0	0	1662497161511
1635	1493	0	0	0	0	0	0	1662497162531
1635	1493	0	0	0	0	0	0	1662497163551
1635	1493	0	0	0	0	0	0	1662497164571
1635	1493	0	0	0	0	0	0	1662497165591
1634	1493	0	0	0	0	0	0	1662497166611
1634	1493	0	0	0	0	0	0	1662497167631
1634	1493	0	0	0	0	0	0	1662497168651
1635	1493	0	0	0	0	0	0	1662497169671
1635	1493	0	0	0	0	0	0	1662497170691
1635	1493	0	0	0	0	0	0	1662497171711
1635	1493	0	0	0	0	0	0	1662497172731
1635	1493	0	0	0	0	0	0	1662497173751
1635	1493	0	0	0	0	0	0	1662497174771
1635	1493	0	0	0	0	0	0	1662497175791
1635	1493	0	0	0	0	0	0	1662497176811
1635	1493	0	0	0	0	0	0	1662497177831
1635	1493	0	0	0	0	0	0	1662497178851
1635	1493	0	0	0	0	0	0	1662497179871
1635	1493	0	0	0	0	0	0	1662497180891
1635	1493	0	0	0	0	0	0	1662497181911
1635	1493	0	0	0	0	0	0	1662497182931
1635	1493	0	0	0	0	0	0	1662497183951
1635	1493	0	0	0	0	0	0	1662497184971
1635	1493	0	0	0	0	0	0	1662497185991
1635	1493	0	0	0	0	0	0	1662497187011
1635	1493	0	0	0	0	0	0	1662497188031
1635	1493	0	0	0	0	0	0	1662497189051
1635	1493	0	0	0	0	0	0	1662497190071
1635	1493	0	0	0	0	0	0	1662497191091
1635	1493	0	0	0	0	0	0	1662497192111
1635	1493	0	0	0	0	0	0	1662497193131
1635	1493	0	0	0	0	0	0	1662497194151
1635	1493	0	0	0	0	0	0	1662497195171
1635	1493	0	0	0	0	0	0	1662497196191
1635	1493	0	0	0	0	0	0	1662497197211
1635	1493	0	0	0	0	0	0	1662497198231
1635	1493	0	0	0	0	0	0	1662497199251
1635	1493	0	0	0	0	0	0	1662497200271
1635	1493	0	0	0	0	0	0	1662497201291
1635	1493	0	0	0	0	0	0	1662497202311
1635	1493	0	0	0	0	0	0	1662497203331
1635	1493	0	0	0	0	0	0	1662497204351
1635	1493	0	0	0	0	0	0	1662497205371
1634	1493	0	0	0	0	0	0	1662497206391
1629	10895	0	0	0	0	0	0	1662497207411
1628	7135	0	0	0	0	0	0	1662497208431
1627	4878	0	0	0	0	0	0	1662497209451
1621	3524	0	0	0	0	0	0	1662497210471
1617	2712	0	0	0	0	0	0	1662497211491
1613	2224	0	0	0	0	0	0	1662497212511
1613	1932	0	0	0	0	0	0	1662497213531
1622	1757	0	0	0	0	0	0	1662497214551
1627	1652	0	0	0	0	0	0	1662497215571
1628	1589	0	0	0	0	0	0	1662497216591
1623	1551	0	0	0	0	0	0	1662497217611
1618	1528	0	0	0	0	0	0	1662497218631
1614	1514	0	0	0	0	0	0	1662497219651
1611	1506	0	0	0	0	0	0	1662497220671
1610	1501	0	0	0	0	0	0	1662497221691
1609	1498	0	0	0	0	0	0	1662497222711
1609	1496	0	0	0	0	0	0	1662497223731
1615	1495	0	0	0	0	0	0	1662497224751
1623	1494	0	0	0	0	0	0	1662497225771
1628	1494	0	0	0	0	0	0	1662497226791
1631	1494	0	0	0	0	0	0	1662497227811
1633	1494	0	0	0	0	0	0	1662497228831
1634	1494	0	0	0	0	0	0	1662497229851
1634	1494	0	0	0	0	0	0	1662497230871
1634	1494	0	0	0	0	0	0	1662497231891
1635	1494	0	0	0	0	0	0	1662497232911
1635	1494	0	0	0	0	0	0	1662497233931
1635	1494	0	0	0	0	0	0	1662497234951
1635	1494	0	0	0	0	0	0	1662497235971
1635	1494	0	0	0	0	0	0	1662497236991
1635	1494	0	0	0	0	0	0	1662497238011
1635	1494	0	0	0	0	0	0	1662497239031
1635	1494	0	0	0	0	0	0	1662497240051
1635	1494	0	0	0	0	0	0	1662497241071
1635	1494	0	0	0	0	0	0	1662497242091
1635	1494	0	0	0	0	0	0	1662497243111
1635	1494	0	0	0	0	0	0	1662497244131
1635	1494	0	0	0	0	0	0	1662497245151
1635	1494	0	0	0	0	0	0	1662497246171
1635	1494	0	0	0	0	0	0	1662497247191
1635	1494	0	0	0	0	0	0	1662497248211
1635	1494	0	0	0	0	0	0	1662497249231
1635	1494	0	0	0	0	0	0	1662497250251
1635	1494	0	0	0	0	0	0	1662497251271
1635	1494	0	0	0	0	0	0	1662497252291
1635	1493	0	0	0	0	0	0	1662497253311
1635	1493	0	0	0	0	0	0	1662497254331
1635	1493	0	0	0	0	0	0	1662497255351
1635	1493	0	0	0	0	0	0	1662497256371
1635	1493	0	0	0	0	0	0	1662497257391
1635	1493	0	0	0	0	0	0	1662497258411
1635	1493	0	0	0	0	0	0	1662497259431
1635	1493	0	0	0	0	0	0	1662497260451
1635	1493	0	0	0	0	0	0	1662497261471
1635	1493	0	0	0	0	0	0	1662497262491
1635	1493	0	0	0	0	0	0	1662497263511
1635	1492	0	0	0	0	0	0	1662497264531
1635	1492	0	0	0	0	0	0	1662497265551
1635	1493	0	0	0	0	0	0	1662497266571
1635	1493	0	0	0	0	0	0	1662497267591
1635	1493	0	0	0	0	0	0	1662497268611
1635	1492	0	0	0	0	0	0	1662497269631
1635	1492	0	0	0	0	0	0	1662497270651
1635	1492	0	0	0	0	0	0	1662497271671
1635	1492	0	0	0	0	0	0	1662497272691
1635	1492	0	0	0	0	0	0	1662497273711
1635	1493	0	0	0	0	0	0	1662497274731
1635	1493	0	0	0	0	0	0	1662497275751
1635	1493	0	0	0	0	0	0	1662497276771
1635	1493	0	0	0	0	0	0	1662497277791
1635	1493	0	0	0	0	0	0	1662497278811
1635	1493	0	0	0	0	0	0	1662497279831
1635	1493	0	0	0	0	0	0	1662497280851
1635	1493	0	0	0	0	0	0	1662497281871
1635	1493	0	0	0	0	0	0	1662497282891
1635	1493	0	0	0	0	0	0	1662497283911
1635	1493	0	0	0	0	0	0	1662497284931
1635	1493	0	0	0	0	0	0	1662497285951
1635	1493	0	0	0	0	0	0	1662497286971
1635	1493	0	0	0	0	0	0	1662497287991
1635	1493	0	0	0	0	0	0	1662497289011
1635	1493	0	0	0	0	0	0	1662497290031
1635	1493	0	0	0	0	0	0	1662497291051
1635	1493	0	0	0	0	0	0	1662497292071
1630	1493	0	0	0	0	0	0	1662497293091
1626	1492	0	0	0	0	0	0	1662497294111
1620	1491	0	0	0	0	0	0	1662497295131
1615	1492	0	0	0	0	0	0	1662497296151
1612	1492	0	0	0	0	0	0	1662497297171
1610	1493	0	0	0	0	0	0	1662497298191
1609	1493	0	0	0	0	0	0	1662497299211
1608	1493	0	0	0	0	0	0	1662497300231
1608	1493	0	0	0	0	0	0	1662497301251
1607	1493	0	0	0	0	0	0	1662497302271
1607	1493	0	0	0	0	0	0	1662497303291
1607	1493	0	0	0	0	0	0	1662497304311
1612	1491	0	0	0	0	0	0	1662497305331
1621	1491	0	0	0	0	0	0	1662497306351
1627	1491	0	0	0	0	0	0	1662497307371
1630	1490	0	0	0	0	0	0	1662497308391
1632	1489	0	0	0	0	0	0	1662497309411
1631	1490	0	0	0	0	0	0	1662497310431
1629	1491	0	0	0	0	0	0	1662497311451
1621	1491	0	0	0	0	0	0	1662497312471
1622	1491	0	0	0	0	0	0	1662497313491
1621	1491	0	0	0	0	0	0	1662497314511
1616	1490	0	0	0	0	0	0	1662497315531
1612	1492	0	0	0	0	0	0	1662497316551
1610	1492	0	0	0	0	0	0	1662497317571
1609	1493	0	0	0	0	0	0	1662497318591
1608	1493	0	0	0	0	0	0	1662497319611
1608	1493	0	0	0	0	0	0	1662497320631
1608	1493	0	0	0	0	0	0	1662497321651
1608	1493	0	0	0	0	0	0	1662497322671
1607	1493	0	0	0	0	0	0	1662497323691
1607	1493	0	0	0	0	0	0	1662497324711
1607	1493	0	0	0	0	0	0	1662497325731
1607	1493	0	0	0	0	0	0	1662497326751
1607	1493	0	0	0	0	0	0	1662497327771
1607	1493	0	0	0	0	0	0	1662497328791
1607	1493	0	0	0	0	0	0	1662497329811
1607	1493	0	0	0	0	0	0	1662497330831
1607	1493	0	0	0	0	0	0	1662497331851
1607	1493	0	0	0	0	0	0	1662497332871
1607	1493	0	0	0	0	0	0	1662497333891
1607	1493	0	0	0	0	0	0	1662497334911
1607	1493	0	0	0	0	0	0	1662497335931
1607	1493	0	0	0	0	0	0	1662497336951
1609	1493	0	0	0	0	0	0	1662497337971
1619	1493	0	0	0	0	0	0	1662497338991
1625	1493	0	0	0	0	0	0	1662497340011
1629	1493	0	0	0	0	0	0	1662497341031
1632	1493	0	0	0	0	0	0	1662497342051
1633	1493	0	0	0	0	0	0	1662497343071
1634	1493	0	0	0	0	0	0	1662497344091
1635	1493	0	0	0	0	0	0	1662497345111
1635	1493	0	0	0	0	0	0	1662497346131
1632	1493	0	0	0	0	0	0	1662497347151
1630	1493	0	0	0	0	0	0	1662497348171
1626	1493	0	0	0	0	0	0	1662497349191
1621	1493	0	0	0	0	0	0	1662497350211
1621	1493	0	0	0	0	0	0	1662497351231
1624	1493	0	0	0	0	0	0	1662497352251
1623	1493	0	0	0	0	0	0	1662497353271
1621	1493	0	0	0	0	0	0	1662497354291
1616	1493	0	0	0	0	0	0	1662497355311
1612	1493	0	0	0	0	0	0	1662497356331
1610	1493	0	0	0	0	0	0	1662497357351
1616	1493	0	0	0	0	0	0	1662497358371
1622	1493	0	0	0	0	0	0	1662497359391
1620	1493	0	0	0	0	0	0	1662497360411
1616	1493	0	0	0	0	0	0	1662497361431
1613	1493	0	0	0	0	0	0	1662497362451
1618	1493	0	0	0	0	0	0	1662497363471
1622	1493	0	0	0	0	0	0	1662497364491
1619	1493	0	0	0	0	0	0	1662497365511
1616	1493	0	0	0	0	0	0	1662497366531
1612	1493	0	0	0	0	0	0	1662497367551
1610	1493	0	0	0	0	0	0	1662497368571
1609	1493	0	0	0	0	0	0	1662497369591
1608	1493	0	0	0	0	0	0	1662497370611
1608	1493	0	0	0	0	0	0	1662497371631
1608	1493	0	0	0	0	0	0	1662497372651
1608	1493	0	0	0	0	0	0	1662497373671
1608	1493	0	0	0	0	0	0	1662497374691
1608	1493	0	0	0	0	0	0	1662497375711
1608	1493	0	0	0	0	0	0	1662497376731
1608	1493	0	0	0	0	0	0	1662497377751
1608	1493	0	0	0	0	0	0	1662497378771
1608	1493	0	0	0	0	0	0	1662497379791
1608	1493	0	0	0	0	0	0	1662497380811
1608	1493	0	0	0	0	0	0	1662497381831
