3390	1623	0	0	0	0	0	0	1655472922489
3378	1617	0	0	0	0	0	0	1655472923509
3386	1608	0	0	0	0	0	0	1655472924529
3385	1597	0	0	0	0	0	0	1655472925549
3381	1584	0	0	0	0	0	0	1655472926569
3373	1572	0	0	0	0	0	0	1655472927589
3364	1560	0	0	0	0	0	0	1655472928609
3355	1546	0	0	0	0	0	0	1655472929629
3341	1538	0	0	0	0	0	0	1655472930649
3331	1533	0	0	0	0	0	0	1655472931669
3325	1530	0	0	0	0	0	0	1655472932689
3321	1525	0	0	0	0	0	0	1655472933709
3318	1515	0	0	0	0	0	0	1655472934729
3313	1508	0	0	0	0	0	0	1655472935749
3303	1504	0	0	0	0	0	0	1655472936769
3296	1501	0	0	0	0	0	0	1655472937789
3293	1500	0	0	0	0	0	0	1655472938809
3291	1499	0	0	0	0	0	0	1655472939829
3289	1498	0	0	0	0	0	0	1655472940849
3288	1496	0	0	0	0	0	0	1655472941869
3287	1487	0	0	0	0	0	0	1655472942889
3286	1480	0	0	0	0	0	0	1655472943909
3283	1476	0	0	0	0	0	0	1655472944929
3283	1474	0	0	0	0	0	0	1655472945949
3277	1472	0	0	0	0	0	0	1655472946969
3270	1471	0	0	0	0	0	0	1655472947989
3265	1470	0	0	0	0	0	0	1655472949009
3263	1470	0	0	0	0	0	0	1655472950029
3261	1470	0	0	0	0	0	0	1655472951049
3260	1470	0	0	0	0	0	0	1655472952069
3260	1470	0	0	0	0	0	0	1655472953089
3259	1464	0	0	0	0	0	0	1655472954109
3259	1459	0	0	0	0	0	0	1655472955129
3258	1452	0	0	0	0	0	0	1655472956149
3257	1448	0	0	0	0	0	0	1655472957169
3253	1445	0	0	0	0	0	0	1655472958189
3246	1444	0	0	0	0	0	0	1655472959209
3240	1443	0	0	0	0	0	0	1655472960229
3236	1442	0	0	0	0	0	0	1655472961249
3234	1442	0	0	0	0	0	0	1655472962269
3233	1442	0	0	0	0	0	0	1655472963289
3232	1442	0	0	0	0	0	0	1655472964309
3232	1442	0	0	0	0	0	0	1655472965329
3240	1442	0	0	0	0	0	0	1655472966349
3237	1442	0	0	0	0	0	0	1655472967369
3234	1442	0	0	0	0	0	0	1655472968389
3232	1442	0	0	0	0	0	0	1655472969409
3234	1442	0	0	0	0	0	0	1655472970429
3236	1442	0	0	0	0	0	0	1655472971449
3235	1442	0	0	0	0	0	0	1655472972469
3233	1442	0	0	0	0	0	0	1655472973489
3232	1442	0	0	0	0	0	0	1655472974509
3232	1442	0	0	0	0	0	0	1655472975529
3231	1442	0	0	0	0	0	0	1655472976549
3231	1442	0	0	0	0	0	0	1655472977569
3230	1442	0	0	0	0	0	0	1655472978589
3224	1442	0	0	0	0	0	0	1655472979609
3216	1441	0	0	0	0	0	0	1655472980629
3211	1441	0	0	0	0	0	0	1655472981649
3207	1439	0	0	0	0	0	0	1655472982669
3205	1435	0	0	0	0	0	0	1655472983689
3204	1429	0	0	0	0	0	0	1655472984709
3203	1426	0	0	0	0	0	0	1655472985729
3203	1424	0	0	0	0	0	0	1655472986749
3203	1421	0	0	0	0	0	0	1655472987769
3202	1420	0	0	0	0	0	0	1655472988789
3202	1418	0	0	0	0	0	0	1655472989809
3202	1417	0	0	0	0	0	0	1655472990829
3200	1416	0	0	0	0	0	0	1655472991849
3195	1416	0	0	0	0	0	0	1655472992869
3190	1415	0	0	0	0	0	0	1655472993889
3184	1415	0	0	0	0	0	0	1655472994909
3181	1415	0	0	0	0	0	0	1655472995929
3178	1415	0	0	0	0	0	0	1655472996949
3177	1414	0	0	0	0	0	0	1655472997969
3176	1414	0	0	0	0	0	0	1655472998989
3175	1414	0	0	0	0	0	0	1655473000009
3175	1414	0	0	0	0	0	0	1655473001029
3175	1414	0	0	0	0	0	0	1655473002049
3175	1414	0	0	0	0	0	0	1655473003069
3175	1414	0	0	0	0	0	0	1655473004089
3175	1414	0	0	0	0	0	0	1655473005109
3175	1414	0	0	0	0	0	0	1655473006129
3175	1414	0	0	0	0	0	0	1655473007149
3174	1414	0	0	0	0	0	0	1655473008169
3174	1414	0	0	0	0	0	0	1655473009189
3174	1414	0	0	0	0	0	0	1655473010209
3174	1414	0	0	0	0	0	0	1655473011229
3174	1414	0	0	0	0	0	0	1655473012249
3174	1414	0	0	0	0	0	0	1655473013269
3174	1414	0	0	0	0	0	0	1655473014289
3174	1414	0	0	0	0	0	0	1655473015309
3174	1414	0	0	0	0	0	0	1655473016329
3174	1414	0	0	0	0	0	0	1655473017349
3174	1414	0	0	0	0	0	0	1655473018369
3174	1414	0	0	0	0	0	0	1655473019389
3173	1414	0	0	0	0	0	0	1655473020409
3168	1414	0	0	0	0	0	0	1655473021429
3162	1414	0	0	0	0	0	0	1655473022449
3157	1414	0	0	0	0	0	0	1655473023469
3153	1414	0	0	0	0	0	0	1655473024489
3150	1414	0	0	0	0	0	0	1655473025509
3148	1414	0	0	0	0	0	0	1655473026529
3147	1414	0	0	0	0	0	0	1655473027549
3147	1414	0	0	0	0	0	0	1655473028569
3147	1414	0	0	0	0	0	0	1655473029589
3147	1414	0	0	0	0	0	0	1655473030609
3147	1414	0	0	0	0	0	0	1655473031629
3147	1414	0	0	0	0	0	0	1655473032649
3147	1413	0	0	0	0	0	0	1655473033669
3147	1412	0	0	0	0	0	0	1655473034689
3147	1409	0	0	0	0	0	0	1655473035709
3147	1410	0	0	0	0	0	0	1655473036729
3147	1410	0	0	0	0	0	0	1655473037749
3147	1405	0	0	0	0	0	0	1655473038769
3147	1400	0	0	0	0	0	0	1655473039789
3147	1398	0	0	0	0	0	0	1655473040809
3147	1396	0	0	0	0	0	0	1655473041829
3147	1393	0	0	0	0	0	0	1655473042849
3147	1391	0	0	0	0	0	0	1655473043869
3147	1390	0	0	0	0	0	0	1655473044889
3146	1389	0	0	0	0	0	0	1655473045909
3146	1388	0	0	0	0	0	0	1655473046929
3146	1388	0	0	0	0	0	0	1655473047949
3145	1387	0	0	0	0	0	0	1655473048969
3144	1387	0	0	0	0	0	0	1655473049989
3142	1387	0	0	0	0	0	0	1655473051009
3138	1387	0	0	0	0	0	0	1655473052029
3135	1387	0	0	0	0	0	0	1655473053049
3132	1387	0	0	0	0	0	0	1655473054069
3128	1387	0	0	0	0	0	0	1655473055089
3124	1387	0	0	0	0	0	0	1655473056109
3122	1387	0	0	0	0	0	0	1655473057129
3121	1387	0	0	0	0	0	0	1655473058149
3120	1387	0	0	0	0	0	0	1655473059169
3119	1386	0	0	0	0	0	0	1655473060189
3119	1386	0	0	0	0	0	0	1655473061209
3119	1386	0	0	0	0	0	0	1655473062229
3119	1386	0	0	0	0	0	0	1655473063249
3119	1386	0	0	0	0	0	0	1655473064269
3119	1386	0	0	0	0	0	0	1655473065289
3119	1386	0	0	0	0	0	0	1655473066309
3119	1386	0	0	0	0	0	0	1655473067329
3119	1386	0	0	0	0	0	0	1655473068349
3119	1386	0	0	0	0	0	0	1655473069369
3119	1386	0	0	0	0	0	0	1655473070389
3119	1386	0	0	0	0	0	0	1655473071409
3119	1386	0	0	0	0	0	0	1655473072429
3118	1386	0	0	0	0	0	0	1655473073449
3118	1386	0	0	0	0	0	0	1655473074469
3118	1386	0	0	0	0	0	0	1655473075489
3118	1386	0	0	0	0	0	0	1655473076509
3118	1386	0	0	0	0	0	0	1655473077529
3118	1386	0	0	0	0	0	0	1655473078549
3118	1386	0	0	0	0	0	0	1655473079569
3118	1386	0	0	0	0	0	0	1655473080589
3118	1386	0	0	0	0	0	0	1655473081609
3118	1386	0	0	0	0	0	0	1655473082629
3118	1386	0	0	0	0	0	0	1655473083649
3117	1386	0	0	0	0	0	0	1655473084669
3115	1386	0	0	0	0	0	0	1655473085689
3113	1386	0	0	0	0	0	0	1655473086709
3109	1386	0	0	0	0	0	0	1655473087729
3103	1386	0	0	0	0	0	0	1655473088749
3100	1386	0	0	0	0	0	0	1655473089769
3097	1386	0	0	0	0	0	0	1655473090789
3095	1386	0	0	0	0	0	0	1655473091809
3093	1386	0	0	0	0	0	0	1655473092829
3092	1386	0	0	0	0	0	0	1655473093849
3091	1386	0	0	0	0	0	0	1655473094869
3091	1386	0	0	0	0	0	0	1655473095889
3091	1386	0	0	0	0	0	0	1655473096909
3091	1386	0	0	0	0	0	0	1655473097929
3091	1386	0	0	0	0	0	0	1655473098949
11854	1386	0	0	0	0	0	0	1655473099969
8349	1386	0	0	0	0	0	0	1655473100989
6245	1386	0	0	0	0	0	0	1655473102009
4983	1386	0	0	0	0	0	0	1655473103029
4226	1386	0	0	0	0	0	0	1655473104049
3771	1386	0	0	0	0	0	0	1655473105069
3499	1386	0	0	0	0	0	0	1655473106089
3335	1386	0	0	0	0	0	0	1655473107109
3237	1386	0	0	0	0	0	0	1655473108129
3178	1386	0	0	0	0	0	0	1655473109149
3143	1386	0	0	0	0	0	0	1655473110169
3121	1386	0	0	0	0	0	0	1655473111189
3108	1386	0	0	0	0	0	0	1655473112209
3101	1386	0	0	0	0	0	0	1655473113229
3096	1386	0	0	0	0	0	0	1655473114249
3093	1386	0	0	0	0	0	0	1655473115269
3092	1386	0	0	0	0	0	0	1655473116289
3092	1386	0	0	0	0	0	0	1655473117309
3091	1386	0	0	0	0	0	0	1655473118329
3091	1386	0	0	0	0	0	0	1655473119349
3090	1386	0	0	0	0	0	0	1655473120369
3090	1386	0	0	0	0	0	0	1655473121389
3090	1386	0	0	0	0	0	0	1655473122409
3090	1386	0	0	0	0	0	0	1655473123429
3090	1386	0	0	0	0	0	0	1655473124449
3090	1386	0	0	0	0	0	0	1655473125469
3090	1386	0	0	0	0	0	0	1655473126489
3090	1386	0	0	0	0	0	0	1655473127509
3089	1386	0	0	0	0	0	0	1655473128529
3087	1385	0	0	0	0	0	0	1655473129549
3083	1385	0	0	0	0	0	0	1655473130569
3079	1385	0	0	0	0	0	0	1655473131589
3076	1385	0	0	0	0	0	0	1655473132609
3072	1385	0	0	0	0	0	0	1655473133629
3070	1385	0	0	0	0	0	0	1655473134649
3068	1385	0	0	0	0	0	0	1655473135669
3067	1386	0	0	0	0	0	0	1655473136689
3066	1386	0	0	0	0	0	0	1655473137709
3064	1385	0	0	0	0	0	0	1655473138729
3063	1385	0	0	0	0	0	0	1655473139749
3063	1385	0	0	0	0	0	0	1655473140769
3063	1385	0	0	0	0	0	0	1655473141789
3062	1385	0	0	0	0	0	0	1655473142809
3062	1383	0	0	0	0	0	0	1655473143829
3062	1383	0	0	0	0	0	0	1655473144849
3062	1383	0	0	0	0	0	0	1655473145869
3062	1381	0	0	0	0	0	0	1655473146889
3067	1378	0	0	0	0	0	0	1655473147909
3076	1374	0	0	0	0	0	0	1655473148929
3081	1370	0	0	0	0	0	0	1655473149949
3085	1368	0	0	0	0	0	0	1655473150969
3087	1367	0	0	0	0	0	0	1655473151989
3088	1367	0	0	0	0	0	0	1655473153009
3085	1365	0	0	0	0	0	0	1655473154029
3081	1364	0	0	0	0	0	0	1655473155049
2980	1371	0	0	0	0	0	0	1655473156069
3022	1366	0	0	0	0	0	0	1655473157089
3038	1363	0	0	0	0	0	0	1655473158109
3047	1361	0	0	0	0	0	0	1655473159129
3053	1360	0	0	0	0	0	0	1655473160149
3057	1359	0	0	0	0	0	0	1655473161169
3069	1359	0	0	0	0	0	0	1655473162189
3089	1358	0	0	0	0	0	0	1655473163209
3095	1358	0	0	0	0	0	0	1655473164229
3095	1358	0	0	0	0	0	0	1655473165249
3127	1362	0	0	0	0	0	0	1655473166269
3124	1367	0	0	0	0	0	0	1655473167289
3113	1363	0	0	0	0	0	0	1655473168309
3105	1361	0	0	0	0	0	0	1655473169329
3099	1360	0	0	0	0	0	0	1655473170349
3091	1359	0	0	0	0	0	0	1655473171369
3089	1359	0	0	0	0	0	0	1655473172389
3087	1359	0	0	0	0	0	0	1655473173409
3090	1359	0	0	0	0	0	0	1655473174429
3086	1359	0	0	0	0	0	0	1655473175449
3080	1359	0	0	0	0	0	0	1655473176469
3073	1359	0	0	0	0	0	0	1655473177489
3074	1359	0	0	0	0	0	0	1655473178509
3072	1359	0	0	0	0	0	0	1655473179529
3071	1358	0	0	0	0	0	0	1655473180549
3068	1358	0	0	0	0	0	0	1655473181569
3068	1358	0	0	0	0	0	0	1655473182589
3067	1358	0	0	0	0	0	0	1655473183609
3071	1358	0	0	0	0	0	0	1655473184629
3069	1358	0	0	0	0	0	0	1655473185649
3061	1358	0	0	0	0	0	0	1655473186669
3058	1358	0	0	0	0	0	0	1655473187689
3051	1358	0	0	0	0	0	0	1655473188709
3044	1358	0	0	0	0	0	0	1655473189729
3040	1358	0	0	0	0	0	0	1655473190749
3039	1358	0	0	0	0	0	0	1655473191769
3039	1358	0	0	0	0	0	0	1655473192789
3037	1358	0	0	0	0	0	0	1655473193809
3036	1358	0	0	0	0	0	0	1655473194829
3035	1358	0	0	0	0	0	0	1655473195849
3035	1358	0	0	0	0	0	0	1655473196869
3035	1358	0	0	0	0	0	0	1655473197889
3034	1358	0	0	0	0	0	0	1655473198909
3034	1358	0	0	0	0	0	0	1655473199929
3034	1358	0	0	0	0	0	0	1655473200949
3034	1358	0	0	0	0	0	0	1655473201969
3034	1358	0	0	0	0	0	0	1655473202989
3034	1358	0	0	0	0	0	0	1655473204009
3033	1358	0	0	0	0	0	0	1655473205029
3033	1358	0	0	0	0	0	0	1655473206049
3033	1358	0	0	0	0	0	0	1655473207069
3033	1358	0	0	0	0	0	0	1655473208089
3033	1358	0	0	0	0	0	0	1655473209109
3033	1358	0	0	0	0	0	0	1655473210129
3033	1358	0	0	0	0	0	0	1655473211149
3033	1358	0	0	0	0	0	0	1655473212169
3033	1358	0	0	0	0	0	0	1655473213189
3033	1358	0	0	0	0	0	0	1655473214209
3033	1358	0	0	0	0	0	0	1655473215229
3033	1358	0	0	0	0	0	0	1655473216249
3033	1358	0	0	0	0	0	0	1655473217269
3033	1358	0	0	0	0	0	0	1655473218289
3033	1358	0	0	0	0	0	0	1655473219309
3033	1358	0	0	0	0	0	0	1655473220329
3033	1358	0	0	0	0	0	0	1655473221349
3033	1358	0	0	0	0	0	0	1655473222369
3031	1358	0	0	0	0	0	0	1655473223389
3031	1358	0	0	0	0	0	0	1655473224409
3031	1358	0	0	0	0	0	0	1655473225429
3031	1358	0	0	0	0	0	0	1655473226449
3030	1358	0	0	0	0	0	0	1655473227469
3031	1358	0	0	0	0	0	0	1655473228489
3032	1358	0	0	0	0	0	0	1655473229509
3032	1358	0	0	0	0	0	0	1655473230529
3032	1358	0	0	0	0	0	0	1655473231549
3032	1358	0	0	0	0	0	0	1655473232569
3033	1358	0	0	0	0	0	0	1655473233589
3033	1358	0	0	0	0	0	0	1655473234609
3033	1358	0	0	0	0	0	0	1655473235629
3033	1358	0	0	0	0	0	0	1655473236649
3033	1358	0	0	0	0	0	0	1655473237669
3033	1358	0	0	0	0	0	0	1655473238689
3033	1358	0	0	0	0	0	0	1655473239709
3033	1358	0	0	0	0	0	0	1655473240729
3033	1358	0	0	0	0	0	0	1655473241749
3033	1358	0	0	0	0	0	0	1655473242769
3033	1358	0	0	0	0	0	0	1655473243789
3033	1358	0	0	0	0	0	0	1655473244809
3033	1358	0	0	0	0	0	0	1655473245829
3033	1358	0	0	0	0	0	0	1655473246849
3033	1358	0	0	0	0	0	0	1655473247869
3031	1358	0	0	0	0	0	0	1655473248889
3030	1357	0	0	0	0	0	0	1655473249909
3029	1357	0	0	0	0	0	0	1655473250929
3028	1357	0	0	0	0	0	0	1655473251949
3023	1357	0	0	0	0	0	0	1655473252969
3016	1356	0	0	0	0	0	0	1655473253989
3012	1354	0	0	0	0	0	0	1655473255009
3010	1355	0	0	0	0	0	0	1655473256029
3008	1353	0	0	0	0	0	0	1655473257049
3008	1350	0	0	0	0	0	0	1655473258069
3014	1345	0	0	0	0	0	0	1655473259089
3012	1340	0	0	0	0	0	0	1655473260109
3009	1339	0	0	0	0	0	0	1655473261129
3008	1338	0	0	0	0	0	0	1655473262149
3007	1336	0	0	0	0	0	0	1655473263169
3007	1336	0	0	0	0	0	0	1655473264189
3007	1336	0	0	0	0	0	0	1655473265209
3006	1335	0	0	0	0	0	0	1655473266229
3006	1334	0	0	0	0	0	0	1655473267249
3006	1333	0	0	0	0	0	0	1655473268269
3006	1332	0	0	0	0	0	0	1655473269289
3008	1331	0	0	0	0	0	0	1655473270309
3017	1331	0	0	0	0	0	0	1655473271329
3023	1331	0	0	0	0	0	0	1655473272349
3027	1331	0	0	0	0	0	0	1655473273369
3029	1331	0	0	0	0	0	0	1655473274389
3030	1331	0	0	0	0	0	0	1655473275409
3030	1331	0	0	0	0	0	0	1655473276429
3031	1331	0	0	0	0	0	0	1655473277449
3031	1331	0	0	0	0	0	0	1655473278469
3029	1331	0	0	0	0	0	0	1655473279489
3025	1331	0	0	0	0	0	0	1655473280509
3023	1331	0	0	0	0	0	0	1655473281529
3019	1331	0	0	0	0	0	0	1655473282549
3019	1331	0	0	0	0	0	0	1655473283569
3017	1331	0	0	0	0	0	0	1655473284589
3016	1331	0	0	0	0	0	0	1655473285609
3015	1331	0	0	0	0	0	0	1655473286629
3012	1331	0	0	0	0	0	0	1655473287649
3011	1331	0	0	0	0	0	0	1655473288669
3009	1331	0	0	0	0	0	0	1655473289689
3007	1331	0	0	0	0	0	0	1655473290709
3006	1331	0	0	0	0	0	0	1655473291729
3006	1331	0	0	0	0	0	0	1655473292749
3007	1331	0	0	0	0	0	0	1655473293769
3006	1331	0	0	0	0	0	0	1655473294789
3006	1331	0	0	0	0	0	0	1655473295809
3006	1331	0	0	0	0	0	0	1655473296829
3006	1331	0	0	0	0	0	0	1655473297849
3006	1331	0	0	0	0	0	0	1655473298869
3006	1331	0	0	0	0	0	0	1655473299889
3006	1331	0	0	0	0	0	0	1655473300909
3006	1331	0	0	0	0	0	0	1655473301929
3005	1331	0	0	0	0	0	0	1655473302949
3005	1331	0	0	0	0	0	0	1655473303969
3005	1331	0	0	0	0	0	0	1655473304989
3005	1331	0	0	0	0	0	0	1655473306009
3005	1331	0	0	0	0	0	0	1655473307029
3005	1331	0	0	0	0	0	0	1655473308049
3005	1331	0	0	0	0	0	0	1655473309069
3005	1331	0	0	0	0	0	0	1655473310089
3005	1331	0	0	0	0	0	0	1655473311109
3005	1331	0	0	0	0	0	0	1655473312129
3006	1331	0	0	0	0	0	0	1655473313149
3006	1331	0	0	0	0	0	0	1655473314169
3006	1331	0	0	0	0	0	0	1655473315189
3006	1330	0	0	0	0	0	0	1655473316209
3006	1330	0	0	0	0	0	0	1655473317229
3006	1330	0	0	0	0	0	0	1655473318249
3006	1330	0	0	0	0	0	0	1655473319269
3005	1330	0	0	0	0	0	0	1655473320289
3012	1330	0	0	0	0	0	0	1655473321309
3021	1330	0	0	0	0	0	0	1655473322329
3026	1330	0	0	0	0	0	0	1655473323349
3029	1330	0	0	0	0	0	0	1655473324369
3025	1330	0	0	0	0	0	0	1655473325389
3023	1330	0	0	0	0	0	0	1655473326409
3027	1330	0	0	0	0	0	0	1655473327429
3024	1330	0	0	0	0	0	0	1655473328449
3017	1330	0	0	0	0	0	0	1655473329469
3012	1330	0	0	0	0	0	0	1655473330489
3009	1330	0	0	0	0	0	0	1655473331509
3010	1330	0	0	0	0	0	0	1655473332529
3018	1330	0	0	0	0	0	0	1655473333549
3023	1330	0	0	0	0	0	0	1655473334569
3027	1330	0	0	0	0	0	0	1655473335589
3028	1330	0	0	0	0	0	0	1655473336609
3029	1330	0	0	0	0	0	0	1655473337629
3021	1330	0	0	0	0	0	0	1655473338649
3020	1330	0	0	0	0	0	0	1655473339669
3033	1330	0	0	0	0	0	0	1655473340689
3030	1330	0	0	0	0	0	0	1655473341709
3030	1330	0	0	0	0	0	0	1655473342729
3049	1330	0	0	0	0	0	0	1655473343749
3086	1330	0	0	0	0	0	0	1655473344769
3091	1330	0	0	0	0	0	0	1655473345789
3089	1330	0	0	0	0	0	0	1655473346809
3080	1330	0	0	0	0	0	0	1655473347829
3072	1330	0	0	0	0	0	0	1655473348849
3068	1330	0	0	0	0	0	0	1655473349869
3064	1330	0	0	0	0	0	0	1655473350889
3057	1330	0	0	0	0	0	0	1655473351909
3048	1330	0	0	0	0	0	0	1655473352929
3042	1330	0	0	0	0	0	0	1655473353949
3039	1330	0	0	0	0	0	0	1655473354969
3037	1330	0	0	0	0	0	0	1655473355989
3035	1330	0	0	0	0	0	0	1655473357009
3034	1330	0	0	0	0	0	0	1655473358029
3034	1330	0	0	0	0	0	0	1655473359049
3034	1330	0	0	0	0	0	0	1655473360069
3039	1330	0	0	0	0	0	0	1655473361089
3037	1330	0	0	0	0	0	0	1655473362109
3036	1330	0	0	0	0	0	0	1655473363129
3035	1330	0	0	0	0	0	0	1655473364149
3034	1330	0	0	0	0	0	0	1655473365169
3034	1330	0	0	0	0	0	0	1655473366189
3034	1330	0	0	0	0	0	0	1655473367209
3033	1330	0	0	0	0	0	0	1655473368229
3033	1330	0	0	0	0	0	0	1655473369249
3033	1330	0	0	0	0	0	0	1655473370269
3033	1330	0	0	0	0	0	0	1655473371289
3033	1330	0	0	0	0	0	0	1655473372309
3034	1330	0	0	0	0	0	0	1655473373329
3034	1330	0	0	0	0	0	0	1655473374349
3034	1330	0	0	0	0	0	0	1655473375369
3034	1329	0	0	0	0	0	0	1655473376389
3034	1329	0	0	0	0	0	0	1655473377409
3034	1329	0	0	0	0	0	0	1655473378429
3034	1329	0	0	0	0	0	0	1655473379449
3034	1329	0	0	0	0	0	0	1655473380469
3034	1329	0	0	0	0	0	0	1655473381489
3034	1328	0	0	0	0	0	0	1655473382509
3034	1328	0	0	0	0	0	0	1655473383529
3034	1328	0	0	0	0	0	0	1655473384549
3034	1329	0	0	0	0	0	0	1655473385569
3034	1329	0	0	0	0	0	0	1655473386589
3034	1329	0	0	0	0	0	0	1655473387609
3033	1329	0	0	0	0	0	0	1655473388629
3033	1329	0	0	0	0	0	0	1655473389649
3033	1329	0	0	0	0	0	0	1655473390669
3033	1329	0	0	0	0	0	0	1655473391689
3033	1330	0	0	0	0	0	0	1655473392709
3033	1330	0	0	0	0	0	0	1655473393729
3034	1330	0	0	0	0	0	0	1655473394749
3033	1330	0	0	0	0	0	0	1655473395769
3034	1330	0	0	0	0	0	0	1655473396789
3034	1330	0	0	0	0	0	0	1655473397809
3034	1330	0	0	0	0	0	0	1655473398829
3034	1329	0	0	0	0	0	0	1655473399849
3034	1330	0	0	0	0	0	0	1655473400869
3034	1330	0	0	0	0	0	0	1655473401889
3034	1330	0	0	0	0	0	0	1655473402909
3033	1330	0	0	0	0	0	0	1655473403929
3033	1330	0	0	0	0	0	0	1655473404949
3033	1330	0	0	0	0	0	0	1655473405969
3033	1330	0	0	0	0	0	0	1655473406989
3033	1330	0	0	0	0	0	0	1655473408009
3033	1330	0	0	0	0	0	0	1655473409029
3033	1330	0	0	0	0	0	0	1655473410049
3031	1330	0	0	0	0	0	0	1655473411069
3031	1330	0	0	0	0	0	0	1655473412089
3030	1330	0	0	0	0	0	0	1655473413109
3029	1330	0	0	0	0	0	0	1655473414129
3028	1330	0	0	0	0	0	0	1655473415149
3026	1330	0	0	0	0	0	0	1655473416169
3024	1330	0	0	0	0	0	0	1655473417189
3023	1330	0	0	0	0	0	0	1655473418209
3020	1330	0	0	0	0	0	0	1655473419229
3018	1330	0	0	0	0	0	0	1655473420249
3015	1330	0	0	0	0	0	0	1655473421269
3012	1330	0	0	0	0	0	0	1655473422289
3011	1330	0	0	0	0	0	0	1655473423309
3010	1330	0	0	0	0	0	0	1655473424329
3009	1330	0	0	0	0	0	0	1655473425349
3008	1330	0	0	0	0	0	0	1655473426369
3007	1330	0	0	0	0	0	0	1655473427389
3007	1330	0	0	0	0	0	0	1655473428409
3007	1330	0	0	0	0	0	0	1655473429429
3006	1330	0	0	0	0	0	0	1655473430449
3006	1330	0	0	0	0	0	0	1655473431469
3006	1330	0	0	0	0	0	0	1655473432489
3006	1330	0	0	0	0	0	0	1655473433509
3006	1330	0	0	0	0	0	0	1655473434529
3006	1330	0	0	0	0	0	0	1655473435549
3006	1329	0	0	0	0	0	0	1655473436569
3007	1329	0	0	0	0	0	0	1655473437589
3012	1329	0	0	0	0	0	0	1655473438609
3009	1329	0	0	0	0	0	0	1655473439629
3007	1329	0	0	0	0	0	0	1655473440649
3006	1328	0	0	0	0	0	0	1655473441669
3006	1327	0	0	0	0	0	0	1655473442689
3006	1327	0	0	0	0	0	0	1655473443709
3006	1327	0	0	0	0	0	0	1655473444729
3006	1327	0	0	0	0	0	0	1655473445749
3006	1327	0	0	0	0	0	0	1655473446769
3006	1327	0	0	0	0	0	0	1655473447789
3006	1327	0	0	0	0	0	0	1655473448809
3006	1325	0	0	0	0	0	0	1655473449829
3006	1325	0	0	0	0	0	0	1655473450849
3006	1325	0	0	0	0	0	0	1655473451869
3006	1324	0	0	0	0	0	0	1655473452889
3006	1324	0	0	0	0	0	0	1655473453909
3006	1322	0	0	0	0	0	0	1655473454929
3006	1322	0	0	0	0	0	0	1655473455949
3006	1321	0	0	0	0	0	0	1655473456969
3006	1320	0	0	0	0	0	0	1655473457989
3006	1321	0	0	0	0	0	0	1655473459009
3006	1322	0	0	0	0	0	0	1655473460029
3005	1323	0	0	0	0	0	0	1655473461049
3005	1323	0	0	0	0	0	0	1655473462069
3005	1325	0	0	0	0	0	0	1655473463089
3008	1327	0	0	0	0	0	0	1655473464109
3007	1327	0	0	0	0	0	0	1655473465129
3006	1334	0	0	0	0	0	0	1655473466149
3009	1362	0	0	0	0	0	0	1655473467169
3007	1376	0	0	0	0	0	0	1655473468189
3007	1387	0	0	0	0	0	0	1655473469209
3006	1386	0	0	0	0	0	0	1655473470229
3006	1386	0	0	0	0	0	0	1655473471249
3006	1386	0	0	0	0	0	0	1655473472269
3006	1386	0	0	0	0	0	0	1655473473289
3006	1386	0	0	0	0	0	0	1655473474309
3006	1386	0	0	0	0	0	0	1655473475329
3006	1386	0	0	0	0	0	0	1655473476349
3005	1386	0	0	0	0	0	0	1655473477369
3005	1386	0	0	0	0	0	0	1655473478389
3006	1386	0	0	0	0	0	0	1655473479409
3006	1386	0	0	0	0	0	0	1655473480429
3006	1386	0	0	0	0	0	0	1655473481449
3005	1386	0	0	0	0	0	0	1655473482469
3005	1386	0	0	0	0	0	0	1655473483489
3005	1386	0	0	0	0	0	0	1655473484509
3005	1386	0	0	0	0	0	0	1655473485529
3005	1386	0	0	0	0	0	0	1655473486549
3005	1386	0	0	0	0	0	0	1655473487569
3005	1386	0	0	0	0	0	0	1655473488589
3004	1386	0	0	0	0	0	0	1655473489609
3004	1386	0	0	0	0	0	0	1655473490629
3004	1386	0	0	0	0	0	0	1655473491649
3000	1386	0	0	0	0	0	0	1655473492669
2998	1386	0	0	0	0	0	0	1655473493689
3000	1386	0	0	0	0	0	0	1655473494709
3001	1385	0	0	0	0	0	0	1655473495729
2998	1384	0	0	0	0	0	0	1655473496749
2996	1384	0	0	0	0	0	0	1655473497769
2993	1382	0	0	0	0	0	0	1655473498789
2990	1381	0	0	0	0	0	0	1655473499809
2988	1381	0	0	0	0	0	0	1655473500829
2986	1381	0	0	0	0	0	0	1655473501849
2985	1382	0	0	0	0	0	0	1655473502869
2983	1381	0	0	0	0	0	0	1655473503889
2982	1378	0	0	0	0	0	0	1655473504909
2981	1377	0	0	0	0	0	0	1655473505929
2980	1375	0	0	0	0	0	0	1655473506949
2979	1372	0	0	0	0	0	0	1655473507969
2979	1370	0	0	0	0	0	0	1655473508989
2979	1369	0	0	0	0	0	0	1655473510009
2978	1369	0	0	0	0	0	0	1655473511029
2978	1368	0	0	0	0	0	0	1655473512049
2978	1367	0	0	0	0	0	0	1655473513069
2978	1364	0	0	0	0	0	0	1655473514089
2977	1365	0	0	0	0	0	0	1655473515109
2978	1365	0	0	0	0	0	0	1655473516129
2978	1366	0	0	0	0	0	0	1655473517149
2978	1366	0	0	0	0	0	0	1655473518169
2978	1366	0	0	0	0	0	0	1655473519189
2978	1363	0	0	0	0	0	0	1655473520209
2978	1362	0	0	0	0	0	0	1655473521229
2978	1361	0	0	0	0	0	0	1655473522249
2978	1360	0	0	0	0	0	0	1655473523269
2978	1360	0	0	0	0	0	0	1655473524289
2978	1359	0	0	0	0	0	0	1655473525309
2978	1359	0	0	0	0	0	0	1655473526329
2978	1359	0	0	0	0	0	0	1655473527349
2978	1359	0	0	0	0	0	0	1655473528369
2977	1359	0	0	0	0	0	0	1655473529389
2977	1359	0	0	0	0	0	0	1655473530409
2977	1358	0	0	0	0	0	0	1655473531429
2977	1358	0	0	0	0	0	0	1655473532449
2977	1358	0	0	0	0	0	0	1655473533469
2977	1358	0	0	0	0	0	0	1655473534489
2977	1358	0	0	0	0	0	0	1655473535509
2977	1358	0	0	0	0	0	0	1655473536529
2977	1358	0	0	0	0	0	0	1655473537549
2977	1358	0	0	0	0	0	0	1655473538569
2977	1358	0	0	0	0	0	0	1655473539589
2978	1358	0	0	0	0	0	0	1655473540609
2978	1358	0	0	0	0	0	0	1655473541629
2978	1358	0	0	0	0	0	0	1655473542649
2978	1358	0	0	0	0	0	0	1655473543669
2978	1358	0	0	0	0	0	0	1655473544689
2978	1358	0	0	0	0	0	0	1655473545709
2977	1358	0	0	0	0	0	0	1655473546729
2977	1358	0	0	0	0	0	0	1655473547749
2977	1358	0	0	0	0	0	0	1655473548769
2977	1359	0	0	0	0	0	0	1655473549789
2977	1358	0	0	0	0	0	0	1655473550809
2977	1358	0	0	0	0	0	0	1655473551829
2977	1358	0	0	0	0	0	0	1655473552849
2977	1358	0	0	0	0	0	0	1655473553869
2977	1358	0	0	0	0	0	0	1655473554889
2977	1358	0	0	0	0	0	0	1655473555909
2977	1358	0	0	0	0	0	0	1655473556929
2977	1358	0	0	0	0	0	0	1655473557949
2977	1358	0	0	0	0	0	0	1655473558969
2977	1358	0	0	0	0	0	0	1655473559989
2977	1358	0	0	0	0	0	0	1655473561009
2977	1358	0	0	0	0	0	0	1655473562029
2977	1358	0	0	0	0	0	0	1655473563049
2980	1358	0	0	0	0	0	0	1655473564069
2985	1358	0	0	0	0	0	0	1655473565089
2984	1358	0	0	0	0	0	0	1655473566109
2994	1358	0	0	0	0	0	0	1655473567129
2998	1358	0	0	0	0	0	0	1655473568149
3001	1358	0	0	0	0	0	0	1655473569169
2996	1358	0	0	0	0	0	0	1655473570189
2988	1358	0	0	0	0	0	0	1655473571209
2984	1358	0	0	0	0	0	0	1655473572229
2981	1358	0	0	0	0	0	0	1655473573249
2980	1358	0	0	0	0	0	0	1655473574269
2978	1358	0	0	0	0	0	0	1655473575289
2978	1358	0	0	0	0	0	0	1655473576309
2977	1358	0	0	0	0	0	0	1655473577329
2977	1358	0	0	0	0	0	0	1655473578349
2977	1358	0	0	0	0	0	0	1655473579369
2977	1358	0	0	0	0	0	0	1655473580389
2977	1358	0	0	0	0	0	0	1655473581409
2977	1358	0	0	0	0	0	0	1655473582429
2977	1358	0	0	0	0	0	0	1655473583449
2977	1358	0	0	0	0	0	0	1655473584469
2977	1358	0	0	0	0	0	0	1655473585489
2977	1358	0	0	0	0	0	0	1655473586509
2977	1358	0	0	0	0	0	0	1655473587529
2977	1358	0	0	0	0	0	0	1655473588549
2977	1358	0	0	0	0	0	0	1655473589569
2977	1358	0	0	0	0	0	0	1655473590589
2977	1358	0	0	0	0	0	0	1655473591609
2977	1358	0	0	0	0	0	0	1655473592629
2977	1358	0	0	0	0	0	0	1655473593649
2977	1358	0	0	0	0	0	0	1655473594669
2977	1358	0	0	0	0	0	0	1655473595689
2978	1358	0	0	0	0	0	0	1655473596709
2990	1358	0	0	0	0	0	0	1655473597729
2996	1358	0	0	0	0	0	0	1655473598749
2997	1358	0	0	0	0	0	0	1655473599769
2994	1358	0	0	0	0	0	0	1655473600789
2989	1358	0	0	0	0	0	0	1655473601809
2986	1358	0	0	0	0	0	0	1655473602829
2983	1358	0	0	0	0	0	0	1655473603849
2981	1358	0	0	0	0	0	0	1655473604869
2979	1358	0	0	0	0	0	0	1655473605889
2979	1358	0	0	0	0	0	0	1655473606909
2978	1358	0	0	0	0	0	0	1655473607929
2978	1358	0	0	0	0	0	0	1655473608949
2978	1358	0	0	0	0	0	0	1655473609969
2978	1358	0	0	0	0	0	0	1655473610989
2977	1357	0	0	0	0	0	0	1655473612009
2977	1357	0	0	0	0	0	0	1655473613029
2977	1356	0	0	0	0	0	0	1655473614049
2977	1355	0	0	0	0	0	0	1655473615069
2977	1354	0	0	0	0	0	0	1655473616089
2977	1352	0	0	0	0	0	0	1655473617109
2977	1348	0	0	0	0	0	0	1655473618129
2977	1347	0	0	0	0	0	0	1655473619149
2977	1347	0	0	0	0	0	0	1655473620169
2977	1346	0	0	0	0	0	0	1655473621189
2977	1348	0	0	0	0	0	0	1655473622209
2977	1346	0	0	0	0	0	0	1655473623229
2977	1347	0	0	0	0	0	0	1655473624249
2977	1345	0	0	0	0	0	0	1655473625269
2977	1343	0	0	0	0	0	0	1655473626289
2977	1340	0	0	0	0	0	0	1655473627309
2977	1338	0	0	0	0	0	0	1655473628329
2977	1335	0	0	0	0	0	0	1655473629349
2978	1333	0	0	0	0	0	0	1655473630369
2977	1333	0	0	0	0	0	0	1655473631389
2977	1332	0	0	0	0	0	0	1655473632409
2977	1331	0	0	0	0	0	0	1655473633429
2977	1331	0	0	0	0	0	0	1655473634449
2977	1332	0	0	0	0	0	0	1655473635469
2977	1331	0	0	0	0	0	0	1655473636489
2978	1331	0	0	0	0	0	0	1655473637509
2978	1331	0	0	0	0	0	0	1655473638529
2978	1331	0	0	0	0	0	0	1655473639549
2977	1331	0	0	0	0	0	0	1655473640569
2977	1331	0	0	0	0	0	0	1655473641589
2977	1331	0	0	0	0	0	0	1655473642609
2977	1331	0	0	0	0	0	0	1655473643629
2977	1331	0	0	0	0	0	0	1655473644649
2977	1331	0	0	0	0	0	0	1655473645669
2977	1331	0	0	0	0	0	0	1655473646689
2977	1331	0	0	0	0	0	0	1655473647709
2978	1331	0	0	0	0	0	0	1655473648729
2978	1331	0	0	0	0	0	0	1655473649749
2978	1331	0	0	0	0	0	0	1655473650769
2978	1331	0	0	0	0	0	0	1655473651789
2978	1331	0	0	0	0	0	0	1655473652809
2979	1331	0	0	0	0	0	0	1655473653829
2978	1331	0	0	0	0	0	0	1655473654849
2978	1331	0	0	0	0	0	0	1655473655869
2978	1331	0	0	0	0	0	0	1655473656889
2978	1331	0	0	0	0	0	0	1655473657909
2977	1331	0	0	0	0	0	0	1655473658929
2977	1331	0	0	0	0	0	0	1655473659949
2977	1331	0	0	0	0	0	0	1655473660969
2977	1331	0	0	0	0	0	0	1655473661989
2977	1331	0	0	0	0	0	0	1655473663009
2977	1331	0	0	0	0	0	0	1655473664029
2977	1331	0	0	0	0	0	0	1655473665049
2977	1331	0	0	0	0	0	0	1655473666069
2977	1331	0	0	0	0	0	0	1655473667089
2977	1331	0	0	0	0	0	0	1655473668109
2977	1331	0	0	0	0	0	0	1655473669129
2977	1331	0	0	0	0	0	0	1655473670149
2977	1331	0	0	0	0	0	0	1655473671169
2977	1331	0	0	0	0	0	0	1655473672189
2977	1331	0	0	0	0	0	0	1655473673209
2977	1331	0	0	0	0	0	0	1655473674229
2977	1331	0	0	0	0	0	0	1655473675249
2977	1331	0	0	0	0	0	0	1655473676269
2977	1331	0	0	0	0	0	0	1655473677289
2977	1331	0	0	0	0	0	0	1655473678309
2977	1331	0	0	0	0	0	0	1655473679329
2977	1331	0	0	0	0	0	0	1655473680349
2978	1331	0	0	0	0	0	0	1655473681369
2978	1331	0	0	0	0	0	0	1655473682389
2978	1331	0	0	0	0	0	0	1655473683409
2978	1331	0	0	0	0	0	0	1655473684429
2978	1331	0	0	0	0	0	0	1655473685449
2978	1331	0	0	0	0	0	0	1655473686469
2978	1331	0	0	0	0	0	0	1655473687489
2977	1331	0	0	0	0	0	0	1655473688509
2977	1331	0	0	0	0	0	0	1655473689529
2977	1331	0	0	0	0	0	0	1655473690549
2977	1331	0	0	0	0	0	0	1655473691569
2977	1331	0	0	0	0	0	0	1655473692589
2976	1331	0	0	0	0	0	0	1655473693609
2977	1331	0	0	0	0	0	0	1655473694629
2977	1331	0	0	0	0	0	0	1655473695649
2977	1331	0	0	0	0	0	0	1655473696669
2977	1331	0	0	0	0	0	0	1655473697689
2977	1331	0	0	0	0	0	0	1655473698709
2977	1330	0	0	0	0	0	0	1655473699729
2977	1330	0	0	0	0	0	0	1655473700749
2979	1330	0	0	0	0	0	0	1655473701769
2978	1330	0	0	0	0	0	0	1655473702789
2978	1330	0	0	0	0	0	0	1655473703809
2979	1330	0	0	0	0	0	0	1655473704829
2986	1330	0	0	0	0	0	0	1655473705849
2983	1330	0	0	0	0	0	0	1655473706869
2984	1330	0	0	0	0	0	0	1655473707889
2982	1330	0	0	0	0	0	0	1655473708909
2987	1330	0	0	0	0	0	0	1655473709929
2985	1330	0	0	0	0	0	0	1655473710949
2982	1330	0	0	0	0	0	0	1655473711969
2980	1330	0	0	0	0	0	0	1655473712989
2978	1330	0	0	0	0	0	0	1655473714009
2978	1330	0	0	0	0	0	0	1655473715029
2977	1330	0	0	0	0	0	0	1655473716049
2976	1330	0	0	0	0	0	0	1655473717069
2977	1330	0	0	0	0	0	0	1655473718089
2977	1330	0	0	0	0	0	0	1655473719109
2977	1330	0	0	0	0	0	0	1655473720129
2977	1330	0	0	0	0	0	0	1655473721149
2977	1330	0	0	0	0	0	0	1655473722169
2977	1330	0	0	0	0	0	0	1655473723189
2977	1330	0	0	0	0	0	0	1655473724209
2975	1330	0	0	0	0	0	0	1655473725229
2975	1330	0	0	0	0	0	0	1655473726249
2976	1330	0	0	0	0	0	0	1655473727269
2976	1330	0	0	0	0	0	0	1655473728289
2974	1330	0	0	0	0	0	0	1655473729309
2973	1330	0	0	0	0	0	0	1655473730329
2974	1330	0	0	0	0	0	0	1655473731349
2974	1329	0	0	0	0	0	0	1655473732369
2975	1329	0	0	0	0	0	0	1655473733389
2974	1328	0	0	0	0	0	0	1655473734409
2972	1329	0	0	0	0	0	0	1655473735429
2972	1329	0	0	0	0	0	0	1655473736449
2971	1329	0	0	0	0	0	0	1655473737469
2970	1329	0	0	0	0	0	0	1655473738489
2967	1329	0	0	0	0	0	0	1655473739509
2968	1329	0	0	0	0	0	0	1655473740529
2968	1329	0	0	0	0	0	0	1655473741549
2969	1329	0	0	0	0	0	0	1655473742569
2969	1329	0	0	0	0	0	0	1655473743589
2969	1329	0	0	0	0	0	0	1655473744609
2968	1329	0	0	0	0	0	0	1655473745629
2966	1328	0	0	0	0	0	0	1655473746649
2964	1327	0	0	0	0	0	0	1655473747669
2961	1328	0	0	0	0	0	0	1655473748689
2960	1328	0	0	0	0	0	0	1655473749709
2957	1327	0	0	0	0	0	0	1655473750729
2954	1326	0	0	0	0	0	0	1655473751749
2953	1325	0	0	0	0	0	0	1655473752769
2952	1324	0	0	0	0	0	0	1655473753789
2952	1322	0	0	0	0	0	0	1655473754809
2952	1319	0	0	0	0	0	0	1655473755829
2951	1318	0	0	0	0	0	0	1655473756849
2951	1318	0	0	0	0	0	0	1655473757869
2950	1316	0	0	0	0	0	0	1655473758889
2950	1314	0	0	0	0	0	0	1655473759909
2950	1315	0	0	0	0	0	0	1655473760929
2950	1313	0	0	0	0	0	0	1655473761949
2949	1311	0	0	0	0	0	0	1655473762969
2949	1310	0	0	0	0	0	0	1655473763989
2949	1308	0	0	0	0	0	0	1655473765009
2949	1307	0	0	0	0	0	0	1655473766029
2949	1305	0	0	0	0	0	0	1655473767049
2949	1306	0	0	0	0	0	0	1655473768069
2949	1306	0	0	0	0	0	0	1655473769089
2949	1305	0	0	0	0	0	0	1655473770109
2949	1304	0	0	0	0	0	0	1655473771129
2949	1303	0	0	0	0	0	0	1655473772149
2949	1303	0	0	0	0	0	0	1655473773169
2949	1303	0	0	0	0	0	0	1655473774189
2949	1303	0	0	0	0	0	0	1655473775209
2949	1303	0	0	0	0	0	0	1655473776229
2949	1303	0	0	0	0	0	0	1655473777249
2948	1303	0	0	0	0	0	0	1655473778269
2949	1303	0	0	0	0	0	0	1655473779289
2949	1303	0	0	0	0	0	0	1655473780309
2950	1303	0	0	0	0	0	0	1655473781329
2950	1303	0	0	0	0	0	0	1655473782349
2950	1303	0	0	0	0	0	0	1655473783369
2950	1303	0	0	0	0	0	0	1655473784389
2949	1303	0	0	0	0	0	0	1655473785409
2949	1303	0	0	0	0	0	0	1655473786429
2949	1303	0	0	0	0	0	0	1655473787449
2949	1303	0	0	0	0	0	0	1655473788469
2949	1303	0	0	0	0	0	0	1655473789489
2949	1303	0	0	0	0	0	0	1655473790509
2949	1303	0	0	0	0	0	0	1655473791529
2949	1303	0	0	0	0	0	0	1655473792549
2949	1303	0	0	0	0	0	0	1655473793569
2949	1303	0	0	0	0	0	0	1655473794589
2949	1303	0	0	0	0	0	0	1655473795609
2949	1303	0	0	0	0	0	0	1655473796629
2949	1303	0	0	0	0	0	0	1655473797649
2949	1303	0	0	0	0	0	0	1655473798669
2949	1303	0	0	0	0	0	0	1655473799689
2949	1303	0	0	0	0	0	0	1655473800709
2949	1303	0	0	0	0	0	0	1655473801729
2948	1303	0	0	0	0	0	0	1655473802749
2948	1303	0	0	0	0	0	0	1655473803769
2948	1303	0	0	0	0	0	0	1655473804789
2948	1303	0	0	0	0	0	0	1655473805809
2948	1303	0	0	0	0	0	0	1655473806829
2949	1303	0	0	0	0	0	0	1655473807849
2949	1303	0	0	0	0	0	0	1655473808869
2949	1303	0	0	0	0	0	0	1655473809889
2949	1303	0	0	0	0	0	0	1655473810909
2949	1303	0	0	0	0	0	0	1655473811929
2949	1303	0	0	0	0	0	0	1655473812949
2949	1303	0	0	0	0	0	0	1655473813969
2949	1303	0	0	0	0	0	0	1655473814989
2949	1302	0	0	0	0	0	0	1655473816009
2949	1302	0	0	0	0	0	0	1655473817029
2949	1302	0	0	0	0	0	0	1655473818049
2949	1302	0	0	0	0	0	0	1655473819069
2949	1302	0	0	0	0	0	0	1655473820089
2949	1302	0	0	0	0	0	0	1655473821109
2949	1302	0	0	0	0	0	0	1655473822129
2949	1302	0	0	0	0	0	0	1655473823149
2974	1302	0	0	0	0	0	0	1655473824169
2998	1302	0	0	0	0	0	0	1655473825189
3013	1302	0	0	0	0	0	0	1655473826209
3021	1302	0	0	0	0	0	0	1655473827229
3026	1302	0	0	0	0	0	0	1655473828249
3029	1302	0	0	0	0	0	0	1655473829269
3032	1302	0	0	0	0	0	0	1655473830289
3029	1302	0	0	0	0	0	0	1655473831309
3020	1302	0	0	0	0	0	0	1655473832329
3013	1302	0	0	0	0	0	0	1655473833349
3003	1302	0	0	0	0	0	0	1655473834369
2993	1302	0	0	0	0	0	0	1655473835389
2987	1302	0	0	0	0	0	0	1655473836409
2983	1302	0	0	0	0	0	0	1655473837429
2981	1302	0	0	0	0	0	0	1655473838449
2979	1302	0	0	0	0	0	0	1655473839469
2978	1302	0	0	0	0	0	0	1655473840489
2978	1302	0	0	0	0	0	0	1655473841509
2977	1302	0	0	0	0	0	0	1655473842529
2977	1302	0	0	0	0	0	0	1655473843549
2977	1302	0	0	0	0	0	0	1655473844569
2977	1302	0	0	0	0	0	0	1655473845589
2977	1302	0	0	0	0	0	0	1655473846609
2977	1302	0	0	0	0	0	0	1655473847629
2977	1302	0	0	0	0	0	0	1655473848649
2977	1302	0	0	0	0	0	0	1655473849669
2977	1302	0	0	0	0	0	0	1655473850689
2977	1302	0	0	0	0	0	0	1655473851709
2977	1302	0	0	0	0	0	0	1655473852729
2977	1302	0	0	0	0	0	0	1655473853749
2977	1302	0	0	0	0	0	0	1655473854769
2977	1302	0	0	0	0	0	0	1655473855789
2977	1302	0	0	0	0	0	0	1655473856809
2977	1302	0	0	0	0	0	0	1655473857829
2977	1302	0	0	0	0	0	0	1655473858849
2977	1302	0	0	0	0	0	0	1655473859869
2977	1302	0	0	0	0	0	0	1655473860889
2977	1302	0	0	0	0	0	0	1655473861909
2977	1302	0	0	0	0	0	0	1655473862929
2977	1302	0	0	0	0	0	0	1655473863949
2977	1302	0	0	0	0	0	0	1655473864969
2977	1302	0	0	0	0	0	0	1655473865989
2977	1302	0	0	0	0	0	0	1655473867009
2977	1302	0	0	0	0	0	0	1655473868029
2977	1303	0	0	0	0	0	0	1655473869049
2977	1303	0	0	0	0	0	0	1655473870069
2977	1303	0	0	0	0	0	0	1655473871089
2977	1303	0	0	0	0	0	0	1655473872109
2977	1303	0	0	0	0	0	0	1655473873129
2977	1303	0	0	0	0	0	0	1655473874149
2974	1303	0	0	0	0	0	0	1655473875169
2975	1303	0	0	0	0	0	0	1655473876189
2978	1303	0	0	0	0	0	0	1655473877209
2978	1306	0	0	0	0	0	0	1655473878229
2978	1306	0	0	0	0	0	0	1655473879249
2977	1304	0	0	0	0	0	0	1655473880269
2977	1304	0	0	0	0	0	0	1655473881289
2976	1304	0	0	0	0	0	0	1655473882309
2976	1303	0	0	0	0	0	0	1655473883329
2967	1303	0	0	0	0	0	0	1655473884349
2960	1303	0	0	0	0	0	0	1655473885369
2957	1303	0	0	0	0	0	0	1655473886389
2957	1303	0	0	0	0	0	0	1655473887409
2953	1303	0	0	0	0	0	0	1655473888429
2951	1303	0	0	0	0	0	0	1655473889449
2950	1303	0	0	0	0	0	0	1655473890469
2950	1303	0	0	0	0	0	0	1655473891489
2950	1300	0	0	0	0	0	0	1655473892509
2954	1301	0	0	0	0	0	0	1655473893529
2958	1302	0	0	0	0	0	0	1655473894549
2955	1302	0	0	0	0	0	0	1655473895569
2962	1302	0	0	0	0	0	0	1655473896589
2968	1302	0	0	0	0	0	0	1655473897609
2972	1302	0	0	0	0	0	0	1655473898629
2974	1302	0	0	0	0	0	0	1655473899649
2975	1302	0	0	0	0	0	0	1655473900669
2973	1302	0	0	0	0	0	0	1655473901689
2964	1302	0	0	0	0	0	0	1655473902709
2959	1302	0	0	0	0	0	0	1655473903729
2955	1302	0	0	0	0	0	0	1655473904749
2952	1302	0	0	0	0	0	0	1655473905769
2951	1302	0	0	0	0	0	0	1655473906789
2953	1302	0	0	0	0	0	0	1655473907809
2961	1302	0	0	0	0	0	0	1655473908829
2966	1302	0	0	0	0	0	0	1655473909849
2971	1302	0	0	0	0	0	0	1655473910869
2988	1302	0	0	0	0	0	0	1655473911889
2991	1305	0	0	0	0	0	0	1655473912909
2983	1345	0	0	0	0	0	0	1655473913929
2981	1348	0	0	0	0	0	0	1655473914949
2980	1341	0	0	0	0	0	0	1655473915969
2972	1337	0	0	0	0	0	0	1655473916989
2963	1334	0	0	0	0	0	0	1655473918009
2958	1333	0	0	0	0	0	0	1655473919029
2954	1332	0	0	0	0	0	0	1655473920049
2952	1331	0	0	0	0	0	0	1655473921069
2951	1330	0	0	0	0	0	0	1655473922089
2950	1330	0	0	0	0	0	0	1655473923109
2949	1330	0	0	0	0	0	0	1655473924129
2949	1331	0	0	0	0	0	0	1655473925149
2949	1331	0	0	0	0	0	0	1655473926169
2949	1331	0	0	0	0	0	0	1655473927189
2949	1331	0	0	0	0	0	0	1655473928209
2949	1331	0	0	0	0	0	0	1655473929229
2949	1332	0	0	0	0	0	0	1655473930249
2949	1331	0	0	0	0	0	0	1655473931269
2949	1331	0	0	0	0	0	0	1655473932289
2949	1331	0	0	0	0	0	0	1655473933309
2949	1331	0	0	0	0	0	0	1655473934329
2949	1331	0	0	0	0	0	0	1655473935349
2949	1330	0	0	0	0	0	0	1655473936369
2949	1331	0	0	0	0	0	0	1655473937389
2949	1331	0	0	0	0	0	0	1655473938409
2949	1331	0	0	0	0	0	0	1655473939429
2949	1331	0	0	0	0	0	0	1655473940449
2949	1331	0	0	0	0	0	0	1655473941469
2949	1330	0	0	0	0	0	0	1655473942489
2949	1330	0	0	0	0	0	0	1655473943509
2948	1330	0	0	0	0	0	0	1655473944529
2947	1330	0	0	0	0	0	0	1655473945549
2948	1330	0	0	0	0	0	0	1655473946569
2949	1330	0	0	0	0	0	0	1655473947589
2949	1330	0	0	0	0	0	0	1655473948609
2949	1330	0	0	0	0	0	0	1655473949629
2949	1330	0	0	0	0	0	0	1655473950649
2948	1330	0	0	0	0	0	0	1655473951669
2948	1330	0	0	0	0	0	0	1655473952689
2949	1330	0	0	0	0	0	0	1655473953709
2954	1330	0	0	0	0	0	0	1655473954729
2954	1330	0	0	0	0	0	0	1655473955749
2953	1330	0	0	0	0	0	0	1655473956769
2951	1330	0	0	0	0	0	0	1655473957789
2950	1330	0	0	0	0	0	0	1655473958809
2950	1330	0	0	0	0	0	0	1655473959829
2950	1330	0	0	0	0	0	0	1655473960849
2950	1330	0	0	0	0	0	0	1655473961869
2950	1330	0	0	0	0	0	0	1655473962889
2949	1330	0	0	0	0	0	0	1655473963909
2949	1330	0	0	0	0	0	0	1655473964929
2949	1330	0	0	0	0	0	0	1655473965949
2949	1330	0	0	0	0	0	0	1655473966969
2949	1330	0	0	0	0	0	0	1655473967989
2949	1330	0	0	0	0	0	0	1655473969009
2949	1330	0	0	0	0	0	0	1655473970029
2949	1330	0	0	0	0	0	0	1655473971049
2949	1330	0	0	0	0	0	0	1655473972069
2949	1330	0	0	0	0	0	0	1655473973089
2949	1330	0	0	0	0	0	0	1655473974109
2949	1330	0	0	0	0	0	0	1655473975129
2949	1330	0	0	0	0	0	0	1655473976149
2949	1330	0	0	0	0	0	0	1655473977169
2949	1330	0	0	0	0	0	0	1655473978189
2949	1330	0	0	0	0	0	0	1655473979209
2949	1330	0	0	0	0	0	0	1655473980229
2949	1330	0	0	0	0	0	0	1655473981249
2949	1330	0	0	0	0	0	0	1655473982269
2949	1330	0	0	0	0	0	0	1655473983289
2949	1330	0	0	0	0	0	0	1655473984309
2949	1330	0	0	0	0	0	0	1655473985329
2949	1330	0	0	0	0	0	0	1655473986349
2949	1330	0	0	0	0	0	0	1655473987369
2949	1330	0	0	0	0	0	0	1655473988389
2949	1329	0	0	0	0	0	0	1655473989409
2949	1329	0	0	0	0	0	0	1655473990429
2949	1328	0	0	0	0	0	0	1655473991449
2949	1328	0	0	0	0	0	0	1655473992469
2949	1329	0	0	0	0	0	0	1655473993489
2949	1329	0	0	0	0	0	0	1655473994509
2949	1328	0	0	0	0	0	0	1655473995529
2949	1328	0	0	0	0	0	0	1655473996549
2949	1328	0	0	0	0	0	0	1655473997569
2949	1327	0	0	0	0	0	0	1655473998589
2949	1327	0	0	0	0	0	0	1655473999609
2949	1327	0	0	0	0	0	0	1655474000629
2949	1327	0	0	0	0	0	0	1655474001649
2949	1326	0	0	0	0	0	0	1655474002669
2949	1325	0	0	0	0	0	0	1655474003689
2949	1324	0	0	0	0	0	0	1655474004709
2949	1315	0	0	0	0	0	0	1655474005729
2949	1311	0	0	0	0	0	0	1655474006749
2949	1308	0	0	0	0	0	0	1655474007769
2949	1311	0	0	0	0	0	0	1655474008789
2949	1317	0	0	0	0	0	0	1655474009809
2949	1321	0	0	0	0	0	0	1655474010829
2945	1321	0	0	0	0	0	0	1655474011849
2944	1322	0	0	0	0	0	0	1655474012869
2942	1320	0	0	0	0	0	0	1655474013889
2934	1318	0	0	0	0	0	0	1655474014909
2929	1317	0	0	0	0	0	0	1655474015929
2935	1318	0	0	0	0	0	0	1655474016949
2941	1318	0	0	0	0	0	0	1655474017969
2944	1317	0	0	0	0	0	0	1655474018989
2946	1314	0	0	0	0	0	0	1655474020009
2947	1311	0	0	0	0	0	0	1655474021029
2948	1309	0	0	0	0	0	0	1655474022049
2948	1312	0	0	0	0	0	0	1655474023069
2948	1312	0	0	0	0	0	0	1655474024089
2949	1312	0	0	0	0	0	0	1655474025109
2949	1313	0	0	0	0	0	0	1655474026129
2949	1317	0	0	0	0	0	0	1655474027149
2949	1320	0	0	0	0	0	0	1655474028169
2949	1319	0	0	0	0	0	0	1655474029189
2949	1315	0	0	0	0	0	0	1655474030209
2949	1318	0	0	0	0	0	0	1655474031229
2949	1317	0	0	0	0	0	0	1655474032249
2949	1312	0	0	0	0	0	0	1655474033269
2949	1309	0	0	0	0	0	0	1655474034289
2949	1306	0	0	0	0	0	0	1655474035309
2949	1305	0	0	0	0	0	0	1655474036329
2949	1304	0	0	0	0	0	0	1655474037349
2949	1304	0	0	0	0	0	0	1655474038369
2949	1304	0	0	0	0	0	0	1655474039389
2949	1303	0	0	0	0	0	0	1655474040409
2949	1303	0	0	0	0	0	0	1655474041429
2949	1304	0	0	0	0	0	0	1655474042449
2949	1306	0	0	0	0	0	0	1655474043469
2949	1304	0	0	0	0	0	0	1655474044489
2949	1303	0	0	0	0	0	0	1655474045509
2949	1303	0	0	0	0	0	0	1655474046529
2973	1308	0	0	0	0	0	0	1655474047549
2976	1315	0	0	0	0	0	0	1655474048569
2978	1310	0	0	0	0	0	0	1655474049589
2978	1307	0	0	0	0	0	0	1655474050609
2970	1305	0	0	0	0	0	0	1655474051629
2981	1304	0	0	0	0	0	0	1655474052649
2983	1303	0	0	0	0	0	0	1655474053669
2976	1303	0	0	0	0	0	0	1655474054689
2972	1303	0	0	0	0	0	0	1655474055709
2964	1303	0	0	0	0	0	0	1655474056729
2958	1303	0	0	0	0	0	0	1655474057749
2955	1303	0	0	0	0	0	0	1655474058769
2953	1303	0	0	0	0	0	0	1655474059789
2952	1303	0	0	0	0	0	0	1655474060809
2956	1303	0	0	0	0	0	0	1655474061829
2971	1303	0	0	0	0	0	0	1655474062849
2963	1303	0	0	0	0	0	0	1655474063869
2957	1303	0	0	0	0	0	0	1655474064889
2964	1303	0	0	0	0	0	0	1655474065909
2969	1303	0	0	0	0	0	0	1655474066929
2972	1303	0	0	0	0	0	0	1655474067949
2974	1303	0	0	0	0	0	0	1655474068969
2974	1303	0	0	0	0	0	0	1655474069989
2975	1303	0	0	0	0	0	0	1655474071009
2975	1303	0	0	0	0	0	0	1655474072029
2966	1303	0	0	0	0	0	0	1655474073049
2959	1303	0	0	0	0	0	0	1655474074069
2961	1303	0	0	0	0	0	0	1655474075089
2965	1302	0	0	0	0	0	0	1655474076109
2962	1301	0	0	0	0	0	0	1655474077129
2957	1301	0	0	0	0	0	0	1655474078149
2958	1301	0	0	0	0	0	0	1655474079169
2972	1297	0	0	0	0	0	0	1655474080189
2999	1289	0	0	0	0	0	0	1655474081209
3008	1290	0	0	0	0	0	0	1655474082229
3007	1293	0	0	0	0	0	0	1655474083249
3007	1297	0	0	0	0	0	0	1655474084269
3006	1299	0	0	0	0	0	0	1655474085289
3007	1295	0	0	0	0	0	0	1655474086309
3006	1296	0	0	0	0	0	0	1655474087329
3006	1296	0	0	0	0	0	0	1655474088349
3006	1296	0	0	0	0	0	0	1655474089369
3007	1296	0	0	0	0	0	0	1655474090389
3018	1291	0	0	0	0	0	0	1655474091409
3021	1286	0	0	0	0	0	0	1655474092429
3017	1284	0	0	0	0	0	0	1655474093449
3021	1283	0	0	0	0	0	0	1655474094469
3040	1280	0	0	0	0	0	0	1655474095489
3030	1278	0	0	0	0	0	0	1655474096509
3020	1277	0	0	0	0	0	0	1655474097529
3015	1276	0	0	0	0	0	0	1655474098549
3011	1276	0	0	0	0	0	0	1655474099569
3009	1278	0	0	0	0	0	0	1655474100589
3007	1286	0	0	0	0	0	0	1655474101609
3006	1292	0	0	0	0	0	0	1655474102629
2996	1294	0	0	0	0	0	0	1655474103649
2991	1293	0	0	0	0	0	0	1655474104669
2993	1289	0	0	0	0	0	0	1655474105689
3004	1283	0	0	0	0	0	0	1655474106709
3005	1280	0	0	0	0	0	0	1655474107729
3005	1278	0	0	0	0	0	0	1655474108749
3004	1277	0	0	0	0	0	0	1655474109769
3002	1278	0	0	0	0	0	0	1655474110789
2992	1281	0	0	0	0	0	0	1655474111809
2986	1279	0	0	0	0	0	0	1655474112829
2983	1282	0	0	0	0	0	0	1655474113849
2981	1284	0	0	0	0	0	0	1655474114869
2979	1285	0	0	0	0	0	0	1655474115889
2978	1286	0	0	0	0	0	0	1655474116909
2977	1288	0	0	0	0	0	0	1655474117929
2977	1290	0	0	0	0	0	0	1655474118949
2977	1289	0	0	0	0	0	0	1655474119969
2977	1290	0	0	0	0	0	0	1655474120989
