1952	614	0	0	0	0	0	0	1659018411787
1946	611	0	0	0	0	0	0	1659018412807
1941	601	0	0	0	0	0	0	1659018413827
1930	592	0	0	0	0	0	0	1659018414847
1922	587	0	0	0	0	0	0	1659018415867
1917	584	0	0	0	0	0	0	1659018416887
1914	582	0	0	0	0	0	0	1659018417907
1912	580	0	0	0	0	0	0	1659018418927
1911	573	0	0	0	0	0	0	1659018419947
1910	565	0	0	0	0	0	0	1659018420967
1910	560	0	0	0	0	0	0	1659018421987
1910	557	0	0	0	0	0	0	1659018423007
1910	555	0	0	0	0	0	0	1659018424027
1910	554	0	0	0	0	0	0	1659018425047
1906	553	0	0	0	0	0	0	1659018426067
1900	552	0	0	0	0	0	0	1659018427087
1893	552	0	0	0	0	0	0	1659018428107
1889	552	0	0	0	0	0	0	1659018429127
1886	552	0	0	0	0	0	0	1659018430147
1884	552	0	0	0	0	0	0	1659018431167
1883	552	0	0	0	0	0	0	1659018432187
1882	552	0	0	0	0	0	0	1659018433207
1882	552	0	0	0	0	0	0	1659018434227
1882	552	0	0	0	0	0	0	1659018435247
1882	552	0	0	0	0	0	0	1659018436267
1882	552	0	0	0	0	0	0	1659018437287
1882	552	0	0	0	0	0	0	1659018438307
1882	552	0	0	0	0	0	0	1659018439327
1881	552	0	0	0	0	0	0	1659018440347
1875	552	0	0	0	0	0	0	1659018441367
1867	552	0	0	0	0	0	0	1659018442387
1862	552	0	0	0	0	0	0	1659018443407
1859	552	0	0	0	0	0	0	1659018444427
1857	552	0	0	0	0	0	0	1659018445447
1856	552	0	0	0	0	0	0	1659018446467
1855	552	0	0	0	0	0	0	1659018447487
1854	552	0	0	0	0	0	0	1659018448507
1854	552	0	0	0	0	0	0	1659018449527
1854	552	0	0	0	0	0	0	1659018450547
1854	552	0	0	0	0	0	0	1659018451567
1854	552	0	0	0	0	0	0	1659018452587
1854	552	0	0	0	0	0	0	1659018453607
1854	552	0	0	0	0	0	0	1659018454627
1853	552	0	0	0	0	0	0	1659018455647
1848	552	0	0	0	0	0	0	1659018456667
1841	10331	0	0	0	0	0	0	1659018457687
1835	6419	0	0	0	0	0	0	1659018458707
1831	4072	0	0	0	0	0	0	1659018459727
1829	2664	0	0	0	0	0	0	1659018460747
1827	1819	0	0	0	0	0	0	1659018461767
1826	1312	0	0	0	0	0	0	1659018462787
1826	1008	0	0	0	0	0	0	1659018463807
1826	825	0	0	0	0	0	0	1659018464827
1826	716	0	0	0	0	0	0	1659018465847
1826	650	0	0	0	0	0	0	1659018466867
1826	611	0	0	0	0	0	0	1659018467887
1826	587	0	0	0	0	0	0	1659018468907
1826	573	0	0	0	0	0	0	1659018469927
1826	565	0	0	0	0	0	0	1659018470947
1826	560	0	0	0	0	0	0	1659018471967
1826	557	0	0	0	0	0	0	1659018472987
1826	555	0	0	0	0	0	0	1659018474007
1826	554	0	0	0	0	0	0	1659018475027
1826	553	0	0	0	0	0	0	1659018476047
1826	552	0	0	0	0	0	0	1659018477067
1826	552	0	0	0	0	0	0	1659018478087
1825	552	0	0	0	0	0	0	1659018479107
1825	552	0	0	0	0	0	0	1659018480127
1824	552	0	0	0	0	0	0	1659018481147
1823	552	0	0	0	0	0	0	1659018482167
1821	552	0	0	0	0	0	0	1659018483187
1817	552	0	0	0	0	0	0	1659018484207
1813	552	0	0	0	0	0	0	1659018485227
1809	552	0	0	0	0	0	0	1659018486247
1805	552	0	0	0	0	0	0	1659018487267
1802	552	0	0	0	0	0	0	1659018488287
1800	552	0	0	0	0	0	0	1659018489307
1799	552	0	0	0	0	0	0	1659018490327
1799	553	0	0	0	0	0	0	1659018491347
1799	553	0	0	0	0	0	0	1659018492367
1799	553	0	0	0	0	0	0	1659018493387
1798	553	0	0	0	0	0	0	1659018494407
1798	553	0	0	0	0	0	0	1659018495427
1798	554	0	0	0	0	0	0	1659018496447
1798	554	0	0	0	0	0	0	1659018497467
1798	555	0	0	0	0	0	0	1659018498487
1798	558	0	0	0	0	0	0	1659018499507
1798	561	0	0	0	0	0	0	1659018500527
1798	564	0	0	0	0	0	0	1659018501547
1798	569	0	0	0	0	0	0	1659018502567
1797	573	0	0	0	0	0	0	1659018503587
1793	575	0	0	0	0	0	0	1659018504607
1787	577	0	0	0	0	0	0	1659018505627
1781	578	0	0	0	0	0	0	1659018506647
1777	578	0	0	0	0	0	0	1659018507667
1775	578	0	0	0	0	0	0	1659018508687
1773	578	0	0	0	0	0	0	1659018509707
1772	579	0	0	0	0	0	0	1659018510727
1771	579	0	0	0	0	0	0	1659018511747
1771	579	0	0	0	0	0	0	1659018512767
1771	579	0	0	0	0	0	0	1659018513787
1771	579	0	0	0	0	0	0	1659018514807
1771	579	0	0	0	0	0	0	1659018515827
1771	579	0	0	0	0	0	0	1659018516847
1771	579	0	0	0	0	0	0	1659018517867
1771	579	0	0	0	0	0	0	1659018518887
1770	579	0	0	0	0	0	0	1659018519907
1770	579	0	0	0	0	0	0	1659018520927
1770	579	0	0	0	0	0	0	1659018521947
1770	579	0	0	0	0	0	0	1659018522967
1770	579	0	0	0	0	0	0	1659018523987
1770	579	0	0	0	0	0	0	1659018525007
1770	579	0	0	0	0	0	0	1659018526027
1770	579	0	0	0	0	0	0	1659018527047
1770	579	0	0	0	0	0	0	1659018528067
1770	579	0	0	0	0	0	0	1659018529087
1770	579	0	0	0	0	0	0	1659018530107
1770	579	0	0	0	0	0	0	1659018531127
1770	579	0	0	0	0	0	0	1659018532147
1770	579	0	0	0	0	0	0	1659018533167
1770	579	0	0	0	0	0	0	1659018534187
1770	579	0	0	0	0	0	0	1659018535207
1770	579	0	0	0	0	0	0	1659018536227
1770	579	0	0	0	0	0	0	1659018537247
1770	579	0	0	0	0	0	0	1659018538267
1770	579	0	0	0	0	0	0	1659018539287
1770	579	0	0	0	0	0	0	1659018540307
1770	579	0	0	0	0	0	0	1659018541327
1770	579	0	0	0	0	0	0	1659018542347
1770	579	0	0	0	0	0	0	1659018543367
1770	579	0	0	0	0	0	0	1659018544387
1770	579	0	0	0	0	0	0	1659018545407
1769	579	0	0	0	0	0	0	1659018546427
1769	579	0	0	0	0	0	0	1659018547447
1769	579	0	0	0	0	0	0	1659018548467
1768	579	0	0	0	0	0	0	1659018549487
1765	579	0	0	0	0	0	0	1659018550507
1762	579	0	0	0	0	0	0	1659018551527
1758	579	0	0	0	0	0	0	1659018552547
1753	579	0	0	0	0	0	0	1659018553567
1751	579	0	0	0	0	0	0	1659018554587
1748	579	0	0	0	0	0	0	1659018555607
1746	579	0	0	0	0	0	0	1659018556627
1745	579	0	0	0	0	0	0	1659018557647
1744	579	0	0	0	0	0	0	1659018558667
1743	579	0	0	0	0	0	0	1659018559687
1743	579	0	0	0	0	0	0	1659018560707
1743	579	0	0	0	0	0	0	1659018561727
1743	579	0	0	0	0	0	0	1659018562747
1743	579	0	0	0	0	0	0	1659018563767
1743	579	0	0	0	0	0	0	1659018564787
1743	579	0	0	0	0	0	0	1659018565807
1743	579	0	0	0	0	0	0	1659018566827
1743	579	0	0	0	0	0	0	1659018567847
1743	579	0	0	0	0	0	0	1659018568867
1743	579	0	0	0	0	0	0	1659018569887
1743	579	0	0	0	0	0	0	1659018570907
1743	579	0	0	0	0	0	0	1659018571927
1743	579	0	0	0	0	0	0	1659018572947
1743	579	0	0	0	0	0	0	1659018573967
1743	579	0	0	0	0	0	0	1659018574987
1743	579	0	0	0	0	0	0	1659018576007
1743	579	0	0	0	0	0	0	1659018577027
1743	579	0	0	0	0	0	0	1659018578047
1743	579	0	0	0	0	0	0	1659018579067
1743	579	0	0	0	0	0	0	1659018580087
1743	579	0	0	0	0	0	0	1659018581107
1743	579	0	0	0	0	0	0	1659018582127
1743	579	0	0	0	0	0	0	1659018583147
1743	579	0	0	0	0	0	0	1659018584167
1743	579	0	0	0	0	0	0	1659018585187
1743	579	0	0	0	0	0	0	1659018586207
1743	579	0	0	0	0	0	0	1659018587227
1743	579	0	0	0	0	0	0	1659018588247
1743	579	0	0	0	0	0	0	1659018589267
1743	579	0	0	0	0	0	0	1659018590287
1743	579	0	0	0	0	0	0	1659018591307
1743	579	0	0	0	0	0	0	1659018592327
1743	579	0	0	0	0	0	0	1659018593347
1743	579	0	0	0	0	0	0	1659018594367
1743	579	0	0	0	0	0	0	1659018595387
1743	579	0	0	0	0	0	0	1659018596407
1743	579	0	0	0	0	0	0	1659018597427
1743	579	0	0	0	0	0	0	1659018598447
1743	579	0	0	0	0	0	0	1659018599467
1743	579	0	0	0	0	0	0	1659018600487
1743	579	0	0	0	0	0	0	1659018601507
1743	579	0	0	0	0	0	0	1659018602527
1743	579	0	0	0	0	0	0	1659018603547
1743	579	0	0	0	0	0	0	1659018604567
1743	579	0	0	0	0	0	0	1659018605587
1743	579	0	0	0	0	0	0	1659018606607
1743	579	0	0	0	0	0	0	1659018607627
1743	579	0	0	0	0	0	0	1659018608647
1743	579	0	0	0	0	0	0	1659018609667
1742	579	0	0	0	0	0	0	1659018610687
1742	579	0	0	0	0	0	0	1659018611707
1742	579	0	0	0	0	0	0	1659018612727
1742	579	0	0	0	0	0	0	1659018613747
1742	579	0	0	0	0	0	0	1659018614767
1742	579	0	0	0	0	0	0	1659018615787
1742	579	0	0	0	0	0	0	1659018616807
1742	579	0	0	0	0	0	0	1659018617827
1742	579	0	0	0	0	0	0	1659018618847
1742	579	0	0	0	0	0	0	1659018619867
1742	579	0	0	0	0	0	0	1659018620887
1742	579	0	0	0	0	0	0	1659018621907
1742	579	0	0	0	0	0	0	1659018622927
1742	579	0	0	0	0	0	0	1659018623947
1742	579	0	0	0	0	0	0	1659018624967
1742	579	0	0	0	0	0	0	1659018625987
1742	579	0	0	0	0	0	0	1659018627007
1742	579	0	0	0	0	0	0	1659018628027
1742	579	0	0	0	0	0	0	1659018629047
1741	579	0	0	0	0	0	0	1659018630067
1741	579	0	0	0	0	0	0	1659018631087
1740	579	0	0	0	0	0	0	1659018632107
1739	579	0	0	0	0	0	0	1659018633127
1738	579	0	0	0	0	0	0	1659018634147
1735	579	0	0	0	0	0	0	1659018635167
1731	579	0	0	0	0	0	0	1659018636187
1729	579	0	0	0	0	0	0	1659018637207
1730	579	0	0	0	0	0	0	1659018638227
1730	579	0	0	0	0	0	0	1659018639247
1730	579	0	0	0	0	0	0	1659018640267
1725	579	0	0	0	0	0	0	1659018641287
1721	579	0	0	0	0	0	0	1659018642307
1720	579	0	0	0	0	0	0	1659018643327
1719	579	0	0	0	0	0	0	1659018644347
1719	579	0	0	0	0	0	0	1659018645367
1718	579	0	0	0	0	0	0	1659018646387
1717	579	0	0	0	0	0	0	1659018647407
1717	579	0	0	0	0	0	0	1659018648427
1716	579	0	0	0	0	0	0	1659018649447
1715	579	0	0	0	0	0	0	1659018650467
1715	579	0	0	0	0	0	0	1659018651487
1715	579	0	0	0	0	0	0	1659018652507
1715	579	0	0	0	0	0	0	1659018653527
1715	579	0	0	0	0	0	0	1659018654547
1715	579	0	0	0	0	0	0	1659018655567
1715	579	0	0	0	0	0	0	1659018656587
1715	579	0	0	0	0	0	0	1659018657607
1715	579	0	0	0	0	0	0	1659018658627
1715	579	0	0	0	0	0	0	1659018659647
1715	579	0	0	0	0	0	0	1659018660667
1715	579	0	0	0	0	0	0	1659018661687
1715	579	0	0	0	0	0	0	1659018662707
1715	579	0	0	0	0	0	0	1659018663727
1715	579	0	0	0	0	0	0	1659018664747
1715	579	0	0	0	0	0	0	1659018665767
1715	579	0	0	0	0	0	0	1659018666787
1715	579	0	0	0	0	0	0	1659018667807
1715	579	0	0	0	0	0	0	1659018668827
1715	579	0	0	0	0	0	0	1659018669847
1715	579	0	0	0	0	0	0	1659018670867
1715	579	0	0	0	0	0	0	1659018671887
1715	579	0	0	0	0	0	0	1659018672907
1715	579	0	0	0	0	0	0	1659018673927
1715	579	0	0	0	0	0	0	1659018674947
1715	579	0	0	0	0	0	0	1659018675967
1715	579	0	0	0	0	0	0	1659018676987
1715	579	0	0	0	0	0	0	1659018678007
1715	579	0	0	0	0	0	0	1659018679027
1715	579	0	0	0	0	0	0	1659018680047
1715	579	0	0	0	0	0	0	1659018681067
1715	579	0	0	0	0	0	0	1659018682087
1715	579	0	0	0	0	0	0	1659018683107
1715	579	0	0	0	0	0	0	1659018684127
1715	579	0	0	0	0	0	0	1659018685147
1715	579	0	0	0	0	0	0	1659018686167
1715	579	0	0	0	0	0	0	1659018687187
1715	579	0	0	0	0	0	0	1659018688207
1715	579	0	0	0	0	0	0	1659018689227
1715	579	0	0	0	0	0	0	1659018690247
1715	579	0	0	0	0	0	0	1659018691267
1715	579	0	0	0	0	0	0	1659018692287
1715	579	0	0	0	0	0	0	1659018693307
1715	579	0	0	0	0	0	0	1659018694327
1715	579	0	0	0	0	0	0	1659018695347
1715	579	0	0	0	0	0	0	1659018696367
1715	579	0	0	0	0	0	0	1659018697387
1715	579	0	0	0	0	0	0	1659018698407
1715	579	0	0	0	0	0	0	1659018699427
1715	579	0	0	0	0	0	0	1659018700447
1715	579	0	0	0	0	0	0	1659018701467
1715	579	0	0	0	0	0	0	1659018702487
1715	579	0	0	0	0	0	0	1659018703507
1715	579	0	0	0	0	0	0	1659018704527
1715	579	0	0	0	0	0	0	1659018705547
1715	579	0	0	0	0	0	0	1659018706567
1715	579	0	0	0	0	0	0	1659018707587
1715	579	0	0	0	0	0	0	1659018708607
1715	579	0	0	0	0	0	0	1659018709627
1715	579	0	0	0	0	0	0	1659018710647
1715	579	0	0	0	0	0	0	1659018711667
1715	579	0	0	0	0	0	0	1659018712687
1715	579	0	0	0	0	0	0	1659018713707
1715	579	0	0	0	0	0	0	1659018714727
1715	579	0	0	0	0	0	0	1659018715747
1715	579	0	0	0	0	0	0	1659018716767
1715	578	0	0	0	0	0	0	1659018717787
1715	579	0	0	0	0	0	0	1659018718807
1715	579	0	0	0	0	0	0	1659018719827
1715	579	0	0	0	0	0	0	1659018720847
1715	579	0	0	0	0	0	0	1659018721867
1714	579	0	0	0	0	0	0	1659018722887
1714	579	0	0	0	0	0	0	1659018723907
1714	579	0	0	0	0	0	0	1659018724927
1714	579	0	0	0	0	0	0	1659018725947
1714	579	0	0	0	0	0	0	1659018726967
1714	579	0	0	0	0	0	0	1659018727987
1714	579	0	0	0	0	0	0	1659018729007
1714	579	0	0	0	0	0	0	1659018730027
1714	578	0	0	0	0	0	0	1659018731047
1714	578	0	0	0	0	0	0	1659018732067
1712	578	0	0	0	0	0	0	1659018733087
1711	578	0	0	0	0	0	0	1659018734107
1711	578	0	0	0	0	0	0	1659018735127
1711	577	0	0	0	0	0	0	1659018736147
1710	576	0	0	0	0	0	0	1659018737167
1709	576	0	0	0	0	0	0	1659018738187
1706	576	0	0	0	0	0	0	1659018739207
1705	576	0	0	0	0	0	0	1659018740227
1699	576	0	0	0	0	0	0	1659018741247
1695	575	0	0	0	0	0	0	1659018742267
1692	572	0	0	0	0	0	0	1659018743287
1690	566	0	0	0	0	0	0	1659018744307
1689	561	0	0	0	0	0	0	1659018745327
1688	557	0	0	0	0	0	0	1659018746347
1688	556	0	0	0	0	0	0	1659018747367
1689	556	0	0	0	0	0	0	1659018748387
1690	556	0	0	0	0	0	0	1659018749407
1691	555	0	0	0	0	0	0	1659018750427
1690	555	0	0	0	0	0	0	1659018751447
1690	554	0	0	0	0	0	0	1659018752467
1690	554	0	0	0	0	0	0	1659018753487
1690	554	0	0	0	0	0	0	1659018754507
1691	553	0	0	0	0	0	0	1659018755527
1690	552	0	0	0	0	0	0	1659018756547
1690	552	0	0	0	0	0	0	1659018757567
1690	552	0	0	0	0	0	0	1659018758587
1689	552	0	0	0	0	0	0	1659018759607
1688	552	0	0	0	0	0	0	1659018760627
1687	552	0	0	0	0	0	0	1659018761647
1687	553	0	0	0	0	0	0	1659018762667
1687	553	0	0	0	0	0	0	1659018763687
1687	552	0	0	0	0	0	0	1659018764707
1687	552	0	0	0	0	0	0	1659018765727
1687	552	0	0	0	0	0	0	1659018766747
1687	552	0	0	0	0	0	0	1659018767767
1687	552	0	0	0	0	0	0	1659018768787
1687	552	0	0	0	0	0	0	1659018769807
1687	552	0	0	0	0	0	0	1659018770827
1687	552	0	0	0	0	0	0	1659018771847
1687	552	0	0	0	0	0	0	1659018772867
1687	552	0	0	0	0	0	0	1659018773887
1687	552	0	0	0	0	0	0	1659018774907
1687	552	0	0	0	0	0	0	1659018775927
1687	552	0	0	0	0	0	0	1659018776947
1687	552	0	0	0	0	0	0	1659018777967
1687	552	0	0	0	0	0	0	1659018778987
1687	552	0	0	0	0	0	0	1659018780007
1687	552	0	0	0	0	0	0	1659018781027
1687	552	0	0	0	0	0	0	1659018782047
1687	552	0	0	0	0	0	0	1659018783067
1687	552	0	0	0	0	0	0	1659018784087
1687	552	0	0	0	0	0	0	1659018785107
1687	552	0	0	0	0	0	0	1659018786127
1687	552	0	0	0	0	0	0	1659018787147
1687	552	0	0	0	0	0	0	1659018788167
1687	552	0	0	0	0	0	0	1659018789187
1687	552	0	0	0	0	0	0	1659018790207
1687	552	0	0	0	0	0	0	1659018791227
1687	552	0	0	0	0	0	0	1659018792247
1687	552	0	0	0	0	0	0	1659018793267
1687	552	0	0	0	0	0	0	1659018794287
1687	552	0	0	0	0	0	0	1659018795307
1687	552	0	0	0	0	0	0	1659018796327
1687	552	0	0	0	0	0	0	1659018797347
1687	552	0	0	0	0	0	0	1659018798367
1687	552	0	0	0	0	0	0	1659018799387
1687	552	0	0	0	0	0	0	1659018800407
1687	552	0	0	0	0	0	0	1659018801427
1687	552	0	0	0	0	0	0	1659018802447
1687	552	0	0	0	0	0	0	1659018803467
1687	552	0	0	0	0	0	0	1659018804487
1687	552	0	0	0	0	0	0	1659018805507
1687	552	0	0	0	0	0	0	1659018806527
1687	552	0	0	0	0	0	0	1659018807547
1687	552	0	0	0	0	0	0	1659018808567
1687	552	0	0	0	0	0	0	1659018809587
1687	552	0	0	0	0	0	0	1659018810607
1687	552	0	0	0	0	0	0	1659018811627
1687	552	0	0	0	0	0	0	1659018812647
1687	552	0	0	0	0	0	0	1659018813667
1687	552	0	0	0	0	0	0	1659018814687
1687	552	0	0	0	0	0	0	1659018815707
1687	552	0	0	0	0	0	0	1659018816727
1687	552	0	0	0	0	0	0	1659018817747
1687	552	0	0	0	0	0	0	1659018818767
1687	552	0	0	0	0	0	0	1659018819787
1687	552	0	0	0	0	0	0	1659018820807
1687	552	0	0	0	0	0	0	1659018821827
1687	552	0	0	0	0	0	0	1659018822847
1687	552	0	0	0	0	0	0	1659018823867
1687	552	0	0	0	0	0	0	1659018824887
1687	552	0	0	0	0	0	0	1659018825907
1687	552	0	0	0	0	0	0	1659018826927
1687	552	0	0	0	0	0	0	1659018827947
1687	552	0	0	0	0	0	0	1659018828967
1687	552	0	0	0	0	0	0	1659018829987
1687	552	0	0	0	0	0	0	1659018831007
1687	552	0	0	0	0	0	0	1659018832027
1687	552	0	0	0	0	0	0	1659018833047
1687	552	0	0	0	0	0	0	1659018834067
1687	552	0	0	0	0	0	0	1659018835087
1687	552	0	0	0	0	0	0	1659018836107
1687	552	0	0	0	0	0	0	1659018837127
1687	552	0	0	0	0	0	0	1659018838147
1687	552	0	0	0	0	0	0	1659018839167
1687	552	0	0	0	0	0	0	1659018840187
1687	552	0	0	0	0	0	0	1659018841207
1687	552	0	0	0	0	0	0	1659018842227
1687	552	0	0	0	0	0	0	1659018843247
1687	552	0	0	0	0	0	0	1659018844267
1687	552	0	0	0	0	0	0	1659018845287
1687	552	0	0	0	0	0	0	1659018846307
1687	552	0	0	0	0	0	0	1659018847327
1687	552	0	0	0	0	0	0	1659018848347
1687	552	0	0	0	0	0	0	1659018849367
1687	552	0	0	0	0	0	0	1659018850387
1687	552	0	0	0	0	0	0	1659018851407
1687	552	0	0	0	0	0	0	1659018852427
1687	552	0	0	0	0	0	0	1659018853447
1687	552	0	0	0	0	0	0	1659018854467
1687	552	0	0	0	0	0	0	1659018855487
1687	552	0	0	0	0	0	0	1659018856507
1687	552	0	0	0	0	0	0	1659018857527
1687	552	0	0	0	0	0	0	1659018858547
1687	552	0	0	0	0	0	0	1659018859567
1687	552	0	0	0	0	0	0	1659018860587
1687	552	0	0	0	0	0	0	1659018861607
1687	552	0	0	0	0	0	0	1659018862627
1687	552	0	0	0	0	0	0	1659018863647
1687	552	0	0	0	0	0	0	1659018864667
1687	552	0	0	0	0	0	0	1659018865687
1687	552	0	0	0	0	0	0	1659018866707
1687	552	0	0	0	0	0	0	1659018867727
1687	552	0	0	0	0	0	0	1659018868747
1687	552	0	0	0	0	0	0	1659018869767
1687	552	0	0	0	0	0	0	1659018870787
1687	552	0	0	0	0	0	0	1659018871807
1687	552	0	0	0	0	0	0	1659018872827
1687	552	0	0	0	0	0	0	1659018873847
1687	552	0	0	0	0	0	0	1659018874867
1687	552	0	0	0	0	0	0	1659018875887
1687	552	0	0	0	0	0	0	1659018876907
1687	552	0	0	0	0	0	0	1659018877927
1687	552	0	0	0	0	0	0	1659018878947
1687	552	0	0	0	0	0	0	1659018879967
1687	552	0	0	0	0	0	0	1659018880987
1687	552	0	0	0	0	0	0	1659018882007
1687	552	0	0	0	0	0	0	1659018883027
1687	552	0	0	0	0	0	0	1659018884047
1687	552	0	0	0	0	0	0	1659018885067
1687	552	0	0	0	0	0	0	1659018886087
1687	552	0	0	0	0	0	0	1659018887107
1687	552	0	0	0	0	0	0	1659018888127
1687	552	0	0	0	0	0	0	1659018889147
1687	552	0	0	0	0	0	0	1659018890167
1687	552	0	0	0	0	0	0	1659018891187
1687	552	0	0	0	0	0	0	1659018892207
1687	552	0	0	0	0	0	0	1659018893227
1687	552	0	0	0	0	0	0	1659018894247
1687	552	0	0	0	0	0	0	1659018895267
1687	552	0	0	0	0	0	0	1659018896287
1687	552	0	0	0	0	0	0	1659018897307
1687	552	0	0	0	0	0	0	1659018898327
1687	552	0	0	0	0	0	0	1659018899347
1687	552	0	0	0	0	0	0	1659018900367
1687	552	0	0	0	0	0	0	1659018901387
1687	552	0	0	0	0	0	0	1659018902407
1687	552	0	0	0	0	0	0	1659018903427
1687	552	0	0	0	0	0	0	1659018904447
1687	552	0	0	0	0	0	0	1659018905467
1687	552	0	0	0	0	0	0	1659018906487
1687	552	0	0	0	0	0	0	1659018907507
1687	552	0	0	0	0	0	0	1659018908527
1687	552	0	0	0	0	0	0	1659018909547
1687	552	0	0	0	0	0	0	1659018910567
1687	552	0	0	0	0	0	0	1659018911587
1687	552	0	0	0	0	0	0	1659018912607
1687	552	0	0	0	0	0	0	1659018913627
1687	552	0	0	0	0	0	0	1659018914647
1687	552	0	0	0	0	0	0	1659018915667
1687	552	0	0	0	0	0	0	1659018916687
1687	552	0	0	0	0	0	0	1659018917707
1687	552	0	0	0	0	0	0	1659018918727
1687	552	0	0	0	0	0	0	1659018919747
1687	552	0	0	0	0	0	0	1659018920767
1687	552	0	0	0	0	0	0	1659018921787
1687	552	0	0	0	0	0	0	1659018922807
1687	552	0	0	0	0	0	0	1659018923827
1687	552	0	0	0	0	0	0	1659018924847
1687	552	0	0	0	0	0	0	1659018925867
1687	552	0	0	0	0	0	0	1659018926887
1687	552	0	0	0	0	0	0	1659018927907
1687	552	0	0	0	0	0	0	1659018928927
1687	552	0	0	0	0	0	0	1659018929947
1687	552	0	0	0	0	0	0	1659018930967
1687	552	0	0	0	0	0	0	1659018931987
1687	552	0	0	0	0	0	0	1659018933007
1687	552	0	0	0	0	0	0	1659018934027
1687	552	0	0	0	0	0	0	1659018935047
1687	552	0	0	0	0	0	0	1659018936067
1687	552	0	0	0	0	0	0	1659018937087
1687	552	0	0	0	0	0	0	1659018938107
1687	552	0	0	0	0	0	0	1659018939127
1687	552	0	0	0	0	0	0	1659018940147
1687	552	0	0	0	0	0	0	1659018941167
1687	552	0	0	0	0	0	0	1659018942187
1687	552	0	0	0	0	0	0	1659018943207
1687	552	0	0	0	0	0	0	1659018944227
1687	552	0	0	0	0	0	0	1659018945247
1687	552	0	0	0	0	0	0	1659018946267
1687	552	0	0	0	0	0	0	1659018947287
1687	552	0	0	0	0	0	0	1659018948307
1687	552	0	0	0	0	0	0	1659018949327
1687	552	0	0	0	0	0	0	1659018950347
1687	552	0	0	0	0	0	0	1659018951367
1687	552	0	0	0	0	0	0	1659018952387
1687	552	0	0	0	0	0	0	1659018953407
1686	552	0	0	0	0	0	0	1659018954427
1686	552	0	0	0	0	0	0	1659018955447
1686	552	0	0	0	0	0	0	1659018956467
1686	552	0	0	0	0	0	0	1659018957487
1686	552	0	0	0	0	0	0	1659018958507
1686	552	0	0	0	0	0	0	1659018959527
1686	552	0	0	0	0	0	0	1659018960547
1685	552	0	0	0	0	0	0	1659018961567
1686	552	0	0	0	0	0	0	1659018962587
1685	552	0	0	0	0	0	0	1659018963607
1685	552	0	0	0	0	0	0	1659018964627
1683	552	0	0	0	0	0	0	1659018965647
1684	552	0	0	0	0	0	0	1659018966667
1684	552	0	0	0	0	0	0	1659018967687
1685	552	0	0	0	0	0	0	1659018968707
1686	552	0	0	0	0	0	0	1659018969727
1685	552	0	0	0	0	0	0	1659018970747
1685	552	0	0	0	0	0	0	1659018971767
1683	552	0	0	0	0	0	0	1659018972787
1683	552	0	0	0	0	0	0	1659018973807
1684	552	0	0	0	0	0	0	1659018974827
1684	552	0	0	0	0	0	0	1659018975847
1684	552	0	0	0	0	0	0	1659018976867
1684	552	0	0	0	0	0	0	1659018977887
1682	552	0	0	0	0	0	0	1659018978907
1682	552	0	0	0	0	0	0	1659018979927
1682	552	0	0	0	0	0	0	1659018980947
1681	552	0	0	0	0	0	0	1659018981967
1681	552	0	0	0	0	0	0	1659018982987
1680	552	0	0	0	0	0	0	1659018984007
1681	552	0	0	0	0	0	0	1659018985027
1681	552	0	0	0	0	0	0	1659018986047
1680	552	0	0	0	0	0	0	1659018987067
1680	552	0	0	0	0	0	0	1659018988087
1680	552	0	0	0	0	0	0	1659018989107
1680	552	0	0	0	0	0	0	1659018990127
1680	552	0	0	0	0	0	0	1659018991147
1679	552	0	0	0	0	0	0	1659018992167
1678	552	0	0	0	0	0	0	1659018993187
1678	552	0	0	0	0	0	0	1659018994207
1679	552	0	0	0	0	0	0	1659018995227
1679	552	0	0	0	0	0	0	1659018996247
1679	552	0	0	0	0	0	0	1659018997267
1678	552	0	0	0	0	0	0	1659018998287
1678	552	0	0	0	0	0	0	1659018999307
1678	552	0	0	0	0	0	0	1659019000327
1678	552	0	0	0	0	0	0	1659019001347
1678	552	0	0	0	0	0	0	1659019002367
1679	552	0	0	0	0	0	0	1659019003387
1677	552	0	0	0	0	0	0	1659019004407
1677	552	0	0	0	0	0	0	1659019005427
1677	552	0	0	0	0	0	0	1659019006447
1676	552	0	0	0	0	0	0	1659019007467
1675	552	0	0	0	0	0	0	1659019008487
1675	552	0	0	0	0	0	0	1659019009507
1674	552	0	0	0	0	0	0	1659019010527
1674	552	0	0	0	0	0	0	1659019011547
1674	552	0	0	0	0	0	0	1659019012567
1674	552	0	0	0	0	0	0	1659019013587
1672	552	0	0	0	0	0	0	1659019014607
1671	552	0	0	0	0	0	0	1659019015627
1670	552	0	0	0	0	0	0	1659019016647
1671	552	0	0	0	0	0	0	1659019017667
1672	552	0	0	0	0	0	0	1659019018687
1673	552	0	0	0	0	0	0	1659019019707
1672	552	0	0	0	0	0	0	1659019020727
1670	552	0	0	0	0	0	0	1659019021747
1669	552	0	0	0	0	0	0	1659019022767
1670	552	0	0	0	0	0	0	1659019023787
1671	552	0	0	0	0	0	0	1659019024807
1670	552	0	0	0	0	0	0	1659019025827
1670	552	0	0	0	0	0	0	1659019026847
1669	552	0	0	0	0	0	0	1659019027867
1669	552	0	0	0	0	0	0	1659019028887
1668	552	0	0	0	0	0	0	1659019029907
1668	552	0	0	0	0	0	0	1659019030927
1666	552	0	0	0	0	0	0	1659019031947
1665	552	0	0	0	0	0	0	1659019032967
1666	552	0	0	0	0	0	0	1659019033987
1666	552	0	0	0	0	0	0	1659019035007
1667	552	0	0	0	0	0	0	1659019036027
1666	552	0	0	0	0	0	0	1659019037047
1665	552	0	0	0	0	0	0	1659019038067
1665	552	0	0	0	0	0	0	1659019039087
1665	552	0	0	0	0	0	0	1659019040107
1665	552	0	0	0	0	0	0	1659019041127
1664	552	0	0	0	0	0	0	1659019042147
1664	552	0	0	0	0	0	0	1659019043167
1663	552	0	0	0	0	0	0	1659019044187
1662	552	0	0	0	0	0	0	1659019045207
1661	551	0	0	0	0	0	0	1659019046227
1661	551	0	0	0	0	0	0	1659019047247
1661	551	0	0	0	0	0	0	1659019048267
1661	551	0	0	0	0	0	0	1659019049287
1661	551	0	0	0	0	0	0	1659019050307
1661	551	0	0	0	0	0	0	1659019051327
1661	551	0	0	0	0	0	0	1659019052347
1662	551	0	0	0	0	0	0	1659019053367
1663	551	0	0	0	0	0	0	1659019054387
1663	551	0	0	0	0	0	0	1659019055407
1662	551	0	0	0	0	0	0	1659019056427
1661	551	0	0	0	0	0	0	1659019057447
1661	551	0	0	0	0	0	0	1659019058467
1661	551	0	0	0	0	0	0	1659019059487
1662	551	0	0	0	0	0	0	1659019060507
1662	551	0	0	0	0	0	0	1659019061527
1662	551	0	0	0	0	0	0	1659019062547
1663	551	0	0	0	0	0	0	1659019063567
1663	551	0	0	0	0	0	0	1659019064587
1662	551	0	0	0	0	0	0	1659019065607
1662	551	0	0	0	0	0	0	1659019066627
1662	551	0	0	0	0	0	0	1659019067647
1661	551	0	0	0	0	0	0	1659019068667
1661	551	0	0	0	0	0	0	1659019069687
1661	551	0	0	0	0	0	0	1659019070707
1660	551	0	0	0	0	0	0	1659019071727
1661	551	0	0	0	0	0	0	1659019072747
1661	551	0	0	0	0	0	0	1659019073767
1661	551	0	0	0	0	0	0	1659019074787
1660	551	0	0	0	0	0	0	1659019075807
1661	550	0	0	0	0	0	0	1659019076827
1660	550	0	0	0	0	0	0	1659019077847
1660	550	0	0	0	0	0	0	1659019078867
1660	550	0	0	0	0	0	0	1659019079887
1660	550	0	0	0	0	0	0	1659019080907
1660	550	0	0	0	0	0	0	1659019081927
1660	550	0	0	0	0	0	0	1659019082947
1660	549	0	0	0	0	0	0	1659019083967
1660	549	0	0	0	0	0	0	1659019084987
1660	549	0	0	0	0	0	0	1659019086007
1660	549	0	0	0	0	0	0	1659019087027
1660	549	0	0	0	0	0	0	1659019088047
1660	549	0	0	0	0	0	0	1659019089067
1660	548	0	0	0	0	0	0	1659019090087
1660	547	0	0	0	0	0	0	1659019091107
1660	547	0	0	0	0	0	0	1659019092127
1659	548	0	0	0	0	0	0	1659019093147
1659	548	0	0	0	0	0	0	1659019094167
1659	546	0	0	0	0	0	0	1659019095187
1659	545	0	0	0	0	0	0	1659019096207
1659	545	0	0	0	0	0	0	1659019097227
1659	546	0	0	0	0	0	0	1659019098247
1659	546	0	0	0	0	0	0	1659019099267
1659	546	0	0	0	0	0	0	1659019100287
1659	545	0	0	0	0	0	0	1659019101307
1659	545	0	0	0	0	0	0	1659019102327
1659	546	0	0	0	0	0	0	1659019103347
1659	546	0	0	0	0	0	0	1659019104367
1659	545	0	0	0	0	0	0	1659019105387
1659	544	0	0	0	0	0	0	1659019106407
1659	545	0	0	0	0	0	0	1659019107427
1659	544	0	0	0	0	0	0	1659019108447
1659	544	0	0	0	0	0	0	1659019109467
1659	544	0	0	0	0	0	0	1659019110487
1659	543	0	0	0	0	0	0	1659019111507
1659	542	0	0	0	0	0	0	1659019112527
1659	542	0	0	0	0	0	0	1659019113547
1659	542	0	0	0	0	0	0	1659019114567
1659	544	0	0	0	0	0	0	1659019115587
1659	545	0	0	0	0	0	0	1659019116607
1659	545	0	0	0	0	0	0	1659019117627
1659	544	0	0	0	0	0	0	1659019118647
1659	544	0	0	0	0	0	0	1659019119667
1659	544	0	0	0	0	0	0	1659019120687
1659	543	0	0	0	0	0	0	1659019121707
1659	541	0	0	0	0	0	0	1659019122727
1659	540	0	0	0	0	0	0	1659019123747
1659	539	0	0	0	0	0	0	1659019124767
1659	540	0	0	0	0	0	0	1659019125787
1659	538	0	0	0	0	0	0	1659019126807
1659	541	0	0	0	0	0	0	1659019127827
1659	539	0	0	0	0	0	0	1659019128847
1659	538	0	0	0	0	0	0	1659019129867
1659	539	0	0	0	0	0	0	1659019130887
1659	539	0	0	0	0	0	0	1659019131907
1659	540	0	0	0	0	0	0	1659019132927
1659	537	0	0	0	0	0	0	1659019133947
1659	538	0	0	0	0	0	0	1659019134967
1659	538	0	0	0	0	0	0	1659019135987
1659	536	0	0	0	0	0	0	1659019137007
1659	534	0	0	0	0	0	0	1659019138027
1659	535	0	0	0	0	0	0	1659019139047
1659	536	0	0	0	0	0	0	1659019140067
1659	536	0	0	0	0	0	0	1659019141087
1659	534	0	0	0	0	0	0	1659019142107
1659	534	0	0	0	0	0	0	1659019143127
1659	535	0	0	0	0	0	0	1659019144147
1659	534	0	0	0	0	0	0	1659019145167
1659	535	0	0	0	0	0	0	1659019146187
1659	534	0	0	0	0	0	0	1659019147207
1659	533	0	0	0	0	0	0	1659019148227
1659	531	0	0	0	0	0	0	1659019149247
1659	529	0	0	0	0	0	0	1659019150267
1659	530	0	0	0	0	0	0	1659019151287
1659	531	0	0	0	0	0	0	1659019152307
1659	530	0	0	0	0	0	0	1659019153327
1659	531	0	0	0	0	0	0	1659019154347
1659	532	0	0	0	0	0	0	1659019155367
1659	531	0	0	0	0	0	0	1659019156387
1659	530	0	0	0	0	0	0	1659019157407
1659	528	0	0	0	0	0	0	1659019158427
1659	528	0	0	0	0	0	0	1659019159447
1659	529	0	0	0	0	0	0	1659019160467
1659	528	0	0	0	0	0	0	1659019161487
1659	528	0	0	0	0	0	0	1659019162507
1659	528	0	0	0	0	0	0	1659019163527
1659	528	0	0	0	0	0	0	1659019164547
1659	528	0	0	0	0	0	0	1659019165567
1659	528	0	0	0	0	0	0	1659019166587
1659	528	0	0	0	0	0	0	1659019167607
1659	527	0	0	0	0	0	0	1659019168627
1659	527	0	0	0	0	0	0	1659019169647
1659	526	0	0	0	0	0	0	1659019170667
1659	526	0	0	0	0	0	0	1659019171687
1659	526	0	0	0	0	0	0	1659019172707
1659	527	0	0	0	0	0	0	1659019173727
1659	527	0	0	0	0	0	0	1659019174747
1659	526	0	0	0	0	0	0	1659019175767
1659	526	0	0	0	0	0	0	1659019176787
1659	527	0	0	0	0	0	0	1659019177807
1659	526	0	0	0	0	0	0	1659019178827
1659	526	0	0	0	0	0	0	1659019179847
1659	526	0	0	0	0	0	0	1659019180867
1659	530	0	0	0	0	0	0	1659019181887
1659	528	0	0	0	0	0	0	1659019182907
1659	527	0	0	0	0	0	0	1659019183927
1659	526	0	0	0	0	0	0	1659019184947
1659	526	0	0	0	0	0	0	1659019185967
1659	525	0	0	0	0	0	0	1659019186987
1659	525	0	0	0	0	0	0	1659019188007
1659	526	0	0	0	0	0	0	1659019189027
1659	526	0	0	0	0	0	0	1659019190047
1659	526	0	0	0	0	0	0	1659019191067
1659	526	0	0	0	0	0	0	1659019192087
1659	526	0	0	0	0	0	0	1659019193107
1659	526	0	0	0	0	0	0	1659019194127
1659	526	0	0	0	0	0	0	1659019195147
1659	525	0	0	0	0	0	0	1659019196167
1659	525	0	0	0	0	0	0	1659019197187
1659	525	0	0	0	0	0	0	1659019198207
1659	525	0	0	0	0	0	0	1659019199227
1659	525	0	0	0	0	0	0	1659019200247
1659	525	0	0	0	0	0	0	1659019201267
1659	525	0	0	0	0	0	0	1659019202287
1659	525	0	0	0	0	0	0	1659019203307
1659	525	0	0	0	0	0	0	1659019204327
1659	525	0	0	0	0	0	0	1659019205347
1659	525	0	0	0	0	0	0	1659019206367
1659	525	0	0	0	0	0	0	1659019207387
1659	525	0	0	0	0	0	0	1659019208407
1659	525	0	0	0	0	0	0	1659019209427
1659	525	0	0	0	0	0	0	1659019210447
1659	525	0	0	0	0	0	0	1659019211467
1659	525	0	0	0	0	0	0	1659019212487
1659	525	0	0	0	0	0	0	1659019213507
1659	525	0	0	0	0	0	0	1659019214527
1659	525	0	0	0	0	0	0	1659019215547
1659	525	0	0	0	0	0	0	1659019216567
1659	525	0	0	0	0	0	0	1659019217587
1659	525	0	0	0	0	0	0	1659019218607
1659	525	0	0	0	0	0	0	1659019219627
1659	525	0	0	0	0	0	0	1659019220647
1659	525	0	0	0	0	0	0	1659019221667
1659	525	0	0	0	0	0	0	1659019222687
1659	525	0	0	0	0	0	0	1659019223707
1659	525	0	0	0	0	0	0	1659019224727
1659	525	0	0	0	0	0	0	1659019225747
1659	525	0	0	0	0	0	0	1659019226767
1659	526	0	0	0	0	0	0	1659019227787
1659	525	0	0	0	0	0	0	1659019228807
1659	525	0	0	0	0	0	0	1659019229827
1659	525	0	0	0	0	0	0	1659019230847
1659	524	0	0	0	0	0	0	1659019231867
1659	524	0	0	0	0	0	0	1659019232887
1659	524	0	0	0	0	0	0	1659019233907
1659	524	0	0	0	0	0	0	1659019234927
1659	524	0	0	0	0	0	0	1659019235947
1659	524	0	0	0	0	0	0	1659019236967
1659	524	0	0	0	0	0	0	1659019237987
1659	524	0	0	0	0	0	0	1659019239007
1659	524	0	0	0	0	0	0	1659019240027
1659	524	0	0	0	0	0	0	1659019241047
1659	525	0	0	0	0	0	0	1659019242067
1659	525	0	0	0	0	0	0	1659019243087
1659	525	0	0	0	0	0	0	1659019244107
1659	525	0	0	0	0	0	0	1659019245127
1659	525	0	0	0	0	0	0	1659019246147
1659	525	0	0	0	0	0	0	1659019247167
1659	525	0	0	0	0	0	0	1659019248187
1659	525	0	0	0	0	0	0	1659019249207
1659	525	0	0	0	0	0	0	1659019250227
1659	525	0	0	0	0	0	0	1659019251247
1659	524	0	0	0	0	0	0	1659019252267
1659	524	0	0	0	0	0	0	1659019253287
1659	524	0	0	0	0	0	0	1659019254307
1659	524	0	0	0	0	0	0	1659019255327
1659	524	0	0	0	0	0	0	1659019256347
1659	524	0	0	0	0	0	0	1659019257367
1659	524	0	0	0	0	0	0	1659019258387
1659	524	0	0	0	0	0	0	1659019259407
1659	524	0	0	0	0	0	0	1659019260427
1659	524	0	0	0	0	0	0	1659019261447
1659	524	0	0	0	0	0	0	1659019262467
1659	524	0	0	0	0	0	0	1659019263487
1659	524	0	0	0	0	0	0	1659019264507
1659	524	0	0	0	0	0	0	1659019265527
1659	524	0	0	0	0	0	0	1659019266547
1659	524	0	0	0	0	0	0	1659019267567
1659	524	0	0	0	0	0	0	1659019268587
1659	524	0	0	0	0	0	0	1659019269607
1659	524	0	0	0	0	0	0	1659019270627
1659	524	0	0	0	0	0	0	1659019271647
1659	524	0	0	0	0	0	0	1659019272667
1659	524	0	0	0	0	0	0	1659019273687
1659	524	0	0	0	0	0	0	1659019274707
1659	524	0	0	0	0	0	0	1659019275727
1659	524	0	0	0	0	0	0	1659019276747
1659	524	0	0	0	0	0	0	1659019277767
1659	524	0	0	0	0	0	0	1659019278787
1659	524	0	0	0	0	0	0	1659019279807
1659	524	0	0	0	0	0	0	1659019280827
1659	524	0	0	0	0	0	0	1659019281847
1659	524	0	0	0	0	0	0	1659019282867
1659	524	0	0	0	0	0	0	1659019283887
1659	524	0	0	0	0	0	0	1659019284907
1659	524	0	0	0	0	0	0	1659019285927
1659	524	0	0	0	0	0	0	1659019286947
1659	524	0	0	0	0	0	0	1659019287967
1659	524	0	0	0	0	0	0	1659019288987
1659	524	0	0	0	0	0	0	1659019290007
1659	524	0	0	0	0	0	0	1659019291027
1659	524	0	0	0	0	0	0	1659019292047
1659	524	0	0	0	0	0	0	1659019293067
1659	524	0	0	0	0	0	0	1659019294087
1659	524	0	0	0	0	0	0	1659019295107
1659	524	0	0	0	0	0	0	1659019296127
1659	524	0	0	0	0	0	0	1659019297147
1659	524	0	0	0	0	0	0	1659019298167
1659	524	0	0	0	0	0	0	1659019299187
1659	524	0	0	0	0	0	0	1659019300207
1659	524	0	0	0	0	0	0	1659019301227
1659	524	0	0	0	0	0	0	1659019302247
1659	524	0	0	0	0	0	0	1659019303267
1659	524	0	0	0	0	0	0	1659019304287
1659	524	0	0	0	0	0	0	1659019305307
1659	524	0	0	0	0	0	0	1659019306327
1659	524	0	0	0	0	0	0	1659019307347
1659	524	0	0	0	0	0	0	1659019308367
1659	524	0	0	0	0	0	0	1659019309387
1659	524	0	0	0	0	0	0	1659019310407
1659	524	0	0	0	0	0	0	1659019311427
1659	524	0	0	0	0	0	0	1659019312447
1659	524	0	0	0	0	0	0	1659019313467
1659	524	0	0	0	0	0	0	1659019314487
1659	524	0	0	0	0	0	0	1659019315507
1659	524	0	0	0	0	0	0	1659019316527
1659	524	0	0	0	0	0	0	1659019317547
1659	524	0	0	0	0	0	0	1659019318567
1659	524	0	0	0	0	0	0	1659019319587
1659	524	0	0	0	0	0	0	1659019320607
1659	524	0	0	0	0	0	0	1659019321627
1659	524	0	0	0	0	0	0	1659019322647
1659	524	0	0	0	0	0	0	1659019323667
1659	524	0	0	0	0	0	0	1659019324687
1659	524	0	0	0	0	0	0	1659019325707
1659	524	0	0	0	0	0	0	1659019326727
1659	524	0	0	0	0	0	0	1659019327747
1659	524	0	0	0	0	0	0	1659019328767
1659	524	0	0	0	0	0	0	1659019329787
1659	524	0	0	0	0	0	0	1659019330807
1659	524	0	0	0	0	0	0	1659019331827
1659	524	0	0	0	0	0	0	1659019332847
1659	524	0	0	0	0	0	0	1659019333867
1659	524	0	0	0	0	0	0	1659019334887
1659	524	0	0	0	0	0	0	1659019335907
1659	524	0	0	0	0	0	0	1659019336927
1659	524	0	0	0	0	0	0	1659019337947
1659	524	0	0	0	0	0	0	1659019338967
1659	524	0	0	0	0	0	0	1659019339987
1659	524	0	0	0	0	0	0	1659019341007
1659	524	0	0	0	0	0	0	1659019342027
1659	524	0	0	0	0	0	0	1659019343047
1659	524	0	0	0	0	0	0	1659019344067
1659	524	0	0	0	0	0	0	1659019345087
1659	524	0	0	0	0	0	0	1659019346107
1659	524	0	0	0	0	0	0	1659019347127
1659	524	0	0	0	0	0	0	1659019348147
1659	524	0	0	0	0	0	0	1659019349167
1659	524	0	0	0	0	0	0	1659019350187
1659	524	0	0	0	0	0	0	1659019351207
1659	524	0	0	0	0	0	0	1659019352227
1659	524	0	0	0	0	0	0	1659019353247
1659	524	0	0	0	0	0	0	1659019354267
1659	524	0	0	0	0	0	0	1659019355287
1659	524	0	0	0	0	0	0	1659019356307
1659	524	0	0	0	0	0	0	1659019357327
1659	524	0	0	0	0	0	0	1659019358347
1659	524	0	0	0	0	0	0	1659019359367
1659	524	0	0	0	0	0	0	1659019360387
1659	524	0	0	0	0	0	0	1659019361407
1659	524	0	0	0	0	0	0	1659019362427
1659	524	0	0	0	0	0	0	1659019363447
1659	524	0	0	0	0	0	0	1659019364467
1659	524	0	0	0	0	0	0	1659019365487
1659	524	0	0	0	0	0	0	1659019366507
1659	524	0	0	0	0	0	0	1659019367527
1659	524	0	0	0	0	0	0	1659019368547
1659	524	0	0	0	0	0	0	1659019369567
1659	524	0	0	0	0	0	0	1659019370587
1659	524	0	0	0	0	0	0	1659019371607
1659	524	0	0	0	0	0	0	1659019372627
1659	524	0	0	0	0	0	0	1659019373647
1659	524	0	0	0	0	0	0	1659019374667
1659	524	0	0	0	0	0	0	1659019375687
1659	524	0	0	0	0	0	0	1659019376707
1659	524	0	0	0	0	0	0	1659019377727
1659	524	0	0	0	0	0	0	1659019378747
1659	524	0	0	0	0	0	0	1659019379767
1659	524	0	0	0	0	0	0	1659019380787
1659	524	0	0	0	0	0	0	1659019381807
1659	524	0	0	0	0	0	0	1659019382827
1659	524	0	0	0	0	0	0	1659019383847
1659	524	0	0	0	0	0	0	1659019384867
1659	524	0	0	0	0	0	0	1659019385887
1659	524	0	0	0	0	0	0	1659019386907
1659	524	0	0	0	0	0	0	1659019387927
1659	524	0	0	0	0	0	0	1659019388947
1659	524	0	0	0	0	0	0	1659019389967
1659	524	0	0	0	0	0	0	1659019390987
1659	524	0	0	0	0	0	0	1659019392007
1659	524	0	0	0	0	0	0	1659019393027
1659	524	0	0	0	0	0	0	1659019394047
1659	524	0	0	0	0	0	0	1659019395067
1659	524	0	0	0	0	0	0	1659019396087
1659	524	0	0	0	0	0	0	1659019397107
1659	524	0	0	0	0	0	0	1659019398127
1659	524	0	0	0	0	0	0	1659019399147
1659	524	0	0	0	0	0	0	1659019400167
1659	524	0	0	0	0	0	0	1659019401187
1659	524	0	0	0	0	0	0	1659019402207
1659	524	0	0	0	0	0	0	1659019403227
1659	524	0	0	0	0	0	0	1659019404247
1659	524	0	0	0	0	0	0	1659019405267
1659	524	0	0	0	0	0	0	1659019406287
1659	524	0	0	0	0	0	0	1659019407307
1659	524	0	0	0	0	0	0	1659019408327
1659	524	0	0	0	0	0	0	1659019409347
1659	524	0	0	0	0	0	0	1659019410367
1659	524	0	0	0	0	0	0	1659019411387
1659	524	0	0	0	0	0	0	1659019412407
1659	524	0	0	0	0	0	0	1659019413427
1659	524	0	0	0	0	0	0	1659019414447
1659	524	0	0	0	0	0	0	1659019415467
1659	524	0	0	0	0	0	0	1659019416487
1659	524	0	0	0	0	0	0	1659019417507
1659	524	0	0	0	0	0	0	1659019418527
1659	524	0	0	0	0	0	0	1659019419547
1659	524	0	0	0	0	0	0	1659019420567
1659	524	0	0	0	0	0	0	1659019421587
1659	524	0	0	0	0	0	0	1659019422607
1659	524	0	0	0	0	0	0	1659019423627
1659	524	0	0	0	0	0	0	1659019424647
1659	524	0	0	0	0	0	0	1659019425667
1659	524	0	0	0	0	0	0	1659019426687
1659	524	0	0	0	0	0	0	1659019427707
1659	524	0	0	0	0	0	0	1659019428727
1659	524	0	0	0	0	0	0	1659019429747
1659	524	0	0	0	0	0	0	1659019430767
1659	524	0	0	0	0	0	0	1659019431787
1659	524	0	0	0	0	0	0	1659019432807
1659	524	0	0	0	0	0	0	1659019433827
1659	524	0	0	0	0	0	0	1659019434847
1659	524	0	0	0	0	0	0	1659019435867
1659	524	0	0	0	0	0	0	1659019436887
1659	524	0	0	0	0	0	0	1659019437907
1659	524	0	0	0	0	0	0	1659019438927
1659	524	0	0	0	0	0	0	1659019439947
1659	524	0	0	0	0	0	0	1659019440967
1659	524	0	0	0	0	0	0	1659019441987
1659	524	0	0	0	0	0	0	1659019443007
1659	524	0	0	0	0	0	0	1659019444027
1659	524	0	0	0	0	0	0	1659019445047
1659	524	0	0	0	0	0	0	1659019446067
1659	524	0	0	0	0	0	0	1659019447087
1659	524	0	0	0	0	0	0	1659019448107
1659	524	0	0	0	0	0	0	1659019449127
1659	524	0	0	0	0	0	0	1659019450147
1659	524	0	0	0	0	0	0	1659019451167
1659	524	0	0	0	0	0	0	1659019452187
1659	524	0	0	0	0	0	0	1659019453207
1659	524	0	0	0	0	0	0	1659019454227
1659	524	0	0	0	0	0	0	1659019455247
1659	524	0	0	0	0	0	0	1659019456267
1659	524	0	0	0	0	0	0	1659019457287
1659	524	0	0	0	0	0	0	1659019458307
1659	524	0	0	0	0	0	0	1659019459327
1659	524	0	0	0	0	0	0	1659019460347
1659	524	0	0	0	0	0	0	1659019461367
1659	524	0	0	0	0	0	0	1659019462387
1659	524	0	0	0	0	0	0	1659019463407
1659	524	0	0	0	0	0	0	1659019464427
1659	524	0	0	0	0	0	0	1659019465447
1659	524	0	0	0	0	0	0	1659019466467
1659	524	0	0	0	0	0	0	1659019467487
1659	524	0	0	0	0	0	0	1659019468507
1659	524	0	0	0	0	0	0	1659019469527
1659	524	0	0	0	0	0	0	1659019470547
1659	524	0	0	0	0	0	0	1659019471567
1659	524	0	0	0	0	0	0	1659019472587
1659	524	0	0	0	0	0	0	1659019473607
1659	524	0	0	0	0	0	0	1659019474627
1659	524	0	0	0	0	0	0	1659019475647
1659	524	0	0	0	0	0	0	1659019476667
1659	524	0	0	0	0	0	0	1659019477687
1659	524	0	0	0	0	0	0	1659019478707
1659	524	0	0	0	0	0	0	1659019479727
1659	524	0	0	0	0	0	0	1659019480747
1659	524	0	0	0	0	0	0	1659019481767
1659	524	0	0	0	0	0	0	1659019482787
1659	524	0	0	0	0	0	0	1659019483807
1659	524	0	0	0	0	0	0	1659019484827
1659	524	0	0	0	0	0	0	1659019485847
1659	524	0	0	0	0	0	0	1659019486867
1659	524	0	0	0	0	0	0	1659019487887
1659	524	0	0	0	0	0	0	1659019488907
1659	524	0	0	0	0	0	0	1659019489927
1659	524	0	0	0	0	0	0	1659019490947
1660	524	0	0	0	0	0	0	1659019491967
1660	524	0	0	0	0	0	0	1659019492987
1660	524	0	0	0	0	0	0	1659019494007
1660	524	0	0	0	0	0	0	1659019495027
1660	524	0	0	0	0	0	0	1659019496047
1660	524	0	0	0	0	0	0	1659019497067
1660	524	0	0	0	0	0	0	1659019498087
1660	524	0	0	0	0	0	0	1659019499107
1660	524	0	0	0	0	0	0	1659019500127
1660	524	0	0	0	0	0	0	1659019501147
1659	524	0	0	0	0	0	0	1659019502167
1659	524	0	0	0	0	0	0	1659019503187
1659	524	0	0	0	0	0	0	1659019504207
1659	524	0	0	0	0	0	0	1659019505227
1659	524	0	0	0	0	0	0	1659019506247
1659	524	0	0	0	0	0	0	1659019507267
1659	524	0	0	0	0	0	0	1659019508287
1659	524	0	0	0	0	0	0	1659019509307
1660	524	0	0	0	0	0	0	1659019510327
1660	524	0	0	0	0	0	0	1659019511347
1660	524	0	0	0	0	0	0	1659019512367
1660	524	0	0	0	0	0	0	1659019513387
1660	524	0	0	0	0	0	0	1659019514407
1659	524	0	0	0	0	0	0	1659019515427
1659	524	0	0	0	0	0	0	1659019516447
1659	524	0	0	0	0	0	0	1659019517467
1660	524	0	0	0	0	0	0	1659019518487
1660	524	0	0	0	0	0	0	1659019519507
1660	524	0	0	0	0	0	0	1659019520527
1660	524	0	0	0	0	0	0	1659019521547
1660	524	0	0	0	0	0	0	1659019522567
1660	524	0	0	0	0	0	0	1659019523587
1660	524	0	0	0	0	0	0	1659019524607
1660	524	0	0	0	0	0	0	1659019525627
1660	524	0	0	0	0	0	0	1659019526647
1660	524	0	0	0	0	0	0	1659019527667
1660	524	0	0	0	0	0	0	1659019528687
1660	524	0	0	0	0	0	0	1659019529707
1659	524	0	0	0	0	0	0	1659019530727
1659	524	0	0	0	0	0	0	1659019531747
1660	524	0	0	0	0	0	0	1659019532767
1660	524	0	0	0	0	0	0	1659019533787
1660	524	0	0	0	0	0	0	1659019534807
1660	524	0	0	0	0	0	0	1659019535827
1660	524	0	0	0	0	0	0	1659019536847
1660	524	0	0	0	0	0	0	1659019537867
1660	524	0	0	0	0	0	0	1659019538887
1660	524	0	0	0	0	0	0	1659019539907
1660	524	0	0	0	0	0	0	1659019540927
1660	524	0	0	0	0	0	0	1659019541947
1660	524	0	0	0	0	0	0	1659019542967
1660	524	0	0	0	0	0	0	1659019543987
1660	524	0	0	0	0	0	0	1659019545007
1660	524	0	0	0	0	0	0	1659019546027
1660	524	0	0	0	0	0	0	1659019547047
1660	524	0	0	0	0	0	0	1659019548067
1660	524	0	0	0	0	0	0	1659019549087
1660	524	0	0	0	0	0	0	1659019550107
1660	524	0	0	0	0	0	0	1659019551127
1660	524	0	0	0	0	0	0	1659019552147
1660	524	0	0	0	0	0	0	1659019553167
1661	524	0	0	0	0	0	0	1659019554187
1661	524	0	0	0	0	0	0	1659019555207
1661	524	0	0	0	0	0	0	1659019556227
1660	524	0	0	0	0	0	0	1659019557247
1660	524	0	0	0	0	0	0	1659019558267
1660	524	0	0	0	0	0	0	1659019559287
1660	524	0	0	0	0	0	0	1659019560307
1660	524	0	0	0	0	0	0	1659019561327
1660	524	0	0	0	0	0	0	1659019562347
1660	524	0	0	0	0	0	0	1659019563367
1660	524	0	0	0	0	0	0	1659019564387
1660	524	0	0	0	0	0	0	1659019565407
1660	524	0	0	0	0	0	0	1659019566427
1660	524	0	0	0	0	0	0	1659019567447
1660	524	0	0	0	0	0	0	1659019568467
1661	524	0	0	0	0	0	0	1659019569487
1661	524	0	0	0	0	0	0	1659019570507
1661	524	0	0	0	0	0	0	1659019571527
1660	524	0	0	0	0	0	0	1659019572547
1660	524	0	0	0	0	0	0	1659019573567
1660	524	0	0	0	0	0	0	1659019574587
1660	524	0	0	0	0	0	0	1659019575607
1660	524	0	0	0	0	0	0	1659019576627
1661	524	0	0	0	0	0	0	1659019577647
1661	524	0	0	0	0	0	0	1659019578667
1660	524	0	0	0	0	0	0	1659019579687
1660	524	0	0	0	0	0	0	1659019580707
1660	524	0	0	0	0	0	0	1659019581727
1660	524	0	0	0	0	0	0	1659019582747
1661	524	0	0	0	0	0	0	1659019583767
1661	524	0	0	0	0	0	0	1659019584787
1661	524	0	0	0	0	0	0	1659019585807
1660	524	0	0	0	0	0	0	1659019586827
1660	524	0	0	0	0	0	0	1659019587847
1660	524	0	0	0	0	0	0	1659019588867
1661	524	0	0	0	0	0	0	1659019589887
1661	524	0	0	0	0	0	0	1659019590907
1661	524	0	0	0	0	0	0	1659019591927
1661	524	0	0	0	0	0	0	1659019592947
1662	524	0	0	0	0	0	0	1659019593967
1662	524	0	0	0	0	0	0	1659019594987
1662	524	0	0	0	0	0	0	1659019596007
1661	524	0	0	0	0	0	0	1659019597027
1661	524	0	0	0	0	0	0	1659019598047
1661	524	0	0	0	0	0	0	1659019599067
1662	524	0	0	0	0	0	0	1659019600087
1661	524	0	0	0	0	0	0	1659019601107
1661	524	0	0	0	0	0	0	1659019602127
1661	524	0	0	0	0	0	0	1659019603147
1661	524	0	0	0	0	0	0	1659019604167
1661	524	0	0	0	0	0	0	1659019605187
1662	524	0	0	0	0	0	0	1659019606207
1663	524	0	0	0	0	0	0	1659019607227
1663	524	0	0	0	0	0	0	1659019608247
1663	524	0	0	0	0	0	0	1659019609267
1663	524	0	0	0	0	0	0	1659019610287
1662	524	0	0	0	0	0	0	1659019611307
