3952	2264	0	0	0	0	0	0	1657037705089
3919	2254	0	0	0	0	0	0	1657037706109
3883	2240	0	0	0	0	0	0	1657037707129
3847	2232	0	0	0	0	0	0	1657037708149
3810	2227	0	0	0	0	0	0	1657037709169
3777	2224	0	0	0	0	0	0	1657037710189
3747	2222	0	0	0	0	0	0	1657037711209
3719	2219	0	0	0	0	0	0	1657037712229
3694	2212	0	0	0	0	0	0	1657037713249
3670	2205	0	0	0	0	0	0	1657037714269
3647	2200	0	0	0	0	0	0	1657037715289
3631	2196	0	0	0	0	0	0	1657037716309
3612	2195	0	0	0	0	0	0	1657037717329
3599	2194	0	0	0	0	0	0	1657037718349
3581	2193	0	0	0	0	0	0	1657037719369
3569	2192	0	0	0	0	0	0	1657037720389
3556	2192	0	0	0	0	0	0	1657037721409
3542	2192	0	0	0	0	0	0	1657037722429
3529	2192	0	0	0	0	0	0	1657037723449
3515	2192	0	0	0	0	0	0	1657037724469
3506	2192	0	0	0	0	0	0	1657037725489
3494	2192	0	0	0	0	0	0	1657037726509
3483	2192	0	0	0	0	0	0	1657037727529
3476	2192	0	0	0	0	0	0	1657037728549
3460	2192	0	0	0	0	0	0	1657037729569
3451	2192	0	0	0	0	0	0	1657037730589
3445	2192	0	0	0	0	0	0	1657037731609
3441	2192	0	0	0	0	0	0	1657037732629
3429	2192	0	0	0	0	0	0	1657037733649
3421	2192	0	0	0	0	0	0	1657037734669
3416	2192	0	0	0	0	0	0	1657037735689
3410	2192	0	0	0	0	0	0	1657037736709
3401	2192	0	0	0	0	0	0	1657037737729
3393	2192	0	0	0	0	0	0	1657037738749
3388	2192	0	0	0	0	0	0	1657037739769
3385	2192	0	0	0	0	0	0	1657037740789
3382	2192	0	0	0	0	0	0	1657037741809
3370	2192	0	0	0	0	0	0	1657037742829
3363	2192	0	0	0	0	0	0	1657037743849
3358	2192	0	0	0	0	0	0	1657037744869
3346	2192	0	0	0	0	0	0	1657037745889
3337	2192	0	0	0	0	0	0	1657037746909
3332	2192	0	0	0	0	0	0	1657037747929
3329	2191	0	0	0	0	0	0	1657037748949
3323	2191	0	0	0	0	0	0	1657037749969
3313	2191	0	0	0	0	0	0	1657037750989
3306	2191	0	0	0	0	0	0	1657037752009
3302	2191	0	0	0	0	0	0	1657037753029
3299	2190	0	0	0	0	0	0	1657037754049
3294	2188	0	0	0	0	0	0	1657037755069
3284	2188	0	0	0	0	0	0	1657037756089
3277	2187	0	0	0	0	0	0	1657037757109
3274	2187	0	0	0	0	0	0	1657037758129
3275	2188	0	0	0	0	0	0	1657037759149
3272	2189	0	0	0	0	0	0	1657037760169
3270	2189	0	0	0	0	0	0	1657037761189
3269	2187	0	0	0	0	0	0	1657037762209
3264	2188	0	0	0	0	0	0	1657037763229
3255	2185	0	0	0	0	0	0	1657037764249
3249	2185	0	0	0	0	0	0	1657037765269
3245	2184	0	0	0	0	0	0	1657037766289
3243	2184	0	0	0	0	0	0	1657037767309
3240	2182	0	0	0	0	0	0	1657037768329
3235	2180	0	0	0	0	0	0	1657037769349
3226	2177	0	0	0	0	0	0	1657037770369
3220	11306	0	0	0	0	0	0	1657037771389
3217	7654	0	0	0	0	0	0	1657037772409
3214	5462	0	0	0	0	0	0	1657037773429
3213	4148	0	0	0	0	0	0	1657037774449
3212	3356	0	0	0	0	0	0	1657037775469
3207	2880	0	0	0	0	0	0	1657037776489
3201	2594	0	0	0	0	0	0	1657037777509
3195	2423	0	0	0	0	0	0	1657037778529
3190	2320	0	0	0	0	0	0	1657037779549
3187	2257	0	0	0	0	0	0	1657037780569
3185	2220	0	0	0	0	0	0	1657037781589
3184	2198	0	0	0	0	0	0	1657037782609
3183	2184	0	0	0	0	0	0	1657037783629
3177	2176	0	0	0	0	0	0	1657037784649
3168	2171	0	0	0	0	0	0	1657037785669
3162	2168	0	0	0	0	0	0	1657037786689
3158	2167	0	0	0	0	0	0	1657037787709
3157	2166	0	0	0	0	0	0	1657037788729
3156	2165	0	0	0	0	0	0	1657037789749
3155	2165	0	0	0	0	0	0	1657037790769
3152	2165	0	0	0	0	0	0	1657037791789
3145	2164	0	0	0	0	0	0	1657037792809
3138	2164	0	0	0	0	0	0	1657037793829
3134	2164	0	0	0	0	0	0	1657037794849
3130	2164	0	0	0	0	0	0	1657037795869
3129	2164	0	0	0	0	0	0	1657037796889
3128	2164	0	0	0	0	0	0	1657037797909
3127	2164	0	0	0	0	0	0	1657037798929
3126	2164	0	0	0	0	0	0	1657037799949
3126	2164	0	0	0	0	0	0	1657037800969
3121	2164	0	0	0	0	0	0	1657037801989
3114	2164	0	0	0	0	0	0	1657037803009
3109	2164	0	0	0	0	0	0	1657037804029
3107	2164	0	0	0	0	0	0	1657037805049
3103	2164	0	0	0	0	0	0	1657037806069
3101	2164	0	0	0	0	0	0	1657037807089
3100	2164	0	0	0	0	0	0	1657037808109
3099	2164	0	0	0	0	0	0	1657037809129
3098	2164	0	0	0	0	0	0	1657037810149
3097	2164	0	0	0	0	0	0	1657037811169
3096	2164	0	0	0	0	0	0	1657037812189
3096	2164	0	0	0	0	0	0	1657037813209
3090	2164	0	0	0	0	0	0	1657037814229
3084	2164	0	0	0	0	0	0	1657037815249
3077	2164	0	0	0	0	0	0	1657037816269
3074	2164	0	0	0	0	0	0	1657037817289
3072	2164	0	0	0	0	0	0	1657037818309
3071	2164	0	0	0	0	0	0	1657037819329
3070	2164	0	0	0	0	0	0	1657037820349
3069	2164	0	0	0	0	0	0	1657037821369
3069	2164	0	0	0	0	0	0	1657037822389
3069	2164	0	0	0	0	0	0	1657037823409
3068	2164	0	0	0	0	0	0	1657037824429
3068	2164	0	0	0	0	0	0	1657037825449
3061	2164	0	0	0	0	0	0	1657037826469
3055	2164	0	0	0	0	0	0	1657037827489
3050	2164	0	0	0	0	0	0	1657037828509
3047	2164	0	0	0	0	0	0	1657037829529
3045	2164	0	0	0	0	0	0	1657037830549
3042	2164	0	0	0	0	0	0	1657037831569
3042	2164	0	0	0	0	0	0	1657037832589
3041	2164	0	0	0	0	0	0	1657037833609
3041	2164	0	0	0	0	0	0	1657037834629
3037	2163	0	0	0	0	0	0	1657037835649
3030	2163	0	0	0	0	0	0	1657037836669
3023	2161	0	0	0	0	0	0	1657037837689
3019	2158	0	0	0	0	0	0	1657037838709
3016	2156	0	0	0	0	0	0	1657037839729
3014	2154	0	0	0	0	0	0	1657037840749
3014	2152	0	0	0	0	0	0	1657037841769
3013	2148	0	0	0	0	0	0	1657037842789
3012	2146	0	0	0	0	0	0	1657037843809
3012	2146	0	0	0	0	0	0	1657037844829
3012	2143	0	0	0	0	0	0	1657037845849
3012	2142	0	0	0	0	0	0	1657037846869
3010	2140	0	0	0	0	0	0	1657037847889
3008	2139	0	0	0	0	0	0	1657037848909
3004	2138	0	0	0	0	0	0	1657037849929
2996	2137	0	0	0	0	0	0	1657037850949
2992	2136	0	0	0	0	0	0	1657037851969
2989	2136	0	0	0	0	0	0	1657037852989
2987	2136	0	0	0	0	0	0	1657037854009
2986	2136	0	0	0	0	0	0	1657037855029
2985	2136	0	0	0	0	0	0	1657037856049
2985	2136	0	0	0	0	0	0	1657037857069
2984	2136	0	0	0	0	0	0	1657037858089
2984	2136	0	0	0	0	0	0	1657037859109
2983	2136	0	0	0	0	0	0	1657037860129
2983	2136	0	0	0	0	0	0	1657037861149
2981	2136	0	0	0	0	0	0	1657037862169
2976	2136	0	0	0	0	0	0	1657037863189
2968	2136	0	0	0	0	0	0	1657037864209
2964	2136	0	0	0	0	0	0	1657037865229
2961	2136	0	0	0	0	0	0	1657037866249
2960	2136	0	0	0	0	0	0	1657037867269
2958	2136	0	0	0	0	0	0	1657037868289
2957	2136	0	0	0	0	0	0	1657037869309
2956	2136	0	0	0	0	0	0	1657037870329
2955	2136	0	0	0	0	0	0	1657037871349
2955	2136	0	0	0	0	0	0	1657037872369
2955	2136	0	0	0	0	0	0	1657037873389
2955	2136	0	0	0	0	0	0	1657037874409
2953	2136	0	0	0	0	0	0	1657037875429
2947	2136	0	0	0	0	0	0	1657037876449
2939	2136	0	0	0	0	0	0	1657037877469
2934	2136	0	0	0	0	0	0	1657037878489
2931	2136	0	0	0	0	0	0	1657037879509
2930	2136	0	0	0	0	0	0	1657037880529
2929	2136	0	0	0	0	0	0	1657037881549
2929	2136	0	0	0	0	0	0	1657037882569
2928	2136	0	0	0	0	0	0	1657037883589
2928	2136	0	0	0	0	0	0	1657037884609
2928	2136	0	0	0	0	0	0	1657037885629
2928	2136	0	0	0	0	0	0	1657037886649
2927	2136	0	0	0	0	0	0	1657037887669
2927	2136	0	0	0	0	0	0	1657037888689
2925	2136	0	0	0	0	0	0	1657037889709
2919	2136	0	0	0	0	0	0	1657037890729
2912	2136	0	0	0	0	0	0	1657037891749
2907	2136	0	0	0	0	0	0	1657037892769
2905	2136	0	0	0	0	0	0	1657037893789
2903	2136	0	0	0	0	0	0	1657037894809
2901	2136	0	0	0	0	0	0	1657037895829
2900	2135	0	0	0	0	0	0	1657037896849
2899	2135	0	0	0	0	0	0	1657037897869
2899	2135	0	0	0	0	0	0	1657037898889
2899	2135	0	0	0	0	0	0	1657037899909
2900	2133	0	0	0	0	0	0	1657037900929
2899	2132	0	0	0	0	0	0	1657037901949
2899	2130	0	0	0	0	0	0	1657037902969
2899	2127	0	0	0	0	0	0	1657037903989
2899	2123	0	0	0	0	0	0	1657037905009
2899	2122	0	0	0	0	0	0	1657037906029
2898	2119	0	0	0	0	0	0	1657037907049
2891	2118	0	0	0	0	0	0	1657037908069
2884	2115	0	0	0	0	0	0	1657037909089
2879	2114	0	0	0	0	0	0	1657037910109
2876	2112	0	0	0	0	0	0	1657037911129
2874	2110	0	0	0	0	0	0	1657037912149
2873	2109	0	0	0	0	0	0	1657037913169
2872	2109	0	0	0	0	0	0	1657037914189
2872	2109	0	0	0	0	0	0	1657037915209
2872	2109	0	0	0	0	0	0	1657037916229
2871	2108	0	0	0	0	0	0	1657037917249
2870	2108	0	0	0	0	0	0	1657037918269
2871	2108	0	0	0	0	0	0	1657037919289
2871	2108	0	0	0	0	0	0	1657037920309
2870	2108	0	0	0	0	0	0	1657037921329
2870	2108	0	0	0	0	0	0	1657037922349
2871	2108	0	0	0	0	0	0	1657037923369
2870	2108	0	0	0	0	0	0	1657037924389
2870	2108	0	0	0	0	0	0	1657037925409
2870	2108	0	0	0	0	0	0	1657037926429
2869	2108	0	0	0	0	0	0	1657037927449
2862	2108	0	0	0	0	0	0	1657037928469
2854	2108	0	0	0	0	0	0	1657037929489
2849	2108	0	0	0	0	0	0	1657037930509
2846	2108	0	0	0	0	0	0	1657037931529
2845	2108	0	0	0	0	0	0	1657037932549
2844	2108	0	0	0	0	0	0	1657037933569
2844	2108	0	0	0	0	0	0	1657037934589
2843	2108	0	0	0	0	0	0	1657037935609
2843	2108	0	0	0	0	0	0	1657037936629
2843	2108	0	0	0	0	0	0	1657037937649
2843	2108	0	0	0	0	0	0	1657037938669
2842	2108	0	0	0	0	0	0	1657037939689
2842	2108	0	0	0	0	0	0	1657037940709
2842	2108	0	0	0	0	0	0	1657037941729
2841	2108	0	0	0	0	0	0	1657037942749
2833	2108	0	0	0	0	0	0	1657037943769
2827	2108	0	0	0	0	0	0	1657037944789
2823	2108	0	0	0	0	0	0	1657037945809
2820	2108	0	0	0	0	0	0	1657037946829
2818	2108	0	0	0	0	0	0	1657037947849
2816	2108	0	0	0	0	0	0	1657037948869
2816	2108	0	0	0	0	0	0	1657037949889
2815	2108	0	0	0	0	0	0	1657037950909
2815	2108	0	0	0	0	0	0	1657037951929
2816	2108	0	0	0	0	0	0	1657037952949
2816	2108	0	0	0	0	0	0	1657037953969
2815	2108	0	0	0	0	0	0	1657037954989
2815	2108	0	0	0	0	0	0	1657037956009
2815	2108	0	0	0	0	0	0	1657037957029
2815	2108	0	0	0	0	0	0	1657037958049
2815	2108	0	0	0	0	0	0	1657037959069
2810	2108	0	0	0	0	0	0	1657037960089
2800	2108	0	0	0	0	0	0	1657037961109
2795	2108	0	0	0	0	0	0	1657037962129
2791	2108	0	0	0	0	0	0	1657037963149
2789	2108	0	0	0	0	0	0	1657037964169
2789	2108	0	0	0	0	0	0	1657037965189
2788	2108	0	0	0	0	0	0	1657037966209
2787	2107	0	0	0	0	0	0	1657037967229
2787	2105	0	0	0	0	0	0	1657037968249
2787	2100	0	0	0	0	0	0	1657037969269
2786	2096	0	0	0	0	0	0	1657037970289
2786	2091	0	0	0	0	0	0	1657037971309
2787	2088	0	0	0	0	0	0	1657037972329
2787	2086	0	0	0	0	0	0	1657037973349
2787	2085	0	0	0	0	0	0	1657037974369
2786	2083	0	0	0	0	0	0	1657037975389
2787	2082	0	0	0	0	0	0	1657037976409
2786	2081	0	0	0	0	0	0	1657037977429
2778	2081	0	0	0	0	0	0	1657037978449
2776	2080	0	0	0	0	0	0	1657037979469
2771	2080	0	0	0	0	0	0	1657037980489
2766	2080	0	0	0	0	0	0	1657037981509
2763	2080	0	0	0	0	0	0	1657037982529
2761	2080	0	0	0	0	0	0	1657037983549
2760	2080	0	0	0	0	0	0	1657037984569
2760	2080	0	0	0	0	0	0	1657037985589
2759	2080	0	0	0	0	0	0	1657037986609
2759	2080	0	0	0	0	0	0	1657037987629
2759	2080	0	0	0	0	0	0	1657037988649
2759	2080	0	0	0	0	0	0	1657037989669
2759	2080	0	0	0	0	0	0	1657037990689
2764	2080	0	0	0	0	0	0	1657037991709
2762	2080	0	0	0	0	0	0	1657037992729
2761	2080	0	0	0	0	0	0	1657037993749
2760	2080	0	0	0	0	0	0	1657037994769
2759	2080	0	0	0	0	0	0	1657037995789
2759	2080	0	0	0	0	0	0	1657037996809
2758	2080	0	0	0	0	0	0	1657037997829
2758	2080	0	0	0	0	0	0	1657037998849
2759	2080	0	0	0	0	0	0	1657037999869
2758	2080	0	0	0	0	0	0	1657038000889
2758	2080	0	0	0	0	0	0	1657038001909
2752	2080	0	0	0	0	0	0	1657038002929
2745	2080	0	0	0	0	0	0	1657038003949
2739	2080	0	0	0	0	0	0	1657038004969
2737	2080	0	0	0	0	0	0	1657038005989
2735	2080	0	0	0	0	0	0	1657038007009
2733	2080	0	0	0	0	0	0	1657038008029
2732	2080	0	0	0	0	0	0	1657038009049
2731	2080	0	0	0	0	0	0	1657038010069
2730	2080	0	0	0	0	0	0	1657038011089
2730	2080	0	0	0	0	0	0	1657038012109
2730	2080	0	0	0	0	0	0	1657038013129
2730	2080	0	0	0	0	0	0	1657038014149
2730	2080	0	0	0	0	0	0	1657038015169
2730	2080	0	0	0	0	0	0	1657038016189
2730	2080	0	0	0	0	0	0	1657038017209
2730	2079	0	0	0	0	0	0	1657038018229
2730	2079	0	0	0	0	0	0	1657038019249
2730	2079	0	0	0	0	0	0	1657038020269
2730	2079	0	0	0	0	0	0	1657038021289
2730	2078	0	0	0	0	0	0	1657038022309
2730	2078	0	0	0	0	0	0	1657038023329
2729	2078	0	0	0	0	0	0	1657038024349
2723	2077	0	0	0	0	0	0	1657038025369
2719	2075	0	0	0	0	0	0	1657038026389
2717	2074	0	0	0	0	0	0	1657038027409
2712	2073	0	0	0	0	0	0	1657038028429
2707	2070	0	0	0	0	0	0	1657038029449
2705	2069	0	0	0	0	0	0	1657038030469
2704	2067	0	0	0	0	0	0	1657038031489
2703	2063	0	0	0	0	0	0	1657038032509
2703	2060	0	0	0	0	0	0	1657038033529
2703	2057	0	0	0	0	0	0	1657038034549
2703	2055	0	0	0	0	0	0	1657038035569
2703	2054	0	0	0	0	0	0	1657038036589
2703	2053	0	0	0	0	0	0	1657038037609
2703	2052	0	0	0	0	0	0	1657038038629
2702	2052	0	0	0	0	0	0	1657038039649
2702	2052	0	0	0	0	0	0	1657038040669
2702	2052	0	0	0	0	0	0	1657038041689
2702	2052	0	0	0	0	0	0	1657038042709
2702	2052	0	0	0	0	0	0	1657038043729
2702	2052	0	0	0	0	0	0	1657038044749
2702	2052	0	0	0	0	0	0	1657038045769
2702	2052	0	0	0	0	0	0	1657038046789
2701	2052	0	0	0	0	0	0	1657038047809
2702	2052	0	0	0	0	0	0	1657038048829
2702	2052	0	0	0	0	0	0	1657038049849
2702	2052	0	0	0	0	0	0	1657038050869
2702	2052	0	0	0	0	0	0	1657038051889
2702	2052	0	0	0	0	0	0	1657038052909
2702	2052	0	0	0	0	0	0	1657038053929
2702	2052	0	0	0	0	0	0	1657038054949
2702	2052	0	0	0	0	0	0	1657038055969
2702	2052	0	0	0	0	0	0	1657038056989
2702	2052	0	0	0	0	0	0	1657038058009
2702	2052	0	0	0	0	0	0	1657038059029
2702	2052	0	0	0	0	0	0	1657038060049
2702	2052	0	0	0	0	0	0	1657038061069
2702	2052	0	0	0	0	0	0	1657038062089
2702	2052	0	0	0	0	0	0	1657038063109
2702	2052	0	0	0	0	0	0	1657038064129
2702	2052	0	0	0	0	0	0	1657038065149
2701	2052	0	0	0	0	0	0	1657038066169
2700	2052	0	0	0	0	0	0	1657038067189
2700	2052	0	0	0	0	0	0	1657038068209
2699	2052	0	0	0	0	0	0	1657038069229
2696	2052	0	0	0	0	0	0	1657038070249
2696	2052	0	0	0	0	0	0	1657038071269
2698	2052	0	0	0	0	0	0	1657038072289
2699	2052	0	0	0	0	0	0	1657038073309
2700	2052	0	0	0	0	0	0	1657038074329
2700	2052	0	0	0	0	0	0	1657038075349
2700	2052	0	0	0	0	0	0	1657038076369
2697	2052	0	0	0	0	0	0	1657038077389
2691	2052	0	0	0	0	0	0	1657038078409
2685	2052	0	0	0	0	0	0	1657038079429
2680	2052	0	0	0	0	0	0	1657038080449
2677	2052	0	0	0	0	0	0	1657038081469
2676	2051	0	0	0	0	0	0	1657038082489
2675	2051	0	0	0	0	0	0	1657038083509
2675	2050	0	0	0	0	0	0	1657038084529
2675	2050	0	0	0	0	0	0	1657038085549
2674	2049	0	0	0	0	0	0	1657038086569
2674	2046	0	0	0	0	0	0	1657038087589
2674	2045	0	0	0	0	0	0	1657038088609
2674	2042	0	0	0	0	0	0	1657038089629
2674	2041	0	0	0	0	0	0	1657038090649
2674	2038	0	0	0	0	0	0	1657038091669
2674	2035	0	0	0	0	0	0	1657038092689
2674	2033	0	0	0	0	0	0	1657038093709
2674	2030	0	0	0	0	0	0	1657038094729
2674	2028	0	0	0	0	0	0	1657038095749
2674	2027	0	0	0	0	0	0	1657038096769
2674	2027	0	0	0	0	0	0	1657038097789
2674	2026	0	0	0	0	0	0	1657038098809
2674	2025	0	0	0	0	0	0	1657038099829
2674	2024	0	0	0	0	0	0	1657038100849
2674	2024	0	0	0	0	0	0	1657038101869
2673	2024	0	0	0	0	0	0	1657038102889
2673	2024	0	0	0	0	0	0	1657038103909
2674	2024	0	0	0	0	0	0	1657038104929
2674	2024	0	0	0	0	0	0	1657038105949
2674	2024	0	0	0	0	0	0	1657038106969
2671	2024	0	0	0	0	0	0	1657038107989
2670	2024	0	0	0	0	0	0	1657038109009
2670	2024	0	0	0	0	0	0	1657038110029
2666	2024	0	0	0	0	0	0	1657038111049
2660	2024	0	0	0	0	0	0	1657038112069
2656	2024	0	0	0	0	0	0	1657038113089
2653	2024	0	0	0	0	0	0	1657038114109
2652	2024	0	0	0	0	0	0	1657038115129
2650	2024	0	0	0	0	0	0	1657038116149
2648	2024	0	0	0	0	0	0	1657038117169
2647	2024	0	0	0	0	0	0	1657038118189
2647	2024	0	0	0	0	0	0	1657038119209
2645	2024	0	0	0	0	0	0	1657038120229
2645	2024	0	0	0	0	0	0	1657038121249
2645	2024	0	0	0	0	0	0	1657038122269
2646	2024	0	0	0	0	0	0	1657038123289
2646	2024	0	0	0	0	0	0	1657038124309
2646	2024	0	0	0	0	0	0	1657038125329
2646	2024	0	0	0	0	0	0	1657038126349
2646	2024	0	0	0	0	0	0	1657038127369
2646	2024	0	0	0	0	0	0	1657038128389
2646	2024	0	0	0	0	0	0	1657038129409
2646	2024	0	0	0	0	0	0	1657038130429
2646	2024	0	0	0	0	0	0	1657038131449
2645	2024	0	0	0	0	0	0	1657038132469
2646	2024	0	0	0	0	0	0	1657038133489
2646	2024	0	0	0	0	0	0	1657038134509
2646	2024	0	0	0	0	0	0	1657038135529
2646	2024	0	0	0	0	0	0	1657038136549
2645	2024	0	0	0	0	0	0	1657038137569
2645	2024	0	0	0	0	0	0	1657038138589
2645	2024	0	0	0	0	0	0	1657038139609
2645	2024	0	0	0	0	0	0	1657038140629
2645	2024	0	0	0	0	0	0	1657038141649
2645	2024	0	0	0	0	0	0	1657038142669
2646	2024	0	0	0	0	0	0	1657038143689
2646	2024	0	0	0	0	0	0	1657038144709
2646	2024	0	0	0	0	0	0	1657038145729
2646	2024	0	0	0	0	0	0	1657038146749
2646	2024	0	0	0	0	0	0	1657038147769
2645	2024	0	0	0	0	0	0	1657038148789
2644	2024	0	0	0	0	0	0	1657038149809
2645	2024	0	0	0	0	0	0	1657038150829
2645	2024	0	0	0	0	0	0	1657038151849
2645	2024	0	0	0	0	0	0	1657038152869
2644	2024	0	0	0	0	0	0	1657038153889
2643	2024	0	0	0	0	0	0	1657038154909
2640	2024	0	0	0	0	0	0	1657038155929
2637	2024	0	0	0	0	0	0	1657038156949
2635	2023	0	0	0	0	0	0	1657038157969
2633	2023	0	0	0	0	0	0	1657038158989
2629	2022	0	0	0	0	0	0	1657038160009
2627	2021	0	0	0	0	0	0	1657038161029
2627	2021	0	0	0	0	0	0	1657038162049
2624	2021	0	0	0	0	0	0	1657038163069
2622	2021	0	0	0	0	0	0	1657038164089
2620	2019	0	0	0	0	0	0	1657038165109
2620	2018	0	0	0	0	0	0	1657038166129
2619	2016	0	0	0	0	0	0	1657038167149
2619	2014	0	0	0	0	0	0	1657038168169
2619	2014	0	0	0	0	0	0	1657038169189
2619	2012	0	0	0	0	0	0	1657038170209
2618	2008	0	0	0	0	0	0	1657038171229
2617	2005	0	0	0	0	0	0	1657038172249
2617	2005	0	0	0	0	0	0	1657038173269
2617	2005	0	0	0	0	0	0	1657038174289
2618	2002	0	0	0	0	0	0	1657038175309
2617	2000	0	0	0	0	0	0	1657038176329
2617	2000	0	0	0	0	0	0	1657038177349
2617	1999	0	0	0	0	0	0	1657038178369
2617	1998	0	0	0	0	0	0	1657038179389
2617	1997	0	0	0	0	0	0	1657038180409
2617	1997	0	0	0	0	0	0	1657038181429
2618	1996	0	0	0	0	0	0	1657038182449
2618	1996	0	0	0	0	0	0	1657038183469
2617	1996	0	0	0	0	0	0	1657038184489
2617	1996	0	0	0	0	0	0	1657038185509
2617	1996	0	0	0	0	0	0	1657038186529
2617	1996	0	0	0	0	0	0	1657038187549
2617	1996	0	0	0	0	0	0	1657038188569
2617	1996	0	0	0	0	0	0	1657038189589
2617	1996	0	0	0	0	0	0	1657038190609
2617	1997	0	0	0	0	0	0	1657038191629
2617	1997	0	0	0	0	0	0	1657038192649
2616	1996	0	0	0	0	0	0	1657038193669
2617	1996	0	0	0	0	0	0	1657038194689
2617	1996	0	0	0	0	0	0	1657038195709
2617	1996	0	0	0	0	0	0	1657038196729
2617	1996	0	0	0	0	0	0	1657038197749
2617	1996	0	0	0	0	0	0	1657038198769
2617	1996	0	0	0	0	0	0	1657038199789
2617	1996	0	0	0	0	0	0	1657038200809
2617	1996	0	0	0	0	0	0	1657038201829
2617	1996	0	0	0	0	0	0	1657038202849
2617	1996	0	0	0	0	0	0	1657038203869
2616	1996	0	0	0	0	0	0	1657038204889
2616	1996	0	0	0	0	0	0	1657038205909
2615	1996	0	0	0	0	0	0	1657038206929
2615	1996	0	0	0	0	0	0	1657038207949
2610	1996	0	0	0	0	0	0	1657038208969
2606	1996	0	0	0	0	0	0	1657038209989
2602	1996	0	0	0	0	0	0	1657038211009
2601	1996	0	0	0	0	0	0	1657038212029
2601	1996	0	0	0	0	0	0	1657038213049
2600	1996	0	0	0	0	0	0	1657038214069
2600	1996	0	0	0	0	0	0	1657038215089
2599	1996	0	0	0	0	0	0	1657038216109
2596	1996	0	0	0	0	0	0	1657038217129
2593	1996	0	0	0	0	0	0	1657038218149
2591	1996	0	0	0	0	0	0	1657038219169
2590	1996	0	0	0	0	0	0	1657038220189
2590	1996	0	0	0	0	0	0	1657038221209
2590	1996	0	0	0	0	0	0	1657038222229
2589	1996	0	0	0	0	0	0	1657038223249
2589	1996	0	0	0	0	0	0	1657038224269
2589	1996	0	0	0	0	0	0	1657038225289
2589	1996	0	0	0	0	0	0	1657038226309
2589	1996	0	0	0	0	0	0	1657038227329
2589	1996	0	0	0	0	0	0	1657038228349
2589	1996	0	0	0	0	0	0	1657038229369
2589	1996	0	0	0	0	0	0	1657038230389
2589	1996	0	0	0	0	0	0	1657038231409
2589	1996	0	0	0	0	0	0	1657038232429
2589	1996	0	0	0	0	0	0	1657038233449
2589	1996	0	0	0	0	0	0	1657038234469
2589	1996	0	0	0	0	0	0	1657038235489
2588	1996	0	0	0	0	0	0	1657038236509
2588	1996	0	0	0	0	0	0	1657038237529
2589	1996	0	0	0	0	0	0	1657038238549
2589	1996	0	0	0	0	0	0	1657038239569
2590	1996	0	0	0	0	0	0	1657038240589
2589	1996	0	0	0	0	0	0	1657038241609
2589	1996	0	0	0	0	0	0	1657038242629
2589	1996	0	0	0	0	0	0	1657038243649
2589	1996	0	0	0	0	0	0	1657038244669
2589	1996	0	0	0	0	0	0	1657038245689
2589	1996	0	0	0	0	0	0	1657038246709
2589	1996	0	0	0	0	0	0	1657038247729
2589	1996	0	0	0	0	0	0	1657038248749
2589	1996	0	0	0	0	0	0	1657038249769
2589	1996	0	0	0	0	0	0	1657038250789
2589	1996	0	0	0	0	0	0	1657038251809
2589	1996	0	0	0	0	0	0	1657038252829
2589	1996	0	0	0	0	0	0	1657038253849
2589	1996	0	0	0	0	0	0	1657038254869
2589	1996	0	0	0	0	0	0	1657038255889
2589	1996	0	0	0	0	0	0	1657038256909
2589	1996	0	0	0	0	0	0	1657038257929
2589	1995	0	0	0	0	0	0	1657038258949
2588	1995	0	0	0	0	0	0	1657038259969
2588	1995	0	0	0	0	0	0	1657038260989
2588	1995	0	0	0	0	0	0	1657038262009
2588	1995	0	0	0	0	0	0	1657038263029
2588	1995	0	0	0	0	0	0	1657038264049
2586	1995	0	0	0	0	0	0	1657038265069
2586	1994	0	0	0	0	0	0	1657038266089
2586	1994	0	0	0	0	0	0	1657038267109
2586	1991	0	0	0	0	0	0	1657038268129
2583	1990	0	0	0	0	0	0	1657038269149
2585	1988	0	0	0	0	0	0	1657038270169
2584	1985	0	0	0	0	0	0	1657038271189
2582	1984	0	0	0	0	0	0	1657038272209
2578	1982	0	0	0	0	0	0	1657038273229
2577	1982	0	0	0	0	0	0	1657038274249
2572	1978	0	0	0	0	0	0	1657038275269
2568	1976	0	0	0	0	0	0	1657038276289
2565	1976	0	0	0	0	0	0	1657038277309
2563	1975	0	0	0	0	0	0	1657038278329
2562	1979	0	0	0	0	0	0	1657038279349
2564	1978	0	0	0	0	0	0	1657038280369
2563	1975	0	0	0	0	0	0	1657038281389
2562	1973	0	0	0	0	0	0	1657038282409
2562	1971	0	0	0	0	0	0	1657038283429
2561	1970	0	0	0	0	0	0	1657038284449
2561	1969	0	0	0	0	0	0	1657038285469
2561	1968	0	0	0	0	0	0	1657038286489
2561	1968	0	0	0	0	0	0	1657038287509
2561	1968	0	0	0	0	0	0	1657038288529
2560	1968	0	0	0	0	0	0	1657038289549
2560	1968	0	0	0	0	0	0	1657038290569
2560	1968	0	0	0	0	0	0	1657038291589
2561	1968	0	0	0	0	0	0	1657038292609
2561	1968	0	0	0	0	0	0	1657038293629
2561	1968	0	0	0	0	0	0	1657038294649
2561	1968	0	0	0	0	0	0	1657038295669
2561	1968	0	0	0	0	0	0	1657038296689
2561	1968	0	0	0	0	0	0	1657038297709
2562	1968	0	0	0	0	0	0	1657038298729
2561	1968	0	0	0	0	0	0	1657038299749
2561	1968	0	0	0	0	0	0	1657038300769
2561	1968	0	0	0	0	0	0	1657038301789
2561	1968	0	0	0	0	0	0	1657038302809
2561	1968	0	0	0	0	0	0	1657038303829
2561	1968	0	0	0	0	0	0	1657038304849
2560	1968	0	0	0	0	0	0	1657038305869
2560	1968	0	0	0	0	0	0	1657038306889
2561	1968	0	0	0	0	0	0	1657038307909
2561	1968	0	0	0	0	0	0	1657038308929
2561	1968	0	0	0	0	0	0	1657038309949
2561	1968	0	0	0	0	0	0	1657038310969
2561	1968	0	0	0	0	0	0	1657038311989
2561	1968	0	0	0	0	0	0	1657038313009
2561	1968	0	0	0	0	0	0	1657038314029
2561	1968	0	0	0	0	0	0	1657038315049
2561	1968	0	0	0	0	0	0	1657038316069
2560	1968	0	0	0	0	0	0	1657038317089
2560	1968	0	0	0	0	0	0	1657038318109
2555	1968	0	0	0	0	0	0	1657038319129
2551	1968	0	0	0	0	0	0	1657038320149
2548	1968	0	0	0	0	0	0	1657038321169
2545	1968	0	0	0	0	0	0	1657038322189
2540	1968	0	0	0	0	0	0	1657038323209
2537	1968	0	0	0	0	0	0	1657038324229
2536	1968	0	0	0	0	0	0	1657038325249
2534	1968	0	0	0	0	0	0	1657038326269
2533	1968	0	0	0	0	0	0	1657038327289
2533	1968	0	0	0	0	0	0	1657038328309
2533	1968	0	0	0	0	0	0	1657038329329
2533	1968	0	0	0	0	0	0	1657038330349
2533	1968	0	0	0	0	0	0	1657038331369
2533	1968	0	0	0	0	0	0	1657038332389
2533	1968	0	0	0	0	0	0	1657038333409
2533	1968	0	0	0	0	0	0	1657038334429
2533	1968	0	0	0	0	0	0	1657038335449
2533	1968	0	0	0	0	0	0	1657038336469
2533	1968	0	0	0	0	0	0	1657038337489
2533	1968	0	0	0	0	0	0	1657038338509
2533	1968	0	0	0	0	0	0	1657038339529
2533	1968	0	0	0	0	0	0	1657038340549
2533	1968	0	0	0	0	0	0	1657038341569
2533	1968	0	0	0	0	0	0	1657038342589
2533	1968	0	0	0	0	0	0	1657038343609
2533	1968	0	0	0	0	0	0	1657038344629
2532	1968	0	0	0	0	0	0	1657038345649
2532	1968	0	0	0	0	0	0	1657038346669
2532	1968	0	0	0	0	0	0	1657038347689
2532	1968	0	0	0	0	0	0	1657038348709
2532	1968	0	0	0	0	0	0	1657038349729
2532	1968	0	0	0	0	0	0	1657038350749
2532	1983	0	0	0	0	0	0	1657038351769
2532	1977	0	0	0	0	0	0	1657038352789
2532	1973	0	0	0	0	0	0	1657038353809
2532	1971	0	0	0	0	0	0	1657038354829
2532	1970	0	0	0	0	0	0	1657038355849
2532	1969	0	0	0	0	0	0	1657038356869
2532	1969	0	0	0	0	0	0	1657038357889
2532	1969	0	0	0	0	0	0	1657038358909
2532	1969	0	0	0	0	0	0	1657038359929
2533	1969	0	0	0	0	0	0	1657038360949
2533	1968	0	0	0	0	0	0	1657038361969
2532	1968	0	0	0	0	0	0	1657038362989
2532	1968	0	0	0	0	0	0	1657038364009
2532	1968	0	0	0	0	0	0	1657038365029
2532	1968	0	0	0	0	0	0	1657038366049
2532	1968	0	0	0	0	0	0	1657038367069
2532	1967	0	0	0	0	0	0	1657038368089
2532	1966	0	0	0	0	0	0	1657038369109
2532	1966	0	0	0	0	0	0	1657038370129
2532	1967	0	0	0	0	0	0	1657038371149
2532	1967	0	0	0	0	0	0	1657038372169
2532	1965	0	0	0	0	0	0	1657038373189
2533	1965	0	0	0	0	0	0	1657038374209
2533	1964	0	0	0	0	0	0	1657038375229
2532	1964	0	0	0	0	0	0	1657038376249
2531	1962	0	0	0	0	0	0	1657038377269
2530	1960	0	0	0	0	0	0	1657038378289
2528	1960	0	0	0	0	0	0	1657038379309
2523	1958	0	0	0	0	0	0	1657038380329
2519	1955	0	0	0	0	0	0	1657038381349
2514	1953	0	0	0	0	0	0	1657038382369
2510	1951	0	0	0	0	0	0	1657038383389
2509	1951	0	0	0	0	0	0	1657038384409
2508	1948	0	0	0	0	0	0	1657038385429
2506	1949	0	0	0	0	0	0	1657038386449
2505	1953	0	0	0	0	0	0	1657038387469
2505	1952	0	0	0	0	0	0	1657038388489
2505	1949	0	0	0	0	0	0	1657038389509
2505	1947	0	0	0	0	0	0	1657038390529
2505	1946	0	0	0	0	0	0	1657038391549
2505	1944	0	0	0	0	0	0	1657038392569
2505	1944	0	0	0	0	0	0	1657038393589
2505	1944	0	0	0	0	0	0	1657038394609
2505	1943	0	0	0	0	0	0	1657038395629
2504	1942	0	0	0	0	0	0	1657038396649
2504	1942	0	0	0	0	0	0	1657038397669
2504	1942	0	0	0	0	0	0	1657038398689
2504	1941	0	0	0	0	0	0	1657038399709
2504	1941	0	0	0	0	0	0	1657038400729
2504	1941	0	0	0	0	0	0	1657038401749
2504	1941	0	0	0	0	0	0	1657038402769
2503	1941	0	0	0	0	0	0	1657038403789
2504	1941	0	0	0	0	0	0	1657038404809
2504	1941	0	0	0	0	0	0	1657038405829
2504	1940	0	0	0	0	0	0	1657038406849
2504	1940	0	0	0	0	0	0	1657038407869
2504	1940	0	0	0	0	0	0	1657038408889
2504	1940	0	0	0	0	0	0	1657038409909
2504	1940	0	0	0	0	0	0	1657038410929
2504	1940	0	0	0	0	0	0	1657038411949
2504	1940	0	0	0	0	0	0	1657038412969
2504	1940	0	0	0	0	0	0	1657038413989
2504	1940	0	0	0	0	0	0	1657038415009
2504	1940	0	0	0	0	0	0	1657038416029
2504	1940	0	0	0	0	0	0	1657038417049
2504	1940	0	0	0	0	0	0	1657038418069
2504	1940	0	0	0	0	0	0	1657038419089
2505	1940	0	0	0	0	0	0	1657038420109
2505	1940	0	0	0	0	0	0	1657038421129
2504	1940	0	0	0	0	0	0	1657038422149
2504	1940	0	0	0	0	0	0	1657038423169
2504	1940	0	0	0	0	0	0	1657038424189
2504	1940	0	0	0	0	0	0	1657038425209
2504	1940	0	0	0	0	0	0	1657038426229
2504	1940	0	0	0	0	0	0	1657038427249
2504	1940	0	0	0	0	0	0	1657038428269
2504	1940	0	0	0	0	0	0	1657038429289
2504	1940	0	0	0	0	0	0	1657038430309
2504	1940	0	0	0	0	0	0	1657038431329
2505	1940	0	0	0	0	0	0	1657038432349
2505	1940	0	0	0	0	0	0	1657038433369
2505	1940	0	0	0	0	0	0	1657038434389
2505	1940	0	0	0	0	0	0	1657038435409
2504	1940	0	0	0	0	0	0	1657038436429
2503	1940	0	0	0	0	0	0	1657038437449
2502	1940	0	0	0	0	0	0	1657038438469
2500	1940	0	0	0	0	0	0	1657038439489
2499	1940	0	0	0	0	0	0	1657038440509
2498	1940	0	0	0	0	0	0	1657038441529
2491	1940	0	0	0	0	0	0	1657038442549
2485	1940	0	0	0	0	0	0	1657038443569
2483	1940	0	0	0	0	0	0	1657038444589
2484	1940	0	0	0	0	0	0	1657038445609
2481	1940	0	0	0	0	0	0	1657038446629
2479	1940	0	0	0	0	0	0	1657038447649
2478	1940	0	0	0	0	0	0	1657038448669
2477	1940	0	0	0	0	0	0	1657038449689
2476	1940	0	0	0	0	0	0	1657038450709
2476	1940	0	0	0	0	0	0	1657038451729
2476	1940	0	0	0	0	0	0	1657038452749
2477	1940	0	0	0	0	0	0	1657038453769
2476	1940	0	0	0	0	0	0	1657038454789
2476	1940	0	0	0	0	0	0	1657038455809
2476	1940	0	0	0	0	0	0	1657038456829
2476	1940	0	0	0	0	0	0	1657038457849
2476	1940	0	0	0	0	0	0	1657038458869
2476	1940	0	0	0	0	0	0	1657038459889
2476	1940	0	0	0	0	0	0	1657038460909
2476	1940	0	0	0	0	0	0	1657038461929
2476	1940	0	0	0	0	0	0	1657038462949
2476	1940	0	0	0	0	0	0	1657038463969
2476	1940	0	0	0	0	0	0	1657038464989
2476	1940	0	0	0	0	0	0	1657038466009
2476	1940	0	0	0	0	0	0	1657038467029
2476	1940	0	0	0	0	0	0	1657038468049
2476	1940	0	0	0	0	0	0	1657038469069
2476	1940	0	0	0	0	0	0	1657038470089
2476	1940	0	0	0	0	0	0	1657038471109
2476	1940	0	0	0	0	0	0	1657038472129
2476	1940	0	0	0	0	0	0	1657038473149
2476	1940	0	0	0	0	0	0	1657038474169
2476	1940	0	0	0	0	0	0	1657038475189
2476	1940	0	0	0	0	0	0	1657038476209
2476	1940	0	0	0	0	0	0	1657038477229
2476	1940	0	0	0	0	0	0	1657038478249
2476	1940	0	0	0	0	0	0	1657038479269
2476	1940	0	0	0	0	0	0	1657038480289
2476	1940	0	0	0	0	0	0	1657038481309
2476	1940	0	0	0	0	0	0	1657038482329
2476	1940	0	0	0	0	0	0	1657038483349
2476	1940	0	0	0	0	0	0	1657038484369
2476	1940	0	0	0	0	0	0	1657038485389
2476	1940	0	0	0	0	0	0	1657038486409
2476	1940	0	0	0	0	0	0	1657038487429
2476	1940	0	0	0	0	0	0	1657038488449
2476	1940	0	0	0	0	0	0	1657038489469
2476	1940	0	0	0	0	0	0	1657038490489
2476	1940	0	0	0	0	0	0	1657038491509
2476	1940	0	0	0	0	0	0	1657038492529
2476	1940	0	0	0	0	0	0	1657038493549
2476	1940	0	0	0	0	0	0	1657038494569
2476	1940	0	0	0	0	0	0	1657038495589
2476	1940	0	0	0	0	0	0	1657038496609
2476	1940	0	0	0	0	0	0	1657038497629
2475	1940	0	0	0	0	0	0	1657038498649
2476	1940	0	0	0	0	0	0	1657038499669
2476	1940	0	0	0	0	0	0	1657038500689
2476	1940	0	0	0	0	0	0	1657038501709
2475	1940	0	0	0	0	0	0	1657038502729
2475	1940	0	0	0	0	0	0	1657038503749
2475	1940	0	0	0	0	0	0	1657038504769
2475	1939	0	0	0	0	0	0	1657038505789
2475	1940	0	0	0	0	0	0	1657038506809
2475	1938	0	0	0	0	0	0	1657038507829
2474	1937	0	0	0	0	0	0	1657038508849
2471	1937	0	0	0	0	0	0	1657038509869
2466	1937	0	0	0	0	0	0	1657038510889
2462	1935	0	0	0	0	0	0	1657038511909
2460	1934	0	0	0	0	0	0	1657038512929
2460	1934	0	0	0	0	0	0	1657038513949
2458	1931	0	0	0	0	0	0	1657038514969
2456	1930	0	0	0	0	0	0	1657038515989
2454	1929	0	0	0	0	0	0	1657038517009
2453	1928	0	0	0	0	0	0	1657038518029
2452	1927	0	0	0	0	0	0	1657038519049
2451	1924	0	0	0	0	0	0	1657038520069
2450	1923	0	0	0	0	0	0	1657038521089
2449	1922	0	0	0	0	0	0	1657038522109
2449	1920	0	0	0	0	0	0	1657038523129
2448	1920	0	0	0	0	0	0	1657038524149
2448	1918	0	0	0	0	0	0	1657038525169
2448	1918	0	0	0	0	0	0	1657038526189
2448	1917	0	0	0	0	0	0	1657038527209
2448	1915	0	0	0	0	0	0	1657038528229
2448	1915	0	0	0	0	0	0	1657038529249
2448	1915	0	0	0	0	0	0	1657038530269
2448	1914	0	0	0	0	0	0	1657038531289
2448	1914	0	0	0	0	0	0	1657038532309
2448	1914	0	0	0	0	0	0	1657038533329
2448	1913	0	0	0	0	0	0	1657038534349
2448	1920	0	0	0	0	0	0	1657038535369
2448	1926	0	0	0	0	0	0	1657038536389
2448	1926	0	0	0	0	0	0	1657038537409
2455	1929	0	0	0	0	0	0	1657038538429
2463	1925	0	0	0	0	0	0	1657038539449
2468	1921	0	0	0	0	0	0	1657038540469
2463	1923	0	0	0	0	0	0	1657038541489
2456	1921	0	0	0	0	0	0	1657038542509
2453	1919	0	0	0	0	0	0	1657038543529
2451	1918	0	0	0	0	0	0	1657038544549
2450	1916	0	0	0	0	0	0	1657038545569
2449	1915	0	0	0	0	0	0	1657038546589
2448	1914	0	0	0	0	0	0	1657038547609
2448	1914	0	0	0	0	0	0	1657038548629
2448	1914	0	0	0	0	0	0	1657038549649
2448	1913	0	0	0	0	0	0	1657038550669
2448	1913	0	0	0	0	0	0	1657038551689
2448	1913	0	0	0	0	0	0	1657038552709
2448	1913	0	0	0	0	0	0	1657038553729
2448	1913	0	0	0	0	0	0	1657038554749
2448	1913	0	0	0	0	0	0	1657038555769
2447	1913	0	0	0	0	0	0	1657038556789
2448	1913	0	0	0	0	0	0	1657038557809
2448	1913	0	0	0	0	0	0	1657038558829
2448	1913	0	0	0	0	0	0	1657038559849
2448	1913	0	0	0	0	0	0	1657038560869
2447	1913	0	0	0	0	0	0	1657038561889
2447	1913	0	0	0	0	0	0	1657038562909
2448	1913	0	0	0	0	0	0	1657038563929
2443	1913	0	0	0	0	0	0	1657038564949
2445	1913	0	0	0	0	0	0	1657038565969
2446	1913	0	0	0	0	0	0	1657038566989
2446	1913	0	0	0	0	0	0	1657038568009
2447	1913	0	0	0	0	0	0	1657038569029
2448	1913	0	0	0	0	0	0	1657038570049
2448	1913	0	0	0	0	0	0	1657038571069
2448	1913	0	0	0	0	0	0	1657038572089
2448	1913	0	0	0	0	0	0	1657038573109
2448	1913	0	0	0	0	0	0	1657038574129
2448	1913	0	0	0	0	0	0	1657038575149
2448	1913	0	0	0	0	0	0	1657038576169
2448	1912	0	0	0	0	0	0	1657038577189
2448	1912	0	0	0	0	0	0	1657038578209
2448	1912	0	0	0	0	0	0	1657038579229
2448	1912	0	0	0	0	0	0	1657038580249
2448	1912	0	0	0	0	0	0	1657038581269
2448	1912	0	0	0	0	0	0	1657038582289
2448	1912	0	0	0	0	0	0	1657038583309
2448	1912	0	0	0	0	0	0	1657038584329
2448	1912	0	0	0	0	0	0	1657038585349
2447	1912	0	0	0	0	0	0	1657038586369
2447	1912	0	0	0	0	0	0	1657038587389
2448	1912	0	0	0	0	0	0	1657038588409
2447	1912	0	0	0	0	0	0	1657038589429
2447	1912	0	0	0	0	0	0	1657038590449
2448	1912	0	0	0	0	0	0	1657038591469
2448	1912	0	0	0	0	0	0	1657038592489
2448	1912	0	0	0	0	0	0	1657038593509
2448	1912	0	0	0	0	0	0	1657038594529
2448	1912	0	0	0	0	0	0	1657038595549
2448	1912	0	0	0	0	0	0	1657038596569
2448	1912	0	0	0	0	0	0	1657038597589
2447	1912	0	0	0	0	0	0	1657038598609
2446	1912	0	0	0	0	0	0	1657038599629
2446	1912	0	0	0	0	0	0	1657038600649
2446	1912	0	0	0	0	0	0	1657038601669
2445	1912	0	0	0	0	0	0	1657038602689
2443	1912	0	0	0	0	0	0	1657038603709
2441	1912	0	0	0	0	0	0	1657038604729
2442	1912	0	0	0	0	0	0	1657038605749
2438	1912	0	0	0	0	0	0	1657038606769
2433	1912	0	0	0	0	0	0	1657038607789
2431	1912	0	0	0	0	0	0	1657038608809
2429	1912	0	0	0	0	0	0	1657038609829
2427	1912	0	0	0	0	0	0	1657038610849
2426	1912	0	0	0	0	0	0	1657038611869
2425	1912	0	0	0	0	0	0	1657038612889
2425	1912	0	0	0	0	0	0	1657038613909
2428	1912	0	0	0	0	0	0	1657038614929
2427	1912	0	0	0	0	0	0	1657038615949
2425	1912	0	0	0	0	0	0	1657038616969
2424	1912	0	0	0	0	0	0	1657038617989
2423	1912	0	0	0	0	0	0	1657038619009
2422	1912	0	0	0	0	0	0	1657038620029
2421	1912	0	0	0	0	0	0	1657038621049
2421	1912	0	0	0	0	0	0	1657038622069
2420	1912	0	0	0	0	0	0	1657038623089
2421	1912	0	0	0	0	0	0	1657038624109
2420	1912	0	0	0	0	0	0	1657038625129
2420	1912	0	0	0	0	0	0	1657038626149
2420	1912	0	0	0	0	0	0	1657038627169
2420	1912	0	0	0	0	0	0	1657038628189
2420	1912	0	0	0	0	0	0	1657038629209
2420	1912	0	0	0	0	0	0	1657038630229
2420	1912	0	0	0	0	0	0	1657038631249
2420	1912	0	0	0	0	0	0	1657038632269
2420	1912	0	0	0	0	0	0	1657038633289
2420	1912	0	0	0	0	0	0	1657038634309
2420	1912	0	0	0	0	0	0	1657038635329
2420	1912	0	0	0	0	0	0	1657038636349
2420	1912	0	0	0	0	0	0	1657038637369
2420	1912	0	0	0	0	0	0	1657038638389
2420	1912	0	0	0	0	0	0	1657038639409
2420	1912	0	0	0	0	0	0	1657038640429
2420	1912	0	0	0	0	0	0	1657038641449
2420	1912	0	0	0	0	0	0	1657038642469
2420	1912	0	0	0	0	0	0	1657038643489
2420	1912	0	0	0	0	0	0	1657038644509
2392	1912	0	0	0	0	0	0	1657038645529
2403	1912	0	0	0	0	0	0	1657038646549
2410	1912	0	0	0	0	0	0	1657038647569
2414	1912	0	0	0	0	0	0	1657038648589
2417	1912	0	0	0	0	0	0	1657038649609
2418	1912	0	0	0	0	0	0	1657038650629
2419	1912	0	0	0	0	0	0	1657038651649
2420	1912	0	0	0	0	0	0	1657038652669
2419	1912	0	0	0	0	0	0	1657038653689
2420	1912	0	0	0	0	0	0	1657038654709
2419	1912	0	0	0	0	0	0	1657038655729
2419	1912	0	0	0	0	0	0	1657038656749
2419	1912	0	0	0	0	0	0	1657038657769
2419	1912	0	0	0	0	0	0	1657038658789
2419	1912	0	0	0	0	0	0	1657038659809
2419	1912	0	0	0	0	0	0	1657038660829
2419	1912	0	0	0	0	0	0	1657038661849
2419	1912	0	0	0	0	0	0	1657038662869
2419	1912	0	0	0	0	0	0	1657038663889
2419	1912	0	0	0	0	0	0	1657038664909
2419	1912	0	0	0	0	0	0	1657038665929
2419	1912	0	0	0	0	0	0	1657038666949
2419	1912	0	0	0	0	0	0	1657038667969
2419	1912	0	0	0	0	0	0	1657038668989
2419	1912	0	0	0	0	0	0	1657038670009
2420	1912	0	0	0	0	0	0	1657038671029
2420	1912	0	0	0	0	0	0	1657038672049
2420	1911	0	0	0	0	0	0	1657038673069
2420	1911	0	0	0	0	0	0	1657038674089
2420	1912	0	0	0	0	0	0	1657038675109
2420	1912	0	0	0	0	0	0	1657038676129
2420	1912	0	0	0	0	0	0	1657038677149
2420	1912	0	0	0	0	0	0	1657038678169
2420	1912	0	0	0	0	0	0	1657038679189
2420	1911	0	0	0	0	0	0	1657038680209
2420	1911	0	0	0	0	0	0	1657038681229
2420	1911	0	0	0	0	0	0	1657038682249
2420	1911	0	0	0	0	0	0	1657038683269
2420	1910	0	0	0	0	0	0	1657038684289
2420	1910	0	0	0	0	0	0	1657038685309
2420	1910	0	0	0	0	0	0	1657038686329
2420	1910	0	0	0	0	0	0	1657038687349
2420	1909	0	0	0	0	0	0	1657038688369
2420	1909	0	0	0	0	0	0	1657038689389
2420	1908	0	0	0	0	0	0	1657038690409
2420	1908	0	0	0	0	0	0	1657038691429
2420	1906	0	0	0	0	0	0	1657038692449
2420	1907	0	0	0	0	0	0	1657038693469
2420	1907	0	0	0	0	0	0	1657038694489
2420	1907	0	0	0	0	0	0	1657038695509
2420	1907	0	0	0	0	0	0	1657038696529
2420	1907	0	0	0	0	0	0	1657038697549
2418	1905	0	0	0	0	0	0	1657038698569
2413	1904	0	0	0	0	0	0	1657038699589
2408	1904	0	0	0	0	0	0	1657038700609
2403	1906	0	0	0	0	0	0	1657038701629
2400	1903	0	0	0	0	0	0	1657038702649
2397	1904	0	0	0	0	0	0	1657038703669
2397	1901	0	0	0	0	0	0	1657038704689
2396	1901	0	0	0	0	0	0	1657038705709
2395	1899	0	0	0	0	0	0	1657038706729
2394	1897	0	0	0	0	0	0	1657038707749
2393	1896	0	0	0	0	0	0	1657038708769
2392	1894	0	0	0	0	0	0	1657038709789
2399	1892	0	0	0	0	0	0	1657038710809
2397	1892	0	0	0	0	0	0	1657038711829
2395	1891	0	0	0	0	0	0	1657038712849
2395	1890	0	0	0	0	0	0	1657038713869
2394	1888	0	0	0	0	0	0	1657038714889
2394	1888	0	0	0	0	0	0	1657038715909
2393	1888	0	0	0	0	0	0	1657038716929
2392	1886	0	0	0	0	0	0	1657038717949
2392	1887	0	0	0	0	0	0	1657038718969
2392	1886	0	0	0	0	0	0	1657038719989
2392	1886	0	0	0	0	0	0	1657038721009
2392	1886	0	0	0	0	0	0	1657038722029
2392	1886	0	0	0	0	0	0	1657038723049
2392	1885	0	0	0	0	0	0	1657038724069
2392	1885	0	0	0	0	0	0	1657038725089
2392	1885	0	0	0	0	0	0	1657038726109
2392	1885	0	0	0	0	0	0	1657038727129
2392	1885	0	0	0	0	0	0	1657038728149
2392	1885	0	0	0	0	0	0	1657038729169
2392	1885	0	0	0	0	0	0	1657038730189
2392	1884	0	0	0	0	0	0	1657038731209
2392	1884	0	0	0	0	0	0	1657038732229
2391	1884	0	0	0	0	0	0	1657038733249
2391	1884	0	0	0	0	0	0	1657038734269
2391	1884	0	0	0	0	0	0	1657038735289
2391	1884	0	0	0	0	0	0	1657038736309
2392	1884	0	0	0	0	0	0	1657038737329
2392	1884	0	0	0	0	0	0	1657038738349
2392	1884	0	0	0	0	0	0	1657038739369
2392	1884	0	0	0	0	0	0	1657038740389
2392	1884	0	0	0	0	0	0	1657038741409
2392	1884	0	0	0	0	0	0	1657038742429
2391	1884	0	0	0	0	0	0	1657038743449
2392	1884	0	0	0	0	0	0	1657038744469
2392	1884	0	0	0	0	0	0	1657038745489
2392	1884	0	0	0	0	0	0	1657038746509
2392	1884	0	0	0	0	0	0	1657038747529
2392	1884	0	0	0	0	0	0	1657038748549
2392	1884	0	0	0	0	0	0	1657038749569
2391	1884	0	0	0	0	0	0	1657038750589
2391	1884	0	0	0	0	0	0	1657038751609
2391	1884	0	0	0	0	0	0	1657038752629
2391	1884	0	0	0	0	0	0	1657038753649
2392	1884	0	0	0	0	0	0	1657038754669
2392	1884	0	0	0	0	0	0	1657038755689
2392	1884	0	0	0	0	0	0	1657038756709
2392	1884	0	0	0	0	0	0	1657038757729
2392	1884	0	0	0	0	0	0	1657038758749
2392	1884	0	0	0	0	0	0	1657038759769
2392	1884	0	0	0	0	0	0	1657038760789
2392	1884	0	0	0	0	0	0	1657038761809
2392	1884	0	0	0	0	0	0	1657038762829
2392	1884	0	0	0	0	0	0	1657038763849
2392	1884	0	0	0	0	0	0	1657038764869
2392	1884	0	0	0	0	0	0	1657038765889
2392	1884	0	0	0	0	0	0	1657038766909
2392	1884	0	0	0	0	0	0	1657038767929
2392	1884	0	0	0	0	0	0	1657038768949
2392	1884	0	0	0	0	0	0	1657038769969
2392	1884	0	0	0	0	0	0	1657038770989
2392	1884	0	0	0	0	0	0	1657038772009
2392	1884	0	0	0	0	0	0	1657038773029
2392	1884	0	0	0	0	0	0	1657038774049
2392	1884	0	0	0	0	0	0	1657038775069
2391	1884	0	0	0	0	0	0	1657038776089
2392	1884	0	0	0	0	0	0	1657038777109
2392	1884	0	0	0	0	0	0	1657038778129
2391	1884	0	0	0	0	0	0	1657038779149
2391	1884	0	0	0	0	0	0	1657038780169
2391	1884	0	0	0	0	0	0	1657038781189
2390	1884	0	0	0	0	0	0	1657038782209
2390	1884	0	0	0	0	0	0	1657038783229
2390	1884	0	0	0	0	0	0	1657038784249
2388	1884	0	0	0	0	0	0	1657038785269
2389	1884	0	0	0	0	0	0	1657038786289
2389	1884	0	0	0	0	0	0	1657038787309
2389	1884	0	0	0	0	0	0	1657038788329
2389	1884	0	0	0	0	0	0	1657038789349
2390	1884	0	0	0	0	0	0	1657038790369
2389	1884	0	0	0	0	0	0	1657038791389
2390	1884	0	0	0	0	0	0	1657038792409
2389	1884	0	0	0	0	0	0	1657038793429
2390	1884	0	0	0	0	0	0	1657038794449
2389	1884	0	0	0	0	0	0	1657038795469
2389	1884	0	0	0	0	0	0	1657038796489
2387	1884	0	0	0	0	0	0	1657038797509
2387	1884	0	0	0	0	0	0	1657038798529
2385	1884	0	0	0	0	0	0	1657038799549
2381	1884	0	0	0	0	0	0	1657038800569
2378	1884	0	0	0	0	0	0	1657038801589
2377	1884	0	0	0	0	0	0	1657038802609
2374	1884	0	0	0	0	0	0	1657038803629
11424	1884	0	0	0	0	0	0	1657038804649
7804	1884	0	0	0	0	0	0	1657038805669
5634	1884	0	0	0	0	0	0	1657038806689
4330	1884	0	0	0	0	0	0	1657038807709
3544	1884	0	0	0	0	0	0	1657038808729
3072	1884	0	0	0	0	0	0	1657038809749
2789	1884	0	0	0	0	0	0	1657038810769
2619	1884	0	0	0	0	0	0	1657038811789
2517	1884	0	0	0	0	0	0	1657038812809
2456	1884	0	0	0	0	0	0	1657038813829
2419	1884	0	0	0	0	0	0	1657038814849
2397	1884	0	0	0	0	0	0	1657038815869
2384	1884	0	0	0	0	0	0	1657038816889
2376	1884	0	0	0	0	0	0	1657038817909
2371	1884	0	0	0	0	0	0	1657038818929
2368	1884	0	0	0	0	0	0	1657038819949
2366	1884	0	0	0	0	0	0	1657038820969
2365	1884	0	0	0	0	0	0	1657038821989
2364	1884	0	0	0	0	0	0	1657038823009
2364	1884	0	0	0	0	0	0	1657038824029
2367	1884	0	0	0	0	0	0	1657038825049
2371	1884	0	0	0	0	0	0	1657038826069
2368	1884	0	0	0	0	0	0	1657038827089
2367	1884	0	0	0	0	0	0	1657038828109
2366	1884	0	0	0	0	0	0	1657038829129
2365	1884	0	0	0	0	0	0	1657038830149
2365	1884	0	0	0	0	0	0	1657038831169
2364	1884	0	0	0	0	0	0	1657038832189
2364	1884	0	0	0	0	0	0	1657038833209
2364	1884	0	0	0	0	0	0	1657038834229
2363	1884	0	0	0	0	0	0	1657038835249
2363	1884	0	0	0	0	0	0	1657038836269
2363	1884	0	0	0	0	0	0	1657038837289
2363	1884	0	0	0	0	0	0	1657038838309
2363	1884	0	0	0	0	0	0	1657038839329
2363	1884	0	0	0	0	0	0	1657038840349
2364	1884	0	0	0	0	0	0	1657038841369
2363	1884	0	0	0	0	0	0	1657038842389
2363	1884	0	0	0	0	0	0	1657038843409
2363	1884	0	0	0	0	0	0	1657038844429
2363	1884	0	0	0	0	0	0	1657038845449
2363	1884	0	0	0	0	0	0	1657038846469
2363	1884	0	0	0	0	0	0	1657038847489
2363	1884	0	0	0	0	0	0	1657038848509
2364	1884	0	0	0	0	0	0	1657038849529
2363	1884	0	0	0	0	0	0	1657038850549
2363	1884	0	0	0	0	0	0	1657038851569
2364	1884	0	0	0	0	0	0	1657038852589
2363	1884	0	0	0	0	0	0	1657038853609
2363	1884	0	0	0	0	0	0	1657038854629
2363	1884	0	0	0	0	0	0	1657038855649
2363	1884	0	0	0	0	0	0	1657038856669
2363	1884	0	0	0	0	0	0	1657038857689
2363	1884	0	0	0	0	0	0	1657038858709
2363	1884	0	0	0	0	0	0	1657038859729
2363	1884	0	0	0	0	0	0	1657038860749
2363	1884	0	0	0	0	0	0	1657038861769
2363	1884	0	0	0	0	0	0	1657038862789
2363	1884	0	0	0	0	0	0	1657038863809
2363	1884	0	0	0	0	0	0	1657038864829
2363	1884	0	0	0	0	0	0	1657038865849
2363	1884	0	0	0	0	0	0	1657038866869
2363	1884	0	0	0	0	0	0	1657038867889
2363	1884	0	0	0	0	0	0	1657038868909
2363	1884	0	0	0	0	0	0	1657038869929
2364	1884	0	0	0	0	0	0	1657038870949
2364	1884	0	0	0	0	0	0	1657038871969
2364	1884	0	0	0	0	0	0	1657038872989
2364	1884	0	0	0	0	0	0	1657038874009
2364	1884	0	0	0	0	0	0	1657038875029
2364	1884	0	0	0	0	0	0	1657038876049
2363	1884	0	0	0	0	0	0	1657038877069
2363	1884	0	0	0	0	0	0	1657038878089
2363	1884	0	0	0	0	0	0	1657038879109
2363	1884	0	0	0	0	0	0	1657038880129
2363	1884	0	0	0	0	0	0	1657038881149
2363	1884	0	0	0	0	0	0	1657038882169
2364	1884	0	0	0	0	0	0	1657038883189
2363	1884	0	0	0	0	0	0	1657038884209
2363	1884	0	0	0	0	0	0	1657038885229
2363	1884	0	0	0	0	0	0	1657038886249
2363	1884	0	0	0	0	0	0	1657038887269
2363	1884	0	0	0	0	0	0	1657038888289
2363	1884	0	0	0	0	0	0	1657038889309
2363	1884	0	0	0	0	0	0	1657038890329
2363	1884	0	0	0	0	0	0	1657038891349
2363	1884	0	0	0	0	0	0	1657038892369
2363	1884	0	0	0	0	0	0	1657038893389
2363	1884	0	0	0	0	0	0	1657038894409
2363	1884	0	0	0	0	0	0	1657038895429
2363	1884	0	0	0	0	0	0	1657038896449
2363	1884	0	0	0	0	0	0	1657038897469
2363	1884	0	0	0	0	0	0	1657038898489
2363	1884	0	0	0	0	0	0	1657038899509
2363	1884	0	0	0	0	0	0	1657038900529
2363	1884	0	0	0	0	0	0	1657038901549
2363	1884	0	0	0	0	0	0	1657038902569
2363	1884	0	0	0	0	0	0	1657038903589
