2080	951	0	0	0	0	0	0	1657126642409
2068	947	0	0	0	0	0	0	1657126643429
2060	944	0	0	0	0	0	0	1657126644449
2056	937	0	0	0	0	0	0	1657126645469
2053	927	0	0	0	0	0	0	1657126646489
2051	921	0	0	0	0	0	0	1657126647509
2050	917	0	0	0	0	0	0	1657126648529
2049	915	0	0	0	0	0	0	1657126649549
2049	914	0	0	0	0	0	0	1657126650569
2049	913	0	0	0	0	0	0	1657126651589
2048	913	0	0	0	0	0	0	1657126652609
2043	911	0	0	0	0	0	0	1657126653629
2039	905	0	0	0	0	0	0	1657126654649
2035	898	0	0	0	0	0	0	1657126655669
2030	893	0	0	0	0	0	0	1657126656689
2027	890	0	0	0	0	0	0	1657126657709
2025	888	0	0	0	0	0	0	1657126658729
2024	887	0	0	0	0	0	0	1657126659749
2023	886	0	0	0	0	0	0	1657126660769
2022	885	0	0	0	0	0	0	1657126661789
2022	885	0	0	0	0	0	0	1657126662809
2022	885	0	0	0	0	0	0	1657126663829
2022	885	0	0	0	0	0	0	1657126664849
2022	885	0	0	0	0	0	0	1657126665869
2022	885	0	0	0	0	0	0	1657126666889
2022	885	0	0	0	0	0	0	1657126667909
2022	885	0	0	0	0	0	0	1657126668929
2022	885	0	0	0	0	0	0	1657126669949
2022	885	0	0	0	0	0	0	1657126670969
2022	885	0	0	0	0	0	0	1657126671989
2021	885	0	0	0	0	0	0	1657126673009
2021	885	0	0	0	0	0	0	1657126674029
2021	885	0	0	0	0	0	0	1657126675049
2021	885	0	0	0	0	0	0	1657126676069
2021	885	0	0	0	0	0	0	1657126677089
2021	885	0	0	0	0	0	0	1657126678109
2021	884	0	0	0	0	0	0	1657126679129
2021	882	0	0	0	0	0	0	1657126680149
2021	879	0	0	0	0	0	0	1657126681169
2021	879	0	0	0	0	0	0	1657126682189
2021	876	0	0	0	0	0	0	1657126683209
2021	874	0	0	0	0	0	0	1657126684229
2021	870	0	0	0	0	0	0	1657126685249
2021	865	0	0	0	0	0	0	1657126686269
2021	864	0	0	0	0	0	0	1657126687289
2021	867	0	0	0	0	0	0	1657126688309
2021	868	0	0	0	0	0	0	1657126689329
2021	867	0	0	0	0	0	0	1657126690349
2021	866	0	0	0	0	0	0	1657126691369
2021	863	0	0	0	0	0	0	1657126692389
2020	861	0	0	0	0	0	0	1657126693409
2016	859	0	0	0	0	0	0	1657126694429
2011	859	0	0	0	0	0	0	1657126695449
2006	859	0	0	0	0	0	0	1657126696469
2003	858	0	0	0	0	0	0	1657126697489
1999	858	0	0	0	0	0	0	1657126698509
1998	858	0	0	0	0	0	0	1657126699529
1996	858	0	0	0	0	0	0	1657126700549
1996	857	0	0	0	0	0	0	1657126701569
1995	857	0	0	0	0	0	0	1657126702589
1994	857	0	0	0	0	0	0	1657126703609
1994	857	0	0	0	0	0	0	1657126704629
1994	857	0	0	0	0	0	0	1657126705649
1994	857	0	0	0	0	0	0	1657126706669
1994	857	0	0	0	0	0	0	1657126707689
1994	857	0	0	0	0	0	0	1657126708709
1994	857	0	0	0	0	0	0	1657126709729
1994	857	0	0	0	0	0	0	1657126710749
1994	857	0	0	0	0	0	0	1657126711769
1994	857	0	0	0	0	0	0	1657126712789
1994	857	0	0	0	0	0	0	1657126713809
1994	857	0	0	0	0	0	0	1657126714829
1994	857	0	0	0	0	0	0	1657126715849
1994	857	0	0	0	0	0	0	1657126716869
1994	857	0	0	0	0	0	0	1657126717889
1994	857	0	0	0	0	0	0	1657126718909
1994	857	0	0	0	0	0	0	1657126719929
1994	857	0	0	0	0	0	0	1657126720949
1994	857	0	0	0	0	0	0	1657126721969
1994	857	0	0	0	0	0	0	1657126722989
1994	857	0	0	0	0	0	0	1657126724009
1994	857	0	0	0	0	0	0	1657126725029
1994	857	0	0	0	0	0	0	1657126726049
1994	857	0	0	0	0	0	0	1657126727069
1993	857	0	0	0	0	0	0	1657126728089
1993	857	0	0	0	0	0	0	1657126729109
1993	857	0	0	0	0	0	0	1657126730129
1993	857	0	0	0	0	0	0	1657126731149
1989	857	0	0	0	0	0	0	1657126732169
1986	857	0	0	0	0	0	0	1657126733189
1981	857	0	0	0	0	0	0	1657126734209
1978	857	0	0	0	0	0	0	1657126735229
1974	857	0	0	0	0	0	0	1657126736249
1971	857	0	0	0	0	0	0	1657126737269
1970	857	0	0	0	0	0	0	1657126738289
1968	857	0	0	0	0	0	0	1657126739309
1967	857	0	0	0	0	0	0	1657126740329
1966	857	0	0	0	0	0	0	1657126741349
1966	857	0	0	0	0	0	0	1657126742369
1966	857	0	0	0	0	0	0	1657126743389
1966	857	0	0	0	0	0	0	1657126744409
1966	857	0	0	0	0	0	0	1657126745429
1966	857	0	0	0	0	0	0	1657126746449
1966	857	0	0	0	0	0	0	1657126747469
1966	857	0	0	0	0	0	0	1657126748489
1966	857	0	0	0	0	0	0	1657126749509
1966	857	0	0	0	0	0	0	1657126750529
1966	857	0	0	0	0	0	0	1657126751549
1966	857	0	0	0	0	0	0	1657126752569
1966	857	0	0	0	0	0	0	1657126753589
1966	857	0	0	0	0	0	0	1657126754609
1966	857	0	0	0	0	0	0	1657126755629
1966	857	0	0	0	0	0	0	1657126756649
1966	857	0	0	0	0	0	0	1657126757669
1966	857	0	0	0	0	0	0	1657126758689
1965	857	0	0	0	0	0	0	1657126759709
1965	857	0	0	0	0	0	0	1657126760729
1965	857	0	0	0	0	0	0	1657126761749
1965	857	0	0	0	0	0	0	1657126762769
1965	857	0	0	0	0	0	0	1657126763789
1966	857	0	0	0	0	0	0	1657126764809
1966	856	0	0	0	0	0	0	1657126765829
1966	856	0	0	0	0	0	0	1657126766849
1965	856	0	0	0	0	0	0	1657126767869
1964	856	0	0	0	0	0	0	1657126768889
1961	856	0	0	0	0	0	0	1657126769909
1959	856	0	0	0	0	0	0	1657126770929
1956	856	0	0	0	0	0	0	1657126771949
1951	856	0	0	0	0	0	0	1657126772969
1948	856	0	0	0	0	0	0	1657126773989
1944	856	0	0	0	0	0	0	1657126775009
1942	854	0	0	0	0	0	0	1657126776029
1941	853	0	0	0	0	0	0	1657126777049
1940	851	0	0	0	0	0	0	1657126778069
1939	848	0	0	0	0	0	0	1657126779089
1939	846	0	0	0	0	0	0	1657126780109
1939	844	0	0	0	0	0	0	1657126781129
1938	842	0	0	0	0	0	0	1657126782149
1938	839	0	0	0	0	0	0	1657126783169
1938	839	0	0	0	0	0	0	1657126784189
1938	840	0	0	0	0	0	0	1657126785209
1938	839	0	0	0	0	0	0	1657126786229
1938	837	0	0	0	0	0	0	1657126787249
1938	835	0	0	0	0	0	0	1657126788269
1938	834	0	0	0	0	0	0	1657126789289
1938	833	0	0	0	0	0	0	1657126790309
1938	833	0	0	0	0	0	0	1657126791329
1938	832	0	0	0	0	0	0	1657126792349
1938	831	0	0	0	0	0	0	1657126793369
1938	830	0	0	0	0	0	0	1657126794389
1938	830	0	0	0	0	0	0	1657126795409
1938	830	0	0	0	0	0	0	1657126796429
1938	830	0	0	0	0	0	0	1657126797449
1938	830	0	0	0	0	0	0	1657126798469
1938	830	0	0	0	0	0	0	1657126799489
1938	830	0	0	0	0	0	0	1657126800509
1938	830	0	0	0	0	0	0	1657126801529
1938	830	0	0	0	0	0	0	1657126802549
1938	830	0	0	0	0	0	0	1657126803569
1938	830	0	0	0	0	0	0	1657126804589
1938	830	0	0	0	0	0	0	1657126805609
1937	830	0	0	0	0	0	0	1657126806629
1935	830	0	0	0	0	0	0	1657126807649
1934	830	0	0	0	0	0	0	1657126808669
1932	830	0	0	0	0	0	0	1657126809689
1927	830	0	0	0	0	0	0	1657126810709
1922	830	0	0	0	0	0	0	1657126811729
1919	830	0	0	0	0	0	0	1657126812749
1916	830	0	0	0	0	0	0	1657126813769
1914	830	0	0	0	0	0	0	1657126814789
1912	830	0	0	0	0	0	0	1657126815809
1911	830	0	0	0	0	0	0	1657126816829
1910	830	0	0	0	0	0	0	1657126817849
1910	830	0	0	0	0	0	0	1657126818869
1910	830	0	0	0	0	0	0	1657126819889
1910	830	0	0	0	0	0	0	1657126820909
1910	830	0	0	0	0	0	0	1657126821929
1910	830	0	0	0	0	0	0	1657126822949
1910	830	0	0	0	0	0	0	1657126823969
1910	830	0	0	0	0	0	0	1657126824989
1910	830	0	0	0	0	0	0	1657126826009
1910	830	0	0	0	0	0	0	1657126827029
1910	830	0	0	0	0	0	0	1657126828049
1910	830	0	0	0	0	0	0	1657126829069
1910	830	0	0	0	0	0	0	1657126830089
1910	830	0	0	0	0	0	0	1657126831109
1910	830	0	0	0	0	0	0	1657126832129
1910	830	0	0	0	0	0	0	1657126833149
1910	830	0	0	0	0	0	0	1657126834169
1910	830	0	0	0	0	0	0	1657126835189
1910	830	0	0	0	0	0	0	1657126836209
1910	829	0	0	0	0	0	0	1657126837229
1910	829	0	0	0	0	0	0	1657126838249
1910	829	0	0	0	0	0	0	1657126839269
1910	829	0	0	0	0	0	0	1657126840289
1910	829	0	0	0	0	0	0	1657126841309
1910	829	0	0	0	0	0	0	1657126842329
1910	829	0	0	0	0	0	0	1657126843349
1910	829	0	0	0	0	0	0	1657126844369
1910	829	0	0	0	0	0	0	1657126845389
1909	829	0	0	0	0	0	0	1657126846409
1909	829	0	0	0	0	0	0	1657126847429
1909	829	0	0	0	0	0	0	1657126848449
1906	829	0	0	0	0	0	0	1657126849469
1905	829	0	0	0	0	0	0	1657126850489
1903	829	0	0	0	0	0	0	1657126851509
1898	829	0	0	0	0	0	0	1657126852529
1895	829	0	0	0	0	0	0	1657126853549
1893	829	0	0	0	0	0	0	1657126854569
1889	829	0	0	0	0	0	0	1657126855589
1886	829	0	0	0	0	0	0	1657126856609
1884	829	0	0	0	0	0	0	1657126857629
1883	829	0	0	0	0	0	0	1657126858649
1882	829	0	0	0	0	0	0	1657126859669
1882	829	0	0	0	0	0	0	1657126860689
1882	829	0	0	0	0	0	0	1657126861709
1882	829	0	0	0	0	0	0	1657126862729
1882	829	0	0	0	0	0	0	1657126863749
1882	829	0	0	0	0	0	0	1657126864769
1882	829	0	0	0	0	0	0	1657126865789
1882	829	0	0	0	0	0	0	1657126866809
1882	829	0	0	0	0	0	0	1657126867829
1882	829	0	0	0	0	0	0	1657126868849
1882	829	0	0	0	0	0	0	1657126869869
1882	829	0	0	0	0	0	0	1657126870889
1882	829	0	0	0	0	0	0	1657126871909
1882	829	0	0	0	0	0	0	1657126872929
1882	829	0	0	0	0	0	0	1657126873949
1882	829	0	0	0	0	0	0	1657126874969
1882	829	0	0	0	0	0	0	1657126875989
1882	829	0	0	0	0	0	0	1657126877009
1882	829	0	0	0	0	0	0	1657126878029
1882	829	0	0	0	0	0	0	1657126879049
1882	829	0	0	0	0	0	0	1657126880069
1882	829	0	0	0	0	0	0	1657126881089
1882	829	0	0	0	0	0	0	1657126882109
1882	829	0	0	0	0	0	0	1657126883129
1882	829	0	0	0	0	0	0	1657126884149
1882	829	0	0	0	0	0	0	1657126885169
1882	829	0	0	0	0	0	0	1657126886189
1882	829	0	0	0	0	0	0	1657126887209
1882	829	0	0	0	0	0	0	1657126888229
1882	829	0	0	0	0	0	0	1657126889249
1882	829	0	0	0	0	0	0	1657126890269
1881	829	0	0	0	0	0	0	1657126891289
1880	829	0	0	0	0	0	0	1657126892309
1880	829	0	0	0	0	0	0	1657126893329
1880	829	0	0	0	0	0	0	1657126894349
1879	829	0	0	0	0	0	0	1657126895369
1877	829	0	0	0	0	0	0	1657126896389
1873	829	0	0	0	0	0	0	1657126897409
1868	829	0	0	0	0	0	0	1657126898429
1864	829	0	0	0	0	0	0	1657126899449
1860	829	0	0	0	0	0	0	1657126900469
1858	829	0	0	0	0	0	0	1657126901489
1857	829	0	0	0	0	0	0	1657126902509
1856	829	0	0	0	0	0	0	1657126903529
1855	829	0	0	0	0	0	0	1657126904549
1855	829	0	0	0	0	0	0	1657126905569
1854	829	0	0	0	0	0	0	1657126906589
1854	829	0	0	0	0	0	0	1657126907609
1854	829	0	0	0	0	0	0	1657126908629
1854	829	0	0	0	0	0	0	1657126909649
1854	829	0	0	0	0	0	0	1657126910669
1854	828	0	0	0	0	0	0	1657126911689
1854	827	0	0	0	0	0	0	1657126912709
1854	827	0	0	0	0	0	0	1657126913729
1854	827	0	0	0	0	0	0	1657126914749
1854	828	0	0	0	0	0	0	1657126915769
1854	828	0	0	0	0	0	0	1657126916789
1854	827	0	0	0	0	0	0	1657126917809
1854	826	0	0	0	0	0	0	1657126918829
1854	823	0	0	0	0	0	0	1657126919849
1854	823	0	0	0	0	0	0	1657126920869
1854	824	0	0	0	0	0	0	1657126921889
1854	821	0	0	0	0	0	0	1657126922909
1854	819	0	0	0	0	0	0	1657126923929
1854	819	0	0	0	0	0	0	1657126924949
1854	816	0	0	0	0	0	0	1657126925969
1854	815	0	0	0	0	0	0	1657126926989
1854	814	0	0	0	0	0	0	1657126928009
1854	814	0	0	0	0	0	0	1657126929029
1854	812	0	0	0	0	0	0	1657126930049
1854	810	0	0	0	0	0	0	1657126931069
1854	809	0	0	0	0	0	0	1657126932089
1854	809	0	0	0	0	0	0	1657126933109
1854	809	0	0	0	0	0	0	1657126934129
1854	810	0	0	0	0	0	0	1657126935149
1854	810	0	0	0	0	0	0	1657126936169
1854	809	0	0	0	0	0	0	1657126937189
1854	808	0	0	0	0	0	0	1657126938209
1854	807	0	0	0	0	0	0	1657126939229
1854	807	0	0	0	0	0	0	1657126940249
1853	807	0	0	0	0	0	0	1657126941269
1853	807	0	0	0	0	0	0	1657126942289
1853	806	0	0	0	0	0	0	1657126943309
1853	806	0	0	0	0	0	0	1657126944329
1853	806	0	0	0	0	0	0	1657126945349
1853	805	0	0	0	0	0	0	1657126946369
1853	804	0	0	0	0	0	0	1657126947389
1851	803	0	0	0	0	0	0	1657126948409
1850	803	0	0	0	0	0	0	1657126949429
1846	804	0	0	0	0	0	0	1657126950449
1844	804	0	0	0	0	0	0	1657126951469
1840	804	0	0	0	0	0	0	1657126952489
1837	803	0	0	0	0	0	0	1657126953509
1834	803	0	0	0	0	0	0	1657126954529
1832	802	0	0	0	0	0	0	1657126955549
1830	803	0	0	0	0	0	0	1657126956569
1829	802	0	0	0	0	0	0	1657126957589
1828	802	0	0	0	0	0	0	1657126958609
1827	802	0	0	0	0	0	0	1657126959629
1827	802	0	0	0	0	0	0	1657126960649
1826	802	0	0	0	0	0	0	1657126961669
1826	802	0	0	0	0	0	0	1657126962689
1826	802	0	0	0	0	0	0	1657126963709
1826	802	0	0	0	0	0	0	1657126964729
1826	802	0	0	0	0	0	0	1657126965749
1826	802	0	0	0	0	0	0	1657126966769
1826	802	0	0	0	0	0	0	1657126967789
1826	802	0	0	0	0	0	0	1657126968809
1826	802	0	0	0	0	0	0	1657126969829
1826	802	0	0	0	0	0	0	1657126970849
1826	802	0	0	0	0	0	0	1657126971869
1826	802	0	0	0	0	0	0	1657126972889
1826	802	0	0	0	0	0	0	1657126973909
1826	802	0	0	0	0	0	0	1657126974929
1826	802	0	0	0	0	0	0	1657126975949
1826	802	0	0	0	0	0	0	1657126976969
1826	802	0	0	0	0	0	0	1657126977989
1826	802	0	0	0	0	0	0	1657126979009
1826	802	0	0	0	0	0	0	1657126980029
1826	802	0	0	0	0	0	0	1657126981049
1826	802	0	0	0	0	0	0	1657126982069
1826	802	0	0	0	0	0	0	1657126983089
1826	802	0	0	0	0	0	0	1657126984109
1826	802	0	0	0	0	0	0	1657126985129
1826	802	0	0	0	0	0	0	1657126986149
1826	802	0	0	0	0	0	0	1657126987169
1826	802	0	0	0	0	0	0	1657126988189
1826	802	0	0	0	0	0	0	1657126989209
1826	802	0	0	0	0	0	0	1657126990229
1826	802	0	0	0	0	0	0	1657126991249
1826	802	0	0	0	0	0	0	1657126992269
1826	802	0	0	0	0	0	0	1657126993289
1826	802	0	0	0	0	0	0	1657126994309
1826	802	0	0	0	0	0	0	1657126995329
1826	802	0	0	0	0	0	0	1657126996349
1826	802	0	0	0	0	0	0	1657126997369
1826	802	0	0	0	0	0	0	1657126998389
1826	802	0	0	0	0	0	0	1657126999409
1826	802	0	0	0	0	0	0	1657127000429
1826	802	0	0	0	0	0	0	1657127001449
1826	802	0	0	0	0	0	0	1657127002469
1826	802	0	0	0	0	0	0	1657127003489
1826	802	0	0	0	0	0	0	1657127004509
1826	802	0	0	0	0	0	0	1657127005529
1826	802	0	0	0	0	0	0	1657127006549
1826	802	0	0	0	0	0	0	1657127007569
1825	802	0	0	0	0	0	0	1657127008589
1825	802	0	0	0	0	0	0	1657127009609
1825	802	0	0	0	0	0	0	1657127010629
1825	802	0	0	0	0	0	0	1657127011649
1824	802	0	0	0	0	0	0	1657127012669
1823	802	0	0	0	0	0	0	1657127013689
1823	802	0	0	0	0	0	0	1657127014709
1820	802	0	0	0	0	0	0	1657127015729
1818	802	0	0	0	0	0	0	1657127016749
1818	802	0	0	0	0	0	0	1657127017769
1818	802	0	0	0	0	0	0	1657127018789
1812	802	0	0	0	0	0	0	1657127019809
1804	802	0	0	0	0	0	0	1657127020829
1802	802	0	0	0	0	0	0	1657127021849
1801	802	0	0	0	0	0	0	1657127022869
1800	802	0	0	0	0	0	0	1657127023889
1800	802	0	0	0	0	0	0	1657127024909
1800	802	0	0	0	0	0	0	1657127025929
1799	802	0	0	0	0	0	0	1657127026949
1799	802	0	0	0	0	0	0	1657127027969
1799	802	0	0	0	0	0	0	1657127028989
1799	802	0	0	0	0	0	0	1657127030009
1799	802	0	0	0	0	0	0	1657127031029
1799	802	0	0	0	0	0	0	1657127032049
1798	802	0	0	0	0	0	0	1657127033069
1798	802	0	0	0	0	0	0	1657127034089
1798	802	0	0	0	0	0	0	1657127035109
1798	802	0	0	0	0	0	0	1657127036129
1798	802	0	0	0	0	0	0	1657127037149
1798	802	0	0	0	0	0	0	1657127038169
1798	802	0	0	0	0	0	0	1657127039189
1798	802	0	0	0	0	0	0	1657127040209
1798	802	0	0	0	0	0	0	1657127041229
1798	802	0	0	0	0	0	0	1657127042249
1798	802	0	0	0	0	0	0	1657127043269
1798	802	0	0	0	0	0	0	1657127044289
1798	802	0	0	0	0	0	0	1657127045309
1798	802	0	0	0	0	0	0	1657127046329
1798	802	0	0	0	0	0	0	1657127047349
1798	802	0	0	0	0	0	0	1657127048369
1798	802	0	0	0	0	0	0	1657127049389
1798	802	0	0	0	0	0	0	1657127050409
1798	802	0	0	0	0	0	0	1657127051429
1798	802	0	0	0	0	0	0	1657127052449
1798	802	0	0	0	0	0	0	1657127053469
1798	802	0	0	0	0	0	0	1657127054489
1798	802	0	0	0	0	0	0	1657127055509
1798	802	0	0	0	0	0	0	1657127056529
1798	802	0	0	0	0	0	0	1657127057549
1798	802	0	0	0	0	0	0	1657127058569
1798	802	0	0	0	0	0	0	1657127059589
1798	802	0	0	0	0	0	0	1657127060609
1798	802	0	0	0	0	0	0	1657127061629
1798	802	0	0	0	0	0	0	1657127062649
1798	802	0	0	0	0	0	0	1657127063669
1798	802	0	0	0	0	0	0	1657127064689
1798	802	0	0	0	0	0	0	1657127065709
1798	802	0	0	0	0	0	0	1657127066729
1798	802	0	0	0	0	0	0	1657127067749
1798	802	0	0	0	0	0	0	1657127068769
1798	802	0	0	0	0	0	0	1657127069789
1798	802	0	0	0	0	0	0	1657127070809
1798	802	0	0	0	0	0	0	1657127071829
1798	802	0	0	0	0	0	0	1657127072849
1798	802	0	0	0	0	0	0	1657127073869
1798	802	0	0	0	0	0	0	1657127074889
1798	802	0	0	0	0	0	0	1657127075909
1798	802	0	0	0	0	0	0	1657127076929
1798	802	0	0	0	0	0	0	1657127077949
1798	802	0	0	0	0	0	0	1657127078969
1798	802	0	0	0	0	0	0	1657127079989
1798	802	0	0	0	0	0	0	1657127081009
1798	802	0	0	0	0	0	0	1657127082029
1798	802	0	0	0	0	0	0	1657127083049
1798	802	0	0	0	0	0	0	1657127084069
1798	802	0	0	0	0	0	0	1657127085089
1798	802	0	0	0	0	0	0	1657127086109
1798	802	0	0	0	0	0	0	1657127087129
1798	802	0	0	0	0	0	0	1657127088149
1798	802	0	0	0	0	0	0	1657127089169
1798	802	0	0	0	0	0	0	1657127090189
1798	802	0	0	0	0	0	0	1657127091209
1798	802	0	0	0	0	0	0	1657127092229
1798	802	0	0	0	0	0	0	1657127093249
1798	802	0	0	0	0	0	0	1657127094269
1798	802	0	0	0	0	0	0	1657127095289
1798	802	0	0	0	0	0	0	1657127096309
1797	802	0	0	0	0	0	0	1657127097329
1797	802	0	0	0	0	0	0	1657127098349
1797	802	0	0	0	0	0	0	1657127099369
1796	802	0	0	0	0	0	0	1657127100389
1796	802	0	0	0	0	0	0	1657127101409
1796	802	0	0	0	0	0	0	1657127102429
1793	802	0	0	0	0	0	0	1657127103449
1794	802	0	0	0	0	0	0	1657127104469
1793	802	0	0	0	0	0	0	1657127105489
1793	802	0	0	0	0	0	0	1657127106509
1791	802	0	0	0	0	0	0	1657127107529
1791	802	0	0	0	0	0	0	1657127108549
1789	802	0	0	0	0	0	0	1657127109569
1790	802	0	0	0	0	0	0	1657127110589
1788	802	0	0	0	0	0	0	1657127111609
1784	802	0	0	0	0	0	0	1657127112629
1784	802	0	0	0	0	0	0	1657127113649
1780	802	0	0	0	0	0	0	1657127114669
1780	802	0	0	0	0	0	0	1657127115689
1778	802	0	0	0	0	0	0	1657127116709
1778	802	0	0	0	0	0	0	1657127117729
1777	802	0	0	0	0	0	0	1657127118749
1775	802	0	0	0	0	0	0	1657127119769
1774	802	0	0	0	0	0	0	1657127120789
1773	802	0	0	0	0	0	0	1657127121809
1772	802	0	0	0	0	0	0	1657127122829
1772	802	0	0	0	0	0	0	1657127123849
1772	802	0	0	0	0	0	0	1657127124869
1772	802	0	0	0	0	0	0	1657127125889
1771	802	0	0	0	0	0	0	1657127126909
1771	802	0	0	0	0	0	0	1657127127929
1771	802	0	0	0	0	0	0	1657127128949
1771	802	0	0	0	0	0	0	1657127129969
1771	802	0	0	0	0	0	0	1657127130989
1771	802	0	0	0	0	0	0	1657127132009
1771	802	0	0	0	0	0	0	1657127133029
1771	802	0	0	0	0	0	0	1657127134049
1771	802	0	0	0	0	0	0	1657127135069
1771	802	0	0	0	0	0	0	1657127136089
1771	802	0	0	0	0	0	0	1657127137109
1771	802	0	0	0	0	0	0	1657127138129
1771	802	0	0	0	0	0	0	1657127139149
1771	802	0	0	0	0	0	0	1657127140169
1771	802	0	0	0	0	0	0	1657127141189
1771	802	0	0	0	0	0	0	1657127142209
1771	802	0	0	0	0	0	0	1657127143229
1771	802	0	0	0	0	0	0	1657127144249
1771	802	0	0	0	0	0	0	1657127145269
1771	802	0	0	0	0	0	0	1657127146289
1771	802	0	0	0	0	0	0	1657127147309
1771	802	0	0	0	0	0	0	1657127148329
1770	802	0	0	0	0	0	0	1657127149349
1770	802	0	0	0	0	0	0	1657127150369
1770	802	0	0	0	0	0	0	1657127151389
1770	802	0	0	0	0	0	0	1657127152409
1770	802	0	0	0	0	0	0	1657127153429
1770	802	0	0	0	0	0	0	1657127154449
1770	802	0	0	0	0	0	0	1657127155469
1770	802	0	0	0	0	0	0	1657127156489
1770	802	0	0	0	0	0	0	1657127157509
1770	802	0	0	0	0	0	0	1657127158529
1770	802	0	0	0	0	0	0	1657127159549
1770	802	0	0	0	0	0	0	1657127160569
1770	802	0	0	0	0	0	0	1657127161589
1770	802	0	0	0	0	0	0	1657127162609
1770	802	0	0	0	0	0	0	1657127163629
1770	802	0	0	0	0	0	0	1657127164649
1770	802	0	0	0	0	0	0	1657127165669
1770	802	0	0	0	0	0	0	1657127166689
1770	802	0	0	0	0	0	0	1657127167709
1770	802	0	0	0	0	0	0	1657127168729
1770	802	0	0	0	0	0	0	1657127169749
1770	802	0	0	0	0	0	0	1657127170769
1770	802	0	0	0	0	0	0	1657127171789
1770	802	0	0	0	0	0	0	1657127172809
1770	802	0	0	0	0	0	0	1657127173829
1770	802	0	0	0	0	0	0	1657127174849
1770	802	0	0	0	0	0	0	1657127175869
1770	802	0	0	0	0	0	0	1657127176889
1770	802	0	0	0	0	0	0	1657127177909
1770	802	0	0	0	0	0	0	1657127178929
1770	802	0	0	0	0	0	0	1657127179949
1770	802	0	0	0	0	0	0	1657127180969
1770	802	0	0	0	0	0	0	1657127181989
1770	802	0	0	0	0	0	0	1657127183009
1770	802	0	0	0	0	0	0	1657127184029
1770	802	0	0	0	0	0	0	1657127185049
1770	802	0	0	0	0	0	0	1657127186069
1770	802	0	0	0	0	0	0	1657127187089
1770	802	0	0	0	0	0	0	1657127188109
1770	802	0	0	0	0	0	0	1657127189129
1770	802	0	0	0	0	0	0	1657127190149
1770	802	0	0	0	0	0	0	1657127191169
1770	802	0	0	0	0	0	0	1657127192189
1770	802	0	0	0	0	0	0	1657127193209
1770	802	0	0	0	0	0	0	1657127194229
1770	802	0	0	0	0	0	0	1657127195249
1770	802	0	0	0	0	0	0	1657127196269
1770	802	0	0	0	0	0	0	1657127197289
1770	802	0	0	0	0	0	0	1657127198309
1770	802	0	0	0	0	0	0	1657127199329
1770	802	0	0	0	0	0	0	1657127200349
1770	802	0	0	0	0	0	0	1657127201369
1770	802	0	0	0	0	0	0	1657127202389
1770	802	0	0	0	0	0	0	1657127203409
1770	802	0	0	0	0	0	0	1657127204429
1770	802	0	0	0	0	0	0	1657127205449
1770	802	0	0	0	0	0	0	1657127206469
1770	802	0	0	0	0	0	0	1657127207489
1770	802	0	0	0	0	0	0	1657127208509
11062	802	0	0	0	0	0	0	1657127209529
7345	802	0	0	0	0	0	0	1657127210549
5115	802	0	0	0	0	0	0	1657127211569
3777	802	0	0	0	0	0	0	1657127212589
2974	802	0	0	0	0	0	0	1657127213609
2493	802	0	0	0	0	0	0	1657127214629
2204	802	0	0	0	0	0	0	1657127215649
2030	802	0	0	0	0	0	0	1657127216669
1926	802	0	0	0	0	0	0	1657127217689
1864	801	0	0	0	0	0	0	1657127218709
1826	801	0	0	0	0	0	0	1657127219729
1804	801	0	0	0	0	0	0	1657127220749
1791	801	0	0	0	0	0	0	1657127221769
1783	801	0	0	0	0	0	0	1657127222789
1778	801	0	0	0	0	0	0	1657127223809
1775	801	0	0	0	0	0	0	1657127224829
1773	801	0	0	0	0	0	0	1657127225849
1772	801	0	0	0	0	0	0	1657127226869
1772	801	0	0	0	0	0	0	1657127227889
1771	801	0	0	0	0	0	0	1657127228909
1771	801	0	0	0	0	0	0	1657127229929
1771	801	0	0	0	0	0	0	1657127230949
1770	800	0	0	0	0	0	0	1657127231969
1770	800	0	0	0	0	0	0	1657127232989
1769	800	0	0	0	0	0	0	1657127234009
1769	800	0	0	0	0	0	0	1657127235029
1768	800	0	0	0	0	0	0	1657127236049
1768	800	0	0	0	0	0	0	1657127237069
1768	800	0	0	0	0	0	0	1657127238089
1768	800	0	0	0	0	0	0	1657127239109
1768	800	0	0	0	0	0	0	1657127240129
1768	800	0	0	0	0	0	0	1657127241149
1768	800	0	0	0	0	0	0	1657127242169
1767	800	0	0	0	0	0	0	1657127243189
1766	800	0	0	0	0	0	0	1657127244209
1765	799	0	0	0	0	0	0	1657127245229
1765	799	0	0	0	0	0	0	1657127246249
1765	798	0	0	0	0	0	0	1657127247269
1764	798	0	0	0	0	0	0	1657127248289
1763	797	0	0	0	0	0	0	1657127249309
1760	796	0	0	0	0	0	0	1657127250329
1760	795	0	0	0	0	0	0	1657127251349
1759	796	0	0	0	0	0	0	1657127252369
1756	796	0	0	0	0	0	0	1657127253389
1754	795	0	0	0	0	0	0	1657127254409
1752	795	0	0	0	0	0	0	1657127255429
1750	795	0	0	0	0	0	0	1657127256449
1749	794	0	0	0	0	0	0	1657127257469
1749	793	0	0	0	0	0	0	1657127258489
1749	793	0	0	0	0	0	0	1657127259509
1748	793	0	0	0	0	0	0	1657127260529
1747	793	0	0	0	0	0	0	1657127261549
1747	792	0	0	0	0	0	0	1657127262569
1746	793	0	0	0	0	0	0	1657127263589
1745	792	0	0	0	0	0	0	1657127264609
1745	791	0	0	0	0	0	0	1657127265629
1744	790	0	0	0	0	0	0	1657127266649
1743	790	0	0	0	0	0	0	1657127267669
1743	789	0	0	0	0	0	0	1657127268689
1743	785	0	0	0	0	0	0	1657127269709
1743	786	0	0	0	0	0	0	1657127270729
1743	787	0	0	0	0	0	0	1657127271749
1743	787	0	0	0	0	0	0	1657127272769
1743	786	0	0	0	0	0	0	1657127273789
1743	785	0	0	0	0	0	0	1657127274809
1743	785	0	0	0	0	0	0	1657127275829
1743	784	0	0	0	0	0	0	1657127276849
1743	785	0	0	0	0	0	0	1657127277869
1743	783	0	0	0	0	0	0	1657127278889
1743	784	0	0	0	0	0	0	1657127279909
1743	784	0	0	0	0	0	0	1657127280929
1743	782	0	0	0	0	0	0	1657127281949
1743	782	0	0	0	0	0	0	1657127282969
1743	782	0	0	0	0	0	0	1657127283989
1743	782	0	0	0	0	0	0	1657127285009
1743	781	0	0	0	0	0	0	1657127286029
1743	781	0	0	0	0	0	0	1657127287049
1743	781	0	0	0	0	0	0	1657127288069
1743	779	0	0	0	0	0	0	1657127289089
1743	780	0	0	0	0	0	0	1657127290109
1743	780	0	0	0	0	0	0	1657127291129
1743	779	0	0	0	0	0	0	1657127292149
1743	779	0	0	0	0	0	0	1657127293169
1743	780	0	0	0	0	0	0	1657127294189
1743	779	0	0	0	0	0	0	1657127295209
1743	778	0	0	0	0	0	0	1657127296229
1743	778	0	0	0	0	0	0	1657127297249
1743	777	0	0	0	0	0	0	1657127298269
1743	777	0	0	0	0	0	0	1657127299289
1743	776	0	0	0	0	0	0	1657127300309
1743	777	0	0	0	0	0	0	1657127301329
1743	776	0	0	0	0	0	0	1657127302349
1743	775	0	0	0	0	0	0	1657127303369
1743	776	0	0	0	0	0	0	1657127304389
1743	776	0	0	0	0	0	0	1657127305409
1743	776	0	0	0	0	0	0	1657127306429
1743	777	0	0	0	0	0	0	1657127307449
1743	776	0	0	0	0	0	0	1657127308469
1743	777	0	0	0	0	0	0	1657127309489
1743	777	0	0	0	0	0	0	1657127310509
1743	776	0	0	0	0	0	0	1657127311529
1743	777	0	0	0	0	0	0	1657127312549
1743	776	0	0	0	0	0	0	1657127313569
1743	776	0	0	0	0	0	0	1657127314589
1743	776	0	0	0	0	0	0	1657127315609
1743	776	0	0	0	0	0	0	1657127316629
1743	776	0	0	0	0	0	0	1657127317649
1743	776	0	0	0	0	0	0	1657127318669
1743	775	0	0	0	0	0	0	1657127319689
1743	776	0	0	0	0	0	0	1657127320709
1743	776	0	0	0	0	0	0	1657127321729
1743	776	0	0	0	0	0	0	1657127322749
1743	775	0	0	0	0	0	0	1657127323769
1743	776	0	0	0	0	0	0	1657127324789
1743	775	0	0	0	0	0	0	1657127325809
1743	775	0	0	0	0	0	0	1657127326829
1743	775	0	0	0	0	0	0	1657127327849
1743	775	0	0	0	0	0	0	1657127328869
1743	775	0	0	0	0	0	0	1657127329889
1743	775	0	0	0	0	0	0	1657127330909
1743	775	0	0	0	0	0	0	1657127331929
1743	775	0	0	0	0	0	0	1657127332949
1743	774	0	0	0	0	0	0	1657127333969
1743	774	0	0	0	0	0	0	1657127334989
1743	774	0	0	0	0	0	0	1657127336009
1743	774	0	0	0	0	0	0	1657127337029
1743	774	0	0	0	0	0	0	1657127338049
1743	774	0	0	0	0	0	0	1657127339069
1743	774	0	0	0	0	0	0	1657127340089
1743	774	0	0	0	0	0	0	1657127341109
1743	774	0	0	0	0	0	0	1657127342129
1743	774	0	0	0	0	0	0	1657127343149
1743	774	0	0	0	0	0	0	1657127344169
1743	774	0	0	0	0	0	0	1657127345189
1743	774	0	0	0	0	0	0	1657127346209
1743	774	0	0	0	0	0	0	1657127347229
1743	774	0	0	0	0	0	0	1657127348249
1743	774	0	0	0	0	0	0	1657127349269
1743	774	0	0	0	0	0	0	1657127350289
1743	774	0	0	0	0	0	0	1657127351309
1743	774	0	0	0	0	0	0	1657127352329
1743	774	0	0	0	0	0	0	1657127353349
1743	774	0	0	0	0	0	0	1657127354369
1743	774	0	0	0	0	0	0	1657127355389
1743	775	0	0	0	0	0	0	1657127356409
1743	774	0	0	0	0	0	0	1657127357429
1743	774	0	0	0	0	0	0	1657127358449
1743	774	0	0	0	0	0	0	1657127359469
1743	774	0	0	0	0	0	0	1657127360489
1743	774	0	0	0	0	0	0	1657127361509
1743	774	0	0	0	0	0	0	1657127362529
1743	774	0	0	0	0	0	0	1657127363549
1743	774	0	0	0	0	0	0	1657127364569
1743	774	0	0	0	0	0	0	1657127365589
1743	774	0	0	0	0	0	0	1657127366609
1743	774	0	0	0	0	0	0	1657127367629
1743	774	0	0	0	0	0	0	1657127368649
1743	774	0	0	0	0	0	0	1657127369669
1743	774	0	0	0	0	0	0	1657127370689
1743	774	0	0	0	0	0	0	1657127371709
1743	774	0	0	0	0	0	0	1657127372729
1743	774	0	0	0	0	0	0	1657127373749
1743	774	0	0	0	0	0	0	1657127374769
1743	774	0	0	0	0	0	0	1657127375789
1743	774	0	0	0	0	0	0	1657127376809
1743	774	0	0	0	0	0	0	1657127377829
1743	774	0	0	0	0	0	0	1657127378849
1743	774	0	0	0	0	0	0	1657127379869
1743	774	0	0	0	0	0	0	1657127380889
1743	774	0	0	0	0	0	0	1657127381909
1743	774	0	0	0	0	0	0	1657127382929
1743	774	0	0	0	0	0	0	1657127383949
1743	774	0	0	0	0	0	0	1657127384969
1743	774	0	0	0	0	0	0	1657127385989
1743	774	0	0	0	0	0	0	1657127387009
1743	774	0	0	0	0	0	0	1657127388029
1743	774	0	0	0	0	0	0	1657127389049
1743	774	0	0	0	0	0	0	1657127390069
1743	774	0	0	0	0	0	0	1657127391089
1743	774	0	0	0	0	0	0	1657127392109
1743	774	0	0	0	0	0	0	1657127393129
1743	774	0	0	0	0	0	0	1657127394149
1743	774	0	0	0	0	0	0	1657127395169
1743	774	0	0	0	0	0	0	1657127396189
1743	774	0	0	0	0	0	0	1657127397209
1743	774	0	0	0	0	0	0	1657127398229
1743	774	0	0	0	0	0	0	1657127399249
1743	774	0	0	0	0	0	0	1657127400269
1743	774	0	0	0	0	0	0	1657127401289
1743	774	0	0	0	0	0	0	1657127402309
1743	774	0	0	0	0	0	0	1657127403329
1743	774	0	0	0	0	0	0	1657127404349
1743	774	0	0	0	0	0	0	1657127405369
1743	774	0	0	0	0	0	0	1657127406389
1743	774	0	0	0	0	0	0	1657127407409
1743	774	0	0	0	0	0	0	1657127408429
1743	774	0	0	0	0	0	0	1657127409449
1743	774	0	0	0	0	0	0	1657127410469
1743	774	0	0	0	0	0	0	1657127411489
1743	774	0	0	0	0	0	0	1657127412509
1743	774	0	0	0	0	0	0	1657127413529
1743	774	0	0	0	0	0	0	1657127414549
1743	774	0	0	0	0	0	0	1657127415569
1743	774	0	0	0	0	0	0	1657127416589
1743	774	0	0	0	0	0	0	1657127417609
1743	774	0	0	0	0	0	0	1657127418629
1743	774	0	0	0	0	0	0	1657127419649
1743	774	0	0	0	0	0	0	1657127420669
1743	774	0	0	0	0	0	0	1657127421689
1743	774	0	0	0	0	0	0	1657127422709
1743	774	0	0	0	0	0	0	1657127423729
1743	774	0	0	0	0	0	0	1657127424749
1743	774	0	0	0	0	0	0	1657127425769
1743	774	0	0	0	0	0	0	1657127426789
1743	774	0	0	0	0	0	0	1657127427809
1743	774	0	0	0	0	0	0	1657127428829
1743	774	0	0	0	0	0	0	1657127429849
1743	774	0	0	0	0	0	0	1657127430869
1743	774	0	0	0	0	0	0	1657127431889
1743	774	0	0	0	0	0	0	1657127432909
1743	774	0	0	0	0	0	0	1657127433929
1743	774	0	0	0	0	0	0	1657127434949
1743	774	0	0	0	0	0	0	1657127435969
1743	774	0	0	0	0	0	0	1657127436989
1743	774	0	0	0	0	0	0	1657127438009
1743	774	0	0	0	0	0	0	1657127439029
1743	774	0	0	0	0	0	0	1657127440049
1743	774	0	0	0	0	0	0	1657127441069
1742	774	0	0	0	0	0	0	1657127442089
1742	774	0	0	0	0	0	0	1657127443109
1742	774	0	0	0	0	0	0	1657127444129
1742	774	0	0	0	0	0	0	1657127445149
1742	774	0	0	0	0	0	0	1657127446169
1742	774	0	0	0	0	0	0	1657127447189
1742	774	0	0	0	0	0	0	1657127448209
1742	774	0	0	0	0	0	0	1657127449229
1742	774	0	0	0	0	0	0	1657127450249
1742	774	0	0	0	0	0	0	1657127451269
1743	774	0	0	0	0	0	0	1657127452289
1743	774	0	0	0	0	0	0	1657127453309
1743	774	0	0	0	0	0	0	1657127454329
1743	774	0	0	0	0	0	0	1657127455349
1743	774	0	0	0	0	0	0	1657127456369
1743	774	0	0	0	0	0	0	1657127457389
1743	774	0	0	0	0	0	0	1657127458409
1743	774	0	0	0	0	0	0	1657127459429
1743	774	0	0	0	0	0	0	1657127460449
1743	774	0	0	0	0	0	0	1657127461469
1743	774	0	0	0	0	0	0	1657127462489
1743	774	0	0	0	0	0	0	1657127463509
1743	774	0	0	0	0	0	0	1657127464529
1743	774	0	0	0	0	0	0	1657127465549
1743	774	0	0	0	0	0	0	1657127466569
1743	774	0	0	0	0	0	0	1657127467589
1743	774	0	0	0	0	0	0	1657127468609
1743	774	0	0	0	0	0	0	1657127469629
1743	774	0	0	0	0	0	0	1657127470649
1743	774	0	0	0	0	0	0	1657127471669
1743	774	0	0	0	0	0	0	1657127472689
1743	774	0	0	0	0	0	0	1657127473709
1743	774	0	0	0	0	0	0	1657127474729
1743	774	0	0	0	0	0	0	1657127475749
1743	774	0	0	0	0	0	0	1657127476769
1742	774	0	0	0	0	0	0	1657127477789
1742	774	0	0	0	0	0	0	1657127478809
1742	774	0	0	0	0	0	0	1657127479829
1742	774	0	0	0	0	0	0	1657127480849
1742	774	0	0	0	0	0	0	1657127481869
1742	774	0	0	0	0	0	0	1657127482889
1742	774	0	0	0	0	0	0	1657127483909
1742	774	0	0	0	0	0	0	1657127484929
1742	774	0	0	0	0	0	0	1657127485949
1742	774	0	0	0	0	0	0	1657127486969
1742	774	0	0	0	0	0	0	1657127487989
1742	774	0	0	0	0	0	0	1657127489009
1742	774	0	0	0	0	0	0	1657127490029
1742	774	0	0	0	0	0	0	1657127491049
1742	774	0	0	0	0	0	0	1657127492069
1741	774	0	0	0	0	0	0	1657127493089
1741	774	0	0	0	0	0	0	1657127494109
1742	774	0	0	0	0	0	0	1657127495129
1741	774	0	0	0	0	0	0	1657127496149
1741	774	0	0	0	0	0	0	1657127497169
1741	774	0	0	0	0	0	0	1657127498189
1741	774	0	0	0	0	0	0	1657127499209
1741	774	0	0	0	0	0	0	1657127500229
1741	774	0	0	0	0	0	0	1657127501249
1738	774	0	0	0	0	0	0	1657127502269
1735	774	0	0	0	0	0	0	1657127503289
1731	774	0	0	0	0	0	0	1657127504309
1731	774	0	0	0	0	0	0	1657127505329
1729	774	0	0	0	0	0	0	1657127506349
1724	774	0	0	0	0	0	0	1657127507369
1721	774	0	0	0	0	0	0	1657127508389
1719	774	0	0	0	0	0	0	1657127509409
1718	774	0	0	0	0	0	0	1657127510429
1719	774	0	0	0	0	0	0	1657127511449
1719	774	0	0	0	0	0	0	1657127512469
1718	774	0	0	0	0	0	0	1657127513489
1718	774	0	0	0	0	0	0	1657127514509
1718	774	0	0	0	0	0	0	1657127515529
1719	774	0	0	0	0	0	0	1657127516549
1719	774	0	0	0	0	0	0	1657127517569
1718	774	0	0	0	0	0	0	1657127518589
1718	774	0	0	0	0	0	0	1657127519609
1718	774	0	0	0	0	0	0	1657127520629
1718	774	0	0	0	0	0	0	1657127521649
1717	774	0	0	0	0	0	0	1657127522669
1717	774	0	0	0	0	0	0	1657127523689
1717	774	0	0	0	0	0	0	1657127524709
1717	774	0	0	0	0	0	0	1657127525729
1718	774	0	0	0	0	0	0	1657127526749
1718	774	0	0	0	0	0	0	1657127527769
1717	774	0	0	0	0	0	0	1657127528789
1716	774	0	0	0	0	0	0	1657127529809
1716	774	0	0	0	0	0	0	1657127530829
1716	774	0	0	0	0	0	0	1657127531849
1716	774	0	0	0	0	0	0	1657127532869
1716	774	0	0	0	0	0	0	1657127533889
1716	774	0	0	0	0	0	0	1657127534909
1716	774	0	0	0	0	0	0	1657127535929
1716	774	0	0	0	0	0	0	1657127536949
1715	774	0	0	0	0	0	0	1657127537969
1715	774	0	0	0	0	0	0	1657127538989
1715	774	0	0	0	0	0	0	1657127540009
1715	774	0	0	0	0	0	0	1657127541029
1715	774	0	0	0	0	0	0	1657127542049
1715	774	0	0	0	0	0	0	1657127543069
1715	774	0	0	0	0	0	0	1657127544089
1715	774	0	0	0	0	0	0	1657127545109
1715	774	0	0	0	0	0	0	1657127546129
1715	774	0	0	0	0	0	0	1657127547149
1715	774	0	0	0	0	0	0	1657127548169
1715	774	0	0	0	0	0	0	1657127549189
1715	774	0	0	0	0	0	0	1657127550209
1715	774	0	0	0	0	0	0	1657127551229
1715	774	0	0	0	0	0	0	1657127552249
1715	774	0	0	0	0	0	0	1657127553269
1715	774	0	0	0	0	0	0	1657127554289
1715	774	0	0	0	0	0	0	1657127555309
1715	774	0	0	0	0	0	0	1657127556329
1715	774	0	0	0	0	0	0	1657127557349
1715	774	0	0	0	0	0	0	1657127558369
1715	774	0	0	0	0	0	0	1657127559389
1715	774	0	0	0	0	0	0	1657127560409
1715	774	0	0	0	0	0	0	1657127561429
1715	774	0	0	0	0	0	0	1657127562449
1715	774	0	0	0	0	0	0	1657127563469
1715	774	0	0	0	0	0	0	1657127564489
1715	774	0	0	0	0	0	0	1657127565509
1715	774	0	0	0	0	0	0	1657127566529
1715	774	0	0	0	0	0	0	1657127567549
1715	774	0	0	0	0	0	0	1657127568569
1715	774	0	0	0	0	0	0	1657127569589
1715	774	0	0	0	0	0	0	1657127570609
1715	774	0	0	0	0	0	0	1657127571629
1715	774	0	0	0	0	0	0	1657127572649
1715	774	0	0	0	0	0	0	1657127573669
1715	774	0	0	0	0	0	0	1657127574689
1715	774	0	0	0	0	0	0	1657127575709
1715	774	0	0	0	0	0	0	1657127576729
1715	774	0	0	0	0	0	0	1657127577749
1715	774	0	0	0	0	0	0	1657127578769
1715	774	0	0	0	0	0	0	1657127579789
1715	774	0	0	0	0	0	0	1657127580809
1715	774	0	0	0	0	0	0	1657127581829
1715	774	0	0	0	0	0	0	1657127582849
1715	774	0	0	0	0	0	0	1657127583869
1715	774	0	0	0	0	0	0	1657127584889
1715	774	0	0	0	0	0	0	1657127585909
1715	774	0	0	0	0	0	0	1657127586929
1715	774	0	0	0	0	0	0	1657127587949
1715	774	0	0	0	0	0	0	1657127588969
1715	774	0	0	0	0	0	0	1657127589989
1715	774	0	0	0	0	0	0	1657127591009
1715	774	0	0	0	0	0	0	1657127592029
1715	774	0	0	0	0	0	0	1657127593049
1715	774	0	0	0	0	0	0	1657127594069
1715	774	0	0	0	0	0	0	1657127595089
1715	774	0	0	0	0	0	0	1657127596109
1715	774	0	0	0	0	0	0	1657127597129
1715	774	0	0	0	0	0	0	1657127598149
1715	774	0	0	0	0	0	0	1657127599169
1715	774	0	0	0	0	0	0	1657127600189
1715	774	0	0	0	0	0	0	1657127601209
1715	774	0	0	0	0	0	0	1657127602229
1715	774	0	0	0	0	0	0	1657127603249
1715	774	0	0	0	0	0	0	1657127604269
1715	774	0	0	0	0	0	0	1657127605289
1715	774	0	0	0	0	0	0	1657127606309
1715	774	0	0	0	0	0	0	1657127607329
1715	774	0	0	0	0	0	0	1657127608349
1715	774	0	0	0	0	0	0	1657127609369
1715	774	0	0	0	0	0	0	1657127610389
1715	774	0	0	0	0	0	0	1657127611409
1715	774	0	0	0	0	0	0	1657127612429
1715	774	0	0	0	0	0	0	1657127613449
1715	774	0	0	0	0	0	0	1657127614469
1715	774	0	0	0	0	0	0	1657127615489
1715	774	0	0	0	0	0	0	1657127616509
1715	774	0	0	0	0	0	0	1657127617529
1715	774	0	0	0	0	0	0	1657127618549
1715	774	0	0	0	0	0	0	1657127619569
1715	774	0	0	0	0	0	0	1657127620589
1715	774	0	0	0	0	0	0	1657127621609
1715	774	0	0	0	0	0	0	1657127622629
1715	774	0	0	0	0	0	0	1657127623649
1715	774	0	0	0	0	0	0	1657127624669
1715	774	0	0	0	0	0	0	1657127625689
1715	774	0	0	0	0	0	0	1657127626709
1715	774	0	0	0	0	0	0	1657127627729
1715	774	0	0	0	0	0	0	1657127628749
1715	774	0	0	0	0	0	0	1657127629769
1715	774	0	0	0	0	0	0	1657127630789
1715	774	0	0	0	0	0	0	1657127631809
1715	774	0	0	0	0	0	0	1657127632829
1715	774	0	0	0	0	0	0	1657127633849
1715	774	0	0	0	0	0	0	1657127634869
1715	774	0	0	0	0	0	0	1657127635889
1715	774	0	0	0	0	0	0	1657127636909
1715	774	0	0	0	0	0	0	1657127637929
1715	774	0	0	0	0	0	0	1657127638949
1715	774	0	0	0	0	0	0	1657127639969
1715	774	0	0	0	0	0	0	1657127640989
1715	774	0	0	0	0	0	0	1657127642009
1715	774	0	0	0	0	0	0	1657127643029
1715	774	0	0	0	0	0	0	1657127644049
1715	774	0	0	0	0	0	0	1657127645069
1715	774	0	0	0	0	0	0	1657127646089
1715	774	0	0	0	0	0	0	1657127647109
1715	774	0	0	0	0	0	0	1657127648129
1715	774	0	0	0	0	0	0	1657127649149
1715	774	0	0	0	0	0	0	1657127650169
1715	774	0	0	0	0	0	0	1657127651189
1715	774	0	0	0	0	0	0	1657127652209
1715	774	0	0	0	0	0	0	1657127653229
1715	774	0	0	0	0	0	0	1657127654249
1715	774	0	0	0	0	0	0	1657127655269
1715	774	0	0	0	0	0	0	1657127656289
1715	774	0	0	0	0	0	0	1657127657309
1715	774	0	0	0	0	0	0	1657127658329
1715	774	0	0	0	0	0	0	1657127659349
1715	774	0	0	0	0	0	0	1657127660369
1715	774	0	0	0	0	0	0	1657127661389
1715	774	0	0	0	0	0	0	1657127662409
1715	774	0	0	0	0	0	0	1657127663429
1715	774	0	0	0	0	0	0	1657127664449
1715	774	0	0	0	0	0	0	1657127665469
1715	774	0	0	0	0	0	0	1657127666489
1715	774	0	0	0	0	0	0	1657127667509
1715	774	0	0	0	0	0	0	1657127668529
1715	774	0	0	0	0	0	0	1657127669549
1715	774	0	0	0	0	0	0	1657127670569
1715	774	0	0	0	0	0	0	1657127671589
1715	774	0	0	0	0	0	0	1657127672609
1715	774	0	0	0	0	0	0	1657127673629
1715	774	0	0	0	0	0	0	1657127674649
1715	774	0	0	0	0	0	0	1657127675669
1715	774	0	0	0	0	0	0	1657127676689
1715	774	0	0	0	0	0	0	1657127677709
1715	774	0	0	0	0	0	0	1657127678729
1715	774	0	0	0	0	0	0	1657127679749
1715	774	0	0	0	0	0	0	1657127680769
1715	774	0	0	0	0	0	0	1657127681789
1715	774	0	0	0	0	0	0	1657127682809
1715	774	0	0	0	0	0	0	1657127683829
1715	774	0	0	0	0	0	0	1657127684849
1715	774	0	0	0	0	0	0	1657127685869
1715	774	0	0	0	0	0	0	1657127686889
1715	774	0	0	0	0	0	0	1657127687909
1715	774	0	0	0	0	0	0	1657127688929
1715	774	0	0	0	0	0	0	1657127689949
1715	774	0	0	0	0	0	0	1657127690969
1715	774	0	0	0	0	0	0	1657127691989
1715	774	0	0	0	0	0	0	1657127693009
1715	774	0	0	0	0	0	0	1657127694029
1715	774	0	0	0	0	0	0	1657127695049
1715	774	0	0	0	0	0	0	1657127696069
1715	774	0	0	0	0	0	0	1657127697089
1715	774	0	0	0	0	0	0	1657127698109
1715	774	0	0	0	0	0	0	1657127699129
1715	774	0	0	0	0	0	0	1657127700149
1715	774	0	0	0	0	0	0	1657127701169
1715	774	0	0	0	0	0	0	1657127702189
1715	774	0	0	0	0	0	0	1657127703209
1715	774	0	0	0	0	0	0	1657127704229
11029	774	0	0	0	0	0	0	1657127705249
7303	774	0	0	0	0	0	0	1657127706269
5068	774	0	0	0	0	0	0	1657127707289
3727	774	0	0	0	0	0	0	1657127708309
2922	774	0	0	0	0	0	0	1657127709329
2439	774	0	0	0	0	0	0	1657127710349
2149	774	0	0	0	0	0	0	1657127711369
1975	774	0	0	0	0	0	0	1657127712389
1871	774	0	0	0	0	0	0	1657127713409
1808	774	0	0	0	0	0	0	1657127714429
1771	774	0	0	0	0	0	0	1657127715449
1749	774	0	0	0	0	0	0	1657127716469
1735	774	0	0	0	0	0	0	1657127717489
1727	774	0	0	0	0	0	0	1657127718509
1722	774	0	0	0	0	0	0	1657127719529
1719	774	0	0	0	0	0	0	1657127720549
1717	774	0	0	0	0	0	0	1657127721569
1716	774	0	0	0	0	0	0	1657127722589
1715	774	0	0	0	0	0	0	1657127723609
1715	774	0	0	0	0	0	0	1657127724629
1715	774	0	0	0	0	0	0	1657127725649
1715	774	0	0	0	0	0	0	1657127726669
1715	774	0	0	0	0	0	0	1657127727689
1715	774	0	0	0	0	0	0	1657127728709
1715	774	0	0	0	0	0	0	1657127729729
1715	774	0	0	0	0	0	0	1657127730749
1715	774	0	0	0	0	0	0	1657127731769
1715	774	0	0	0	0	0	0	1657127732789
1715	774	0	0	0	0	0	0	1657127733809
1715	774	0	0	0	0	0	0	1657127734829
1715	774	0	0	0	0	0	0	1657127735849
1715	774	0	0	0	0	0	0	1657127736869
1715	774	0	0	0	0	0	0	1657127737889
1715	774	0	0	0	0	0	0	1657127738909
1715	774	0	0	0	0	0	0	1657127739929
1715	774	0	0	0	0	0	0	1657127740949
1715	774	0	0	0	0	0	0	1657127741969
1715	774	0	0	0	0	0	0	1657127742989
1715	774	0	0	0	0	0	0	1657127744009
1715	774	0	0	0	0	0	0	1657127745029
1715	774	0	0	0	0	0	0	1657127746049
1715	774	0	0	0	0	0	0	1657127747069
1715	774	0	0	0	0	0	0	1657127748089
1715	774	0	0	0	0	0	0	1657127749109
1715	774	0	0	0	0	0	0	1657127750129
1715	774	0	0	0	0	0	0	1657127751149
1715	774	0	0	0	0	0	0	1657127752169
1715	774	0	0	0	0	0	0	1657127753189
1715	774	0	0	0	0	0	0	1657127754209
1715	774	0	0	0	0	0	0	1657127755229
1715	774	0	0	0	0	0	0	1657127756249
1715	774	0	0	0	0	0	0	1657127757269
1715	774	0	0	0	0	0	0	1657127758289
1715	774	0	0	0	0	0	0	1657127759309
1715	774	0	0	0	0	0	0	1657127760329
1715	774	0	0	0	0	0	0	1657127761349
1715	774	0	0	0	0	0	0	1657127762369
1715	774	0	0	0	0	0	0	1657127763389
1715	774	0	0	0	0	0	0	1657127764409
1715	774	0	0	0	0	0	0	1657127765429
1715	774	0	0	0	0	0	0	1657127766449
1715	774	0	0	0	0	0	0	1657127767469
1715	774	0	0	0	0	0	0	1657127768489
1715	774	0	0	0	0	0	0	1657127769509
1715	774	0	0	0	0	0	0	1657127770529
1715	774	0	0	0	0	0	0	1657127771549
1715	774	0	0	0	0	0	0	1657127772569
1715	774	0	0	0	0	0	0	1657127773589
1715	774	0	0	0	0	0	0	1657127774609
1715	774	0	0	0	0	0	0	1657127775629
1715	774	0	0	0	0	0	0	1657127776649
1715	774	0	0	0	0	0	0	1657127777669
1715	774	0	0	0	0	0	0	1657127778689
1715	774	0	0	0	0	0	0	1657127779709
1715	774	0	0	0	0	0	0	1657127780729
1715	774	0	0	0	0	0	0	1657127781749
1715	774	0	0	0	0	0	0	1657127782769
1715	774	0	0	0	0	0	0	1657127783789
1715	774	0	0	0	0	0	0	1657127784809
1715	774	0	0	0	0	0	0	1657127785829
1715	774	0	0	0	0	0	0	1657127786849
1715	774	0	0	0	0	0	0	1657127787869
1715	774	0	0	0	0	0	0	1657127788889
1715	774	0	0	0	0	0	0	1657127789909
1715	774	0	0	0	0	0	0	1657127790929
1715	774	0	0	0	0	0	0	1657127791949
1715	774	0	0	0	0	0	0	1657127792969
1715	774	0	0	0	0	0	0	1657127793989
1715	774	0	0	0	0	0	0	1657127795009
1715	774	0	0	0	0	0	0	1657127796029
1715	774	0	0	0	0	0	0	1657127797049
1715	774	0	0	0	0	0	0	1657127798069
1715	774	0	0	0	0	0	0	1657127799089
1715	774	0	0	0	0	0	0	1657127800109
1715	774	0	0	0	0	0	0	1657127801129
1715	774	0	0	0	0	0	0	1657127802149
1715	774	0	0	0	0	0	0	1657127803169
1715	774	0	0	0	0	0	0	1657127804189
1715	774	0	0	0	0	0	0	1657127805209
1715	774	0	0	0	0	0	0	1657127806229
1715	774	0	0	0	0	0	0	1657127807249
1715	774	0	0	0	0	0	0	1657127808269
1715	774	0	0	0	0	0	0	1657127809289
1715	774	0	0	0	0	0	0	1657127810309
1715	774	0	0	0	0	0	0	1657127811329
1715	774	0	0	0	0	0	0	1657127812349
1715	774	0	0	0	0	0	0	1657127813369
1715	774	0	0	0	0	0	0	1657127814389
1715	774	0	0	0	0	0	0	1657127815409
1715	774	0	0	0	0	0	0	1657127816429
1715	774	0	0	0	0	0	0	1657127817449
1715	774	0	0	0	0	0	0	1657127818469
1715	774	0	0	0	0	0	0	1657127819489
1715	774	0	0	0	0	0	0	1657127820509
1715	774	0	0	0	0	0	0	1657127821529
1715	774	0	0	0	0	0	0	1657127822549
1715	774	0	0	0	0	0	0	1657127823569
1715	774	0	0	0	0	0	0	1657127824589
1715	774	0	0	0	0	0	0	1657127825609
1715	774	0	0	0	0	0	0	1657127826629
1715	774	0	0	0	0	0	0	1657127827649
1715	774	0	0	0	0	0	0	1657127828669
1715	774	0	0	0	0	0	0	1657127829689
1715	774	0	0	0	0	0	0	1657127830709
1715	774	0	0	0	0	0	0	1657127831729
1715	774	0	0	0	0	0	0	1657127832749
1715	774	0	0	0	0	0	0	1657127833769
1715	774	0	0	0	0	0	0	1657127834789
1715	774	0	0	0	0	0	0	1657127835809
1715	774	0	0	0	0	0	0	1657127836829
1715	774	0	0	0	0	0	0	1657127837849
1715	774	0	0	0	0	0	0	1657127838869
1715	774	0	0	0	0	0	0	1657127839889
1715	774	0	0	0	0	0	0	1657127840909
1715	774	0	0	0	0	0	0	1657127841929
