1514	2674	0	0	0	0	0	0	1658262297953
1516	2659	0	0	0	0	0	0	1658262298973
1517	2638	0	0	0	0	0	0	1658262299993
1518	2616	0	0	0	0	0	0	1658262301013
1519	2595	0	0	0	0	0	0	1658262302033
1523	2571	0	0	0	0	0	0	1658262303053
1533	2549	0	0	0	0	0	0	1658262304073
1539	2533	0	0	0	0	0	0	1658262305093
1542	2515	0	0	0	0	0	0	1658262306113
1544	2501	0	0	0	0	0	0	1658262307133
1545	2484	0	0	0	0	0	0	1658262308153
1546	2471	0	0	0	0	0	0	1658262309173
1547	2458	0	0	0	0	0	0	1658262310193
1548	2444	0	0	0	0	0	0	1658262311213
1555	2434	0	0	0	0	0	0	1658262312233
1562	2419	0	0	0	0	0	0	1658262313253
1567	2409	0	0	0	0	0	0	1658262314273
1570	2395	0	0	0	0	0	0	1658262315293
1572	2384	0	0	0	0	0	0	1658262316313
1573	2377	0	0	0	0	0	0	1658262317333
1574	2370	0	0	0	0	0	0	1658262318353
1575	2358	0	0	0	0	0	0	1658262319373
1575	2351	0	0	0	0	0	0	1658262320393
1575	2345	0	0	0	0	0	0	1658262321413
1575	2331	0	0	0	0	0	0	1658262322433
1575	2323	0	0	0	0	0	0	1658262323453
1577	2319	0	0	0	0	0	0	1658262324473
1578	2316	0	0	0	0	0	0	1658262325493
1582	2312	0	0	0	0	0	0	1658262326513
1588	2301	0	0	0	0	0	0	1658262327533
1593	2294	0	0	0	0	0	0	1658262328553
1597	2289	0	0	0	0	0	0	1658262329573
1599	2287	0	0	0	0	0	0	1658262330593
1601	2278	0	0	0	0	0	0	1658262331613
1602	2269	0	0	0	0	0	0	1658262332633
1602	2264	0	0	0	0	0	0	1658262333653
1602	2261	0	0	0	0	0	0	1658262334673
1602	2259	0	0	0	0	0	0	1658262335693
1603	2257	0	0	0	0	0	0	1658262336713
1603	2247	0	0	0	0	0	0	1658262337733
1603	2239	0	0	0	0	0	0	1658262338753
1604	2234	0	0	0	0	0	0	1658262339773
1604	2232	0	0	0	0	0	0	1658262340793
1604	2230	0	0	0	0	0	0	1658262341813
1604	2228	0	0	0	0	0	0	1658262342833
1604	2218	0	0	0	0	0	0	1658262343853
1604	2210	0	0	0	0	0	0	1658262344873
1604	2206	0	0	0	0	0	0	1658262345893
1604	2203	0	0	0	0	0	0	1658262346913
1604	2201	0	0	0	0	0	0	1658262347933
1604	2200	0	0	0	0	0	0	1658262348953
1604	2198	0	0	0	0	0	0	1658262349973
1604	2192	0	0	0	0	0	0	1658262350993
1604	2184	0	0	0	0	0	0	1658262352013
1604	2179	0	0	0	0	0	0	1658262353033
1604	2176	0	0	0	0	0	0	1658262354053
1605	2174	0	0	0	0	0	0	1658262355073
1604	2172	0	0	0	0	0	0	1658262356093
1604	2171	0	0	0	0	0	0	1658262357113
1603	2171	0	0	0	0	0	0	1658262358133
1603	2170	0	0	0	0	0	0	1658262359153
1603	2167	0	0	0	0	0	0	1658262360173
1603	2160	0	0	0	0	0	0	1658262361193
1603	2153	0	0	0	0	0	0	1658262362213
1610	2149	0	0	0	0	0	0	1658262363233
1607	2146	0	0	0	0	0	0	1658262364253
1606	2144	0	0	0	0	0	0	1658262365273
1605	2144	0	0	0	0	0	0	1658262366293
1604	2143	0	0	0	0	0	0	1658262367313
1604	2143	0	0	0	0	0	0	1658262368333
1604	2134	0	0	0	0	0	0	1658262369353
1604	2126	0	0	0	0	0	0	1658262370373
1604	2122	0	0	0	0	0	0	1658262371393
1604	2119	0	0	0	0	0	0	1658262372413
1604	2117	0	0	0	0	0	0	1658262373433
1604	2116	0	0	0	0	0	0	1658262374453
1604	2115	0	0	0	0	0	0	1658262375473
1607	2115	0	0	0	0	0	0	1658262376493
1607	2113	0	0	0	0	0	0	1658262377513
1606	2108	0	0	0	0	0	0	1658262378533
1605	2102	0	0	0	0	0	0	1658262379553
1612	2096	0	0	0	0	0	0	1658262380573
1620	2092	0	0	0	0	0	0	1658262381593
1614	2090	0	0	0	0	0	0	1658262382613
1610	2088	0	0	0	0	0	0	1658262383633
1607	2087	0	0	0	0	0	0	1658262384653
1606	2087	0	0	0	0	0	0	1658262385673
1605	2087	0	0	0	0	0	0	1658262386693
1605	2086	0	0	0	0	0	0	1658262387713
1604	2086	0	0	0	0	0	0	1658262388733
1604	2086	0	0	0	0	0	0	1658262389753
1604	2085	0	0	0	0	0	0	1658262390773
1604	2082	0	0	0	0	0	0	1658262391793
1604	2074	0	0	0	0	0	0	1658262392813
1604	2068	0	0	0	0	0	0	1658262393833
1604	2064	0	0	0	0	0	0	1658262394853
1604	2061	0	0	0	0	0	0	1658262395873
1604	2060	0	0	0	0	0	0	1658262396893
1604	2060	0	0	0	0	0	0	1658262397913
1604	2060	0	0	0	0	0	0	1658262398933
1604	2059	0	0	0	0	0	0	1658262399953
1604	2058	0	0	0	0	0	0	1658262400973
1604	2058	0	0	0	0	0	0	1658262401993
1604	2054	0	0	0	0	0	0	1658262403013
1604	2048	0	0	0	0	0	0	1658262404033
1604	2042	0	0	0	0	0	0	1658262405053
1604	2037	0	0	0	0	0	0	1658262406073
1604	2034	0	0	0	0	0	0	1658262407093
1604	2032	0	0	0	0	0	0	1658262408113
1604	2031	0	0	0	0	0	0	1658262409133
1604	2031	0	0	0	0	0	0	1658262410153
1604	2031	0	0	0	0	0	0	1658262411173
1604	2031	0	0	0	0	0	0	1658262412193
1604	2030	0	0	0	0	0	0	1658262413213
1604	2030	0	0	0	0	0	0	1658262414233
1609	2022	0	0	0	0	0	0	1658262415253
1607	2016	0	0	0	0	0	0	1658262416273
1606	2010	0	0	0	0	0	0	1658262417293
1605	2007	0	0	0	0	0	0	1658262418313
1604	2005	0	0	0	0	0	0	1658262419333
1604	2004	0	0	0	0	0	0	1658262420353
1602	2003	0	0	0	0	0	0	1658262421373
1602	2003	0	0	0	0	0	0	1658262422393
1602	2003	0	0	0	0	0	0	1658262423413
1602	2003	0	0	0	0	0	0	1658262424433
1602	2002	0	0	0	0	0	0	1658262425453
1603	2002	0	0	0	0	0	0	1658262426473
1603	2002	0	0	0	0	0	0	1658262427493
1602	2000	0	0	0	0	0	0	1658262428513
1602	1994	0	0	0	0	0	0	1658262429533
1602	1987	0	0	0	0	0	0	1658262430553
1603	1982	0	0	0	0	0	0	1658262431573
1603	1979	0	0	0	0	0	0	1658262432593
1603	1977	0	0	0	0	0	0	1658262433613
1603	1975	0	0	0	0	0	0	1658262434633
1603	1974	0	0	0	0	0	0	1658262435653
1603	1974	0	0	0	0	0	0	1658262436673
1603	1974	0	0	0	0	0	0	1658262437693
1603	1974	0	0	0	0	0	0	1658262438713
1603	1974	0	0	0	0	0	0	1658262439733
1603	1974	0	0	0	0	0	0	1658262440753
1603	1973	0	0	0	0	0	0	1658262441773
1603	1973	0	0	0	0	0	0	1658262442793
1603	1973	0	0	0	0	0	0	1658262443813
1603	1969	0	0	0	0	0	0	1658262444833
1603	1964	0	0	0	0	0	0	1658262445853
1603	1958	0	0	0	0	0	0	1658262446873
1603	1954	0	0	0	0	0	0	1658262447893
1603	1951	0	0	0	0	0	0	1658262448913
1603	1949	0	0	0	0	0	0	1658262449933
1603	1947	0	0	0	0	0	0	1658262450953
1606	1947	0	0	0	0	0	0	1658262451973
1605	1946	0	0	0	0	0	0	1658262452993
1604	1946	0	0	0	0	0	0	1658262454013
1603	1946	0	0	0	0	0	0	1658262455033
1602	1946	0	0	0	0	0	0	1658262456053
1603	1946	0	0	0	0	0	0	1658262457073
1603	1946	0	0	0	0	0	0	1658262458093
1603	1946	0	0	0	0	0	0	1658262459113
1602	1946	0	0	0	0	0	0	1658262460133
1604	1945	0	0	0	0	0	0	1658262461153
1603	1945	0	0	0	0	0	0	1658262462173
1598	1944	0	0	0	0	0	0	1658262463193
1592	1943	0	0	0	0	0	0	1658262464213
1585	1939	0	0	0	0	0	0	1658262465233
1581	1937	0	0	0	0	0	0	1658262466253
1580	1933	0	0	0	0	0	0	1658262467273
1578	1928	0	0	0	0	0	0	1658262468293
1580	1924	0	0	0	0	0	0	1658262469313
1579	1922	0	0	0	0	0	0	1658262470333
1580	1920	0	0	0	0	0	0	1658262471353
1583	1919	0	0	0	0	0	0	1658262472373
1582	1918	0	0	0	0	0	0	1658262473393
1585	1918	0	0	0	0	0	0	1658262474413
1582	1918	0	0	0	0	0	0	1658262475433
1579	1918	0	0	0	0	0	0	1658262476453
1578	1918	0	0	0	0	0	0	1658262477473
1577	1917	0	0	0	0	0	0	1658262478493
1576	1917	0	0	0	0	0	0	1658262479513
1576	1917	0	0	0	0	0	0	1658262480533
1576	1917	0	0	0	0	0	0	1658262481553
1577	1913	0	0	0	0	0	0	1658262482573
1577	1909	0	0	0	0	0	0	1658262483593
1577	1902	0	0	0	0	0	0	1658262484613
1576	1897	0	0	0	0	0	0	1658262485633
1576	1894	0	0	0	0	0	0	1658262486653
1576	1892	0	0	0	0	0	0	1658262487673
1576	1891	0	0	0	0	0	0	1658262488693
1576	1891	0	0	0	0	0	0	1658262489713
1576	1890	0	0	0	0	0	0	1658262490733
1576	1890	0	0	0	0	0	0	1658262491753
1576	1890	0	0	0	0	0	0	1658262492773
1576	1890	0	0	0	0	0	0	1658262493793
1576	1890	0	0	0	0	0	0	1658262494813
1576	1890	0	0	0	0	0	0	1658262495833
1576	1890	0	0	0	0	0	0	1658262496853
1576	1890	0	0	0	0	0	0	1658262497873
1576	1890	0	0	0	0	0	0	1658262498893
1576	1890	0	0	0	0	0	0	1658262499913
1576	1890	0	0	0	0	0	0	1658262500933
1576	1890	0	0	0	0	0	0	1658262501953
1576	1888	0	0	0	0	0	0	1658262502973
1576	1883	0	0	0	0	0	0	1658262503993
1576	1877	0	0	0	0	0	0	1658262505013
1576	1871	0	0	0	0	0	0	1658262506033
1576	1868	0	0	0	0	0	0	1658262507053
1576	1865	0	0	0	0	0	0	1658262508073
1576	1864	0	0	0	0	0	0	1658262509093
1576	1863	0	0	0	0	0	0	1658262510113
1576	1862	0	0	0	0	0	0	1658262511133
1576	1861	0	0	0	0	0	0	1658262512153
1576	1861	0	0	0	0	0	0	1658262513173
1576	1861	0	0	0	0	0	0	1658262514193
1576	1861	0	0	0	0	0	0	1658262515213
1576	1861	0	0	0	0	0	0	1658262516233
1576	1862	0	0	0	0	0	0	1658262517253
1576	1861	0	0	0	0	0	0	1658262518273
1576	1861	0	0	0	0	0	0	1658262519293
1576	1861	0	0	0	0	0	0	1658262520313
1576	1861	0	0	0	0	0	0	1658262521333
1576	1861	0	0	0	0	0	0	1658262522353
1576	1861	0	0	0	0	0	0	1658262523373
1576	1860	0	0	0	0	0	0	1658262524393
1576	1858	0	0	0	0	0	0	1658262525413
1576	1855	0	0	0	0	0	0	1658262526433
1576	1849	0	0	0	0	0	0	1658262527453
1576	1846	0	0	0	0	0	0	1658262528473
1576	1842	0	0	0	0	0	0	1658262529493
1576	1839	0	0	0	0	0	0	1658262530513
1576	1837	0	0	0	0	0	0	1658262531533
1576	1835	0	0	0	0	0	0	1658262532553
1576	1834	0	0	0	0	0	0	1658262533573
1576	1834	0	0	0	0	0	0	1658262534593
1576	1834	0	0	0	0	0	0	1658262535613
1576	1834	0	0	0	0	0	0	1658262536633
1576	1834	0	0	0	0	0	0	1658262537653
1576	1834	0	0	0	0	0	0	1658262538673
1576	1834	0	0	0	0	0	0	1658262539693
1576	1833	0	0	0	0	0	0	1658262540713
1576	1833	0	0	0	0	0	0	1658262541733
1576	1833	0	0	0	0	0	0	1658262542753
1576	1834	0	0	0	0	0	0	1658262543773
1576	1834	0	0	0	0	0	0	1658262544793
1576	1833	0	0	0	0	0	0	1658262545813
1576	1833	0	0	0	0	0	0	1658262546833
1576	1833	0	0	0	0	0	0	1658262547853
1577	1831	0	0	0	0	0	0	1658262548873
1576	1827	0	0	0	0	0	0	1658262549893
1576	1824	0	0	0	0	0	0	1658262550913
1576	1819	0	0	0	0	0	0	1658262551933
1576	1814	0	0	0	0	0	0	1658262552953
1576	1811	0	0	0	0	0	0	1658262553973
1578	1809	0	0	0	0	0	0	1658262554993
1577	1808	0	0	0	0	0	0	1658262556013
1576	1807	0	0	0	0	0	0	1658262557033
1576	1806	0	0	0	0	0	0	1658262558053
1576	1806	0	0	0	0	0	0	1658262559073
1580	1806	0	0	0	0	0	0	1658262560093
1578	1806	0	0	0	0	0	0	1658262561113
1580	1806	0	0	0	0	0	0	1658262562133
1578	1806	0	0	0	0	0	0	1658262563153
1577	1806	0	0	0	0	0	0	1658262564173
1576	1806	0	0	0	0	0	0	1658262565193
1576	1806	0	0	0	0	0	0	1658262566213
1576	1806	0	0	0	0	0	0	1658262567233
1576	1806	0	0	0	0	0	0	1658262568253
1576	1806	0	0	0	0	0	0	1658262569273
1576	1805	0	0	0	0	0	0	1658262570293
1576	1805	0	0	0	0	0	0	1658262571313
1576	1805	0	0	0	0	0	0	1658262572333
1576	1805	0	0	0	0	0	0	1658262573353
1576	1805	0	0	0	0	0	0	1658262574373
1576	1805	0	0	0	0	0	0	1658262575393
1576	1803	0	0	0	0	0	0	1658262576413
1576	1802	0	0	0	0	0	0	1658262577433
1576	1798	0	0	0	0	0	0	1658262578453
1576	1793	0	0	0	0	0	0	1658262579473
1576	1787	0	0	0	0	0	0	1658262580493
1576	1784	0	0	0	0	0	0	1658262581513
1576	1781	0	0	0	0	0	0	1658262582533
1576	1779	0	0	0	0	0	0	1658262583553
1576	1778	0	0	0	0	0	0	1658262584573
1573	1778	0	0	0	0	0	0	1658262585593
1574	1778	0	0	0	0	0	0	1658262586613
1573	1777	0	0	0	0	0	0	1658262587633
1573	1777	0	0	0	0	0	0	1658262588653
1573	1777	0	0	0	0	0	0	1658262589673
1573	1777	0	0	0	0	0	0	1658262590693
1570	1777	0	0	0	0	0	0	1658262591713
1566	1777	0	0	0	0	0	0	1658262592733
1565	1777	0	0	0	0	0	0	1658262593753
1563	1777	0	0	0	0	0	0	1658262594773
1566	1777	0	0	0	0	0	0	1658262595793
1567	1777	0	0	0	0	0	0	1658262596813
1570	1777	0	0	0	0	0	0	1658262597833
1572	1777	0	0	0	0	0	0	1658262598853
1573	1777	0	0	0	0	0	0	1658262599873
1574	1777	0	0	0	0	0	0	1658262600893
1575	1777	0	0	0	0	0	0	1658262601913
1575	1777	0	0	0	0	0	0	1658262602933
1575	1777	0	0	0	0	0	0	1658262603953
1575	1777	0	0	0	0	0	0	1658262604973
1575	1777	0	0	0	0	0	0	1658262605993
1575	1776	0	0	0	0	0	0	1658262607013
1575	1774	0	0	0	0	0	0	1658262608033
1575	1771	0	0	0	0	0	0	1658262609053
1575	1768	0	0	0	0	0	0	1658262610073
1575	1763	0	0	0	0	0	0	1658262611093
1575	1759	0	0	0	0	0	0	1658262612113
1575	1756	0	0	0	0	0	0	1658262613133
1575	1753	0	0	0	0	0	0	1658262614153
1575	1752	0	0	0	0	0	0	1658262615173
1575	1751	0	0	0	0	0	0	1658262616193
1575	1751	0	0	0	0	0	0	1658262617213
1577	1750	0	0	0	0	0	0	1658262618233
1576	1750	0	0	0	0	0	0	1658262619253
1576	1750	0	0	0	0	0	0	1658262620273
1576	1750	0	0	0	0	0	0	1658262621293
1576	1750	0	0	0	0	0	0	1658262622313
1576	1750	0	0	0	0	0	0	1658262623333
1576	1750	0	0	0	0	0	0	1658262624353
1576	1750	0	0	0	0	0	0	1658262625373
1576	1749	0	0	0	0	0	0	1658262626393
1576	1749	0	0	0	0	0	0	1658262627413
1576	1749	0	0	0	0	0	0	1658262628433
1575	1749	0	0	0	0	0	0	1658262629453
1575	1749	0	0	0	0	0	0	1658262630473
1575	1749	0	0	0	0	0	0	1658262631493
1575	1749	0	0	0	0	0	0	1658262632513
1571	1749	0	0	0	0	0	0	1658262633533
1564	1749	0	0	0	0	0	0	1658262634553
1562	1748	0	0	0	0	0	0	1658262635573
1559	1747	0	0	0	0	0	0	1658262636593
1558	1743	0	0	0	0	0	0	1658262637613
1556	1739	0	0	0	0	0	0	1658262638633
1556	1735	0	0	0	0	0	0	1658262639653
1555	1731	0	0	0	0	0	0	1658262640673
1553	1728	0	0	0	0	0	0	1658262641693
1553	1725	0	0	0	0	0	0	1658262642713
1552	1724	0	0	0	0	0	0	1658262643733
1552	1723	0	0	0	0	0	0	1658262644753
1553	1723	0	0	0	0	0	0	1658262645773
1553	1722	0	0	0	0	0	0	1658262646793
1554	1722	0	0	0	0	0	0	1658262647813
1554	1722	0	0	0	0	0	0	1658262648833
1556	1722	0	0	0	0	0	0	1658262649853
1557	1722	0	0	0	0	0	0	1658262650873
1557	1721	0	0	0	0	0	0	1658262651893
1557	1722	0	0	0	0	0	0	1658262652913
1557	1722	0	0	0	0	0	0	1658262653933
1557	1722	0	0	0	0	0	0	1658262654953
1556	1722	0	0	0	0	0	0	1658262655973
1556	1722	0	0	0	0	0	0	1658262656993
1555	1722	0	0	0	0	0	0	1658262658013
1555	1722	0	0	0	0	0	0	1658262659033
1554	1722	0	0	0	0	0	0	1658262660053
1554	1722	0	0	0	0	0	0	1658262661073
1556	1721	0	0	0	0	0	0	1658262662093
1557	1721	0	0	0	0	0	0	1658262663113
1558	1721	0	0	0	0	0	0	1658262664133
1558	1721	0	0	0	0	0	0	1658262665153
1558	1721	0	0	0	0	0	0	1658262666173
1559	1721	0	0	0	0	0	0	1658262667193
1560	1721	0	0	0	0	0	0	1658262668213
1561	1721	0	0	0	0	0	0	1658262669233
1560	1721	0	0	0	0	0	0	1658262670253
1560	1721	0	0	0	0	0	0	1658262671273
1562	1719	0	0	0	0	0	0	1658262672293
1561	1717	0	0	0	0	0	0	1658262673313
1557	1714	0	0	0	0	0	0	1658262674333
1556	1711	0	0	0	0	0	0	1658262675353
1557	1707	0	0	0	0	0	0	1658262676373
1558	1703	0	0	0	0	0	0	1658262677393
1559	1700	0	0	0	0	0	0	1658262678413
1559	1697	0	0	0	0	0	0	1658262679433
1559	1696	0	0	0	0	0	0	1658262680453
1558	1695	0	0	0	0	0	0	1658262681473
1557	1694	0	0	0	0	0	0	1658262682493
1557	1694	0	0	0	0	0	0	1658262683513
1558	1694	0	0	0	0	0	0	1658262684533
1557	1694	0	0	0	0	0	0	1658262685553
1556	1694	0	0	0	0	0	0	1658262686573
1557	1694	0	0	0	0	0	0	1658262687593
1555	1694	0	0	0	0	0	0	1658262688613
1556	1694	0	0	0	0	0	0	1658262689633
1555	1694	0	0	0	0	0	0	1658262690653
1555	1694	0	0	0	0	0	0	1658262691673
1554	1693	0	0	0	0	0	0	1658262692693
1553	1693	0	0	0	0	0	0	1658262693713
1552	1693	0	0	0	0	0	0	1658262694733
1552	1693	0	0	0	0	0	0	1658262695753
1552	1693	0	0	0	0	0	0	1658262696773
1551	1693	0	0	0	0	0	0	1658262697793
1552	1693	0	0	0	0	0	0	1658262698813
1553	1693	0	0	0	0	0	0	1658262699833
1554	1693	0	0	0	0	0	0	1658262700853
1554	1693	0	0	0	0	0	0	1658262701873
1552	1693	0	0	0	0	0	0	1658262702893
1551	1693	0	0	0	0	0	0	1658262703913
1551	1693	0	0	0	0	0	0	1658262704933
1551	1693	0	0	0	0	0	0	1658262705953
1550	1693	0	0	0	0	0	0	1658262706973
1550	1693	0	0	0	0	0	0	1658262707993
1550	1693	0	0	0	0	0	0	1658262709013
1550	1693	0	0	0	0	0	0	1658262710033
1550	1692	0	0	0	0	0	0	1658262711053
1549	1691	0	0	0	0	0	0	1658262712073
1549	1690	0	0	0	0	0	0	1658262713093
1549	1688	0	0	0	0	0	0	1658262714113
1549	1686	0	0	0	0	0	0	1658262715133
1548	1684	0	0	0	0	0	0	1658262716153
1549	1681	0	0	0	0	0	0	1658262717173
1549	1677	0	0	0	0	0	0	1658262718193
1548	1674	0	0	0	0	0	0	1658262719213
1548	1672	0	0	0	0	0	0	1658262720233
1548	1670	0	0	0	0	0	0	1658262721253
1548	1668	0	0	0	0	0	0	1658262722273
1548	1667	0	0	0	0	0	0	1658262723293
1548	1666	0	0	0	0	0	0	1658262724313
1548	1666	0	0	0	0	0	0	1658262725333
1548	1666	0	0	0	0	0	0	1658262726353
1548	1665	0	0	0	0	0	0	1658262727373
1548	1665	0	0	0	0	0	0	1658262728393
1548	1665	0	0	0	0	0	0	1658262729413
1548	1665	0	0	0	0	0	0	1658262730433
1548	1665	0	0	0	0	0	0	1658262731453
1548	1665	0	0	0	0	0	0	1658262732473
1548	1665	0	0	0	0	0	0	1658262733493
1550	1665	0	0	0	0	0	0	1658262734513
1549	1665	0	0	0	0	0	0	1658262735533
1549	1665	0	0	0	0	0	0	1658262736553
1548	1665	0	0	0	0	0	0	1658262737573
1548	1665	0	0	0	0	0	0	1658262738593
1548	1665	0	0	0	0	0	0	1658262739613
1548	1665	0	0	0	0	0	0	1658262740633
1549	1665	0	0	0	0	0	0	1658262741653
1548	1665	0	0	0	0	0	0	1658262742673
1548	1665	0	0	0	0	0	0	1658262743693
1548	1665	0	0	0	0	0	0	1658262744713
1548	1665	0	0	0	0	0	0	1658262745733
1548	1665	0	0	0	0	0	0	1658262746753
1548	1665	0	0	0	0	0	0	1658262747773
1548	1665	0	0	0	0	0	0	1658262748793
1548	1665	0	0	0	0	0	0	1658262749813
1548	1665	0	0	0	0	0	0	1658262750833
1548	1665	0	0	0	0	0	0	1658262751853
1548	1665	0	0	0	0	0	0	1658262752873
1548	1665	0	0	0	0	0	0	1658262753893
1548	1665	0	0	0	0	0	0	1658262754913
1548	1665	0	0	0	0	0	0	1658262755933
1548	1665	0	0	0	0	0	0	1658262756953
1548	1665	0	0	0	0	0	0	1658262757973
1548	1664	0	0	0	0	0	0	1658262758993
1548	1664	0	0	0	0	0	0	1658262760013
1548	1664	0	0	0	0	0	0	1658262761033
1548	1664	0	0	0	0	0	0	1658262762053
1548	1663	0	0	0	0	0	0	1658262763073
1548	1663	0	0	0	0	0	0	1658262764093
1548	1661	0	0	0	0	0	0	1658262765113
1548	1658	0	0	0	0	0	0	1658262766133
1548	1656	0	0	0	0	0	0	1658262767153
1548	1651	0	0	0	0	0	0	1658262768173
1548	1648	0	0	0	0	0	0	1658262769193
1548	1646	0	0	0	0	0	0	1658262770213
1548	1643	0	0	0	0	0	0	1658262771233
1548	1641	0	0	0	0	0	0	1658262772253
1548	1640	0	0	0	0	0	0	1658262773273
1548	1639	0	0	0	0	0	0	1658262774293
1548	1639	0	0	0	0	0	0	1658262775313
1548	1638	0	0	0	0	0	0	1658262776333
1548	1638	0	0	0	0	0	0	1658262777353
1548	1637	0	0	0	0	0	0	1658262778373
1548	1637	0	0	0	0	0	0	1658262779393
1548	1637	0	0	0	0	0	0	1658262780413
1548	1637	0	0	0	0	0	0	1658262781433
1548	1637	0	0	0	0	0	0	1658262782453
1548	1637	0	0	0	0	0	0	1658262783473
1548	1637	0	0	0	0	0	0	1658262784493
1548	1637	0	0	0	0	0	0	1658262785513
1548	1637	0	0	0	0	0	0	1658262786533
1548	1637	0	0	0	0	0	0	1658262787553
1548	1637	0	0	0	0	0	0	1658262788573
1548	1637	0	0	0	0	0	0	1658262789593
1548	1637	0	0	0	0	0	0	1658262790613
1548	1637	0	0	0	0	0	0	1658262791633
1548	1637	0	0	0	0	0	0	1658262792653
1548	1637	0	0	0	0	0	0	1658262793673
1548	1637	0	0	0	0	0	0	1658262794693
1548	1637	0	0	0	0	0	0	1658262795713
1548	1637	0	0	0	0	0	0	1658262796733
1548	1637	0	0	0	0	0	0	1658262797753
1548	1637	0	0	0	0	0	0	1658262798773
1548	1637	0	0	0	0	0	0	1658262799793
1548	1637	0	0	0	0	0	0	1658262800813
1548	1637	0	0	0	0	0	0	1658262801833
1548	1637	0	0	0	0	0	0	1658262802853
1548	1637	0	0	0	0	0	0	1658262803873
1548	1637	0	0	0	0	0	0	1658262804893
1548	1637	0	0	0	0	0	0	1658262805913
1548	1637	0	0	0	0	0	0	1658262806933
1548	1637	0	0	0	0	0	0	1658262807953
1548	1637	0	0	0	0	0	0	1658262808973
1548	1637	0	0	0	0	0	0	1658262809993
1548	1637	0	0	0	0	0	0	1658262811013
1548	1637	0	0	0	0	0	0	1658262812033
1548	1637	0	0	0	0	0	0	1658262813053
1548	1637	0	0	0	0	0	0	1658262814073
1548	1637	0	0	0	0	0	0	1658262815093
1548	1637	0	0	0	0	0	0	1658262816113
1548	1637	0	0	0	0	0	0	1658262817133
1548	1637	0	0	0	0	0	0	1658262818153
1548	1637	0	0	0	0	0	0	1658262819173
10928	1637	0	0	0	0	0	0	1658262820193
7176	1637	0	0	0	0	0	0	1658262821213
4925	1636	0	0	0	0	0	0	1658262822233
3574	1633	0	0	0	0	0	0	1658262823253
2763	1631	0	0	0	0	0	0	1658262824273
2277	1627	0	0	0	0	0	0	1658262825293
1985	1625	0	0	0	0	0	0	1658262826313
1810	1622	0	0	0	0	0	0	1658262827333
1705	1619	0	0	0	0	0	0	1658262828353
1642	1617	0	0	0	0	0	0	1658262829373
1604	1615	0	0	0	0	0	0	1658262830393
1582	1613	0	0	0	0	0	0	1658262831413
1568	1612	0	0	0	0	0	0	1658262832433
1560	1611	0	0	0	0	0	0	1658262833453
1555	1610	0	0	0	0	0	0	1658262834473
1552	1610	0	0	0	0	0	0	1658262835493
1550	1609	0	0	0	0	0	0	1658262836513
1549	1609	0	0	0	0	0	0	1658262837533
1549	1609	0	0	0	0	0	0	1658262838553
1548	1609	0	0	0	0	0	0	1658262839573
1548	1609	0	0	0	0	0	0	1658262840593
1548	1609	0	0	0	0	0	0	1658262841613
1548	1609	0	0	0	0	0	0	1658262842633
1548	1609	0	0	0	0	0	0	1658262843653
1548	1609	0	0	0	0	0	0	1658262844673
1548	1609	0	0	0	0	0	0	1658262845693
1548	1609	0	0	0	0	0	0	1658262846713
1548	1609	0	0	0	0	0	0	1658262847733
1548	1609	0	0	0	0	0	0	1658262848753
1548	1609	0	0	0	0	0	0	1658262849773
1548	1609	0	0	0	0	0	0	1658262850793
1548	1609	0	0	0	0	0	0	1658262851813
1548	1609	0	0	0	0	0	0	1658262852833
1548	1609	0	0	0	0	0	0	1658262853853
1548	1609	0	0	0	0	0	0	1658262854873
1548	1609	0	0	0	0	0	0	1658262855893
1548	1609	0	0	0	0	0	0	1658262856913
1548	1609	0	0	0	0	0	0	1658262857933
1548	1609	0	0	0	0	0	0	1658262858953
1548	1609	0	0	0	0	0	0	1658262859973
1548	1609	0	0	0	0	0	0	1658262860993
1548	1609	0	0	0	0	0	0	1658262862013
1548	1609	0	0	0	0	0	0	1658262863033
1548	1609	0	0	0	0	0	0	1658262864053
1548	1609	0	0	0	0	0	0	1658262865073
1548	1609	0	0	0	0	0	0	1658262866093
1548	1609	0	0	0	0	0	0	1658262867113
1548	1609	0	0	0	0	0	0	1658262868133
1548	1609	0	0	0	0	0	0	1658262869153
1548	1609	0	0	0	0	0	0	1658262870173
1548	1609	0	0	0	0	0	0	1658262871193
1548	1609	0	0	0	0	0	0	1658262872213
1548	1609	0	0	0	0	0	0	1658262873233
1548	1610	0	0	0	0	0	0	1658262874253
1548	1610	0	0	0	0	0	0	1658262875273
1548	1609	0	0	0	0	0	0	1658262876293
1548	1609	0	0	0	0	0	0	1658262877313
1548	1609	0	0	0	0	0	0	1658262878333
1548	1609	0	0	0	0	0	0	1658262879353
1548	1609	0	0	0	0	0	0	1658262880373
1548	1609	0	0	0	0	0	0	1658262881393
1548	1608	0	0	0	0	0	0	1658262882413
1548	1607	0	0	0	0	0	0	1658262883433
1548	1607	0	0	0	0	0	0	1658262884453
1548	1605	0	0	0	0	0	0	1658262885473
1548	1603	0	0	0	0	0	0	1658262886493
1548	1601	0	0	0	0	0	0	1658262887513
1548	1598	0	0	0	0	0	0	1658262888533
1548	1595	0	0	0	0	0	0	1658262889553
1548	1592	0	0	0	0	0	0	1658262890573
1548	1589	0	0	0	0	0	0	1658262891593
1548	1586	0	0	0	0	0	0	1658262892613
1548	1585	0	0	0	0	0	0	1658262893633
1548	1584	0	0	0	0	0	0	1658262894653
1548	1583	0	0	0	0	0	0	1658262895673
1548	1583	0	0	0	0	0	0	1658262896693
1548	1582	0	0	0	0	0	0	1658262897713
1548	1582	0	0	0	0	0	0	1658262898733
1548	1582	0	0	0	0	0	0	1658262899753
1548	1582	0	0	0	0	0	0	1658262900773
1548	1582	0	0	0	0	0	0	1658262901793
1548	1582	0	0	0	0	0	0	1658262902813
1548	1582	0	0	0	0	0	0	1658262903833
1548	1582	0	0	0	0	0	0	1658262904853
1548	1582	0	0	0	0	0	0	1658262905873
1548	1582	0	0	0	0	0	0	1658262906893
1548	1581	0	0	0	0	0	0	1658262907913
1548	1581	0	0	0	0	0	0	1658262908933
1548	1581	0	0	0	0	0	0	1658262909953
1548	1581	0	0	0	0	0	0	1658262910973
1548	1581	0	0	0	0	0	0	1658262911993
1548	1581	0	0	0	0	0	0	1658262913013
1548	1581	0	0	0	0	0	0	1658262914033
1548	1581	0	0	0	0	0	0	1658262915053
1548	1581	0	0	0	0	0	0	1658262916073
1548	1581	0	0	0	0	0	0	1658262917093
1548	1581	0	0	0	0	0	0	1658262918113
1548	1582	0	0	0	0	0	0	1658262919133
1548	1582	0	0	0	0	0	0	1658262920153
1548	1582	0	0	0	0	0	0	1658262921173
1548	1582	0	0	0	0	0	0	1658262922193
1548	1582	0	0	0	0	0	0	1658262923213
1548	1582	0	0	0	0	0	0	1658262924233
1548	1582	0	0	0	0	0	0	1658262925253
1548	1582	0	0	0	0	0	0	1658262926273
1548	1582	0	0	0	0	0	0	1658262927293
1548	1582	0	0	0	0	0	0	1658262928313
1548	1582	0	0	0	0	0	0	1658262929333
1548	1582	0	0	0	0	0	0	1658262930353
1548	1582	0	0	0	0	0	0	1658262931373
1548	1582	0	0	0	0	0	0	1658262932393
1548	1582	0	0	0	0	0	0	1658262933413
1548	1581	0	0	0	0	0	0	1658262934433
1548	1581	0	0	0	0	0	0	1658262935453
1548	1581	0	0	0	0	0	0	1658262936473
1548	1581	0	0	0	0	0	0	1658262937493
1548	1581	0	0	0	0	0	0	1658262938513
1548	1581	0	0	0	0	0	0	1658262939533
1548	1581	0	0	0	0	0	0	1658262940553
1548	1582	0	0	0	0	0	0	1658262941573
1548	1582	0	0	0	0	0	0	1658262942593
1548	1582	0	0	0	0	0	0	1658262943613
1548	1582	0	0	0	0	0	0	1658262944633
1548	1581	0	0	0	0	0	0	1658262945653
1548	1581	0	0	0	0	0	0	1658262946673
1548	1581	0	0	0	0	0	0	1658262947693
1548	1581	0	0	0	0	0	0	1658262948713
1548	1581	0	0	0	0	0	0	1658262949733
1548	1581	0	0	0	0	0	0	1658262950753
1548	1581	0	0	0	0	0	0	1658262951773
1548	1581	0	0	0	0	0	0	1658262952793
1548	1581	0	0	0	0	0	0	1658262953813
1548	1581	0	0	0	0	0	0	1658262954833
1548	1581	0	0	0	0	0	0	1658262955853
1547	1581	0	0	0	0	0	0	1658262956873
1548	1581	0	0	0	0	0	0	1658262957893
1548	1580	0	0	0	0	0	0	1658262958913
1547	1578	0	0	0	0	0	0	1658262959933
1546	1577	0	0	0	0	0	0	1658262960953
1546	1576	0	0	0	0	0	0	1658262961973
1546	1576	0	0	0	0	0	0	1658262962993
1546	1575	0	0	0	0	0	0	1658262964013
1546	1575	0	0	0	0	0	0	1658262965033
1545	1572	0	0	0	0	0	0	1658262966053
1545	1569	0	0	0	0	0	0	1658262967073
1545	1567	0	0	0	0	0	0	1658262968093
1545	1565	0	0	0	0	0	0	1658262969113
1546	1564	0	0	0	0	0	0	1658262970133
1545	1563	0	0	0	0	0	0	1658262971153
1546	1560	0	0	0	0	0	0	1658262972173
1545	1558	0	0	0	0	0	0	1658262973193
1545	1557	0	0	0	0	0	0	1658262974213
1545	1556	0	0	0	0	0	0	1658262975233
1542	1555	0	0	0	0	0	0	1658262976253
1539	1555	0	0	0	0	0	0	1658262977273
1538	1555	0	0	0	0	0	0	1658262978293
1536	1555	0	0	0	0	0	0	1658262979313
1535	1554	0	0	0	0	0	0	1658262980333
1533	1554	0	0	0	0	0	0	1658262981353
1532	1554	0	0	0	0	0	0	1658262982373
1533	1554	0	0	0	0	0	0	1658262983393
1533	1554	0	0	0	0	0	0	1658262984413
1533	1554	0	0	0	0	0	0	1658262985433
1533	1553	0	0	0	0	0	0	1658262986453
1533	1553	0	0	0	0	0	0	1658262987473
1532	1553	0	0	0	0	0	0	1658262988493
1531	1553	0	0	0	0	0	0	1658262989513
1529	1553	0	0	0	0	0	0	1658262990533
1527	1553	0	0	0	0	0	0	1658262991553
1524	1553	0	0	0	0	0	0	1658262992573
1523	1553	0	0	0	0	0	0	1658262993593
1522	1554	0	0	0	0	0	0	1658262994613
1521	1554	0	0	0	0	0	0	1658262995633
1521	1554	0	0	0	0	0	0	1658262996653
1521	1554	0	0	0	0	0	0	1658262997673
1521	1554	0	0	0	0	0	0	1658262998693
1521	1554	0	0	0	0	0	0	1658262999713
1521	1554	0	0	0	0	0	0	1658263000733
1521	1554	0	0	0	0	0	0	1658263001753
1521	1553	0	0	0	0	0	0	1658263002773
1521	1553	0	0	0	0	0	0	1658263003793
1521	1553	0	0	0	0	0	0	1658263004813
1521	1553	0	0	0	0	0	0	1658263005833
1521	1553	0	0	0	0	0	0	1658263006853
1521	1553	0	0	0	0	0	0	1658263007873
1521	1553	0	0	0	0	0	0	1658263008893
1520	1553	0	0	0	0	0	0	1658263009913
1520	1553	0	0	0	0	0	0	1658263010933
1520	1553	0	0	0	0	0	0	1658263011953
1520	1553	0	0	0	0	0	0	1658263012973
1520	1553	0	0	0	0	0	0	1658263013993
1520	1553	0	0	0	0	0	0	1658263015013
1520	1553	0	0	0	0	0	0	1658263016033
1520	1553	0	0	0	0	0	0	1658263017053
1520	1553	0	0	0	0	0	0	1658263018073
1520	1553	0	0	0	0	0	0	1658263019093
1520	1553	0	0	0	0	0	0	1658263020113
1520	1553	0	0	0	0	0	0	1658263021133
1520	1553	0	0	0	0	0	0	1658263022153
1520	1553	0	0	0	0	0	0	1658263023173
1520	1553	0	0	0	0	0	0	1658263024193
1520	1553	0	0	0	0	0	0	1658263025213
1520	1553	0	0	0	0	0	0	1658263026233
1520	1553	0	0	0	0	0	0	1658263027253
1520	1553	0	0	0	0	0	0	1658263028273
1520	1553	0	0	0	0	0	0	1658263029293
1520	1553	0	0	0	0	0	0	1658263030313
1520	1553	0	0	0	0	0	0	1658263031333
1520	1553	0	0	0	0	0	0	1658263032353
1520	1553	0	0	0	0	0	0	1658263033373
1520	1553	0	0	0	0	0	0	1658263034393
1520	1553	0	0	0	0	0	0	1658263035413
1520	1553	0	0	0	0	0	0	1658263036433
1520	1553	0	0	0	0	0	0	1658263037453
1520	1553	0	0	0	0	0	0	1658263038473
1520	1553	0	0	0	0	0	0	1658263039493
1520	1553	0	0	0	0	0	0	1658263040513
1520	1553	0	0	0	0	0	0	1658263041533
1520	1553	0	0	0	0	0	0	1658263042553
1520	1553	0	0	0	0	0	0	1658263043573
1520	1553	0	0	0	0	0	0	1658263044593
1520	1553	0	0	0	0	0	0	1658263045613
1520	1553	0	0	0	0	0	0	1658263046633
1520	1553	0	0	0	0	0	0	1658263047653
1520	1553	0	0	0	0	0	0	1658263048673
1520	1553	0	0	0	0	0	0	1658263049693
1520	1553	0	0	0	0	0	0	1658263050713
1520	1553	0	0	0	0	0	0	1658263051733
1520	1553	0	0	0	0	0	0	1658263052753
1520	1553	0	0	0	0	0	0	1658263053773
1520	1552	0	0	0	0	0	0	1658263054793
1520	1552	0	0	0	0	0	0	1658263055813
1520	1552	0	0	0	0	0	0	1658263056833
1520	1552	0	0	0	0	0	0	1658263057853
1520	1552	0	0	0	0	0	0	1658263058873
1520	1552	0	0	0	0	0	0	1658263059893
1520	1552	0	0	0	0	0	0	1658263060913
1520	1552	0	0	0	0	0	0	1658263061933
1520	1551	0	0	0	0	0	0	1658263062953
1520	1549	0	0	0	0	0	0	1658263063973
1520	1546	0	0	0	0	0	0	1658263064993
1520	1544	0	0	0	0	0	0	1658263066013
1520	1540	0	0	0	0	0	0	1658263067033
1520	1537	0	0	0	0	0	0	1658263068053
1520	1535	0	0	0	0	0	0	1658263069073
1520	1531	0	0	0	0	0	0	1658263070093
1520	1530	0	0	0	0	0	0	1658263071113
1520	1530	0	0	0	0	0	0	1658263072133
1520	1528	0	0	0	0	0	0	1658263073153
1520	1527	0	0	0	0	0	0	1658263074173
1520	1527	0	0	0	0	0	0	1658263075193
1520	1527	0	0	0	0	0	0	1658263076213
1520	1526	0	0	0	0	0	0	1658263077233
1520	1526	0	0	0	0	0	0	1658263078253
1520	1526	0	0	0	0	0	0	1658263079273
1520	1526	0	0	0	0	0	0	1658263080293
1520	1526	0	0	0	0	0	0	1658263081313
1520	1526	0	0	0	0	0	0	1658263082333
1520	1526	0	0	0	0	0	0	1658263083353
1520	1526	0	0	0	0	0	0	1658263084373
1520	1525	0	0	0	0	0	0	1658263085393
1520	1525	0	0	0	0	0	0	1658263086413
1520	1525	0	0	0	0	0	0	1658263087433
1520	1525	0	0	0	0	0	0	1658263088453
1520	1525	0	0	0	0	0	0	1658263089473
1520	1525	0	0	0	0	0	0	1658263090493
1520	1526	0	0	0	0	0	0	1658263091513
1520	1526	0	0	0	0	0	0	1658263092533
1520	1526	0	0	0	0	0	0	1658263093553
1520	1526	0	0	0	0	0	0	1658263094573
1520	1525	0	0	0	0	0	0	1658263095593
1520	1525	0	0	0	0	0	0	1658263096613
1520	1525	0	0	0	0	0	0	1658263097633
1520	1525	0	0	0	0	0	0	1658263098653
1520	1525	0	0	0	0	0	0	1658263099673
1520	1525	0	0	0	0	0	0	1658263100693
1520	1525	0	0	0	0	0	0	1658263101713
1520	1525	0	0	0	0	0	0	1658263102733
1520	1525	0	0	0	0	0	0	1658263103753
1520	1525	0	0	0	0	0	0	1658263104773
1520	1525	0	0	0	0	0	0	1658263105793
1520	1525	0	0	0	0	0	0	1658263106813
1520	1525	0	0	0	0	0	0	1658263107833
1520	1526	0	0	0	0	0	0	1658263108853
1520	1526	0	0	0	0	0	0	1658263109873
1520	1525	0	0	0	0	0	0	1658263110893
1520	1525	0	0	0	0	0	0	1658263111913
1520	1525	0	0	0	0	0	0	1658263112933
1520	1525	0	0	0	0	0	0	1658263113953
1520	1525	0	0	0	0	0	0	1658263114973
1520	1525	0	0	0	0	0	0	1658263115993
1520	1525	0	0	0	0	0	0	1658263117013
1520	1525	0	0	0	0	0	0	1658263118033
1520	1525	0	0	0	0	0	0	1658263119053
1520	1525	0	0	0	0	0	0	1658263120073
1520	1525	0	0	0	0	0	0	1658263121093
1520	1525	0	0	0	0	0	0	1658263122113
1520	1525	0	0	0	0	0	0	1658263123133
1520	1525	0	0	0	0	0	0	1658263124153
1520	1525	0	0	0	0	0	0	1658263125173
1520	1525	0	0	0	0	0	0	1658263126193
1520	1525	0	0	0	0	0	0	1658263127213
1520	1525	0	0	0	0	0	0	1658263128233
1520	1525	0	0	0	0	0	0	1658263129253
1520	1525	0	0	0	0	0	0	1658263130273
1520	1525	0	0	0	0	0	0	1658263131293
1520	1525	0	0	0	0	0	0	1658263132313
1520	1525	0	0	0	0	0	0	1658263133333
1520	1525	0	0	0	0	0	0	1658263134353
1520	1525	0	0	0	0	0	0	1658263135373
1520	1525	0	0	0	0	0	0	1658263136393
1521	1525	0	0	0	0	0	0	1658263137413
1521	1525	0	0	0	0	0	0	1658263138433
1521	1525	0	0	0	0	0	0	1658263139453
1521	1525	0	0	0	0	0	0	1658263140473
1521	1525	0	0	0	0	0	0	1658263141493
1521	1525	0	0	0	0	0	0	1658263142513
1521	1525	0	0	0	0	0	0	1658263143533
1521	1526	0	0	0	0	0	0	1658263144553
1521	1526	0	0	0	0	0	0	1658263145573
1521	1526	0	0	0	0	0	0	1658263146593
1521	1526	0	0	0	0	0	0	1658263147613
1521	1526	0	0	0	0	0	0	1658263148633
1521	1526	0	0	0	0	0	0	1658263149653
1521	1526	0	0	0	0	0	0	1658263150673
1521	1526	0	0	0	0	0	0	1658263151693
1521	1525	0	0	0	0	0	0	1658263152713
1521	1525	0	0	0	0	0	0	1658263153733
1521	1525	0	0	0	0	0	0	1658263154753
1521	1525	0	0	0	0	0	0	1658263155773
1521	1525	0	0	0	0	0	0	1658263156793
1521	1525	0	0	0	0	0	0	1658263157813
1521	1525	0	0	0	0	0	0	1658263158833
1521	1525	0	0	0	0	0	0	1658263159853
1521	1525	0	0	0	0	0	0	1658263160873
1521	1525	0	0	0	0	0	0	1658263161893
1521	1525	0	0	0	0	0	0	1658263162913
1521	1525	0	0	0	0	0	0	1658263163933
1521	1524	0	0	0	0	0	0	1658263164953
1521	1523	0	0	0	0	0	0	1658263165973
1521	1523	0	0	0	0	0	0	1658263166993
1521	1522	0	0	0	0	0	0	1658263168013
1521	1521	0	0	0	0	0	0	1658263169033
1521	1522	0	0	0	0	0	0	1658263170053
1521	1520	0	0	0	0	0	0	1658263171073
1521	1518	0	0	0	0	0	0	1658263172093
1521	1515	0	0	0	0	0	0	1658263173113
1521	1514	0	0	0	0	0	0	1658263174133
1521	1512	0	0	0	0	0	0	1658263175153
1521	1510	0	0	0	0	0	0	1658263176173
1521	1510	0	0	0	0	0	0	1658263177193
1521	1508	0	0	0	0	0	0	1658263178213
1521	1507	0	0	0	0	0	0	1658263179233
1521	1505	0	0	0	0	0	0	1658263180253
1521	1504	0	0	0	0	0	0	1658263181273
1521	1502	0	0	0	0	0	0	1658263182293
1520	1501	0	0	0	0	0	0	1658263183313
1520	1501	0	0	0	0	0	0	1658263184333
1520	1500	0	0	0	0	0	0	1658263185353
1520	1500	0	0	0	0	0	0	1658263186373
1520	1500	0	0	0	0	0	0	1658263187393
1520	1500	0	0	0	0	0	0	1658263188413
1520	1500	0	0	0	0	0	0	1658263189433
1520	1499	0	0	0	0	0	0	1658263190453
1520	1498	0	0	0	0	0	0	1658263191473
1520	1498	0	0	0	0	0	0	1658263192493
1520	1497	0	0	0	0	0	0	1658263193513
1520	1497	0	0	0	0	0	0	1658263194533
1520	1497	0	0	0	0	0	0	1658263195553
1520	1498	0	0	0	0	0	0	1658263196573
1520	1498	0	0	0	0	0	0	1658263197593
1520	1498	0	0	0	0	0	0	1658263198613
1520	1498	0	0	0	0	0	0	1658263199633
1520	1498	0	0	0	0	0	0	1658263200653
1520	1498	0	0	0	0	0	0	1658263201673
1520	1498	0	0	0	0	0	0	1658263202693
1520	1498	0	0	0	0	0	0	1658263203713
1520	1498	0	0	0	0	0	0	1658263204733
1520	1498	0	0	0	0	0	0	1658263205753
1520	1498	0	0	0	0	0	0	1658263206773
1520	1498	0	0	0	0	0	0	1658263207793
1520	1498	0	0	0	0	0	0	1658263208813
1520	1498	0	0	0	0	0	0	1658263209833
1520	10898	0	0	0	0	0	0	1658263210853
1520	7138	0	0	0	0	0	0	1658263211873
1520	4882	0	0	0	0	0	0	1658263212893
1520	3528	0	0	0	0	0	0	1658263213913
1520	2716	0	0	0	0	0	0	1658263214933
1520	2229	0	0	0	0	0	0	1658263215953
1520	1936	0	0	0	0	0	0	1658263216973
1520	1760	0	0	0	0	0	0	1658263217993
1520	1655	0	0	0	0	0	0	1658263219013
1520	1592	0	0	0	0	0	0	1658263220033
1520	1554	0	0	0	0	0	0	1658263221053
1520	1531	0	0	0	0	0	0	1658263222073
1520	1518	0	0	0	0	0	0	1658263223093
1520	1510	0	0	0	0	0	0	1658263224113
1520	1505	0	0	0	0	0	0	1658263225133
1520	1502	0	0	0	0	0	0	1658263226153
1520	1500	0	0	0	0	0	0	1658263227173
1520	1499	0	0	0	0	0	0	1658263228193
1520	1498	0	0	0	0	0	0	1658263229213
1520	1498	0	0	0	0	0	0	1658263230233
1520	1498	0	0	0	0	0	0	1658263231253
1520	1498	0	0	0	0	0	0	1658263232273
1520	1498	0	0	0	0	0	0	1658263233293
1520	1498	0	0	0	0	0	0	1658263234313
1520	1498	0	0	0	0	0	0	1658263235333
1520	1498	0	0	0	0	0	0	1658263236353
1520	1498	0	0	0	0	0	0	1658263237373
1520	1498	0	0	0	0	0	0	1658263238393
1520	1498	0	0	0	0	0	0	1658263239413
1520	1498	0	0	0	0	0	0	1658263240433
1520	1498	0	0	0	0	0	0	1658263241453
1520	1498	0	0	0	0	0	0	1658263242473
1520	1498	0	0	0	0	0	0	1658263243493
1520	1498	0	0	0	0	0	0	1658263244513
1520	1498	0	0	0	0	0	0	1658263245533
1520	1498	0	0	0	0	0	0	1658263246553
1520	1498	0	0	0	0	0	0	1658263247573
1520	1498	0	0	0	0	0	0	1658263248593
1520	1498	0	0	0	0	0	0	1658263249613
1520	1498	0	0	0	0	0	0	1658263250633
1520	1498	0	0	0	0	0	0	1658263251653
1520	1498	0	0	0	0	0	0	1658263252673
1520	1497	0	0	0	0	0	0	1658263253693
1520	1497	0	0	0	0	0	0	1658263254713
1520	1497	0	0	0	0	0	0	1658263255733
1520	1497	0	0	0	0	0	0	1658263256753
1520	1497	0	0	0	0	0	0	1658263257773
1520	1497	0	0	0	0	0	0	1658263258793
1520	1497	0	0	0	0	0	0	1658263259813
1520	1497	0	0	0	0	0	0	1658263260833
1520	1497	0	0	0	0	0	0	1658263261853
1520	1497	0	0	0	0	0	0	1658263262873
1520	1497	0	0	0	0	0	0	1658263263893
1520	1497	0	0	0	0	0	0	1658263264913
1520	1497	0	0	0	0	0	0	1658263265933
1520	1497	0	0	0	0	0	0	1658263266953
1520	1497	0	0	0	0	0	0	1658263267973
1521	1497	0	0	0	0	0	0	1658263268993
1521	1497	0	0	0	0	0	0	1658263270013
1521	1497	0	0	0	0	0	0	1658263271033
1521	1497	0	0	0	0	0	0	1658263272053
1521	1497	0	0	0	0	0	0	1658263273073
1521	1497	0	0	0	0	0	0	1658263274093
1521	1497	0	0	0	0	0	0	1658263275113
1521	1497	0	0	0	0	0	0	1658263276133
1521	1497	0	0	0	0	0	0	1658263277153
1521	1497	0	0	0	0	0	0	1658263278173
1521	1497	0	0	0	0	0	0	1658263279193
1521	1497	0	0	0	0	0	0	1658263280213
1520	1497	0	0	0	0	0	0	1658263281233
1520	1497	0	0	0	0	0	0	1658263282253
1520	1497	0	0	0	0	0	0	1658263283273
1520	1497	0	0	0	0	0	0	1658263284293
1520	1497	0	0	0	0	0	0	1658263285313
1520	1497	0	0	0	0	0	0	1658263286333
1520	1497	0	0	0	0	0	0	1658263287353
1520	1497	0	0	0	0	0	0	1658263288373
1520	1497	0	0	0	0	0	0	1658263289393
1520	1497	0	0	0	0	0	0	1658263290413
1520	1497	0	0	0	0	0	0	1658263291433
1520	1497	0	0	0	0	0	0	1658263292453
1520	1496	0	0	0	0	0	0	1658263293473
1520	1496	0	0	0	0	0	0	1658263294493
1520	1496	0	0	0	0	0	0	1658263295513
1520	1496	0	0	0	0	0	0	1658263296533
1520	1496	0	0	0	0	0	0	1658263297553
1520	1495	0	0	0	0	0	0	1658263298573
1520	1493	0	0	0	0	0	0	1658263299593
1520	1492	0	0	0	0	0	0	1658263300613
1520	1491	0	0	0	0	0	0	1658263301633
1520	1491	0	0	0	0	0	0	1658263302653
1520	1491	0	0	0	0	0	0	1658263303673
1520	1490	0	0	0	0	0	0	1658263304693
1520	1487	0	0	0	0	0	0	1658263305713
1520	1486	0	0	0	0	0	0	1658263306733
1520	1484	0	0	0	0	0	0	1658263307753
1520	1482	0	0	0	0	0	0	1658263308773
1520	1480	0	0	0	0	0	0	1658263309793
1520	1478	0	0	0	0	0	0	1658263310813
1520	1475	0	0	0	0	0	0	1658263311833
1520	1475	0	0	0	0	0	0	1658263312853
1520	1476	0	0	0	0	0	0	1658263313873
1520	1475	0	0	0	0	0	0	1658263314893
1520	1475	0	0	0	0	0	0	1658263315913
1520	1474	0	0	0	0	0	0	1658263316933
1520	1472	0	0	0	0	0	0	1658263317953
1520	1472	0	0	0	0	0	0	1658263318973
1520	1472	0	0	0	0	0	0	1658263319993
1520	1471	0	0	0	0	0	0	1658263321013
1520	1471	0	0	0	0	0	0	1658263322033
1520	1470	0	0	0	0	0	0	1658263323053
1520	1469	0	0	0	0	0	0	1658263324073
1520	1470	0	0	0	0	0	0	1658263325093
1520	1470	0	0	0	0	0	0	1658263326113
1520	1470	0	0	0	0	0	0	1658263327133
1520	1470	0	0	0	0	0	0	1658263328153
1520	1470	0	0	0	0	0	0	1658263329173
1520	1470	0	0	0	0	0	0	1658263330193
1520	1470	0	0	0	0	0	0	1658263331213
1520	1470	0	0	0	0	0	0	1658263332233
1520	1470	0	0	0	0	0	0	1658263333253
1520	1470	0	0	0	0	0	0	1658263334273
1520	1470	0	0	0	0	0	0	1658263335293
1520	1470	0	0	0	0	0	0	1658263336313
1520	1470	0	0	0	0	0	0	1658263337333
1520	1470	0	0	0	0	0	0	1658263338353
1520	1470	0	0	0	0	0	0	1658263339373
1520	1470	0	0	0	0	0	0	1658263340393
1520	1470	0	0	0	0	0	0	1658263341413
1520	1470	0	0	0	0	0	0	1658263342433
1520	1470	0	0	0	0	0	0	1658263343453
1520	1470	0	0	0	0	0	0	1658263344473
1520	1470	0	0	0	0	0	0	1658263345493
1520	1469	0	0	0	0	0	0	1658263346513
1520	1469	0	0	0	0	0	0	1658263347533
1520	1469	0	0	0	0	0	0	1658263348553
1520	1469	0	0	0	0	0	0	1658263349573
1520	1469	0	0	0	0	0	0	1658263350593
1520	1469	0	0	0	0	0	0	1658263351613
1520	1470	0	0	0	0	0	0	1658263352633
1520	1470	0	0	0	0	0	0	1658263353653
1520	1470	0	0	0	0	0	0	1658263354673
1520	1470	0	0	0	0	0	0	1658263355693
1520	1470	0	0	0	0	0	0	1658263356713
1520	1470	0	0	0	0	0	0	1658263357733
1520	1470	0	0	0	0	0	0	1658263358753
1520	1470	0	0	0	0	0	0	1658263359773
1520	1470	0	0	0	0	0	0	1658263360793
1520	1470	0	0	0	0	0	0	1658263361813
1520	1470	0	0	0	0	0	0	1658263362833
1520	1470	0	0	0	0	0	0	1658263363853
1520	1470	0	0	0	0	0	0	1658263364873
1520	1470	0	0	0	0	0	0	1658263365893
1520	1470	0	0	0	0	0	0	1658263366913
1520	1470	0	0	0	0	0	0	1658263367933
1520	1470	0	0	0	0	0	0	1658263368953
1520	1469	0	0	0	0	0	0	1658263369973
1520	1469	0	0	0	0	0	0	1658263370993
1520	1469	0	0	0	0	0	0	1658263372013
1520	1469	0	0	0	0	0	0	1658263373033
1520	1469	0	0	0	0	0	0	1658263374053
1520	1469	0	0	0	0	0	0	1658263375073
1520	1469	0	0	0	0	0	0	1658263376093
1520	1469	0	0	0	0	0	0	1658263377113
1520	1469	0	0	0	0	0	0	1658263378133
1520	1469	0	0	0	0	0	0	1658263379153
1520	1470	0	0	0	0	0	0	1658263380173
1520	1470	0	0	0	0	0	0	1658263381193
1520	1470	0	0	0	0	0	0	1658263382213
1520	1470	0	0	0	0	0	0	1658263383233
1520	1470	0	0	0	0	0	0	1658263384253
1520	1470	0	0	0	0	0	0	1658263385273
1520	1470	0	0	0	0	0	0	1658263386293
1520	1470	0	0	0	0	0	0	1658263387313
1520	1470	0	0	0	0	0	0	1658263388333
1520	1470	0	0	0	0	0	0	1658263389353
1520	1470	0	0	0	0	0	0	1658263390373
1521	1470	0	0	0	0	0	0	1658263391393
1521	1470	0	0	0	0	0	0	1658263392413
1521	1470	0	0	0	0	0	0	1658263393433
1521	1470	0	0	0	0	0	0	1658263394453
1521	1470	0	0	0	0	0	0	1658263395473
1521	1470	0	0	0	0	0	0	1658263396493
1524	1470	0	0	0	0	0	0	1658263397513
1522	1470	0	0	0	0	0	0	1658263398533
1521	1470	0	0	0	0	0	0	1658263399553
1520	1470	0	0	0	0	0	0	1658263400573
1520	1470	0	0	0	0	0	0	1658263401593
1520	1469	0	0	0	0	0	0	1658263402613
1520	1469	0	0	0	0	0	0	1658263403633
1520	1469	0	0	0	0	0	0	1658263404653
1522	1469	0	0	0	0	0	0	1658263405673
1521	1469	0	0	0	0	0	0	1658263406693
1521	1469	0	0	0	0	0	0	1658263407713
1521	1469	0	0	0	0	0	0	1658263408733
1521	1469	0	0	0	0	0	0	1658263409753
1521	1469	0	0	0	0	0	0	1658263410773
1521	1469	0	0	0	0	0	0	1658263411793
1521	1469	0	0	0	0	0	0	1658263412813
1521	1469	0	0	0	0	0	0	1658263413833
1521	1469	0	0	0	0	0	0	1658263414853
1521	1469	0	0	0	0	0	0	1658263415873
1521	1469	0	0	0	0	0	0	1658263416893
1521	1469	0	0	0	0	0	0	1658263417913
1521	1469	0	0	0	0	0	0	1658263418933
1521	1469	0	0	0	0	0	0	1658263419953
1521	1469	0	0	0	0	0	0	1658263420973
1521	1469	0	0	0	0	0	0	1658263421993
1521	1469	0	0	0	0	0	0	1658263423013
1521	1469	0	0	0	0	0	0	1658263424033
1521	1469	0	0	0	0	0	0	1658263425053
1521	1469	0	0	0	0	0	0	1658263426073
1521	1469	0	0	0	0	0	0	1658263427093
1521	1469	0	0	0	0	0	0	1658263428113
1521	1469	0	0	0	0	0	0	1658263429133
1521	1469	0	0	0	0	0	0	1658263430153
1521	1469	0	0	0	0	0	0	1658263431173
1521	1469	0	0	0	0	0	0	1658263432193
1527	1469	0	0	0	0	0	0	1658263433213
1523	1469	0	0	0	0	0	0	1658263434233
1516	1469	0	0	0	0	0	0	1658263435253
1517	1469	0	0	0	0	0	0	1658263436273
1518	1469	0	0	0	0	0	0	1658263437293
1518	1469	0	0	0	0	0	0	1658263438313
1518	1469	0	0	0	0	0	0	1658263439333
1518	1469	0	0	0	0	0	0	1658263440353
1519	1469	0	0	0	0	0	0	1658263441373
1519	1469	0	0	0	0	0	0	1658263442393
1519	1469	0	0	0	0	0	0	1658263443413
1519	1469	0	0	0	0	0	0	1658263444433
1519	1469	0	0	0	0	0	0	1658263445453
1519	1469	0	0	0	0	0	0	1658263446473
1519	1469	0	0	0	0	0	0	1658263447493
1519	1469	0	0	0	0	0	0	1658263448513
1519	1469	0	0	0	0	0	0	1658263449533
1519	1469	0	0	0	0	0	0	1658263450553
1519	1469	0	0	0	0	0	0	1658263451573
1520	1469	0	0	0	0	0	0	1658263452593
1520	1469	0	0	0	0	0	0	1658263453613
1520	1469	0	0	0	0	0	0	1658263454633
1521	1469	0	0	0	0	0	0	1658263455653
1521	1469	0	0	0	0	0	0	1658263456673
1521	1469	0	0	0	0	0	0	1658263457693
1520	1469	0	0	0	0	0	0	1658263458713
1520	1469	0	0	0	0	0	0	1658263459733
1520	1469	0	0	0	0	0	0	1658263460753
1520	1469	0	0	0	0	0	0	1658263461773
1520	1469	0	0	0	0	0	0	1658263462793
1520	1468	0	0	0	0	0	0	1658263463813
1520	1468	0	0	0	0	0	0	1658263464833
1520	1468	0	0	0	0	0	0	1658263465853
1520	1469	0	0	0	0	0	0	1658263466873
1520	1469	0	0	0	0	0	0	1658263467893
1520	1469	0	0	0	0	0	0	1658263468913
1520	1469	0	0	0	0	0	0	1658263469933
1520	1469	0	0	0	0	0	0	1658263470953
1520	1469	0	0	0	0	0	0	1658263471973
1520	1469	0	0	0	0	0	0	1658263472993
1520	1469	0	0	0	0	0	0	1658263474013
1520	1469	0	0	0	0	0	0	1658263475033
1520	1469	0	0	0	0	0	0	1658263476053
1520	1469	0	0	0	0	0	0	1658263477073
1517	1469	0	0	0	0	0	0	1658263478093
1511	1469	0	0	0	0	0	0	1658263479113
1506	1469	0	0	0	0	0	0	1658263480133
1510	1469	0	0	0	0	0	0	1658263481153
1513	1469	0	0	0	0	0	0	1658263482173
1515	1469	0	0	0	0	0	0	1658263483193
1516	1469	0	0	0	0	0	0	1658263484213
1518	1469	0	0	0	0	0	0	1658263485233
1519	1469	0	0	0	0	0	0	1658263486253
1518	1469	0	0	0	0	0	0	1658263487273
1518	1469	0	0	0	0	0	0	1658263488293
1518	1469	0	0	0	0	0	0	1658263489313
1518	1469	0	0	0	0	0	0	1658263490333
1519	1469	0	0	0	0	0	0	1658263491353
1519	1468	0	0	0	0	0	0	1658263492373
1519	1468	0	0	0	0	0	0	1658263493393
1519	1468	0	0	0	0	0	0	1658263494413
1519	1466	0	0	0	0	0	0	1658263495433
1519	1466	0	0	0	0	0	0	1658263496453
