2794	1408	0	0	0	0	0	0	1656073659099
2777	1393	0	0	0	0	0	0	1656073660119
2755	1382	0	0	0	0	0	0	1656073661139
2736	1373	0	0	0	0	0	0	1656073662159
2720	1361	0	0	0	0	0	0	1656073663179
2706	1349	0	0	0	0	0	0	1656073664199
2690	1336	0	0	0	0	0	0	1656073665219
2681	1312	0	0	0	0	0	0	1656073666239
2666	1297	0	0	0	0	0	0	1656073667259
2655	1288	0	0	0	0	0	0	1656073668279
2648	1282	0	0	0	0	0	0	1656073669299
2634	1279	0	0	0	0	0	0	1656073670319
2625	1276	0	0	0	0	0	0	1656073671339
2620	1266	0	0	0	0	0	0	1656073672359
2615	1258	0	0	0	0	0	0	1656073673379
2602	1253	0	0	0	0	0	0	1656073674399
2594	1251	0	0	0	0	0	0	1656073675419
2590	1249	0	0	0	0	0	0	1656073676439
2587	1253	0	0	0	0	0	0	1656073677459
2582	1256	0	0	0	0	0	0	1656073678479
2572	1262	0	0	0	0	0	0	1656073679499
2565	1256	0	0	0	0	0	0	1656073680519
2561	1252	0	0	0	0	0	0	1656073681539
2559	1250	0	0	0	0	0	0	1656073682559
2551	1249	0	0	0	0	0	0	1656073683579
2541	1248	0	0	0	0	0	0	1656073684599
2535	1249	0	0	0	0	0	0	1656073685619
2532	1248	0	0	0	0	0	0	1656073686639
2530	1247	0	0	0	0	0	0	1656073687659
2522	1246	0	0	0	0	0	0	1656073688679
2513	1241	0	0	0	0	0	0	1656073689699
2508	1232	0	0	0	0	0	0	1656073690719
2504	1228	0	0	0	0	0	0	1656073691739
2502	1224	0	0	0	0	0	0	1656073692759
2500	1222	0	0	0	0	0	0	1656073693779
2499	1220	0	0	0	0	0	0	1656073694799
2492	1219	0	0	0	0	0	0	1656073695819
2483	1219	0	0	0	0	0	0	1656073696839
2478	1219	0	0	0	0	0	0	1656073697859
2475	1219	0	0	0	0	0	0	1656073698879
2473	1219	0	0	0	0	0	0	1656073699899
2472	1219	0	0	0	0	0	0	1656073700919
2470	1219	0	0	0	0	0	0	1656073701939
2468	1219	0	0	0	0	0	0	1656073702959
2459	1219	0	0	0	0	0	0	1656073703979
2453	1219	0	0	0	0	0	0	1656073704999
2449	1219	0	0	0	0	0	0	1656073706019
2447	1219	0	0	0	0	0	0	1656073707039
2445	1219	0	0	0	0	0	0	1656073708059
2444	1219	0	0	0	0	0	0	1656073709079
2443	1219	0	0	0	0	0	0	1656073710099
2442	1218	0	0	0	0	0	0	1656073711119
2433	1217	0	0	0	0	0	0	1656073712139
2426	1214	0	0	0	0	0	0	1656073713159
2421	1213	0	0	0	0	0	0	1656073714179
2418	1211	0	0	0	0	0	0	1656073715199
2416	1207	0	0	0	0	0	0	1656073716219
2415	1202	0	0	0	0	0	0	1656073717239
2415	1199	0	0	0	0	0	0	1656073718259
2414	1196	0	0	0	0	0	0	1656073719279
2414	1194	0	0	0	0	0	0	1656073720299
2411	1193	0	0	0	0	0	0	1656073721319
2403	1192	0	0	0	0	0	0	1656073722339
2396	1192	0	0	0	0	0	0	1656073723359
2392	1192	0	0	0	0	0	0	1656073724379
2390	1192	0	0	0	0	0	0	1656073725399
2388	1191	0	0	0	0	0	0	1656073726419
2387	1191	0	0	0	0	0	0	1656073727439
2387	1191	0	0	0	0	0	0	1656073728459
2387	1191	0	0	0	0	0	0	1656073729479
2386	1191	0	0	0	0	0	0	1656073730499
2386	1191	0	0	0	0	0	0	1656073731519
2386	1191	0	0	0	0	0	0	1656073732539
2381	1191	0	0	0	0	0	0	1656073733559
2372	1191	0	0	0	0	0	0	1656073734579
2366	1191	0	0	0	0	0	0	1656073735599
2363	1191	0	0	0	0	0	0	1656073736619
2361	1191	0	0	0	0	0	0	1656073737639
2360	1191	0	0	0	0	0	0	1656073738659
2359	1191	0	0	0	0	0	0	1656073739679
2358	1191	0	0	0	0	0	0	1656073740699
2358	1191	0	0	0	0	0	0	1656073741719
2358	1191	0	0	0	0	0	0	1656073742739
2358	1191	0	0	0	0	0	0	1656073743759
2358	1191	0	0	0	0	0	0	1656073744779
2353	1191	0	0	0	0	0	0	1656073745799
2345	1191	0	0	0	0	0	0	1656073746819
2339	1191	0	0	0	0	0	0	1656073747839
2335	1191	0	0	0	0	0	0	1656073748859
2333	1191	0	0	0	0	0	0	1656073749879
2332	1191	0	0	0	0	0	0	1656073750899
2331	1191	0	0	0	0	0	0	1656073751919
2330	1191	0	0	0	0	0	0	1656073752939
2330	1191	0	0	0	0	0	0	1656073753959
2330	1191	0	0	0	0	0	0	1656073754979
2330	1191	0	0	0	0	0	0	1656073755999
2330	1191	0	0	0	0	0	0	1656073757019
2330	1191	0	0	0	0	0	0	1656073758039
2329	1191	0	0	0	0	0	0	1656073759059
2325	1191	0	0	0	0	0	0	1656073760079
2319	1191	0	0	0	0	0	0	1656073761099
2312	1191	0	0	0	0	0	0	1656073762119
2308	1191	0	0	0	0	0	0	1656073763139
2305	1191	0	0	0	0	0	0	1656073764159
2304	1191	0	0	0	0	0	0	1656073765179
2303	1191	0	0	0	0	0	0	1656073766199
2302	1191	0	0	0	0	0	0	1656073767219
2302	1191	0	0	0	0	0	0	1656073768239
2302	1191	0	0	0	0	0	0	1656073769259
2302	1191	0	0	0	0	0	0	1656073770279
2302	1191	0	0	0	0	0	0	1656073771299
2302	1191	0	0	0	0	0	0	1656073772319
2302	1207	0	0	0	0	0	0	1656073773339
2302	1223	0	0	0	0	0	0	1656073774359
2302	1229	0	0	0	0	0	0	1656073775379
2299	1226	0	0	0	0	0	0	1656073776399
2292	1224	0	0	0	0	0	0	1656073777419
2285	1222	0	0	0	0	0	0	1656073778439
2281	1221	0	0	0	0	0	0	1656073779459
2278	1220	0	0	0	0	0	0	1656073780479
2276	1219	0	0	0	0	0	0	1656073781499
2275	1219	0	0	0	0	0	0	1656073782519
2275	1219	0	0	0	0	0	0	1656073783539
2274	1219	0	0	0	0	0	0	1656073784559
2274	1219	0	0	0	0	0	0	1656073785579
2274	1219	0	0	0	0	0	0	1656073786599
2274	1219	0	0	0	0	0	0	1656073787619
2274	1219	0	0	0	0	0	0	1656073788639
2274	1219	0	0	0	0	0	0	1656073789659
2274	1219	0	0	0	0	0	0	1656073790679
2274	1219	0	0	0	0	0	0	1656073791699
2274	1219	0	0	0	0	0	0	1656073792719
2272	1219	0	0	0	0	0	0	1656073793739
2270	1219	0	0	0	0	0	0	1656073794759
2264	1219	0	0	0	0	0	0	1656073795779
2257	1219	0	0	0	0	0	0	1656073796799
2252	1219	0	0	0	0	0	0	1656073797819
2249	1219	0	0	0	0	0	0	1656073798839
2248	1219	0	0	0	0	0	0	1656073799859
2247	1210	0	0	0	0	0	0	1656073800879
2246	1206	0	0	0	0	0	0	1656073801899
2246	1207	0	0	0	0	0	0	1656073802919
2246	1206	0	0	0	0	0	0	1656073803939
2246	1204	0	0	0	0	0	0	1656073804959
2246	1204	0	0	0	0	0	0	1656073805979
2246	1202	0	0	0	0	0	0	1656073806999
2246	1198	0	0	0	0	0	0	1656073808019
2246	1196	0	0	0	0	0	0	1656073809039
2246	1194	0	0	0	0	0	0	1656073810059
2246	1193	0	0	0	0	0	0	1656073811079
2244	1192	0	0	0	0	0	0	1656073812099
2240	1192	0	0	0	0	0	0	1656073813119
2235	1192	0	0	0	0	0	0	1656073814139
2228	1191	0	0	0	0	0	0	1656073815159
2224	1191	0	0	0	0	0	0	1656073816179
2222	1191	0	0	0	0	0	0	1656073817199
2220	1191	0	0	0	0	0	0	1656073818219
2219	1191	0	0	0	0	0	0	1656073819239
2219	1191	0	0	0	0	0	0	1656073820259
2219	1191	0	0	0	0	0	0	1656073821279
2219	1191	0	0	0	0	0	0	1656073822299
2219	1191	0	0	0	0	0	0	1656073823319
2219	1191	0	0	0	0	0	0	1656073824339
2218	1191	0	0	0	0	0	0	1656073825359
2218	1191	0	0	0	0	0	0	1656073826379
2218	1191	0	0	0	0	0	0	1656073827399
2218	1191	0	0	0	0	0	0	1656073828419
2218	1197	0	0	0	0	0	0	1656073829439
2218	1206	0	0	0	0	0	0	1656073830459
2218	1211	0	0	0	0	0	0	1656073831479
2218	1213	0	0	0	0	0	0	1656073832499
2218	1211	0	0	0	0	0	0	1656073833519
2216	1209	0	0	0	0	0	0	1656073834539
2214	1207	0	0	0	0	0	0	1656073835559
2210	1205	0	0	0	0	0	0	1656073836579
2205	1203	0	0	0	0	0	0	1656073837599
2199	1201	0	0	0	0	0	0	1656073838619
2195	1200	0	0	0	0	0	0	1656073839639
2193	1198	0	0	0	0	0	0	1656073840659
2192	1196	0	0	0	0	0	0	1656073841679
2191	1194	0	0	0	0	0	0	1656073842699
2190	1193	0	0	0	0	0	0	1656073843719
2190	1192	0	0	0	0	0	0	1656073844739
2190	1192	0	0	0	0	0	0	1656073845759
2190	1192	0	0	0	0	0	0	1656073846779
2190	1192	0	0	0	0	0	0	1656073847799
2190	1192	0	0	0	0	0	0	1656073848819
2190	1192	0	0	0	0	0	0	1656073849839
2190	1192	0	0	0	0	0	0	1656073850859
2190	1192	0	0	0	0	0	0	1656073851879
2190	1192	0	0	0	0	0	0	1656073852899
2190	1192	0	0	0	0	0	0	1656073853919
2190	1192	0	0	0	0	0	0	1656073854939
2190	1192	0	0	0	0	0	0	1656073855959
2189	1192	0	0	0	0	0	0	1656073856979
2189	1192	0	0	0	0	0	0	1656073857999
2187	1192	0	0	0	0	0	0	1656073859019
2184	1192	0	0	0	0	0	0	1656073860039
2179	1192	0	0	0	0	0	0	1656073861059
2174	1192	0	0	0	0	0	0	1656073862079
2171	1192	0	0	0	0	0	0	1656073863099
2168	1192	0	0	0	0	0	0	1656073864119
2166	1191	0	0	0	0	0	0	1656073865139
2164	1191	0	0	0	0	0	0	1656073866159
2163	1191	0	0	0	0	0	0	1656073867179
2163	1191	0	0	0	0	0	0	1656073868199
2163	1191	0	0	0	0	0	0	1656073869219
2163	1191	0	0	0	0	0	0	1656073870239
2163	1191	0	0	0	0	0	0	1656073871259
2162	1191	0	0	0	0	0	0	1656073872279
2162	1191	0	0	0	0	0	0	1656073873299
2162	1191	0	0	0	0	0	0	1656073874319
2162	1191	0	0	0	0	0	0	1656073875339
2162	1191	0	0	0	0	0	0	1656073876359
2162	1191	0	0	0	0	0	0	1656073877379
2162	1191	0	0	0	0	0	0	1656073878399
2162	1191	0	0	0	0	0	0	1656073879419
2162	1191	0	0	0	0	0	0	1656073880439
2162	1191	0	0	0	0	0	0	1656073881459
2161	1191	0	0	0	0	0	0	1656073882479
2159	1191	0	0	0	0	0	0	1656073883499
2157	1191	0	0	0	0	0	0	1656073884519
2153	1191	0	0	0	0	0	0	1656073885539
2147	1191	0	0	0	0	0	0	1656073886559
2143	1191	0	0	0	0	0	0	1656073887579
2139	1191	0	0	0	0	0	0	1656073888599
2137	1191	0	0	0	0	0	0	1656073889619
2136	1191	0	0	0	0	0	0	1656073890639
2135	1191	0	0	0	0	0	0	1656073891659
2135	1191	0	0	0	0	0	0	1656073892679
2135	1191	0	0	0	0	0	0	1656073893699
2135	1191	0	0	0	0	0	0	1656073894719
2134	1191	0	0	0	0	0	0	1656073895739
2134	1191	0	0	0	0	0	0	1656073896759
2134	1191	0	0	0	0	0	0	1656073897779
2134	1191	0	0	0	0	0	0	1656073898799
2134	1191	0	0	0	0	0	0	1656073899819
2134	1191	0	0	0	0	0	0	1656073900839
2134	1191	0	0	0	0	0	0	1656073901859
2134	1191	0	0	0	0	0	0	1656073902879
2134	1191	0	0	0	0	0	0	1656073903899
2134	1191	0	0	0	0	0	0	1656073904919
2134	1191	0	0	0	0	0	0	1656073905939
2134	1191	0	0	0	0	0	0	1656073906959
2134	1191	0	0	0	0	0	0	1656073907979
2133	1191	0	0	0	0	0	0	1656073908999
2132	1191	0	0	0	0	0	0	1656073910019
2131	1191	0	0	0	0	0	0	1656073911039
2126	1191	0	0	0	0	0	0	1656073912059
2121	1191	0	0	0	0	0	0	1656073913079
2117	1191	0	0	0	0	0	0	1656073914099
2113	1190	0	0	0	0	0	0	1656073915119
2110	1190	0	0	0	0	0	0	1656073916139
2109	1189	0	0	0	0	0	0	1656073917159
2108	1189	0	0	0	0	0	0	1656073918179
2107	1189	0	0	0	0	0	0	1656073919199
2107	1189	0	0	0	0	0	0	1656073920219
2107	1188	0	0	0	0	0	0	1656073921239
2107	1188	0	0	0	0	0	0	1656073922259
2107	1186	0	0	0	0	0	0	1656073923279
2107	1186	0	0	0	0	0	0	1656073924299
2107	1185	0	0	0	0	0	0	1656073925319
2106	1183	0	0	0	0	0	0	1656073926339
2106	1183	0	0	0	0	0	0	1656073927359
2106	1181	0	0	0	0	0	0	1656073928379
2106	1179	0	0	0	0	0	0	1656073929399
2106	1176	0	0	0	0	0	0	1656073930419
2106	1182	0	0	0	0	0	0	1656073931439
2106	1186	0	0	0	0	0	0	1656073932459
2106	1188	0	0	0	0	0	0	1656073933479
2106	1189	0	0	0	0	0	0	1656073934499
2106	1190	0	0	0	0	0	0	1656073935519
2106	1190	0	0	0	0	0	0	1656073936539
2106	1189	0	0	0	0	0	0	1656073937559
2106	1189	0	0	0	0	0	0	1656073938579
2105	1188	0	0	0	0	0	0	1656073939599
2102	1189	0	0	0	0	0	0	1656073940619
2098	1185	0	0	0	0	0	0	1656073941639
2094	1180	0	0	0	0	0	0	1656073942659
2089	1179	0	0	0	0	0	0	1656073943679
2085	1184	0	0	0	0	0	0	1656073944699
2082	1183	0	0	0	0	0	0	1656073945719
2080	1175	0	0	0	0	0	0	1656073946739
2079	1170	0	0	0	0	0	0	1656073947759
2079	1167	0	0	0	0	0	0	1656073948779
2079	1165	0	0	0	0	0	0	1656073949799
2079	1164	0	0	0	0	0	0	1656073950819
2079	1164	0	0	0	0	0	0	1656073951839
2079	1164	0	0	0	0	0	0	1656073952859
2079	1163	0	0	0	0	0	0	1656073953879
2079	1163	0	0	0	0	0	0	1656073954899
2079	1163	0	0	0	0	0	0	1656073955919
2079	1163	0	0	0	0	0	0	1656073956939
2079	1163	0	0	0	0	0	0	1656073957959
2079	1163	0	0	0	0	0	0	1656073958979
2079	1163	0	0	0	0	0	0	1656073959999
2079	1163	0	0	0	0	0	0	1656073961019
2079	1163	0	0	0	0	0	0	1656073962039
2078	1163	0	0	0	0	0	0	1656073963059
2078	1163	0	0	0	0	0	0	1656073964079
2078	1163	0	0	0	0	0	0	1656073965099
2078	1163	0	0	0	0	0	0	1656073966119
2078	1163	0	0	0	0	0	0	1656073967139
2078	1163	0	0	0	0	0	0	1656073968159
2078	1163	0	0	0	0	0	0	1656073969179
2077	1163	0	0	0	0	0	0	1656073970199
2076	1163	0	0	0	0	0	0	1656073971219
2073	1163	0	0	0	0	0	0	1656073972239
2069	1163	0	0	0	0	0	0	1656073973259
2066	1163	0	0	0	0	0	0	1656073974279
2063	1163	0	0	0	0	0	0	1656073975299
2059	1163	0	0	0	0	0	0	1656073976319
2056	1163	0	0	0	0	0	0	1656073977339
2054	1163	0	0	0	0	0	0	1656073978359
2052	1163	0	0	0	0	0	0	1656073979379
2052	1163	0	0	0	0	0	0	1656073980399
2052	1163	0	0	0	0	0	0	1656073981419
2051	1163	0	0	0	0	0	0	1656073982439
2051	1163	0	0	0	0	0	0	1656073983459
2051	1163	0	0	0	0	0	0	1656073984479
2051	1163	0	0	0	0	0	0	1656073985499
2051	1163	0	0	0	0	0	0	1656073986519
2051	1163	0	0	0	0	0	0	1656073987539
2051	1163	0	0	0	0	0	0	1656073988559
2051	1163	0	0	0	0	0	0	1656073989579
2051	1163	0	0	0	0	0	0	1656073990599
2051	1163	0	0	0	0	0	0	1656073991619
2051	1163	0	0	0	0	0	0	1656073992639
2051	1163	0	0	0	0	0	0	1656073993659
2051	1163	0	0	0	0	0	0	1656073994679
2051	1163	0	0	0	0	0	0	1656073995699
2051	1163	0	0	0	0	0	0	1656073996719
2051	1163	0	0	0	0	0	0	1656073997739
2050	1163	0	0	0	0	0	0	1656073998759
2050	1163	0	0	0	0	0	0	1656073999779
2050	1163	0	0	0	0	0	0	1656074000799
2050	1163	0	0	0	0	0	0	1656074001819
2050	1163	0	0	0	0	0	0	1656074002839
2050	1163	0	0	0	0	0	0	1656074003859
2050	1163	0	0	0	0	0	0	1656074004879
2049	1163	0	0	0	0	0	0	1656074005899
2048	1163	0	0	0	0	0	0	1656074006919
2048	1155	0	0	0	0	0	0	1656074007939
2047	1147	0	0	0	0	0	0	1656074008959
2045	1142	0	0	0	0	0	0	1656074009979
2041	1139	0	0	0	0	0	0	1656074010999
2034	1138	0	0	0	0	0	0	1656074012019
2030	1137	0	0	0	0	0	0	1656074013039
2027	1136	0	0	0	0	0	0	1656074014059
2025	1136	0	0	0	0	0	0	1656074015079
2024	1138	0	0	0	0	0	0	1656074016099
2023	1150	0	0	0	0	0	0	1656074017119
2023	1148	0	0	0	0	0	0	1656074018139
2023	1143	0	0	0	0	0	0	1656074019159
2023	1140	0	0	0	0	0	0	1656074020179
2023	1138	0	0	0	0	0	0	1656074021199
2023	1137	0	0	0	0	0	0	1656074022219
2023	1136	0	0	0	0	0	0	1656074023239
2023	1136	0	0	0	0	0	0	1656074024259
2023	1136	0	0	0	0	0	0	1656074025279
2023	1136	0	0	0	0	0	0	1656074026299
2023	1136	0	0	0	0	0	0	1656074027319
2023	1135	0	0	0	0	0	0	1656074028339
2023	1135	0	0	0	0	0	0	1656074029359
2023	1135	0	0	0	0	0	0	1656074030379
2023	1135	0	0	0	0	0	0	1656074031399
2023	1135	0	0	0	0	0	0	1656074032419
2023	1135	0	0	0	0	0	0	1656074033439
2022	1135	0	0	0	0	0	0	1656074034459
2022	1135	0	0	0	0	0	0	1656074035479
2022	1135	0	0	0	0	0	0	1656074036499
2022	1135	0	0	0	0	0	0	1656074037519
2022	1135	0	0	0	0	0	0	1656074038539
2022	1135	0	0	0	0	0	0	1656074039559
2022	1135	0	0	0	0	0	0	1656074040579
2022	1135	0	0	0	0	0	0	1656074041599
2022	1135	0	0	0	0	0	0	1656074042619
2022	1135	0	0	0	0	0	0	1656074043639
2022	1135	0	0	0	0	0	0	1656074044659
2022	1135	0	0	0	0	0	0	1656074045679
2022	1135	0	0	0	0	0	0	1656074046699
2021	1135	0	0	0	0	0	0	1656074047719
2020	1135	0	0	0	0	0	0	1656074048739
2017	1135	0	0	0	0	0	0	1656074049759
2014	1135	0	0	0	0	0	0	1656074050779
2010	1135	0	0	0	0	0	0	1656074051799
2005	1135	0	0	0	0	0	0	1656074052819
2001	1135	0	0	0	0	0	0	1656074053839
1999	1135	0	0	0	0	0	0	1656074054859
1997	1135	0	0	0	0	0	0	1656074055879
1996	1135	0	0	0	0	0	0	1656074056899
1995	1135	0	0	0	0	0	0	1656074057919
1995	1135	0	0	0	0	0	0	1656074058939
1995	1135	0	0	0	0	0	0	1656074059959
1995	1135	0	0	0	0	0	0	1656074060979
1995	1135	0	0	0	0	0	0	1656074061999
1995	1135	0	0	0	0	0	0	1656074063019
1995	1135	0	0	0	0	0	0	1656074064039
1995	1135	0	0	0	0	0	0	1656074065059
1995	1135	0	0	0	0	0	0	1656074066079
1995	1135	0	0	0	0	0	0	1656074067099
1995	1135	0	0	0	0	0	0	1656074068119
1995	1135	0	0	0	0	0	0	1656074069139
1995	1135	0	0	0	0	0	0	1656074070159
1995	1135	0	0	0	0	0	0	1656074071179
1994	1135	0	0	0	0	0	0	1656074072199
1994	1135	0	0	0	0	0	0	1656074073219
1994	1135	0	0	0	0	0	0	1656074074239
1994	1135	0	0	0	0	0	0	1656074075259
1994	1135	0	0	0	0	0	0	1656074076279
1994	1135	0	0	0	0	0	0	1656074077299
1994	1134	0	0	0	0	0	0	1656074078319
1994	1134	0	0	0	0	0	0	1656074079339
1994	1134	0	0	0	0	0	0	1656074080359
1994	1134	0	0	0	0	0	0	1656074081379
1994	1134	0	0	0	0	0	0	1656074082399
1994	1134	0	0	0	0	0	0	1656074083419
1994	1134	0	0	0	0	0	0	1656074084439
1994	1133	0	0	0	0	0	0	1656074085459
1994	1133	0	0	0	0	0	0	1656074086479
1994	1133	0	0	0	0	0	0	1656074087499
1994	1132	0	0	0	0	0	0	1656074088519
1994	1132	0	0	0	0	0	0	1656074089539
1993	1129	0	0	0	0	0	0	1656074090559
1993	1129	0	0	0	0	0	0	1656074091579
1993	1129	0	0	0	0	0	0	1656074092599
1991	1126	0	0	0	0	0	0	1656074093619
1989	1124	0	0	0	0	0	0	1656074094639
1987	1121	0	0	0	0	0	0	1656074095659
1984	1120	0	0	0	0	0	0	1656074096679
1980	1119	0	0	0	0	0	0	1656074097699
1976	1119	0	0	0	0	0	0	1656074098719
1973	1116	0	0	0	0	0	0	1656074099739
1970	1116	0	0	0	0	0	0	1656074100759
1968	1115	0	0	0	0	0	0	1656074101779
1967	1114	0	0	0	0	0	0	1656074102799
1967	1112	0	0	0	0	0	0	1656074103819
1967	1111	0	0	0	0	0	0	1656074104839
1967	1110	0	0	0	0	0	0	1656074105859
1967	1109	0	0	0	0	0	0	1656074106879
1967	1108	0	0	0	0	0	0	1656074107899
1967	1108	0	0	0	0	0	0	1656074108919
1967	1108	0	0	0	0	0	0	1656074109939
1967	1108	0	0	0	0	0	0	1656074110959
1967	1108	0	0	0	0	0	0	1656074111979
1967	1108	0	0	0	0	0	0	1656074112999
1967	1108	0	0	0	0	0	0	1656074114019
1966	1108	0	0	0	0	0	0	1656074115039
1966	1108	0	0	0	0	0	0	1656074116059
1966	1108	0	0	0	0	0	0	1656074117079
1966	1108	0	0	0	0	0	0	1656074118099
1966	1108	0	0	0	0	0	0	1656074119119
1966	1108	0	0	0	0	0	0	1656074120139
1966	1108	0	0	0	0	0	0	1656074121159
1966	1108	0	0	0	0	0	0	1656074122179
1966	1108	0	0	0	0	0	0	1656074123199
1966	1108	0	0	0	0	0	0	1656074124219
1966	1108	0	0	0	0	0	0	1656074125239
1966	1108	0	0	0	0	0	0	1656074126259
1966	1108	0	0	0	0	0	0	1656074127279
1966	1108	0	0	0	0	0	0	1656074128299
1966	1108	0	0	0	0	0	0	1656074129319
1966	1108	0	0	0	0	0	0	1656074130339
1966	1108	0	0	0	0	0	0	1656074131359
1966	1108	0	0	0	0	0	0	1656074132379
1966	1108	0	0	0	0	0	0	1656074133399
1966	1108	0	0	0	0	0	0	1656074134419
1966	1108	0	0	0	0	0	0	1656074135439
1966	1108	0	0	0	0	0	0	1656074136459
1966	1108	0	0	0	0	0	0	1656074137479
1966	1108	0	0	0	0	0	0	1656074138499
1966	1108	0	0	0	0	0	0	1656074139519
1966	1108	0	0	0	0	0	0	1656074140539
1966	1108	0	0	0	0	0	0	1656074141559
1965	1108	0	0	0	0	0	0	1656074142579
1964	1108	0	0	0	0	0	0	1656074143599
1964	1108	0	0	0	0	0	0	1656074144619
1961	1108	0	0	0	0	0	0	1656074145639
1956	1108	0	0	0	0	0	0	1656074146659
1953	1108	0	0	0	0	0	0	1656074147679
1951	1108	0	0	0	0	0	0	1656074148699
1947	1108	0	0	0	0	0	0	1656074149719
1945	1108	0	0	0	0	0	0	1656074150739
1943	1108	0	0	0	0	0	0	1656074151759
1941	1108	0	0	0	0	0	0	1656074152779
1940	1108	0	0	0	0	0	0	1656074153799
1939	1108	0	0	0	0	0	0	1656074154819
1939	1108	0	0	0	0	0	0	1656074155839
1939	1108	0	0	0	0	0	0	1656074156859
1939	1108	0	0	0	0	0	0	1656074157879
1939	1108	0	0	0	0	0	0	1656074158899
1939	1108	0	0	0	0	0	0	1656074159919
1939	1108	0	0	0	0	0	0	1656074160939
1939	1108	0	0	0	0	0	0	1656074161959
1939	1108	0	0	0	0	0	0	1656074162979
1939	1108	0	0	0	0	0	0	1656074163999
1939	1108	0	0	0	0	0	0	1656074165019
1939	1108	0	0	0	0	0	0	1656074166039
1939	1108	0	0	0	0	0	0	1656074167059
1939	1108	0	0	0	0	0	0	1656074168079
1939	1108	0	0	0	0	0	0	1656074169099
1939	1108	0	0	0	0	0	0	1656074170119
1939	1108	0	0	0	0	0	0	1656074171139
1939	1108	0	0	0	0	0	0	1656074172159
1938	1108	0	0	0	0	0	0	1656074173179
1938	1108	0	0	0	0	0	0	1656074174199
1938	1108	0	0	0	0	0	0	1656074175219
1938	1108	0	0	0	0	0	0	1656074176239
1938	1108	0	0	0	0	0	0	1656074177259
1938	1108	0	0	0	0	0	0	1656074178279
1938	1108	0	0	0	0	0	0	1656074179299
1938	1108	0	0	0	0	0	0	1656074180319
1938	1108	0	0	0	0	0	0	1656074181339
1938	1107	0	0	0	0	0	0	1656074182359
1938	1107	0	0	0	0	0	0	1656074183379
1938	1107	0	0	0	0	0	0	1656074184399
1938	1107	0	0	0	0	0	0	1656074185419
1938	1107	0	0	0	0	0	0	1656074186439
1938	1107	0	0	0	0	0	0	1656074187459
1938	1107	0	0	0	0	0	0	1656074188479
1938	1107	0	0	0	0	0	0	1656074189499
1938	1107	0	0	0	0	0	0	1656074190519
1938	1107	0	0	0	0	0	0	1656074191539
1937	1107	0	0	0	0	0	0	1656074192559
1933	1107	0	0	0	0	0	0	1656074193579
1933	1107	0	0	0	0	0	0	1656074194599
1930	1107	0	0	0	0	0	0	1656074195619
1927	1107	0	0	0	0	0	0	1656074196639
1926	1107	0	0	0	0	0	0	1656074197659
1922	1107	0	0	0	0	0	0	1656074198679
1919	1107	0	0	0	0	0	0	1656074199699
1917	1107	0	0	0	0	0	0	1656074200719
1915	1107	0	0	0	0	0	0	1656074201739
1914	1107	0	0	0	0	0	0	1656074202759
1913	1107	0	0	0	0	0	0	1656074203779
1912	1107	0	0	0	0	0	0	1656074204799
1912	1108	0	0	0	0	0	0	1656074205819
1912	1101	0	0	0	0	0	0	1656074206839
1911	1104	0	0	0	0	0	0	1656074207859
1911	1105	0	0	0	0	0	0	1656074208879
1911	1106	0	0	0	0	0	0	1656074209899
1911	1106	0	0	0	0	0	0	1656074210919
1911	1106	0	0	0	0	0	0	1656074211939
1911	1106	0	0	0	0	0	0	1656074212959
1911	1107	0	0	0	0	0	0	1656074213979
1911	1107	0	0	0	0	0	0	1656074214999
1911	1107	0	0	0	0	0	0	1656074216019
1911	1107	0	0	0	0	0	0	1656074217039
1911	1107	0	0	0	0	0	0	1656074218059
1911	1107	0	0	0	0	0	0	1656074219079
1911	1106	0	0	0	0	0	0	1656074220099
1911	1104	0	0	0	0	0	0	1656074221119
1911	1095	0	0	0	0	0	0	1656074222139
1911	1089	0	0	0	0	0	0	1656074223159
1911	1085	0	0	0	0	0	0	1656074224179
1911	1083	0	0	0	0	0	0	1656074225199
1911	1082	0	0	0	0	0	0	1656074226219
1911	1081	0	0	0	0	0	0	1656074227239
1910	1081	0	0	0	0	0	0	1656074228259
1910	1080	0	0	0	0	0	0	1656074229279
1910	1080	0	0	0	0	0	0	1656074230299
1910	1080	0	0	0	0	0	0	1656074231319
1910	1080	0	0	0	0	0	0	1656074232339
1910	1080	0	0	0	0	0	0	1656074233359
1910	1080	0	0	0	0	0	0	1656074234379
1910	1080	0	0	0	0	0	0	1656074235399
1910	1080	0	0	0	0	0	0	1656074236419
1910	1080	0	0	0	0	0	0	1656074237439
1910	1080	0	0	0	0	0	0	1656074238459
1910	1080	0	0	0	0	0	0	1656074239479
1910	1080	0	0	0	0	0	0	1656074240499
1910	1080	0	0	0	0	0	0	1656074241519
1910	1080	0	0	0	0	0	0	1656074242539
1910	1080	0	0	0	0	0	0	1656074243559
1910	1080	0	0	0	0	0	0	1656074244579
1910	1080	0	0	0	0	0	0	1656074245599
1910	1080	0	0	0	0	0	0	1656074246619
1910	1080	0	0	0	0	0	0	1656074247639
1910	1080	0	0	0	0	0	0	1656074248659
1910	1079	0	0	0	0	0	0	1656074249679
1910	1079	0	0	0	0	0	0	1656074250699
1909	1079	0	0	0	0	0	0	1656074251719
1909	1079	0	0	0	0	0	0	1656074252739
1908	1079	0	0	0	0	0	0	1656074253759
1907	1079	0	0	0	0	0	0	1656074254779
1907	1079	0	0	0	0	0	0	1656074255799
1903	1079	0	0	0	0	0	0	1656074256819
1901	1079	0	0	0	0	0	0	1656074257839
1899	1079	0	0	0	0	0	0	1656074258859
1898	1079	0	0	0	0	0	0	1656074259879
1894	1079	0	0	0	0	0	0	1656074260899
1891	1079	0	0	0	0	0	0	1656074261919
1891	1079	0	0	0	0	0	0	1656074262939
1889	1079	0	0	0	0	0	0	1656074263959
1887	1079	0	0	0	0	0	0	1656074264979
1885	1079	0	0	0	0	0	0	1656074265999
1884	1079	0	0	0	0	0	0	1656074267019
1884	1079	0	0	0	0	0	0	1656074268039
1884	1079	0	0	0	0	0	0	1656074269059
1883	1079	0	0	0	0	0	0	1656074270079
1883	1079	0	0	0	0	0	0	1656074271099
1883	1079	0	0	0	0	0	0	1656074272119
1883	1079	0	0	0	0	0	0	1656074273139
1883	1079	0	0	0	0	0	0	1656074274159
1883	1079	0	0	0	0	0	0	1656074275179
1883	1079	0	0	0	0	0	0	1656074276199
1883	1079	0	0	0	0	0	0	1656074277219
1883	1079	0	0	0	0	0	0	1656074278239
1883	1079	0	0	0	0	0	0	1656074279259
1883	1079	0	0	0	0	0	0	1656074280279
1883	1079	0	0	0	0	0	0	1656074281299
1883	1079	0	0	0	0	0	0	1656074282319
1883	1079	0	0	0	0	0	0	1656074283339
1883	1079	0	0	0	0	0	0	1656074284359
1883	1079	0	0	0	0	0	0	1656074285379
1883	1079	0	0	0	0	0	0	1656074286399
1883	1079	0	0	0	0	0	0	1656074287419
1883	1079	0	0	0	0	0	0	1656074288439
1883	1079	0	0	0	0	0	0	1656074289459
1883	1079	0	0	0	0	0	0	1656074290479
1883	1079	0	0	0	0	0	0	1656074291499
1883	1079	0	0	0	0	0	0	1656074292519
1883	1079	0	0	0	0	0	0	1656074293539
1883	1079	0	0	0	0	0	0	1656074294559
1883	1079	0	0	0	0	0	0	1656074295579
1883	1079	0	0	0	0	0	0	1656074296599
1883	1079	0	0	0	0	0	0	1656074297619
1883	1079	0	0	0	0	0	0	1656074298639
1882	1079	0	0	0	0	0	0	1656074299659
1882	1079	0	0	0	0	0	0	1656074300679
1882	1079	0	0	0	0	0	0	1656074301699
1882	1079	0	0	0	0	0	0	1656074302719
1882	1079	0	0	0	0	0	0	1656074303739
1882	1079	0	0	0	0	0	0	1656074304759
1882	1079	0	0	0	0	0	0	1656074305779
1882	1079	0	0	0	0	0	0	1656074306799
1882	1079	0	0	0	0	0	0	1656074307819
1882	1079	0	0	0	0	0	0	1656074308839
1882	1079	0	0	0	0	0	0	1656074309859
1882	1079	0	0	0	0	0	0	1656074310879
1882	1079	0	0	0	0	0	0	1656074311899
1882	1082	0	0	0	0	0	0	1656074312919
1882	1074	0	0	0	0	0	0	1656074313939
1882	1083	0	0	0	0	0	0	1656074314959
1882	1092	0	0	0	0	0	0	1656074315979
1882	1097	0	0	0	0	0	0	1656074316999
1882	1096	0	0	0	0	0	0	1656074318019
1882	1096	0	0	0	0	0	0	1656074319039
1882	1093	0	0	0	0	0	0	1656074320059
1882	1091	0	0	0	0	0	0	1656074321079
1881	1091	0	0	0	0	0	0	1656074322099
1882	1089	0	0	0	0	0	0	1656074323119
1882	1089	0	0	0	0	0	0	1656074324139
1881	1087	0	0	0	0	0	0	1656074325159
1880	1086	0	0	0	0	0	0	1656074326179
1880	1085	0	0	0	0	0	0	1656074327199
1878	1083	0	0	0	0	0	0	1656074328219
1878	1082	0	0	0	0	0	0	1656074329239
1877	1082	0	0	0	0	0	0	1656074330259
1876	1082	0	0	0	0	0	0	1656074331279
1872	1081	0	0	0	0	0	0	1656074332299
1870	1081	0	0	0	0	0	0	1656074333319
1868	1080	0	0	0	0	0	0	1656074334339
1866	1080	0	0	0	0	0	0	1656074335359
1866	1080	0	0	0	0	0	0	1656074336379
1862	1080	0	0	0	0	0	0	1656074337399
1860	1080	0	0	0	0	0	0	1656074338419
1859	1080	0	0	0	0	0	0	1656074339439
1857	1080	0	0	0	0	0	0	1656074340459
1857	1080	0	0	0	0	0	0	1656074341479
1856	1080	0	0	0	0	0	0	1656074342499
1855	1080	0	0	0	0	0	0	1656074343519
1855	1080	0	0	0	0	0	0	1656074344539
1855	1080	0	0	0	0	0	0	1656074345559
1855	1080	0	0	0	0	0	0	1656074346579
1855	1080	0	0	0	0	0	0	1656074347599
1855	1080	0	0	0	0	0	0	1656074348619
1855	1080	0	0	0	0	0	0	1656074349639
1855	1080	0	0	0	0	0	0	1656074350659
1855	1080	0	0	0	0	0	0	1656074351679
1855	1080	0	0	0	0	0	0	1656074352699
1855	1080	0	0	0	0	0	0	1656074353719
1855	1080	0	0	0	0	0	0	1656074354739
1855	1080	0	0	0	0	0	0	1656074355759
1855	1080	0	0	0	0	0	0	1656074356779
1855	1080	0	0	0	0	0	0	1656074357799
1855	1080	0	0	0	0	0	0	1656074358819
1855	1090	0	0	0	0	0	0	1656074359839
1855	1091	0	0	0	0	0	0	1656074360859
1855	1083	0	0	0	0	0	0	1656074361879
1855	1082	0	0	0	0	0	0	1656074362899
1855	1081	0	0	0	0	0	0	1656074363919
1855	1080	0	0	0	0	0	0	1656074364939
1855	1080	0	0	0	0	0	0	1656074365959
1855	1080	0	0	0	0	0	0	1656074366979
1855	1080	0	0	0	0	0	0	1656074367999
1855	1080	0	0	0	0	0	0	1656074369019
1855	1080	0	0	0	0	0	0	1656074370039
1855	1080	0	0	0	0	0	0	1656074371059
1855	1079	0	0	0	0	0	0	1656074372079
1855	1079	0	0	0	0	0	0	1656074373099
1855	1079	0	0	0	0	0	0	1656074374119
1855	1079	0	0	0	0	0	0	1656074375139
1855	1079	0	0	0	0	0	0	1656074376159
1855	1079	0	0	0	0	0	0	1656074377179
1854	1079	0	0	0	0	0	0	1656074378199
1854	1079	0	0	0	0	0	0	1656074379219
1854	1079	0	0	0	0	0	0	1656074380239
1854	1079	0	0	0	0	0	0	1656074381259
1854	1079	0	0	0	0	0	0	1656074382279
1854	1079	0	0	0	0	0	0	1656074383299
1854	1079	0	0	0	0	0	0	1656074384319
1854	1079	0	0	0	0	0	0	1656074385339
1854	1079	0	0	0	0	0	0	1656074386359
1854	1079	0	0	0	0	0	0	1656074387379
1854	1079	0	0	0	0	0	0	1656074388399
1854	1079	0	0	0	0	0	0	1656074389419
1854	1079	0	0	0	0	0	0	1656074390439
1854	1079	0	0	0	0	0	0	1656074391459
1854	1079	0	0	0	0	0	0	1656074392479
1854	1079	0	0	0	0	0	0	1656074393499
1854	1079	0	0	0	0	0	0	1656074394519
1854	1079	0	0	0	0	0	0	1656074395539
1854	1079	0	0	0	0	0	0	1656074396559
1854	1079	0	0	0	0	0	0	1656074397579
1854	1079	0	0	0	0	0	0	1656074398599
1854	1079	0	0	0	0	0	0	1656074399619
1854	1079	0	0	0	0	0	0	1656074400639
1854	1079	0	0	0	0	0	0	1656074401659
1854	1079	0	0	0	0	0	0	1656074402679
1854	1079	0	0	0	0	0	0	1656074403699
1854	1079	0	0	0	0	0	0	1656074404719
1854	1079	0	0	0	0	0	0	1656074405739
1853	1079	0	0	0	0	0	0	1656074406759
1853	1079	0	0	0	0	0	0	1656074407779
1853	1079	0	0	0	0	0	0	1656074408799
1853	1079	0	0	0	0	0	0	1656074409819
1852	1079	0	0	0	0	0	0	1656074410839
1851	1078	0	0	0	0	0	0	1656074411859
1851	1079	0	0	0	0	0	0	1656074412879
1849	1078	0	0	0	0	0	0	1656074413899
1849	1077	0	0	0	0	0	0	1656074414919
1848	1075	0	0	0	0	0	0	1656074415939
1846	1075	0	0	0	0	0	0	1656074416959
1844	1074	0	0	0	0	0	0	1656074417979
1844	1073	0	0	0	0	0	0	1656074418999
1841	1071	0	0	0	0	0	0	1656074420019
1839	1071	0	0	0	0	0	0	1656074421039
1836	1068	0	0	0	0	0	0	1656074422059
1835	1065	0	0	0	0	0	0	1656074423079
1833	1063	0	0	0	0	0	0	1656074424099
1831	1062	0	0	0	0	0	0	1656074425119
1830	1062	0	0	0	0	0	0	1656074426139
1829	1060	0	0	0	0	0	0	1656074427159
1828	1059	0	0	0	0	0	0	1656074428179
1828	1059	0	0	0	0	0	0	1656074429199
1827	1057	0	0	0	0	0	0	1656074430219
1827	1057	0	0	0	0	0	0	1656074431239
1827	1055	0	0	0	0	0	0	1656074432259
1827	1054	0	0	0	0	0	0	1656074433279
1827	1054	0	0	0	0	0	0	1656074434299
1827	1053	0	0	0	0	0	0	1656074435319
1827	1052	0	0	0	0	0	0	1656074436339
1827	1052	0	0	0	0	0	0	1656074437359
1827	1052	0	0	0	0	0	0	1656074438379
1827	1052	0	0	0	0	0	0	1656074439399
1827	1052	0	0	0	0	0	0	1656074440419
1827	1052	0	0	0	0	0	0	1656074441439
1827	1052	0	0	0	0	0	0	1656074442459
1827	1052	0	0	0	0	0	0	1656074443479
1827	1052	0	0	0	0	0	0	1656074444499
1827	1052	0	0	0	0	0	0	1656074445519
1827	1052	0	0	0	0	0	0	1656074446539
1827	1052	0	0	0	0	0	0	1656074447559
1827	1052	0	0	0	0	0	0	1656074448579
1827	1052	0	0	0	0	0	0	1656074449599
1827	1052	0	0	0	0	0	0	1656074450619
1827	1052	0	0	0	0	0	0	1656074451639
1827	1052	0	0	0	0	0	0	1656074452659
1827	1052	0	0	0	0	0	0	1656074453679
1827	1052	0	0	0	0	0	0	1656074454699
1827	1052	0	0	0	0	0	0	1656074455719
1827	1053	0	0	0	0	0	0	1656074456739
1827	1159	0	0	0	0	0	0	1656074457759
1827	1197	0	0	0	0	0	0	1656074458779
1827	1147	0	0	0	0	0	0	1656074459799
1827	1120	0	0	0	0	0	0	1656074460819
1827	1104	0	0	0	0	0	0	1656074461839
1827	1094	0	0	0	0	0	0	1656074462859
1827	1088	0	0	0	0	0	0	1656074463879
1827	1085	0	0	0	0	0	0	1656074464899
1827	1083	0	0	0	0	0	0	1656074465919
1827	1081	0	0	0	0	0	0	1656074466939
1827	1080	0	0	0	0	0	0	1656074467959
1827	1080	0	0	0	0	0	0	1656074468979
1826	1080	0	0	0	0	0	0	1656074469999
1826	1080	0	0	0	0	0	0	1656074471019
1826	1080	0	0	0	0	0	0	1656074472039
1826	1080	0	0	0	0	0	0	1656074473059
1826	1080	0	0	0	0	0	0	1656074474079
1826	1080	0	0	0	0	0	0	1656074475099
1826	1080	0	0	0	0	0	0	1656074476119
1826	1080	0	0	0	0	0	0	1656074477139
1826	1080	0	0	0	0	0	0	1656074478159
1826	1080	0	0	0	0	0	0	1656074479179
1826	1080	0	0	0	0	0	0	1656074480199
1826	1080	0	0	0	0	0	0	1656074481219
1826	1080	0	0	0	0	0	0	1656074482239
1826	1080	0	0	0	0	0	0	1656074483259
1826	1080	0	0	0	0	0	0	1656074484279
1827	1080	0	0	0	0	0	0	1656074485299
1827	1080	0	0	0	0	0	0	1656074486319
1827	1080	0	0	0	0	0	0	1656074487339
1827	1080	0	0	0	0	0	0	1656074488359
1827	1080	0	0	0	0	0	0	1656074489379
1827	1080	0	0	0	0	0	0	1656074490399
1827	1080	0	0	0	0	0	0	1656074491419
1827	1080	0	0	0	0	0	0	1656074492439
1827	1088	0	0	0	0	0	0	1656074493459
1827	1085	0	0	0	0	0	0	1656074494479
1826	1083	0	0	0	0	0	0	1656074495499
1826	1081	0	0	0	0	0	0	1656074496519
1826	1080	0	0	0	0	0	0	1656074497539
1826	1080	0	0	0	0	0	0	1656074498559
1826	1080	0	0	0	0	0	0	1656074499579
1826	1080	0	0	0	0	0	0	1656074500599
1827	1080	0	0	0	0	0	0	1656074501619
1827	1080	0	0	0	0	0	0	1656074502639
1826	1080	0	0	0	0	0	0	1656074503659
1826	1080	0	0	0	0	0	0	1656074504679
1826	1080	0	0	0	0	0	0	1656074505699
1826	1080	0	0	0	0	0	0	1656074506719
1826	1080	0	0	0	0	0	0	1656074507739
1826	1080	0	0	0	0	0	0	1656074508759
1826	1079	0	0	0	0	0	0	1656074509779
1826	1079	0	0	0	0	0	0	1656074510799
1826	1079	0	0	0	0	0	0	1656074511819
1826	1079	0	0	0	0	0	0	1656074512839
1825	1079	0	0	0	0	0	0	1656074513859
1825	1079	0	0	0	0	0	0	1656074514879
1825	1079	0	0	0	0	0	0	1656074515899
1824	1079	0	0	0	0	0	0	1656074516919
1825	1079	0	0	0	0	0	0	1656074517939
1823	1079	0	0	0	0	0	0	1656074518959
1822	1079	0	0	0	0	0	0	1656074519979
1821	1079	0	0	0	0	0	0	1656074520999
1821	1079	0	0	0	0	0	0	1656074522019
1820	1079	0	0	0	0	0	0	1656074523039
1818	1079	0	0	0	0	0	0	1656074524059
1817	1079	0	0	0	0	0	0	1656074525079
1816	1079	0	0	0	0	0	0	1656074526099
1815	1079	0	0	0	0	0	0	1656074527119
1812	1079	0	0	0	0	0	0	1656074528139
1811	1079	0	0	0	0	0	0	1656074529159
1808	1079	0	0	0	0	0	0	1656074530179
1807	1079	0	0	0	0	0	0	1656074531199
1805	1079	0	0	0	0	0	0	1656074532219
1803	1079	0	0	0	0	0	0	1656074533239
1804	1079	0	0	0	0	0	0	1656074534259
1802	1079	0	0	0	0	0	0	1656074535279
1802	1078	0	0	0	0	0	0	1656074536299
1801	1078	0	0	0	0	0	0	1656074537319
1801	1078	0	0	0	0	0	0	1656074538339
1800	1078	0	0	0	0	0	0	1656074539359
1800	1077	0	0	0	0	0	0	1656074540379
1800	1074	0	0	0	0	0	0	1656074541399
1800	1075	0	0	0	0	0	0	1656074542419
1800	1075	0	0	0	0	0	0	1656074543439
1800	1072	0	0	0	0	0	0	1656074544459
1799	1072	0	0	0	0	0	0	1656074545479
1799	1071	0	0	0	0	0	0	1656074546499
1799	1070	0	0	0	0	0	0	1656074547519
1799	1069	0	0	0	0	0	0	1656074548539
1799	1066	0	0	0	0	0	0	1656074549559
1799	1064	0	0	0	0	0	0	1656074550579
1799	1062	0	0	0	0	0	0	1656074551599
1799	1060	0	0	0	0	0	0	1656074552619
1799	1059	0	0	0	0	0	0	1656074553639
1799	1057	0	0	0	0	0	0	1656074554659
1799	1055	0	0	0	0	0	0	1656074555679
1799	1054	0	0	0	0	0	0	1656074556699
1799	1053	0	0	0	0	0	0	1656074557719
1799	1053	0	0	0	0	0	0	1656074558739
1799	1053	0	0	0	0	0	0	1656074559759
1799	1052	0	0	0	0	0	0	1656074560779
1799	1052	0	0	0	0	0	0	1656074561799
1799	1052	0	0	0	0	0	0	1656074562819
1799	1052	0	0	0	0	0	0	1656074563839
1799	1052	0	0	0	0	0	0	1656074564859
1799	1052	0	0	0	0	0	0	1656074565879
1799	1052	0	0	0	0	0	0	1656074566899
1799	1052	0	0	0	0	0	0	1656074567919
1799	1052	0	0	0	0	0	0	1656074568939
1799	1052	0	0	0	0	0	0	1656074569959
1799	1052	0	0	0	0	0	0	1656074570979
1799	1052	0	0	0	0	0	0	1656074571999
1799	1052	0	0	0	0	0	0	1656074573019
1799	1052	0	0	0	0	0	0	1656074574039
1799	1052	0	0	0	0	0	0	1656074575059
1799	1052	0	0	0	0	0	0	1656074576079
1799	1052	0	0	0	0	0	0	1656074577099
1799	1052	0	0	0	0	0	0	1656074578119
1799	1052	0	0	0	0	0	0	1656074579139
1799	1052	0	0	0	0	0	0	1656074580159
1799	1052	0	0	0	0	0	0	1656074581179
1799	1052	0	0	0	0	0	0	1656074582199
1799	1052	0	0	0	0	0	0	1656074583219
1799	1052	0	0	0	0	0	0	1656074584239
1799	1052	0	0	0	0	0	0	1656074585259
1799	1052	0	0	0	0	0	0	1656074586279
1799	1052	0	0	0	0	0	0	1656074587299
1799	1052	0	0	0	0	0	0	1656074588319
1799	1052	0	0	0	0	0	0	1656074589339
1799	1052	0	0	0	0	0	0	1656074590359
1799	1052	0	0	0	0	0	0	1656074591379
1799	1052	0	0	0	0	0	0	1656074592399
1799	1052	0	0	0	0	0	0	1656074593419
1799	1052	0	0	0	0	0	0	1656074594439
1799	1052	0	0	0	0	0	0	1656074595459
1799	1052	0	0	0	0	0	0	1656074596479
1799	1052	0	0	0	0	0	0	1656074597499
1799	1052	0	0	0	0	0	0	1656074598519
1799	1052	0	0	0	0	0	0	1656074599539
1799	1052	0	0	0	0	0	0	1656074600559
1799	1052	0	0	0	0	0	0	1656074601579
1799	1052	0	0	0	0	0	0	1656074602599
1799	1052	0	0	0	0	0	0	1656074603619
1799	1052	0	0	0	0	0	0	1656074604639
1799	1051	0	0	0	0	0	0	1656074605659
1799	1051	0	0	0	0	0	0	1656074606679
1799	1056	0	0	0	0	0	0	1656074607699
1799	1073	0	0	0	0	0	0	1656074608719
1799	1050	0	0	0	0	0	0	1656074609739
1799	1036	0	0	0	0	0	0	1656074610759
1799	1040	0	0	0	0	0	0	1656074611779
1799	1045	0	0	0	0	0	0	1656074612799
1799	1048	0	0	0	0	0	0	1656074613819
1799	1049	0	0	0	0	0	0	1656074614839
1799	1050	0	0	0	0	0	0	1656074615859
1799	1050	0	0	0	0	0	0	1656074616879
1799	1051	0	0	0	0	0	0	1656074617899
1799	1051	0	0	0	0	0	0	1656074618919
1799	1051	0	0	0	0	0	0	1656074619939
1799	1051	0	0	0	0	0	0	1656074620959
1799	1051	0	0	0	0	0	0	1656074621979
1799	1051	0	0	0	0	0	0	1656074622999
1799	1051	0	0	0	0	0	0	1656074624019
1799	1051	0	0	0	0	0	0	1656074625039
1799	1051	0	0	0	0	0	0	1656074626059
1799	1051	0	0	0	0	0	0	1656074627079
1799	1051	0	0	0	0	0	0	1656074628099
1799	1051	0	0	0	0	0	0	1656074629119
1798	1047	0	0	0	0	0	0	1656074630139
1798	1047	0	0	0	0	0	0	1656074631159
1798	1047	0	0	0	0	0	0	1656074632179
1798	1047	0	0	0	0	0	0	1656074633199
1797	1047	0	0	0	0	0	0	1656074634219
1796	1048	0	0	0	0	0	0	1656074635239
1797	1048	0	0	0	0	0	0	1656074636259
1796	1048	0	0	0	0	0	0	1656074637279
1796	1045	0	0	0	0	0	0	1656074638299
1795	1041	0	0	0	0	0	0	1656074639319
1794	1041	0	0	0	0	0	0	1656074640339
1793	1038	0	0	0	0	0	0	1656074641359
1792	1037	0	0	0	0	0	0	1656074642379
1790	1035	0	0	0	0	0	0	1656074643399
1790	1035	0	0	0	0	0	0	1656074644419
1787	1033	0	0	0	0	0	0	1656074645439
1786	1033	0	0	0	0	0	0	1656074646459
1786	1031	0	0	0	0	0	0	1656074647479
1784	1031	0	0	0	0	0	0	1656074648499
1782	1030	0	0	0	0	0	0	1656074649519
1781	1028	0	0	0	0	0	0	1656074650539
1781	1027	0	0	0	0	0	0	1656074651559
1779	1026	0	0	0	0	0	0	1656074652579
1777	1028	0	0	0	0	0	0	1656074653599
1776	1029	0	0	0	0	0	0	1656074654619
1776	1028	0	0	0	0	0	0	1656074655639
1775	1027	0	0	0	0	0	0	1656074656659
1774	1026	0	0	0	0	0	0	1656074657679
1773	1025	0	0	0	0	0	0	1656074658699
1772	1025	0	0	0	0	0	0	1656074659719
1771	1024	0	0	0	0	0	0	1656074660739
1771	1024	0	0	0	0	0	0	1656074661759
1771	1024	0	0	0	0	0	0	1656074662779
1771	1024	0	0	0	0	0	0	1656074663799
1771	1024	0	0	0	0	0	0	1656074664819
1771	1024	0	0	0	0	0	0	1656074665839
1771	1024	0	0	0	0	0	0	1656074666859
1771	1024	0	0	0	0	0	0	1656074667879
1771	1024	0	0	0	0	0	0	1656074668899
1771	1024	0	0	0	0	0	0	1656074669919
1771	1024	0	0	0	0	0	0	1656074670939
1771	1024	0	0	0	0	0	0	1656074671959
1771	1024	0	0	0	0	0	0	1656074672979
1771	1024	0	0	0	0	0	0	1656074673999
1771	1024	0	0	0	0	0	0	1656074675019
1771	1024	0	0	0	0	0	0	1656074676039
1771	1024	0	0	0	0	0	0	1656074677059
1771	1024	0	0	0	0	0	0	1656074678079
1771	1024	0	0	0	0	0	0	1656074679099
1771	1024	0	0	0	0	0	0	1656074680119
1771	1024	0	0	0	0	0	0	1656074681139
1771	1024	0	0	0	0	0	0	1656074682159
1771	1024	0	0	0	0	0	0	1656074683179
1771	1024	0	0	0	0	0	0	1656074684199
1771	1024	0	0	0	0	0	0	1656074685219
1771	1024	0	0	0	0	0	0	1656074686239
1771	1024	0	0	0	0	0	0	1656074687259
1771	1024	0	0	0	0	0	0	1656074688279
1771	1024	0	0	0	0	0	0	1656074689299
1771	1024	0	0	0	0	0	0	1656074690319
1771	1024	0	0	0	0	0	0	1656074691339
1771	1024	0	0	0	0	0	0	1656074692359
1771	1024	0	0	0	0	0	0	1656074693379
1771	1024	0	0	0	0	0	0	1656074694399
1771	1024	0	0	0	0	0	0	1656074695419
1771	1024	0	0	0	0	0	0	1656074696439
1771	1024	0	0	0	0	0	0	1656074697459
1771	1024	0	0	0	0	0	0	1656074698479
1771	1024	0	0	0	0	0	0	1656074699499
1771	1024	0	0	0	0	0	0	1656074700519
1771	1024	0	0	0	0	0	0	1656074701539
1771	1024	0	0	0	0	0	0	1656074702559
1771	1024	0	0	0	0	0	0	1656074703579
1771	1024	0	0	0	0	0	0	1656074704599
1771	1024	0	0	0	0	0	0	1656074705619
1771	1024	0	0	0	0	0	0	1656074706639
1771	1024	0	0	0	0	0	0	1656074707659
1771	1024	0	0	0	0	0	0	1656074708679
1771	1024	0	0	0	0	0	0	1656074709699
1771	1024	0	0	0	0	0	0	1656074710719
1771	1024	0	0	0	0	0	0	1656074711739
1771	1024	0	0	0	0	0	0	1656074712759
1771	1024	0	0	0	0	0	0	1656074713779
1771	1024	0	0	0	0	0	0	1656074714799
1771	1024	0	0	0	0	0	0	1656074715819
1771	1024	0	0	0	0	0	0	1656074716839
1771	1024	0	0	0	0	0	0	1656074717859
1771	1024	0	0	0	0	0	0	1656074718879
1771	1024	0	0	0	0	0	0	1656074719899
1771	1024	0	0	0	0	0	0	1656074720919
1771	1028	0	0	0	0	0	0	1656074721939
1771	1030	0	0	0	0	0	0	1656074722959
1771	1027	0	0	0	0	0	0	1656074723979
1771	1028	0	0	0	0	0	0	1656074724999
1771	1027	0	0	0	0	0	0	1656074726019
1771	1026	0	0	0	0	0	0	1656074727039
1771	1025	0	0	0	0	0	0	1656074728059
1771	1024	0	0	0	0	0	0	1656074729079
1771	1024	0	0	0	0	0	0	1656074730099
1771	1024	0	0	0	0	0	0	1656074731119
1771	1024	0	0	0	0	0	0	1656074732139
1771	1024	0	0	0	0	0	0	1656074733159
1771	1024	0	0	0	0	0	0	1656074734179
1771	1024	0	0	0	0	0	0	1656074735199
1771	1024	0	0	0	0	0	0	1656074736219
1771	1024	0	0	0	0	0	0	1656074737239
1771	1024	0	0	0	0	0	0	1656074738259
1771	1024	0	0	0	0	0	0	1656074739279
1771	1024	0	0	0	0	0	0	1656074740299
1771	1024	0	0	0	0	0	0	1656074741319
1771	1024	0	0	0	0	0	0	1656074742339
1771	1024	0	0	0	0	0	0	1656074743359
1771	1024	0	0	0	0	0	0	1656074744379
1771	1024	0	0	0	0	0	0	1656074745399
1771	1024	0	0	0	0	0	0	1656074746419
1771	1024	0	0	0	0	0	0	1656074747439
1771	1024	0	0	0	0	0	0	1656074748459
1771	1024	0	0	0	0	0	0	1656074749479
1771	1024	0	0	0	0	0	0	1656074750499
1771	1024	0	0	0	0	0	0	1656074751519
1771	1024	0	0	0	0	0	0	1656074752539
1771	1024	0	0	0	0	0	0	1656074753559
1771	1024	0	0	0	0	0	0	1656074754579
1771	1024	0	0	0	0	0	0	1656074755599
1771	1024	0	0	0	0	0	0	1656074756619
1771	1024	0	0	0	0	0	0	1656074757639
1771	1024	0	0	0	0	0	0	1656074758659
1771	1024	0	0	0	0	0	0	1656074759679
1771	1024	0	0	0	0	0	0	1656074760699
1771	1024	0	0	0	0	0	0	1656074761719
1771	1024	0	0	0	0	0	0	1656074762739
1771	1024	0	0	0	0	0	0	1656074763759
1771	1024	0	0	0	0	0	0	1656074764779
1771	1024	0	0	0	0	0	0	1656074765799
1771	1024	0	0	0	0	0	0	1656074766819
1771	1024	0	0	0	0	0	0	1656074767839
1771	1024	0	0	0	0	0	0	1656074768859
1771	1024	0	0	0	0	0	0	1656074769879
1771	1024	0	0	0	0	0	0	1656074770899
1771	1024	0	0	0	0	0	0	1656074771919
1771	1024	0	0	0	0	0	0	1656074772939
1771	1024	0	0	0	0	0	0	1656074773959
1771	1023	0	0	0	0	0	0	1656074774979
1771	1023	0	0	0	0	0	0	1656074775999
1771	1023	0	0	0	0	0	0	1656074777019
1771	1023	0	0	0	0	0	0	1656074778039
1771	1023	0	0	0	0	0	0	1656074779059
1771	1023	0	0	0	0	0	0	1656074780079
1771	1023	0	0	0	0	0	0	1656074781099
1771	1023	0	0	0	0	0	0	1656074782119
1770	1023	0	0	0	0	0	0	1656074783139
1770	1023	0	0	0	0	0	0	1656074784159
1770	1023	0	0	0	0	0	0	1656074785179
1770	1022	0	0	0	0	0	0	1656074786199
1770	1022	0	0	0	0	0	0	1656074787219
1770	1021	0	0	0	0	0	0	1656074788239
1770	1020	0	0	0	0	0	0	1656074789259
1770	1021	0	0	0	0	0	0	1656074790279
1769	1022	0	0	0	0	0	0	1656074791299
1770	1021	0	0	0	0	0	0	1656074792319
1770	1020	0	0	0	0	0	0	1656074793339
1770	1021	0	0	0	0	0	0	1656074794359
1770	1021	0	0	0	0	0	0	1656074795379
1770	1020	0	0	0	0	0	0	1656074796399
1770	1020	0	0	0	0	0	0	1656074797419
1769	1019	0	0	0	0	0	0	1656074798439
1768	1019	0	0	0	0	0	0	1656074799459
1768	1019	0	0	0	0	0	0	1656074800479
1768	1017	0	0	0	0	0	0	1656074801499
1768	1015	0	0	0	0	0	0	1656074802519
1768	1014	0	0	0	0	0	0	1656074803539
1768	1014	0	0	0	0	0	0	1656074804559
1768	1012	0	0	0	0	0	0	1656074805579
1767	1010	0	0	0	0	0	0	1656074806599
1767	1007	0	0	0	0	0	0	1656074807619
1767	1006	0	0	0	0	0	0	1656074808639
1766	1006	0	0	0	0	0	0	1656074809659
1767	1000	0	0	0	0	0	0	1656074810679
1762	1072	0	0	0	0	0	0	1656074811699
1761	1099	0	0	0	0	0	0	1656074812719
1759	1113	0	0	0	0	0	0	1656074813739
1758	1113	0	0	0	0	0	0	1656074814759
1756	1111	0	0	0	0	0	0	1656074815779
1755	1110	0	0	0	0	0	0	1656074816799
1753	1109	0	0	0	0	0	0	1656074817819
1752	1108	0	0	0	0	0	0	1656074818839
1752	1108	0	0	0	0	0	0	1656074819859
1752	1107	0	0	0	0	0	0	1656074820879
1751	1107	0	0	0	0	0	0	1656074821899
1750	1107	0	0	0	0	0	0	1656074822919
1749	1107	0	0	0	0	0	0	1656074823939
1747	1107	0	0	0	0	0	0	1656074824959
1747	1107	0	0	0	0	0	0	1656074825979
1746	1106	0	0	0	0	0	0	1656074826999
1745	1102	0	0	0	0	0	0	1656074828019
1745	1097	0	0	0	0	0	0	1656074829039
1745	1091	0	0	0	0	0	0	1656074830059
1746	1086	0	0	0	0	0	0	1656074831079
1746	1083	0	0	0	0	0	0	1656074832099
1745	1082	0	0	0	0	0	0	1656074833119
1744	1081	0	0	0	0	0	0	1656074834139
1744	1080	0	0	0	0	0	0	1656074835159
1744	1080	0	0	0	0	0	0	1656074836179
1744	1080	0	0	0	0	0	0	1656074837199
1744	1080	0	0	0	0	0	0	1656074838219
1744	1080	0	0	0	0	0	0	1656074839239
1744	1068	0	0	0	0	0	0	1656074840259
1744	1060	0	0	0	0	0	0	1656074841279
1744	1053	0	0	0	0	0	0	1656074842299
1744	1050	0	0	0	0	0	0	1656074843319
1744	1051	0	0	0	0	0	0	1656074844339
1743	1051	0	0	0	0	0	0	1656074845359
1743	1051	0	0	0	0	0	0	1656074846379
1743	1051	0	0	0	0	0	0	1656074847399
1743	1051	0	0	0	0	0	0	1656074848419
1743	1051	0	0	0	0	0	0	1656074849439
1743	1051	0	0	0	0	0	0	1656074850459
1743	1051	0	0	0	0	0	0	1656074851479
1743	1051	0	0	0	0	0	0	1656074852499
1743	1051	0	0	0	0	0	0	1656074853519
1743	1051	0	0	0	0	0	0	1656074854539
1743	1051	0	0	0	0	0	0	1656074855559
1743	1051	0	0	0	0	0	0	1656074856579
1743	1051	0	0	0	0	0	0	1656074857599
