2500	1913	0	0	0	0	0	0	1661981792110
2484	1902	0	0	0	0	0	0	1661981793130
2462	1895	0	0	0	0	0	0	1661981794150
2439	1891	0	0	0	0	0	0	1661981795170
2416	1887	0	0	0	0	0	0	1661981796190
2395	1881	0	0	0	0	0	0	1661981797210
2373	1871	0	0	0	0	0	0	1661981798230
2354	1865	0	0	0	0	0	0	1661981799250
2335	1861	0	0	0	0	0	0	1661981800270
2318	1850	0	0	0	0	0	0	1661981801290
2302	1844	0	0	0	0	0	0	1661981802310
2287	1850	0	0	0	0	0	0	1661981803330
2272	1861	0	0	0	0	0	0	1661981804350
2262	1866	0	0	0	0	0	0	1661981805370
2247	1863	0	0	0	0	0	0	1661981806390
2237	1861	0	0	0	0	0	0	1661981807410
2224	1859	0	0	0	0	0	0	1661981808430
2212	1858	0	0	0	0	0	0	1661981809450
2205	1858	0	0	0	0	0	0	1661981810470
2191	1857	0	0	0	0	0	0	1661981811490
2181	1857	0	0	0	0	0	0	1661981812510
2174	1857	0	0	0	0	0	0	1661981813530
2161	1857	0	0	0	0	0	0	1661981814550
2152	1857	0	0	0	0	0	0	1661981815570
2147	1857	0	0	0	0	0	0	1661981816590
2135	1857	0	0	0	0	0	0	1661981817610
2125	1857	0	0	0	0	0	0	1661981818630
2119	1857	0	0	0	0	0	0	1661981819650
2111	1857	0	0	0	0	0	0	1661981820670
2100	1856	0	0	0	0	0	0	1661981821690
2093	1856	0	0	0	0	0	0	1661981822710
2089	1856	0	0	0	0	0	0	1661981823730
2081	1855	0	0	0	0	0	0	1661981824750
2070	1855	0	0	0	0	0	0	1661981825770
2063	1855	0	0	0	0	0	0	1661981826790
2059	1855	0	0	0	0	0	0	1661981827810
2057	1856	0	0	0	0	0	0	1661981828830
2047	1856	0	0	0	0	0	0	1661981829850
2039	1856	0	0	0	0	0	0	1661981830870
2034	1856	0	0	0	0	0	0	1661981831890
2031	1856	0	0	0	0	0	0	1661981832910
2029	1856	0	0	0	0	0	0	1661981833930
2023	1855	0	0	0	0	0	0	1661981834950
2014	1855	0	0	0	0	0	0	1661981835970
2008	1855	0	0	0	0	0	0	1661981836990
2004	1855	0	0	0	0	0	0	1661981838010
2001	1855	0	0	0	0	0	0	1661981839030
2000	1855	0	0	0	0	0	0	1661981840050
1995	1855	0	0	0	0	0	0	1661981841070
1985	1855	0	0	0	0	0	0	1661981842090
1979	1854	0	0	0	0	0	0	1661981843110
1975	1853	0	0	0	0	0	0	1661981844130
1973	1852	0	0	0	0	0	0	1661981845150
1972	1848	0	0	0	0	0	0	1661981846170
1971	1844	0	0	0	0	0	0	1661981847190
1965	1839	0	0	0	0	0	0	1661981848210
1957	1835	0	0	0	0	0	0	1661981849230
1951	1832	0	0	0	0	0	0	1661981850250
1948	1830	0	0	0	0	0	0	1661981851270
1946	1829	0	0	0	0	0	0	1661981852290
1945	1829	0	0	0	0	0	0	1661981853310
1944	1828	0	0	0	0	0	0	1661981854330
1943	1828	0	0	0	0	0	0	1661981855350
1935	1828	0	0	0	0	0	0	1661981856370
1927	1828	0	0	0	0	0	0	1661981857390
1922	1828	0	0	0	0	0	0	1661981858410
1918	1828	0	0	0	0	0	0	1661981859430
1917	1828	0	0	0	0	0	0	1661981860450
1915	1828	0	0	0	0	0	0	1661981861470
1915	1828	0	0	0	0	0	0	1661981862490
1914	1828	0	0	0	0	0	0	1661981863510
1912	1828	0	0	0	0	0	0	1661981864530
1903	1828	0	0	0	0	0	0	1661981865550
1896	1828	0	0	0	0	0	0	1661981866570
1892	1828	0	0	0	0	0	0	1661981867590
1890	1828	0	0	0	0	0	0	1661981868610
1888	1828	0	0	0	0	0	0	1661981869630
1887	1828	0	0	0	0	0	0	1661981870650
1887	1828	0	0	0	0	0	0	1661981871670
1886	1828	0	0	0	0	0	0	1661981872690
1886	1828	0	0	0	0	0	0	1661981873710
1884	1828	0	0	0	0	0	0	1661981874730
1877	1827	0	0	0	0	0	0	1661981875750
1870	1827	0	0	0	0	0	0	1661981876770
1865	1827	0	0	0	0	0	0	1661981877790
1863	1824	0	0	0	0	0	0	1661981878810
1861	1820	0	0	0	0	0	0	1661981879830
1860	1816	0	0	0	0	0	0	1661981880850
1859	1811	0	0	0	0	0	0	1661981881870
1859	1807	0	0	0	0	0	0	1661981882890
1858	1805	0	0	0	0	0	0	1661981883910
1858	1803	0	0	0	0	0	0	1661981884930
1849	1802	0	0	0	0	0	0	1661981885950
1842	1801	0	0	0	0	0	0	1661981886970
1837	1801	0	0	0	0	0	0	1661981887990
1834	1801	0	0	0	0	0	0	1661981889010
1832	1801	0	0	0	0	0	0	1661981890030
1831	1800	0	0	0	0	0	0	1661981891050
1831	1800	0	0	0	0	0	0	1661981892070
1831	1800	0	0	0	0	0	0	1661981893090
1831	1800	0	0	0	0	0	0	1661981894110
1831	1800	0	0	0	0	0	0	1661981895130
1831	1800	0	0	0	0	0	0	1661981896150
1829	1800	0	0	0	0	0	0	1661981897170
1823	1800	0	0	0	0	0	0	1661981898190
1815	1800	0	0	0	0	0	0	1661981899210
1810	1798	0	0	0	0	0	0	1661981900230
1807	1794	0	0	0	0	0	0	1661981901250
1805	1793	0	0	0	0	0	0	1661981902270
1803	1796	0	0	0	0	0	0	1661981903290
1803	1798	0	0	0	0	0	0	1661981904310
1803	1793	0	0	0	0	0	0	1661981905330
1803	1789	0	0	0	0	0	0	1661981906350
1803	1793	0	0	0	0	0	0	1661981907370
1803	1796	0	0	0	0	0	0	1661981908390
1803	1798	0	0	0	0	0	0	1661981909410
1802	1799	0	0	0	0	0	0	1661981910430
1802	1799	0	0	0	0	0	0	1661981911450
1802	1799	0	0	0	0	0	0	1661981912470
1802	1799	0	0	0	0	0	0	1661981913490
1801	1799	0	0	0	0	0	0	1661981914510
1796	1799	0	0	0	0	0	0	1661981915530
1789	1800	0	0	0	0	0	0	1661981916550
1784	1800	0	0	0	0	0	0	1661981917570
1780	1800	0	0	0	0	0	0	1661981918590
1777	1800	0	0	0	0	0	0	1661981919610
1776	1800	0	0	0	0	0	0	1661981920630
1775	1800	0	0	0	0	0	0	1661981921650
1775	1800	0	0	0	0	0	0	1661981922670
1775	1800	0	0	0	0	0	0	1661981923690
1775	1800	0	0	0	0	0	0	1661981924710
1775	1800	0	0	0	0	0	0	1661981925730
1775	1800	0	0	0	0	0	0	1661981926750
1775	1800	0	0	0	0	0	0	1661981927770
1775	1800	0	0	0	0	0	0	1661981928790
1775	1800	0	0	0	0	0	0	1661981929810
1773	1800	0	0	0	0	0	0	1661981930830
1770	1800	0	0	0	0	0	0	1661981931850
1763	1800	0	0	0	0	0	0	1661981932870
1757	1800	0	0	0	0	0	0	1661981933890
1753	1800	0	0	0	0	0	0	1661981934910
1750	1800	0	0	0	0	0	0	1661981935930
1749	1800	0	0	0	0	0	0	1661981936950
1748	1799	0	0	0	0	0	0	1661981937970
1748	1798	0	0	0	0	0	0	1661981938990
1747	1797	0	0	0	0	0	0	1661981940010
1747	1797	0	0	0	0	0	0	1661981941030
1747	1795	0	0	0	0	0	0	1661981942050
1747	1794	0	0	0	0	0	0	1661981943070
1747	1792	0	0	0	0	0	0	1661981944090
1747	1788	0	0	0	0	0	0	1661981945110
1747	1785	0	0	0	0	0	0	1661981946130
1747	1780	0	0	0	0	0	0	1661981947150
1746	1777	0	0	0	0	0	0	1661981948170
1746	1775	0	0	0	0	0	0	1661981949190
1745	1774	0	0	0	0	0	0	1661981950210
1743	1773	0	0	0	0	0	0	1661981951230
1736	1772	0	0	0	0	0	0	1661981952250
1729	1772	0	0	0	0	0	0	1661981953270
1725	1772	0	0	0	0	0	0	1661981954290
1722	1772	0	0	0	0	0	0	1661981955310
1721	1772	0	0	0	0	0	0	1661981956330
1720	1772	0	0	0	0	0	0	1661981957350
1720	1772	0	0	0	0	0	0	1661981958370
1719	1772	0	0	0	0	0	0	1661981959390
1719	1772	0	0	0	0	0	0	1661981960410
1719	1772	0	0	0	0	0	0	1661981961430
1719	1772	0	0	0	0	0	0	1661981962450
1719	1772	0	0	0	0	0	0	1661981963470
1719	1772	0	0	0	0	0	0	1661981964490
1719	1772	0	0	0	0	0	0	1661981965510
1719	1772	0	0	0	0	0	0	1661981966530
1719	1772	0	0	0	0	0	0	1661981967550
1719	1772	0	0	0	0	0	0	1661981968570
1719	1772	0	0	0	0	0	0	1661981969590
1719	1772	0	0	0	0	0	0	1661981970610
1719	1772	0	0	0	0	0	0	1661981971630
1718	1772	0	0	0	0	0	0	1661981972650
1717	1772	0	0	0	0	0	0	1661981973670
1717	1767	0	0	0	0	0	0	1661981974690
1715	1758	0	0	0	0	0	0	1661981975710
1709	1753	0	0	0	0	0	0	1661981976730
1703	1750	0	0	0	0	0	0	1661981977750
1699	1748	0	0	0	0	0	0	1661981978770
1696	1747	0	0	0	0	0	0	1661981979790
1694	1746	0	0	0	0	0	0	1661981980810
1693	1745	0	0	0	0	0	0	1661981981830
1692	1745	0	0	0	0	0	0	1661981982850
1692	1745	0	0	0	0	0	0	1661981983870
1691	1745	0	0	0	0	0	0	1661981984890
1691	1745	0	0	0	0	0	0	1661981985910
1691	1745	0	0	0	0	0	0	1661981986930
1691	1745	0	0	0	0	0	0	1661981987950
1691	1745	0	0	0	0	0	0	1661981988970
1691	1745	0	0	0	0	0	0	1661981989990
1691	1745	0	0	0	0	0	0	1661981991010
1691	1745	0	0	0	0	0	0	1661981992030
1691	1745	0	0	0	0	0	0	1661981993050
1691	1745	0	0	0	0	0	0	1661981994070
1691	1745	0	0	0	0	0	0	1661981995090
1691	1745	0	0	0	0	0	0	1661981996110
1691	1745	0	0	0	0	0	0	1661981997130
1691	1745	0	0	0	0	0	0	1661981998150
1691	1745	0	0	0	0	0	0	1661981999170
1691	1745	0	0	0	0	0	0	1661982000190
1691	1745	0	0	0	0	0	0	1661982001210
1690	1745	0	0	0	0	0	0	1661982002230
1690	1744	0	0	0	0	0	0	1661982003250
1688	1744	0	0	0	0	0	0	1661982004270
1683	1744	0	0	0	0	0	0	1661982005290
1678	1744	0	0	0	0	0	0	1661982006310
1673	1744	0	0	0	0	0	0	1661982007330
1669	1744	0	0	0	0	0	0	1661982008350
1666	1744	0	0	0	0	0	0	1661982009370
1665	1744	0	0	0	0	0	0	1661982010390
1664	1744	0	0	0	0	0	0	1661982011410
1664	1744	0	0	0	0	0	0	1661982012430
1664	1744	0	0	0	0	0	0	1661982013450
1664	1744	0	0	0	0	0	0	1661982014470
1664	1744	0	0	0	0	0	0	1661982015490
1664	1744	0	0	0	0	0	0	1661982016510
1664	1744	0	0	0	0	0	0	1661982017530
1664	1744	0	0	0	0	0	0	1661982018550
1663	1744	0	0	0	0	0	0	1661982019570
1663	1744	0	0	0	0	0	0	1661982020590
1663	1744	0	0	0	0	0	0	1661982021610
1663	1744	0	0	0	0	0	0	1661982022630
1663	1744	0	0	0	0	0	0	1661982023650
1663	1744	0	0	0	0	0	0	1661982024670
1663	1744	0	0	0	0	0	0	1661982025690
1663	1744	0	0	0	0	0	0	1661982026710
1663	1744	0	0	0	0	0	0	1661982027730
1663	1744	0	0	0	0	0	0	1661982028750
1663	1744	0	0	0	0	0	0	1661982029770
1663	1744	0	0	0	0	0	0	1661982030790
1660	1744	0	0	0	0	0	0	1661982031810
1656	1744	0	0	0	0	0	0	1661982032830
1652	1744	0	0	0	0	0	0	1661982033850
1647	1744	0	0	0	0	0	0	1661982034870
1643	1744	0	0	0	0	0	0	1661982035890
1640	1744	0	0	0	0	0	0	1661982036910
1638	1744	0	0	0	0	0	0	1661982037930
1637	1744	0	0	0	0	0	0	1661982038950
1636	1744	0	0	0	0	0	0	1661982039970
1636	1744	0	0	0	0	0	0	1661982040990
1635	1744	0	0	0	0	0	0	1661982042010
1635	1744	0	0	0	0	0	0	1661982043030
1635	1744	0	0	0	0	0	0	1661982044050
1635	1744	0	0	0	0	0	0	1661982045070
1635	1744	0	0	0	0	0	0	1661982046090
1635	1744	0	0	0	0	0	0	1661982047110
1635	1744	0	0	0	0	0	0	1661982048130
1635	1744	0	0	0	0	0	0	1661982049150
1635	1744	0	0	0	0	0	0	1661982050170
1635	1743	0	0	0	0	0	0	1661982051190
1635	1743	0	0	0	0	0	0	1661982052210
1635	1742	0	0	0	0	0	0	1661982053230
1635	1740	0	0	0	0	0	0	1661982054250
1635	1740	0	0	0	0	0	0	1661982055270
1635	1737	0	0	0	0	0	0	1661982056290
1635	1734	0	0	0	0	0	0	1661982057310
1635	1729	0	0	0	0	0	0	1661982058330
1635	1726	0	0	0	0	0	0	1661982059350
1635	1724	0	0	0	0	0	0	1661982060370
1635	1723	0	0	0	0	0	0	1661982061390
1635	1721	0	0	0	0	0	0	1661982062410
1635	1719	0	0	0	0	0	0	1661982063430
1635	1718	0	0	0	0	0	0	1661982064450
1635	1717	0	0	0	0	0	0	1661982065470
1635	1717	0	0	0	0	0	0	1661982066490
1634	1717	0	0	0	0	0	0	1661982067510
1633	1716	0	0	0	0	0	0	1661982068530
1631	1716	0	0	0	0	0	0	1661982069550
1628	1716	0	0	0	0	0	0	1661982070570
1624	1716	0	0	0	0	0	0	1661982071590
1621	1716	0	0	0	0	0	0	1661982072610
1617	1716	0	0	0	0	0	0	1661982073630
1614	1716	0	0	0	0	0	0	1661982074650
1612	1716	0	0	0	0	0	0	1661982075670
1610	1716	0	0	0	0	0	0	1661982076690
1609	1716	0	0	0	0	0	0	1661982077710
1608	1716	0	0	0	0	0	0	1661982078730
1608	1716	0	0	0	0	0	0	1661982079750
1608	1716	0	0	0	0	0	0	1661982080770
1607	1716	0	0	0	0	0	0	1661982081790
1607	1716	0	0	0	0	0	0	1661982082810
1607	1716	0	0	0	0	0	0	1661982083830
1607	1716	0	0	0	0	0	0	1661982084850
1607	1716	0	0	0	0	0	0	1661982085870
1607	1716	0	0	0	0	0	0	1661982086890
1607	1716	0	0	0	0	0	0	1661982087910
1607	1716	0	0	0	0	0	0	1661982088930
1607	1716	0	0	0	0	0	0	1661982089950
1607	1716	0	0	0	0	0	0	1661982090970
1607	1716	0	0	0	0	0	0	1661982091990
1607	1716	0	0	0	0	0	0	1661982093010
1607	1716	0	0	0	0	0	0	1661982094030
1607	1716	0	0	0	0	0	0	1661982095050
1607	1716	0	0	0	0	0	0	1661982096070
1607	1716	0	0	0	0	0	0	1661982097090
1607	1716	0	0	0	0	0	0	1661982098110
1607	1716	0	0	0	0	0	0	1661982099130
1607	1716	0	0	0	0	0	0	1661982100150
1607	1716	0	0	0	0	0	0	1661982101170
1607	1716	0	0	0	0	0	0	1661982102190
1607	1716	0	0	0	0	0	0	1661982103210
1607	1716	0	0	0	0	0	0	1661982104230
1607	1716	0	0	0	0	0	0	1661982105250
1607	1716	0	0	0	0	0	0	1661982106270
1607	1716	0	0	0	0	0	0	1661982107290
1607	1715	0	0	0	0	0	0	1661982108310
1606	1715	0	0	0	0	0	0	1661982109330
1605	1714	0	0	0	0	0	0	1661982110350
1604	1714	0	0	0	0	0	0	1661982111370
1601	1712	0	0	0	0	0	0	1661982112390
1597	1708	0	0	0	0	0	0	1661982113410
1593	1705	0	0	0	0	0	0	1661982114430
1590	1704	0	0	0	0	0	0	1661982115450
1587	1700	0	0	0	0	0	0	1661982116470
1584	1699	0	0	0	0	0	0	1661982117490
1583	1697	0	0	0	0	0	0	1661982118510
1582	1696	0	0	0	0	0	0	1661982119530
1581	1694	0	0	0	0	0	0	1661982120550
1580	1693	0	0	0	0	0	0	1661982121570
1580	1691	0	0	0	0	0	0	1661982122590
1580	1690	0	0	0	0	0	0	1661982123610
1580	1689	0	0	0	0	0	0	1661982124630
1580	1689	0	0	0	0	0	0	1661982125650
1580	1689	0	0	0	0	0	0	1661982126670
1580	1689	0	0	0	0	0	0	1661982127690
1580	1689	0	0	0	0	0	0	1661982128710
1580	1689	0	0	0	0	0	0	1661982129730
1579	1689	0	0	0	0	0	0	1661982130750
1579	1689	0	0	0	0	0	0	1661982131770
1579	1689	0	0	0	0	0	0	1661982132790
1579	1689	0	0	0	0	0	0	1661982133810
1579	1689	0	0	0	0	0	0	1661982134830
1579	1689	0	0	0	0	0	0	1661982135850
1579	1688	0	0	0	0	0	0	1661982136870
1579	1688	0	0	0	0	0	0	1661982137890
1579	1688	0	0	0	0	0	0	1661982138910
1579	1688	0	0	0	0	0	0	1661982139930
1579	1688	0	0	0	0	0	0	1661982140950
1579	1688	0	0	0	0	0	0	1661982141970
1579	1688	0	0	0	0	0	0	1661982142990
1579	1688	0	0	0	0	0	0	1661982144010
1579	1688	0	0	0	0	0	0	1661982145030
1579	1688	0	0	0	0	0	0	1661982146050
1579	1688	0	0	0	0	0	0	1661982147070
1579	1688	0	0	0	0	0	0	1661982148090
1579	1688	0	0	0	0	0	0	1661982149110
1579	1688	0	0	0	0	0	0	1661982150130
1579	1688	0	0	0	0	0	0	1661982151150
1579	1688	0	0	0	0	0	0	1661982152170
1579	1688	0	0	0	0	0	0	1661982153190
1580	1688	0	0	0	0	0	0	1661982154210
1580	1688	0	0	0	0	0	0	1661982155230
1580	1688	0	0	0	0	0	0	1661982156250
1580	1688	0	0	0	0	0	0	1661982157270
1579	1688	0	0	0	0	0	0	1661982158290
1577	1688	0	0	0	0	0	0	1661982159310
1575	1688	0	0	0	0	0	0	1661982160330
1575	1688	0	0	0	0	0	0	1661982161350
1572	1688	0	0	0	0	0	0	1661982162370
1567	1688	0	0	0	0	0	0	1661982163390
1562	1688	0	0	0	0	0	0	1661982164410
1559	1688	0	0	0	0	0	0	1661982165430
1556	1688	0	0	0	0	0	0	1661982166450
1555	1688	0	0	0	0	0	0	1661982167470
1554	1688	0	0	0	0	0	0	1661982168490
1553	1688	0	0	0	0	0	0	1661982169510
1552	1688	0	0	0	0	0	0	1661982170530
1552	1688	0	0	0	0	0	0	1661982171550
1552	1688	0	0	0	0	0	0	1661982172570
1552	1688	0	0	0	0	0	0	1661982173590
1552	1688	0	0	0	0	0	0	1661982174610
1552	1687	0	0	0	0	0	0	1661982175630
1552	1688	0	0	0	0	0	0	1661982176650
1552	1688	0	0	0	0	0	0	1661982177670
1552	1687	0	0	0	0	0	0	1661982178690
1552	1687	0	0	0	0	0	0	1661982179710
1552	1687	0	0	0	0	0	0	1661982180730
1552	1686	0	0	0	0	0	0	1661982181750
1552	1686	0	0	0	0	0	0	1661982182770
1552	1685	0	0	0	0	0	0	1661982183790
1551	1683	0	0	0	0	0	0	1661982184810
1551	1682	0	0	0	0	0	0	1661982185830
1551	1681	0	0	0	0	0	0	1661982186850
1551	1678	0	0	0	0	0	0	1661982187870
1551	1676	0	0	0	0	0	0	1661982188890
1551	1674	0	0	0	0	0	0	1661982189910
1551	1671	0	0	0	0	0	0	1661982190930
1551	1670	0	0	0	0	0	0	1661982191950
1551	1670	0	0	0	0	0	0	1661982192970
1551	1668	0	0	0	0	0	0	1661982193990
1551	1665	0	0	0	0	0	0	1661982195010
1551	1664	0	0	0	0	0	0	1661982196030
1551	1663	0	0	0	0	0	0	1661982197050
1551	1662	0	0	0	0	0	0	1661982198070
1551	1661	0	0	0	0	0	0	1661982199090
1551	1661	0	0	0	0	0	0	1661982200110
1551	1661	0	0	0	0	0	0	1661982201130
1551	1661	0	0	0	0	0	0	1661982202150
1551	1661	0	0	0	0	0	0	1661982203170
1551	1661	0	0	0	0	0	0	1661982204190
1551	1661	0	0	0	0	0	0	1661982205210
1551	1661	0	0	0	0	0	0	1661982206230
1551	1661	0	0	0	0	0	0	1661982207250
1551	1661	0	0	0	0	0	0	1661982208270
1551	1661	0	0	0	0	0	0	1661982209290
1551	1661	0	0	0	0	0	0	1661982210310
1551	1661	0	0	0	0	0	0	1661982211330
1551	1661	0	0	0	0	0	0	1661982212350
1550	1661	0	0	0	0	0	0	1661982213370
1549	1661	0	0	0	0	0	0	1661982214390
1548	1661	0	0	0	0	0	0	1661982215410
1548	1661	0	0	0	0	0	0	1661982216430
1548	1661	0	0	0	0	0	0	1661982217450
1548	1661	0	0	0	0	0	0	1661982218470
1547	1661	0	0	0	0	0	0	1661982219490
1546	1661	0	0	0	0	0	0	1661982220510
1544	1661	0	0	0	0	0	0	1661982221530
1545	1661	0	0	0	0	0	0	1661982222550
1543	1661	0	0	0	0	0	0	1661982223570
1539	1661	0	0	0	0	0	0	1661982224590
1536	1661	0	0	0	0	0	0	1661982225610
1535	1661	0	0	0	0	0	0	1661982226630
1533	1661	0	0	0	0	0	0	1661982227650
1532	1661	0	0	0	0	0	0	1661982228670
1529	1661	0	0	0	0	0	0	1661982229690
1527	1661	0	0	0	0	0	0	1661982230710
1526	1661	0	0	0	0	0	0	1661982231730
1525	1661	0	0	0	0	0	0	1661982232750
1525	1661	0	0	0	0	0	0	1661982233770
1524	1661	0	0	0	0	0	0	1661982234790
1524	1660	0	0	0	0	0	0	1661982235810
1524	1660	0	0	0	0	0	0	1661982236830
1524	1660	0	0	0	0	0	0	1661982237850
1524	1660	0	0	0	0	0	0	1661982238870
1524	1660	0	0	0	0	0	0	1661982239890
1524	1660	0	0	0	0	0	0	1661982240910
1524	1660	0	0	0	0	0	0	1661982241930
1524	1660	0	0	0	0	0	0	1661982242950
1524	1660	0	0	0	0	0	0	1661982243970
1524	1660	0	0	0	0	0	0	1661982244990
1524	1660	0	0	0	0	0	0	1661982246010
1524	1660	0	0	0	0	0	0	1661982247030
1524	1660	0	0	0	0	0	0	1661982248050
1524	1660	0	0	0	0	0	0	1661982249070
1524	1660	0	0	0	0	0	0	1661982250090
1524	1660	0	0	0	0	0	0	1661982251110
1524	1660	0	0	0	0	0	0	1661982252130
1524	1660	0	0	0	0	0	0	1661982253150
1524	1660	0	0	0	0	0	0	1661982254170
1524	1660	0	0	0	0	0	0	1661982255190
1524	1660	0	0	0	0	0	0	1661982256210
1524	1660	0	0	0	0	0	0	1661982257230
1524	1660	0	0	0	0	0	0	1661982258250
1524	1660	0	0	0	0	0	0	1661982259270
1524	1660	0	0	0	0	0	0	1661982260290
1524	1660	0	0	0	0	0	0	1661982261310
1524	1660	0	0	0	0	0	0	1661982262330
1524	1660	0	0	0	0	0	0	1661982263350
1524	1660	0	0	0	0	0	0	1661982264370
1524	1660	0	0	0	0	0	0	1661982265390
1524	1660	0	0	0	0	0	0	1661982266410
1524	1659	0	0	0	0	0	0	1661982267430
1524	1659	0	0	0	0	0	0	1661982268450
1524	1659	0	0	0	0	0	0	1661982269470
1524	1659	0	0	0	0	0	0	1661982270490
1524	1657	0	0	0	0	0	0	1661982271510
1524	1657	0	0	0	0	0	0	1661982272530
1524	1656	0	0	0	0	0	0	1661982273550
1524	1655	0	0	0	0	0	0	1661982274570
1524	1653	0	0	0	0	0	0	1661982275590
1524	1651	0	0	0	0	0	0	1661982276610
1524	1653	0	0	0	0	0	0	1661982277630
1524	1651	0	0	0	0	0	0	1661982278650
1524	1650	0	0	0	0	0	0	1661982279670
1523	1646	0	0	0	0	0	0	1661982280690
1523	1645	0	0	0	0	0	0	1661982281710
1523	1643	0	0	0	0	0	0	1661982282730
1523	1640	0	0	0	0	0	0	1661982283750
1523	1637	0	0	0	0	0	0	1661982284770
1523	1636	0	0	0	0	0	0	1661982285790
1523	1635	0	0	0	0	0	0	1661982286810
1522	1634	0	0	0	0	0	0	1661982287830
1521	1634	0	0	0	0	0	0	1661982288850
1521	1633	0	0	0	0	0	0	1661982289870
1520	1633	0	0	0	0	0	0	1661982290890
1519	1633	0	0	0	0	0	0	1661982291910
1519	1633	0	0	0	0	0	0	1661982292930
1518	1633	0	0	0	0	0	0	1661982293950
1517	1633	0	0	0	0	0	0	1661982294970
1515	1633	0	0	0	0	0	0	1661982295990
1513	1633	0	0	0	0	0	0	1661982297010
1512	1633	0	0	0	0	0	0	1661982298030
1510	1633	0	0	0	0	0	0	1661982299050
1508	1633	0	0	0	0	0	0	1661982300070
1504	1633	0	0	0	0	0	0	1661982301090
1501	1633	0	0	0	0	0	0	1661982302110
1501	1633	0	0	0	0	0	0	1661982303130
1500	1633	0	0	0	0	0	0	1661982304150
1498	1633	0	0	0	0	0	0	1661982305170
1497	1633	0	0	0	0	0	0	1661982306190
1497	1633	0	0	0	0	0	0	1661982307210
1497	1633	0	0	0	0	0	0	1661982308230
1496	1633	0	0	0	0	0	0	1661982309250
1496	1633	0	0	0	0	0	0	1661982310270
1496	1633	0	0	0	0	0	0	1661982311290
1496	1633	0	0	0	0	0	0	1661982312310
1496	1632	0	0	0	0	0	0	1661982313330
1496	1632	0	0	0	0	0	0	1661982314350
1496	1632	0	0	0	0	0	0	1661982315370
1496	1632	0	0	0	0	0	0	1661982316390
1496	1632	0	0	0	0	0	0	1661982317410
1496	1632	0	0	0	0	0	0	1661982318430
1496	1632	0	0	0	0	0	0	1661982319450
1496	1632	0	0	0	0	0	0	1661982320470
1496	1632	0	0	0	0	0	0	1661982321490
1496	1632	0	0	0	0	0	0	1661982322510
1496	1632	0	0	0	0	0	0	1661982323530
1496	1632	0	0	0	0	0	0	1661982324550
1496	1632	0	0	0	0	0	0	1661982325570
1496	1632	0	0	0	0	0	0	1661982326590
1496	1632	0	0	0	0	0	0	1661982327610
1496	1632	0	0	0	0	0	0	1661982328630
1496	1632	0	0	0	0	0	0	1661982329650
1496	1632	0	0	0	0	0	0	1661982330670
1496	1632	0	0	0	0	0	0	1661982331690
1496	1632	0	0	0	0	0	0	1661982332710
1495	1632	0	0	0	0	0	0	1661982333730
1495	1632	0	0	0	0	0	0	1661982334750
1495	1632	0	0	0	0	0	0	1661982335770
1496	1632	0	0	0	0	0	0	1661982336790
1496	1633	0	0	0	0	0	0	1661982337810
1496	1633	0	0	0	0	0	0	1661982338830
1496	1633	0	0	0	0	0	0	1661982339850
1496	1633	0	0	0	0	0	0	1661982340870
1496	1633	0	0	0	0	0	0	1661982341890
1496	1633	0	0	0	0	0	0	1661982342910
1496	1633	0	0	0	0	0	0	1661982343930
1495	1633	0	0	0	0	0	0	1661982344950
1495	1633	0	0	0	0	0	0	1661982345970
1495	1633	0	0	0	0	0	0	1661982346990
1495	1633	0	0	0	0	0	0	1661982348010
1495	1633	0	0	0	0	0	0	1661982349030
1495	1633	0	0	0	0	0	0	1661982350050
1495	1633	0	0	0	0	0	0	1661982351070
1495	1633	0	0	0	0	0	0	1661982352090
1495	1633	0	0	0	0	0	0	1661982353110
1495	1633	0	0	0	0	0	0	1661982354130
1495	1633	0	0	0	0	0	0	1661982355150
1495	1633	0	0	0	0	0	0	1661982356170
1495	1633	0	0	0	0	0	0	1661982357190
1495	1633	0	0	0	0	0	0	1661982358210
1495	1632	0	0	0	0	0	0	1661982359230
1495	1632	0	0	0	0	0	0	1661982360250
1495	1632	0	0	0	0	0	0	1661982361270
1495	1632	0	0	0	0	0	0	1661982362290
1495	1631	0	0	0	0	0	0	1661982363310
1495	1630	0	0	0	0	0	0	1661982364330
1495	1630	0	0	0	0	0	0	1661982365350
1495	1628	0	0	0	0	0	0	1661982366370
1495	1628	0	0	0	0	0	0	1661982367390
1495	1628	0	0	0	0	0	0	1661982368410
1495	1628	0	0	0	0	0	0	1661982369430
1495	1627	0	0	0	0	0	0	1661982370450
1495	1625	0	0	0	0	0	0	1661982371470
1495	1623	0	0	0	0	0	0	1661982372490
1495	1621	0	0	0	0	0	0	1661982373510
1494	1619	0	0	0	0	0	0	1661982374530
1493	1617	0	0	0	0	0	0	1661982375550
1491	1616	0	0	0	0	0	0	1661982376570
1490	1616	0	0	0	0	0	0	1661982377590
1488	1616	0	0	0	0	0	0	1661982378610
1488	1614	0	0	0	0	0	0	1661982379630
1485	1614	0	0	0	0	0	0	1661982380650
1485	1611	0	0	0	0	0	0	1661982381670
1483	1610	0	0	0	0	0	0	1661982382690
1480	1608	0	0	0	0	0	0	1661982383710
1477	1607	0	0	0	0	0	0	1661982384730
1476	1606	0	0	0	0	0	0	1661982385750
1474	1606	0	0	0	0	0	0	1661982386770
1474	1605	0	0	0	0	0	0	1661982387790
1473	1605	0	0	0	0	0	0	1661982388810
1471	1605	0	0	0	0	0	0	1661982389830
1470	1605	0	0	0	0	0	0	1661982390850
1471	1605	0	0	0	0	0	0	1661982391870
1470	1605	0	0	0	0	0	0	1661982392890
1469	1605	0	0	0	0	0	0	1661982393910
1468	1605	0	0	0	0	0	0	1661982394930
1468	1605	0	0	0	0	0	0	1661982395950
1468	1605	0	0	0	0	0	0	1661982396970
1468	1605	0	0	0	0	0	0	1661982397990
1468	1605	0	0	0	0	0	0	1661982399010
1468	1605	0	0	0	0	0	0	1661982400030
1468	1605	0	0	0	0	0	0	1661982401050
1468	1605	0	0	0	0	0	0	1661982402070
1468	1605	0	0	0	0	0	0	1661982403090
1468	1605	0	0	0	0	0	0	1661982404110
1468	1605	0	0	0	0	0	0	1661982405130
1468	1605	0	0	0	0	0	0	1661982406150
1468	1605	0	0	0	0	0	0	1661982407170
1468	1605	0	0	0	0	0	0	1661982408190
1468	1605	0	0	0	0	0	0	1661982409210
1468	1605	0	0	0	0	0	0	1661982410230
1468	1605	0	0	0	0	0	0	1661982411250
1468	1605	0	0	0	0	0	0	1661982412270
1468	1605	0	0	0	0	0	0	1661982413290
1468	1605	0	0	0	0	0	0	1661982414310
1468	1605	0	0	0	0	0	0	1661982415330
1468	1605	0	0	0	0	0	0	1661982416350
1468	1605	0	0	0	0	0	0	1661982417370
1468	1605	0	0	0	0	0	0	1661982418390
1468	1605	0	0	0	0	0	0	1661982419410
1468	1605	0	0	0	0	0	0	1661982420430
1468	1605	0	0	0	0	0	0	1661982421450
1467	1605	0	0	0	0	0	0	1661982422470
1467	1605	0	0	0	0	0	0	1661982423490
1468	1605	0	0	0	0	0	0	1661982424510
1468	1605	0	0	0	0	0	0	1661982425530
1468	1605	0	0	0	0	0	0	1661982426550
1468	1605	0	0	0	0	0	0	1661982427570
1468	1605	0	0	0	0	0	0	1661982428590
1468	1605	0	0	0	0	0	0	1661982429610
1468	1605	0	0	0	0	0	0	1661982430630
1468	1605	0	0	0	0	0	0	1661982431650
1468	1605	0	0	0	0	0	0	1661982432670
1468	1605	0	0	0	0	0	0	1661982433690
1468	1605	0	0	0	0	0	0	1661982434710
1468	1605	0	0	0	0	0	0	1661982435730
1468	1605	0	0	0	0	0	0	1661982436750
1468	1605	0	0	0	0	0	0	1661982437770
1468	1605	0	0	0	0	0	0	1661982438790
1468	1605	0	0	0	0	0	0	1661982439810
1468	1605	0	0	0	0	0	0	1661982440830
1468	1605	0	0	0	0	0	0	1661982441850
1468	1605	0	0	0	0	0	0	1661982442870
1468	1605	0	0	0	0	0	0	1661982443890
1467	1605	0	0	0	0	0	0	1661982444910
1467	1605	0	0	0	0	0	0	1661982445930
1467	1605	0	0	0	0	0	0	1661982446950
1467	1605	0	0	0	0	0	0	1661982447970
1467	1605	0	0	0	0	0	0	1661982448990
1467	1605	0	0	0	0	0	0	1661982450010
1467	1605	0	0	0	0	0	0	1661982451030
1467	1605	0	0	0	0	0	0	1661982452050
1467	1605	0	0	0	0	0	0	1661982453070
1467	1605	0	0	0	0	0	0	1661982454090
1467	1605	0	0	0	0	0	0	1661982455110
1467	1605	0	0	0	0	0	0	1661982456130
1467	1605	0	0	0	0	0	0	1661982457150
1467	1605	0	0	0	0	0	0	1661982458170
1467	1605	0	0	0	0	0	0	1661982459190
1467	1605	0	0	0	0	0	0	1661982460210
1467	1605	0	0	0	0	0	0	1661982461230
1467	1605	0	0	0	0	0	0	1661982462250
1467	1605	0	0	0	0	0	0	1661982463270
1467	1605	0	0	0	0	0	0	1661982464290
1467	1605	0	0	0	0	0	0	1661982465310
1467	1605	0	0	0	0	0	0	1661982466330
1467	1605	0	0	0	0	0	0	1661982467350
1467	1605	0	0	0	0	0	0	1661982468370
1467	1605	0	0	0	0	0	0	1661982469390
1466	1605	0	0	0	0	0	0	1661982470410
1465	1605	0	0	0	0	0	0	1661982471430
1464	1605	0	0	0	0	0	0	1661982472450
1462	1605	0	0	0	0	0	0	1661982473470
1460	1605	0	0	0	0	0	0	1661982474490
1461	1605	0	0	0	0	0	0	1661982475510
1462	1605	0	0	0	0	0	0	1661982476530
1460	1605	0	0	0	0	0	0	1661982477550
1458	1605	0	0	0	0	0	0	1661982478570
1456	1605	0	0	0	0	0	0	1661982479590
1455	1605	0	0	0	0	0	0	1661982480610
1455	1605	0	0	0	0	0	0	1661982481630
1454	1604	0	0	0	0	0	0	1661982482650
1454	1604	0	0	0	0	0	0	1661982483670
1453	1604	0	0	0	0	0	0	1661982484690
1450	1604	0	0	0	0	0	0	1661982485710
1447	1604	0	0	0	0	0	0	1661982486730
1445	1603	0	0	0	0	0	0	1661982487750
1444	1603	0	0	0	0	0	0	1661982488770
1442	1603	0	0	0	0	0	0	1661982489790
1442	1603	0	0	0	0	0	0	1661982490810
1441	1601	0	0	0	0	0	0	1661982491830
1440	1601	0	0	0	0	0	0	1661982492850
1440	1602	0	0	0	0	0	0	1661982493870
1440	1601	0	0	0	0	0	0	1661982494890
1440	1601	0	0	0	0	0	0	1661982495910
1440	1600	0	0	0	0	0	0	1661982496930
1440	1598	0	0	0	0	0	0	1661982497950
1440	1597	0	0	0	0	0	0	1661982498970
1440	1596	0	0	0	0	0	0	1661982499990
1440	1596	0	0	0	0	0	0	1661982501010
1440	1595	0	0	0	0	0	0	1661982502030
1440	1593	0	0	0	0	0	0	1661982503050
1440	1591	0	0	0	0	0	0	1661982504070
1440	1588	0	0	0	0	0	0	1661982505090
1440	1587	0	0	0	0	0	0	1661982506110
1440	1586	0	0	0	0	0	0	1661982507130
1440	1585	0	0	0	0	0	0	1661982508150
1440	1583	0	0	0	0	0	0	1661982509170
1440	1582	0	0	0	0	0	0	1661982510190
1440	1582	0	0	0	0	0	0	1661982511210
1440	1582	0	0	0	0	0	0	1661982512230
1440	1582	0	0	0	0	0	0	1661982513250
1440	1580	0	0	0	0	0	0	1661982514270
1440	1579	0	0	0	0	0	0	1661982515290
1440	1579	0	0	0	0	0	0	1661982516310
1440	1579	0	0	0	0	0	0	1661982517330
1440	1578	0	0	0	0	0	0	1661982518350
1440	1578	0	0	0	0	0	0	1661982519370
1440	1578	0	0	0	0	0	0	1661982520390
1440	1577	0	0	0	0	0	0	1661982521410
1440	1577	0	0	0	0	0	0	1661982522430
1440	1577	0	0	0	0	0	0	1661982523450
1440	1577	0	0	0	0	0	0	1661982524470
1439	1577	0	0	0	0	0	0	1661982525490
1439	1577	0	0	0	0	0	0	1661982526510
1439	1577	0	0	0	0	0	0	1661982527530
1439	1577	0	0	0	0	0	0	1661982528550
1439	1577	0	0	0	0	0	0	1661982529570
1439	1577	0	0	0	0	0	0	1661982530590
1439	1577	0	0	0	0	0	0	1661982531610
1439	1577	0	0	0	0	0	0	1661982532630
1439	1577	0	0	0	0	0	0	1661982533650
1439	1577	0	0	0	0	0	0	1661982534670
1439	1577	0	0	0	0	0	0	1661982535690
1439	1577	0	0	0	0	0	0	1661982536710
1439	1577	0	0	0	0	0	0	1661982537730
1439	1577	0	0	0	0	0	0	1661982538750
1439	1577	0	0	0	0	0	0	1661982539770
1439	1577	0	0	0	0	0	0	1661982540790
1439	1577	0	0	0	0	0	0	1661982541810
1439	1577	0	0	0	0	0	0	1661982542830
1439	1577	0	0	0	0	0	0	1661982543850
1439	1577	0	0	0	0	0	0	1661982544870
1439	1577	0	0	0	0	0	0	1661982545890
1439	1577	0	0	0	0	0	0	1661982546910
1439	1577	0	0	0	0	0	0	1661982547930
1439	1577	0	0	0	0	0	0	1661982548950
1439	1577	0	0	0	0	0	0	1661982549970
1439	1577	0	0	0	0	0	0	1661982550990
1439	1577	0	0	0	0	0	0	1661982552010
1439	1577	0	0	0	0	0	0	1661982553030
1439	1577	0	0	0	0	0	0	1661982554050
1439	1577	0	0	0	0	0	0	1661982555070
1439	1577	0	0	0	0	0	0	1661982556090
1439	1577	0	0	0	0	0	0	1661982557110
1439	1577	0	0	0	0	0	0	1661982558130
1439	1577	0	0	0	0	0	0	1661982559150
1438	1577	0	0	0	0	0	0	1661982560170
1439	1577	0	0	0	0	0	0	1661982561190
1438	1577	0	0	0	0	0	0	1661982562210
1438	1577	0	0	0	0	0	0	1661982563230
1438	1577	0	0	0	0	0	0	1661982564250
1437	1577	0	0	0	0	0	0	1661982565270
1436	1577	0	0	0	0	0	0	1661982566290
1435	1577	0	0	0	0	0	0	1661982567310
1431	1577	0	0	0	0	0	0	1661982568330
1429	1577	0	0	0	0	0	0	1661982569350
1429	1577	0	0	0	0	0	0	1661982570370
1428	1577	0	0	0	0	0	0	1661982571390
1427	1577	0	0	0	0	0	0	1661982572410
1424	1577	0	0	0	0	0	0	1661982573430
1422	1577	0	0	0	0	0	0	1661982574450
1421	1577	0	0	0	0	0	0	1661982575470
1420	1577	0	0	0	0	0	0	1661982576490
1418	1577	0	0	0	0	0	0	1661982577510
1417	1577	0	0	0	0	0	0	1661982578530
1416	1577	0	0	0	0	0	0	1661982579550
1415	1577	0	0	0	0	0	0	1661982580570
1414	1577	0	0	0	0	0	0	1661982581590
1414	1577	0	0	0	0	0	0	1661982582610
1413	1577	0	0	0	0	0	0	1661982583630
1413	1577	0	0	0	0	0	0	1661982584650
1413	1577	0	0	0	0	0	0	1661982585670
1413	1577	0	0	0	0	0	0	1661982586690
1413	1577	0	0	0	0	0	0	1661982587710
1413	1577	0	0	0	0	0	0	1661982588730
1413	1577	0	0	0	0	0	0	1661982589750
1413	1577	0	0	0	0	0	0	1661982590770
1412	1577	0	0	0	0	0	0	1661982591790
1412	1577	0	0	0	0	0	0	1661982592810
1412	1577	0	0	0	0	0	0	1661982593830
1412	1577	0	0	0	0	0	0	1661982594850
1412	1577	0	0	0	0	0	0	1661982595870
1412	1577	0	0	0	0	0	0	1661982596890
1412	1577	0	0	0	0	0	0	1661982597910
1412	1577	0	0	0	0	0	0	1661982598930
1412	1577	0	0	0	0	0	0	1661982599950
1412	1577	0	0	0	0	0	0	1661982600970
1412	1577	0	0	0	0	0	0	1661982601990
1411	1577	0	0	0	0	0	0	1661982603010
1411	1577	0	0	0	0	0	0	1661982604030
1411	1577	0	0	0	0	0	0	1661982605050
1411	1577	0	0	0	0	0	0	1661982606070
1411	1577	0	0	0	0	0	0	1661982607090
1411	1577	0	0	0	0	0	0	1661982608110
1411	1577	0	0	0	0	0	0	1661982609130
1411	1577	0	0	0	0	0	0	1661982610150
1411	1577	0	0	0	0	0	0	1661982611170
1411	1577	0	0	0	0	0	0	1661982612190
1412	1577	0	0	0	0	0	0	1661982613210
1412	1577	0	0	0	0	0	0	1661982614230
1412	1577	0	0	0	0	0	0	1661982615250
1412	1577	0	0	0	0	0	0	1661982616270
1412	1577	0	0	0	0	0	0	1661982617290
1412	1577	0	0	0	0	0	0	1661982618310
1412	1577	0	0	0	0	0	0	1661982619330
1412	1577	0	0	0	0	0	0	1661982620350
1412	1577	0	0	0	0	0	0	1661982621370
1412	1577	0	0	0	0	0	0	1661982622390
1412	1577	0	0	0	0	0	0	1661982623410
1412	1577	0	0	0	0	0	0	1661982624430
1412	1577	0	0	0	0	0	0	1661982625450
1412	1577	0	0	0	0	0	0	1661982626470
1412	1577	0	0	0	0	0	0	1661982627490
1412	1577	0	0	0	0	0	0	1661982628510
1412	1577	0	0	0	0	0	0	1661982629530
1412	1577	0	0	0	0	0	0	1661982630550
1412	1577	0	0	0	0	0	0	1661982631570
1412	1577	0	0	0	0	0	0	1661982632590
1412	1577	0	0	0	0	0	0	1661982633610
1412	1577	0	0	0	0	0	0	1661982634630
1412	1577	0	0	0	0	0	0	1661982635650
1412	1577	0	0	0	0	0	0	1661982636670
1412	1577	0	0	0	0	0	0	1661982637690
1412	1577	0	0	0	0	0	0	1661982638710
1412	1577	0	0	0	0	0	0	1661982639730
1412	1577	0	0	0	0	0	0	1661982640750
1412	1577	0	0	0	0	0	0	1661982641770
1412	1577	0	0	0	0	0	0	1661982642790
1412	1577	0	0	0	0	0	0	1661982643810
1412	1577	0	0	0	0	0	0	1661982644830
1412	1577	0	0	0	0	0	0	1661982645850
1412	1577	0	0	0	0	0	0	1661982646870
1412	1577	0	0	0	0	0	0	1661982647890
1412	1577	0	0	0	0	0	0	1661982648910
1412	1577	0	0	0	0	0	0	1661982649930
1412	1577	0	0	0	0	0	0	1661982650950
1412	1577	0	0	0	0	0	0	1661982651970
1412	1577	0	0	0	0	0	0	1661982652990
1412	1577	0	0	0	0	0	0	1661982654010
1412	1577	0	0	0	0	0	0	1661982655030
1412	1577	0	0	0	0	0	0	1661982656050
1412	1577	0	0	0	0	0	0	1661982657070
1412	1577	0	0	0	0	0	0	1661982658090
1412	1577	0	0	0	0	0	0	1661982659110
1412	1577	0	0	0	0	0	0	1661982660130
1412	1577	0	0	0	0	0	0	1661982661150
1412	1577	0	0	0	0	0	0	1661982662170
1412	1577	0	0	0	0	0	0	1661982663190
1412	1577	0	0	0	0	0	0	1661982664210
1412	1577	0	0	0	0	0	0	1661982665230
1412	1577	0	0	0	0	0	0	1661982666250
1412	1577	0	0	0	0	0	0	1661982667270
1412	1577	0	0	0	0	0	0	1661982668290
1412	1577	0	0	0	0	0	0	1661982669310
1412	1577	0	0	0	0	0	0	1661982670330
1411	1577	0	0	0	0	0	0	1661982671350
1410	1577	0	0	0	0	0	0	1661982672370
1410	1577	0	0	0	0	0	0	1661982673390
1409	1577	0	0	0	0	0	0	1661982674410
1409	1577	0	0	0	0	0	0	1661982675430
1407	1577	0	0	0	0	0	0	1661982676450
1407	1577	0	0	0	0	0	0	1661982677470
1405	1577	0	0	0	0	0	0	1661982678490
1404	1577	0	0	0	0	0	0	1661982679510
1404	1577	0	0	0	0	0	0	1661982680530
1403	1577	0	0	0	0	0	0	1661982681550
1402	1577	0	0	0	0	0	0	1661982682570
1402	1577	0	0	0	0	0	0	1661982683590
1401	1577	0	0	0	0	0	0	1661982684610
1399	1577	0	0	0	0	0	0	1661982685630
1399	1577	0	0	0	0	0	0	1661982686650
1397	1577	0	0	0	0	0	0	1661982687670
1396	1577	0	0	0	0	0	0	1661982688690
1393	1577	0	0	0	0	0	0	1661982689710
1391	1577	0	0	0	0	0	0	1661982690730
1389	1577	0	0	0	0	0	0	1661982691750
1389	1576	0	0	0	0	0	0	1661982692770
1389	1576	0	0	0	0	0	0	1661982693790
1389	1576	0	0	0	0	0	0	1661982694810
1388	1576	0	0	0	0	0	0	1661982695830
1387	1576	0	0	0	0	0	0	1661982696850
1387	1576	0	0	0	0	0	0	1661982697870
1386	1576	0	0	0	0	0	0	1661982698890
1385	1576	0	0	0	0	0	0	1661982699910
1384	1576	0	0	0	0	0	0	1661982700930
1384	1576	0	0	0	0	0	0	1661982701950
1384	1576	0	0	0	0	0	0	1661982702970
1384	1576	0	0	0	0	0	0	1661982703990
1384	1576	0	0	0	0	0	0	1661982705010
1384	1576	0	0	0	0	0	0	1661982706030
1384	1576	0	0	0	0	0	0	1661982707050
1384	1576	0	0	0	0	0	0	1661982708070
1384	1576	0	0	0	0	0	0	1661982709090
1384	1576	0	0	0	0	0	0	1661982710110
1384	1576	0	0	0	0	0	0	1661982711130
1384	1576	0	0	0	0	0	0	1661982712150
1384	1576	0	0	0	0	0	0	1661982713170
1384	1575	0	0	0	0	0	0	1661982714190
1384	1575	0	0	0	0	0	0	1661982715210
1384	1575	0	0	0	0	0	0	1661982716230
1384	1575	0	0	0	0	0	0	1661982717250
1384	1575	0	0	0	0	0	0	1661982718270
1384	1575	0	0	0	0	0	0	1661982719290
1384	1575	0	0	0	0	0	0	1661982720310
1384	1574	0	0	0	0	0	0	1661982721330
1384	1574	0	0	0	0	0	0	1661982722350
1384	1574	0	0	0	0	0	0	1661982723370
1384	1574	0	0	0	0	0	0	1661982724390
1384	1575	0	0	0	0	0	0	1661982725410
1384	1576	0	0	0	0	0	0	1661982726430
1384	1575	0	0	0	0	0	0	1661982727450
1384	1574	0	0	0	0	0	0	1661982728470
1384	1574	0	0	0	0	0	0	1661982729490
1384	1574	0	0	0	0	0	0	1661982730510
1384	1575	0	0	0	0	0	0	1661982731530
1384	1573	0	0	0	0	0	0	1661982732550
1384	1572	0	0	0	0	0	0	1661982733570
1384	1573	0	0	0	0	0	0	1661982734590
1384	1574	0	0	0	0	0	0	1661982735610
1384	1574	0	0	0	0	0	0	1661982736630
1384	1574	0	0	0	0	0	0	1661982737650
1384	1586	0	0	0	0	0	0	1661982738670
1384	1580	0	0	0	0	0	0	1661982739690
1384	1578	0	0	0	0	0	0	1661982740710
1383	1575	0	0	0	0	0	0	1661982741730
1383	1574	0	0	0	0	0	0	1661982742750
1383	1574	0	0	0	0	0	0	1661982743770
1383	1575	0	0	0	0	0	0	1661982744790
1383	1574	0	0	0	0	0	0	1661982745810
1383	1575	0	0	0	0	0	0	1661982746830
1383	1575	0	0	0	0	0	0	1661982747850
1383	1574	0	0	0	0	0	0	1661982748870
1383	1573	0	0	0	0	0	0	1661982749890
1383	1572	0	0	0	0	0	0	1661982750910
1383	1571	0	0	0	0	0	0	1661982751930
1383	1572	0	0	0	0	0	0	1661982752950
1383	1571	0	0	0	0	0	0	1661982753970
1383	1571	0	0	0	0	0	0	1661982754990
1383	1571	0	0	0	0	0	0	1661982756010
1383	1571	0	0	0	0	0	0	1661982757030
1383	1571	0	0	0	0	0	0	1661982758050
1383	1571	0	0	0	0	0	0	1661982759070
1383	1571	0	0	0	0	0	0	1661982760090
1383	1571	0	0	0	0	0	0	1661982761110
1383	1571	0	0	0	0	0	0	1661982762130
1383	1572	0	0	0	0	0	0	1661982763150
1383	1571	0	0	0	0	0	0	1661982764170
1383	1571	0	0	0	0	0	0	1661982765190
1384	1570	0	0	0	0	0	0	1661982766210
1384	1572	0	0	0	0	0	0	1661982767230
1384	1572	0	0	0	0	0	0	1661982768250
1384	1570	0	0	0	0	0	0	1661982769270
1384	1570	0	0	0	0	0	0	1661982770290
1384	1571	0	0	0	0	0	0	1661982771310
1384	1572	0	0	0	0	0	0	1661982772330
1384	1571	0	0	0	0	0	0	1661982773350
1384	1571	0	0	0	0	0	0	1661982774370
1384	1570	0	0	0	0	0	0	1661982775390
1384	1572	0	0	0	0	0	0	1661982776410
1384	1572	0	0	0	0	0	0	1661982777430
1384	1571	0	0	0	0	0	0	1661982778450
1384	1572	0	0	0	0	0	0	1661982779470
1384	1572	0	0	0	0	0	0	1661982780490
1384	1572	0	0	0	0	0	0	1661982781510
1384	1573	0	0	0	0	0	0	1661982782530
1384	1572	0	0	0	0	0	0	1661982783550
1384	1571	0	0	0	0	0	0	1661982784570
1384	1570	0	0	0	0	0	0	1661982785590
1384	1572	0	0	0	0	0	0	1661982786610
1384	1574	0	0	0	0	0	0	1661982787630
1384	1573	0	0	0	0	0	0	1661982788650
1384	1573	0	0	0	0	0	0	1661982789670
1384	1571	0	0	0	0	0	0	1661982790690
1384	1571	0	0	0	0	0	0	1661982791710
1384	1572	0	0	0	0	0	0	1661982792730
1384	1571	0	0	0	0	0	0	1661982793750
1384	1571	0	0	0	0	0	0	1661982794770
1384	1571	0	0	0	0	0	0	1661982795790
1384	1571	0	0	0	0	0	0	1661982796810
1384	1571	0	0	0	0	0	0	1661982797830
1384	1572	0	0	0	0	0	0	1661982798850
1384	1571	0	0	0	0	0	0	1661982799870
1384	1570	0	0	0	0	0	0	1661982800890
1384	1571	0	0	0	0	0	0	1661982801910
1384	1570	0	0	0	0	0	0	1661982802930
1384	1570	0	0	0	0	0	0	1661982803950
1384	1571	0	0	0	0	0	0	1661982804970
1384	1572	0	0	0	0	0	0	1661982805990
1384	1572	0	0	0	0	0	0	1661982807010
1384	1572	0	0	0	0	0	0	1661982808030
1384	1573	0	0	0	0	0	0	1661982809050
1384	1573	0	0	0	0	0	0	1661982810070
1384	1572	0	0	0	0	0	0	1661982811090
1384	1572	0	0	0	0	0	0	1661982812110
1384	1570	0	0	0	0	0	0	1661982813130
1383	1571	0	0	0	0	0	0	1661982814150
1383	1572	0	0	0	0	0	0	1661982815170
1383	1572	0	0	0	0	0	0	1661982816190
1382	1573	0	0	0	0	0	0	1661982817210
1381	1573	0	0	0	0	0	0	1661982818230
1380	1573	0	0	0	0	0	0	1661982819250
1379	1574	0	0	0	0	0	0	1661982820270
1379	1574	0	0	0	0	0	0	1661982821290
1379	1574	0	0	0	0	0	0	1661982822310
1378	1574	0	0	0	0	0	0	1661982823330
1378	1574	0	0	0	0	0	0	1661982824350
1378	1575	0	0	0	0	0	0	1661982825370
1375	1574	0	0	0	0	0	0	1661982826390
1373	1573	0	0	0	0	0	0	1661982827410
1371	1573	0	0	0	0	0	0	1661982828430
1370	1574	0	0	0	0	0	0	1661982829450
1370	1574	0	0	0	0	0	0	1661982830470
1369	1574	0	0	0	0	0	0	1661982831490
1368	1574	0	0	0	0	0	0	1661982832510
1367	1573	0	0	0	0	0	0	1661982833530
1366	1573	0	0	0	0	0	0	1661982834550
1364	1574	0	0	0	0	0	0	1661982835570
1365	1575	0	0	0	0	0	0	1661982836590
1363	1574	0	0	0	0	0	0	1661982837610
1363	1575	0	0	0	0	0	0	1661982838630
1363	1574	0	0	0	0	0	0	1661982839650
1361	1573	0	0	0	0	0	0	1661982840670
1360	1574	0	0	0	0	0	0	1661982841690
1360	1574	0	0	0	0	0	0	1661982842710
1359	1574	0	0	0	0	0	0	1661982843730
1359	1574	0	0	0	0	0	0	1661982844750
1359	1574	0	0	0	0	0	0	1661982845770
1359	1575	0	0	0	0	0	0	1661982846790
1358	1575	0	0	0	0	0	0	1661982847810
1358	1576	0	0	0	0	0	0	1661982848830
1357	1575	0	0	0	0	0	0	1661982849850
1357	1576	0	0	0	0	0	0	1661982850870
1357	1576	0	0	0	0	0	0	1661982851890
1357	1576	0	0	0	0	0	0	1661982852910
1357	1576	0	0	0	0	0	0	1661982853930
1357	1576	0	0	0	0	0	0	1661982854950
1357	1576	0	0	0	0	0	0	1661982855970
1357	1576	0	0	0	0	0	0	1661982856990
1357	1576	0	0	0	0	0	0	1661982858010
1357	1576	0	0	0	0	0	0	1661982859030
1357	1576	0	0	0	0	0	0	1661982860050
1357	1576	0	0	0	0	0	0	1661982861070
1357	1576	0	0	0	0	0	0	1661982862090
1356	1576	0	0	0	0	0	0	1661982863110
1356	1576	0	0	0	0	0	0	1661982864130
1356	1576	0	0	0	0	0	0	1661982865150
1356	1577	0	0	0	0	0	0	1661982866170
1356	1577	0	0	0	0	0	0	1661982867190
1356	1577	0	0	0	0	0	0	1661982868210
1356	1577	0	0	0	0	0	0	1661982869230
1355	1576	0	0	0	0	0	0	1661982870250
1355	1576	0	0	0	0	0	0	1661982871270
1355	1576	0	0	0	0	0	0	1661982872290
1355	1577	0	0	0	0	0	0	1661982873310
1355	1577	0	0	0	0	0	0	1661982874330
1355	1577	0	0	0	0	0	0	1661982875350
1356	1577	0	0	0	0	0	0	1661982876370
1356	1577	0	0	0	0	0	0	1661982877390
1356	1577	0	0	0	0	0	0	1661982878410
1356	1576	0	0	0	0	0	0	1661982879430
1356	1576	0	0	0	0	0	0	1661982880450
1356	1576	0	0	0	0	0	0	1661982881470
1356	1576	0	0	0	0	0	0	1661982882490
1356	1576	0	0	0	0	0	0	1661982883510
1356	1577	0	0	0	0	0	0	1661982884530
1356	1576	0	0	0	0	0	0	1661982885550
1356	1576	0	0	0	0	0	0	1661982886570
1356	1576	0	0	0	0	0	0	1661982887590
1356	1575	0	0	0	0	0	0	1661982888610
1356	1575	0	0	0	0	0	0	1661982889630
1356	1576	0	0	0	0	0	0	1661982890650
1356	1576	0	0	0	0	0	0	1661982891670
1356	1577	0	0	0	0	0	0	1661982892690
1356	1577	0	0	0	0	0	0	1661982893710
1356	1577	0	0	0	0	0	0	1661982894730
1356	1577	0	0	0	0	0	0	1661982895750
1356	1577	0	0	0	0	0	0	1661982896770
1356	1577	0	0	0	0	0	0	1661982897790
1356	1577	0	0	0	0	0	0	1661982898810
1356	1576	0	0	0	0	0	0	1661982899830
1356	1576	0	0	0	0	0	0	1661982900850
1356	1576	0	0	0	0	0	0	1661982901870
1356	1577	0	0	0	0	0	0	1661982902890
1356	1577	0	0	0	0	0	0	1661982903910
1356	1577	0	0	0	0	0	0	1661982904930
1356	1577	0	0	0	0	0	0	1661982905950
1356	1577	0	0	0	0	0	0	1661982906970
1356	1577	0	0	0	0	0	0	1661982907990
1356	1577	0	0	0	0	0	0	1661982909010
1356	1577	0	0	0	0	0	0	1661982910030
1356	1577	0	0	0	0	0	0	1661982911050
1356	1577	0	0	0	0	0	0	1661982912070
1356	1577	0	0	0	0	0	0	1661982913090
1356	1577	0	0	0	0	0	0	1661982914110
1356	1577	0	0	0	0	0	0	1661982915130
1356	1577	0	0	0	0	0	0	1661982916150
1356	1577	0	0	0	0	0	0	1661982917170
1356	1577	0	0	0	0	0	0	1661982918190
1356	1577	0	0	0	0	0	0	1661982919210
1356	1577	0	0	0	0	0	0	1661982920230
1356	1577	0	0	0	0	0	0	1661982921250
1356	1577	0	0	0	0	0	0	1661982922270
1356	1577	0	0	0	0	0	0	1661982923290
1356	1577	0	0	0	0	0	0	1661982924310
1356	1577	0	0	0	0	0	0	1661982925330
1356	1577	0	0	0	0	0	0	1661982926350
1356	1577	0	0	0	0	0	0	1661982927370
1356	1577	0	0	0	0	0	0	1661982928390
1356	1577	0	0	0	0	0	0	1661982929410
1356	1577	0	0	0	0	0	0	1661982930430
1356	1577	0	0	0	0	0	0	1661982931450
1356	1577	0	0	0	0	0	0	1661982932470
1356	1577	0	0	0	0	0	0	1661982933490
1356	1577	0	0	0	0	0	0	1661982934510
1356	1577	0	0	0	0	0	0	1661982935530
1356	1577	0	0	0	0	0	0	1661982936550
1356	1577	0	0	0	0	0	0	1661982937570
1356	1577	0	0	0	0	0	0	1661982938590
1356	1577	0	0	0	0	0	0	1661982939610
1356	1577	0	0	0	0	0	0	1661982940630
1356	1577	0	0	0	0	0	0	1661982941650
1356	1577	0	0	0	0	0	0	1661982942670
1356	1577	0	0	0	0	0	0	1661982943690
1356	1577	0	0	0	0	0	0	1661982944710
1356	1577	0	0	0	0	0	0	1661982945730
1356	1577	0	0	0	0	0	0	1661982946750
1356	1576	0	0	0	0	0	0	1661982947770
1356	1568	0	0	0	0	0	0	1661982948790
1356	1569	0	0	0	0	0	0	1661982949810
1356	1572	0	0	0	0	0	0	1661982950830
1356	1574	0	0	0	0	0	0	1661982951850
1356	1575	0	0	0	0	0	0	1661982952870
1356	1576	0	0	0	0	0	0	1661982953890
1356	1576	0	0	0	0	0	0	1661982954910
1356	1576	0	0	0	0	0	0	1661982955930
1356	1576	0	0	0	0	0	0	1661982956950
1356	1577	0	0	0	0	0	0	1661982957970
1356	1576	0	0	0	0	0	0	1661982958990
1356	1577	0	0	0	0	0	0	1661982960010
1356	1577	0	0	0	0	0	0	1661982961030
1356	1577	0	0	0	0	0	0	1661982962050
1356	1577	0	0	0	0	0	0	1661982963070
1356	1577	0	0	0	0	0	0	1661982964090
1356	1577	0	0	0	0	0	0	1661982965110
1356	1577	0	0	0	0	0	0	1661982966130
1356	1577	0	0	0	0	0	0	1661982967150
1356	1577	0	0	0	0	0	0	1661982968170
1356	1577	0	0	0	0	0	0	1661982969190
1356	1577	0	0	0	0	0	0	1661982970210
1356	1577	0	0	0	0	0	0	1661982971230
1356	1577	0	0	0	0	0	0	1661982972250
1356	1577	0	0	0	0	0	0	1661982973270
1356	1577	0	0	0	0	0	0	1661982974290
1356	1577	0	0	0	0	0	0	1661982975310
1356	1577	0	0	0	0	0	0	1661982976330
1356	1577	0	0	0	0	0	0	1661982977350
1356	1577	0	0	0	0	0	0	1661982978370
1356	1577	0	0	0	0	0	0	1661982979390
1356	1577	0	0	0	0	0	0	1661982980410
1356	1577	0	0	0	0	0	0	1661982981430
1356	1577	0	0	0	0	0	0	1661982982450
1356	1577	0	0	0	0	0	0	1661982983470
1356	1577	0	0	0	0	0	0	1661982984490
1356	1577	0	0	0	0	0	0	1661982985510
1356	1577	0	0	0	0	0	0	1661982986530
1356	1577	0	0	0	0	0	0	1661982987550
1356	1577	0	0	0	0	0	0	1661982988570
1356	1577	0	0	0	0	0	0	1661982989590
1356	1577	0	0	0	0	0	0	1661982990610
