2084	2782	0	0	0	0	0	0	1663254941043
2070	2764	0	0	0	0	0	0	1663254942063
2050	2746	0	0	0	0	0	0	1663254943083
2029	2726	0	0	0	0	0	0	1663254944103
2005	2709	0	0	0	0	0	0	1663254945123
1985	2693	0	0	0	0	0	0	1663254946143
1968	2682	0	0	0	0	0	0	1663254947163
1948	2666	0	0	0	0	0	0	1663254948183
1934	2656	0	0	0	0	0	0	1663254949203
1916	2650	0	0	0	0	0	0	1663254950223
1904	2637	0	0	0	0	0	0	1663254951243
1890	2627	0	0	0	0	0	0	1663254952263
1877	2622	0	0	0	0	0	0	1663254953283
1869	2618	0	0	0	0	0	0	1663254954303
1858	2607	0	0	0	0	0	0	1663254955323
1847	2598	0	0	0	0	0	0	1663254956343
1840	2593	0	0	0	0	0	0	1663254957363
1832	2590	0	0	0	0	0	0	1663254958383
1821	2587	0	0	0	0	0	0	1663254959403
1813	2577	0	0	0	0	0	0	1663254960423
1809	2569	0	0	0	0	0	0	1663254961443
1805	2564	0	0	0	0	0	0	1663254962463
1794	2561	0	0	0	0	0	0	1663254963483
1786	2559	0	0	0	0	0	0	1663254964503
1781	2557	0	0	0	0	0	0	1663254965523
1778	2549	0	0	0	0	0	0	1663254966543
1775	2541	0	0	0	0	0	0	1663254967563
1765	2536	0	0	0	0	0	0	1663254968583
1758	2534	0	0	0	0	0	0	1663254969603
1753	2532	0	0	0	0	0	0	1663254970623
1751	2530	0	0	0	0	0	0	1663254971643
1750	2528	0	0	0	0	0	0	1663254972663
1748	2520	0	0	0	0	0	0	1663254973683
1739	2512	0	0	0	0	0	0	1663254974703
1731	2508	0	0	0	0	0	0	1663254975723
1726	2505	0	0	0	0	0	0	1663254976743
1723	2503	0	0	0	0	0	0	1663254977763
1722	2502	0	0	0	0	0	0	1663254978783
1721	2501	0	0	0	0	0	0	1663254979803
1720	2501	0	0	0	0	0	0	1663254980823
1716	2492	0	0	0	0	0	0	1663254981843
1709	2485	0	0	0	0	0	0	1663254982863
1702	2480	0	0	0	0	0	0	1663254983883
1698	2477	0	0	0	0	0	0	1663254984903
1695	2475	0	0	0	0	0	0	1663254985923
1693	2474	0	0	0	0	0	0	1663254986943
1692	2474	0	0	0	0	0	0	1663254987963
1692	2473	0	0	0	0	0	0	1663254988983
1692	2473	0	0	0	0	0	0	1663254990003
1691	2468	0	0	0	0	0	0	1663254991023
1688	2459	0	0	0	0	0	0	1663254992043
1679	2453	0	0	0	0	0	0	1663254993063
1673	2450	0	0	0	0	0	0	1663254994083
1669	2448	0	0	0	0	0	0	1663254995103
1666	2446	0	0	0	0	0	0	1663254996123
1665	2446	0	0	0	0	0	0	1663254997143
1664	2445	0	0	0	0	0	0	1663254998163
1663	2445	0	0	0	0	0	0	1663254999183
1663	2445	0	0	0	0	0	0	1663255000203
1663	2442	0	0	0	0	0	0	1663255001223
1663	2435	0	0	0	0	0	0	1663255002243
1663	2428	0	0	0	0	0	0	1663255003263
1660	2423	0	0	0	0	0	0	1663255004283
1652	2420	0	0	0	0	0	0	1663255005303
1646	2419	0	0	0	0	0	0	1663255006323
1642	2418	0	0	0	0	0	0	1663255007343
1639	2417	0	0	0	0	0	0	1663255008363
1637	2417	0	0	0	0	0	0	1663255009383
1636	2417	0	0	0	0	0	0	1663255010403
1635	2417	0	0	0	0	0	0	1663255011423
1635	2417	0	0	0	0	0	0	1663255012443
1635	2417	0	0	0	0	0	0	1663255013463
1635	2413	0	0	0	0	0	0	1663255014483
1635	2404	0	0	0	0	0	0	1663255015503
1635	2398	0	0	0	0	0	0	1663255016523
1635	2394	0	0	0	0	0	0	1663255017543
1635	2392	0	0	0	0	0	0	1663255018563
1632	2391	0	0	0	0	0	0	1663255019583
1626	2390	0	0	0	0	0	0	1663255020603
1621	2390	0	0	0	0	0	0	1663255021623
1616	2390	0	0	0	0	0	0	1663255022643
1613	2389	0	0	0	0	0	0	1663255023663
1611	2389	0	0	0	0	0	0	1663255024683
1610	2389	0	0	0	0	0	0	1663255025703
1609	2388	0	0	0	0	0	0	1663255026723
1608	2386	0	0	0	0	0	0	1663255027743
1608	2379	0	0	0	0	0	0	1663255028763
1608	2372	0	0	0	0	0	0	1663255029783
1608	2368	0	0	0	0	0	0	1663255030803
1608	2365	0	0	0	0	0	0	1663255031823
1608	2363	0	0	0	0	0	0	1663255032843
1607	2362	0	0	0	0	0	0	1663255033863
1607	2362	0	0	0	0	0	0	1663255034883
1607	2361	0	0	0	0	0	0	1663255035903
1607	2361	0	0	0	0	0	0	1663255036923
1607	2361	0	0	0	0	0	0	1663255037943
1606	2361	0	0	0	0	0	0	1663255038963
1604	2361	0	0	0	0	0	0	1663255039983
1599	2361	0	0	0	0	0	0	1663255041003
1595	2357	0	0	0	0	0	0	1663255042023
1590	2350	0	0	0	0	0	0	1663255043043
1586	2344	0	0	0	0	0	0	1663255044063
1583	2339	0	0	0	0	0	0	1663255045083
1582	2337	0	0	0	0	0	0	1663255046103
1581	2335	0	0	0	0	0	0	1663255047123
1580	2334	0	0	0	0	0	0	1663255048143
1580	2333	0	0	0	0	0	0	1663255049163
1580	2333	0	0	0	0	0	0	1663255050183
1580	2333	0	0	0	0	0	0	1663255051203
1580	2333	0	0	0	0	0	0	1663255052223
1580	2333	0	0	0	0	0	0	1663255053243
1580	2333	0	0	0	0	0	0	1663255054263
1580	2333	0	0	0	0	0	0	1663255055283
1580	2333	0	0	0	0	0	0	1663255056303
1580	2333	0	0	0	0	0	0	1663255057323
1580	2333	0	0	0	0	0	0	1663255058343
1580	2332	0	0	0	0	0	0	1663255059363
1579	2327	0	0	0	0	0	0	1663255060383
1579	2321	0	0	0	0	0	0	1663255061403
1579	2315	0	0	0	0	0	0	1663255062423
1579	2311	0	0	0	0	0	0	1663255063443
1578	2309	0	0	0	0	0	0	1663255064463
1577	2307	0	0	0	0	0	0	1663255065483
1576	2306	0	0	0	0	0	0	1663255066503
1573	2305	0	0	0	0	0	0	1663255067523
1566	2305	0	0	0	0	0	0	1663255068543
1561	2305	0	0	0	0	0	0	1663255069563
1558	2305	0	0	0	0	0	0	1663255070583
1555	2305	0	0	0	0	0	0	1663255071603
1554	2305	0	0	0	0	0	0	1663255072623
1553	2305	0	0	0	0	0	0	1663255073643
1553	2305	0	0	0	0	0	0	1663255074663
1552	2305	0	0	0	0	0	0	1663255075683
1552	2305	0	0	0	0	0	0	1663255076703
1552	2305	0	0	0	0	0	0	1663255077723
1552	2305	0	0	0	0	0	0	1663255078743
1552	2304	0	0	0	0	0	0	1663255079763
1552	2302	0	0	0	0	0	0	1663255080783
1552	2299	0	0	0	0	0	0	1663255081803
1552	2293	0	0	0	0	0	0	1663255082823
1552	2287	0	0	0	0	0	0	1663255083843
1552	2283	0	0	0	0	0	0	1663255084863
1552	2280	0	0	0	0	0	0	1663255085883
1552	2279	0	0	0	0	0	0	1663255086903
1552	2278	0	0	0	0	0	0	1663255087923
1552	2278	0	0	0	0	0	0	1663255088943
1552	2277	0	0	0	0	0	0	1663255089963
1551	2277	0	0	0	0	0	0	1663255090983
1551	2277	0	0	0	0	0	0	1663255092003
1551	2277	0	0	0	0	0	0	1663255093023
1551	2277	0	0	0	0	0	0	1663255094043
1551	2277	0	0	0	0	0	0	1663255095063
1551	2277	0	0	0	0	0	0	1663255096083
1550	2277	0	0	0	0	0	0	1663255097103
1548	2277	0	0	0	0	0	0	1663255098123
1545	2277	0	0	0	0	0	0	1663255099143
1543	2277	0	0	0	0	0	0	1663255100163
1540	2277	0	0	0	0	0	0	1663255101183
1536	2277	0	0	0	0	0	0	1663255102203
1531	2276	0	0	0	0	0	0	1663255103223
1529	2275	0	0	0	0	0	0	1663255104243
1527	2268	0	0	0	0	0	0	1663255105263
1526	2263	0	0	0	0	0	0	1663255106283
1525	2257	0	0	0	0	0	0	1663255107303
1524	2254	0	0	0	0	0	0	1663255108323
1524	2252	0	0	0	0	0	0	1663255109343
1524	2250	0	0	0	0	0	0	1663255110363
1524	2250	0	0	0	0	0	0	1663255111383
1524	2249	0	0	0	0	0	0	1663255112403
1524	2249	0	0	0	0	0	0	1663255113423
1524	2249	0	0	0	0	0	0	1663255114443
1524	2248	0	0	0	0	0	0	1663255115463
1524	2248	0	0	0	0	0	0	1663255116483
1524	2248	0	0	0	0	0	0	1663255117503
1524	2248	0	0	0	0	0	0	1663255118523
1524	2248	0	0	0	0	0	0	1663255119543
1524	2248	0	0	0	0	0	0	1663255120563
1524	2248	0	0	0	0	0	0	1663255121583
1524	2248	0	0	0	0	0	0	1663255122603
1524	2248	0	0	0	0	0	0	1663255123623
1524	2248	0	0	0	0	0	0	1663255124643
1524	2248	0	0	0	0	0	0	1663255125663
1524	2248	0	0	0	0	0	0	1663255126683
1523	2248	0	0	0	0	0	0	1663255127703
1523	2247	0	0	0	0	0	0	1663255128723
1523	2241	0	0	0	0	0	0	1663255129743
1523	2235	0	0	0	0	0	0	1663255130763
1523	2229	0	0	0	0	0	0	1663255131783
1523	2225	0	0	0	0	0	0	1663255132803
1523	2224	0	0	0	0	0	0	1663255133823
1523	2223	0	0	0	0	0	0	1663255134843
1523	2222	0	0	0	0	0	0	1663255135863
1523	2222	0	0	0	0	0	0	1663255136883
1523	2222	0	0	0	0	0	0	1663255137903
1523	2222	0	0	0	0	0	0	1663255138923
1523	2221	0	0	0	0	0	0	1663255139943
1523	2221	0	0	0	0	0	0	1663255140963
1523	2221	0	0	0	0	0	0	1663255141983
1523	11332	0	0	0	0	0	0	1663255143003
1523	7688	0	0	0	0	0	0	1663255144023
1523	5501	0	0	0	0	0	0	1663255145043
1523	4189	0	0	0	0	0	0	1663255146063
1523	3401	0	0	0	0	0	0	1663255147083
1523	2929	0	0	0	0	0	0	1663255148103
1523	2646	0	0	0	0	0	0	1663255149123
1522	2476	0	0	0	0	0	0	1663255150143
1520	2374	0	0	0	0	0	0	1663255151163
1519	2312	0	0	0	0	0	0	1663255152183
1518	2275	0	0	0	0	0	0	1663255153203
1516	2250	0	0	0	0	0	0	1663255154223
1513	2235	0	0	0	0	0	0	1663255155243
1509	2219	0	0	0	0	0	0	1663255156263
1507	2208	0	0	0	0	0	0	1663255157283
1505	2202	0	0	0	0	0	0	1663255158303
1502	2198	0	0	0	0	0	0	1663255159323
1500	2196	0	0	0	0	0	0	1663255160343
1500	2195	0	0	0	0	0	0	1663255161363
1499	2194	0	0	0	0	0	0	1663255162383
1498	2193	0	0	0	0	0	0	1663255163403
1498	2193	0	0	0	0	0	0	1663255164423
1497	2193	0	0	0	0	0	0	1663255165443
1496	2209	0	0	0	0	0	0	1663255166463
1496	2202	0	0	0	0	0	0	1663255167483
1496	2198	0	0	0	0	0	0	1663255168503
1496	2196	0	0	0	0	0	0	1663255169523
1496	2195	0	0	0	0	0	0	1663255170543
1496	2194	0	0	0	0	0	0	1663255171563
1496	2193	0	0	0	0	0	0	1663255172583
1496	2192	0	0	0	0	0	0	1663255173603
1496	2192	0	0	0	0	0	0	1663255174623
1496	2192	0	0	0	0	0	0	1663255175643
1496	2192	0	0	0	0	0	0	1663255176663
1496	2192	0	0	0	0	0	0	1663255177683
1496	2192	0	0	0	0	0	0	1663255178703
1496	2191	0	0	0	0	0	0	1663255179723
1496	2188	0	0	0	0	0	0	1663255180743
1496	2183	0	0	0	0	0	0	1663255181763
1496	2177	0	0	0	0	0	0	1663255182783
1496	2172	0	0	0	0	0	0	1663255183803
1496	2169	0	0	0	0	0	0	1663255184823
1496	2167	0	0	0	0	0	0	1663255185843
1496	2166	0	0	0	0	0	0	1663255186863
1496	2165	0	0	0	0	0	0	1663255187883
1496	2165	0	0	0	0	0	0	1663255188903
1496	2165	0	0	0	0	0	0	1663255189923
1496	2165	0	0	0	0	0	0	1663255190943
1496	2165	0	0	0	0	0	0	1663255191963
1496	2164	0	0	0	0	0	0	1663255192983
1496	2164	0	0	0	0	0	0	1663255194003
1496	2164	0	0	0	0	0	0	1663255195023
1496	2164	0	0	0	0	0	0	1663255196043
1496	2164	0	0	0	0	0	0	1663255197063
1496	2164	0	0	0	0	0	0	1663255198083
1496	2164	0	0	0	0	0	0	1663255199103
1496	2164	0	0	0	0	0	0	1663255200123
1496	2164	0	0	0	0	0	0	1663255201143
1496	2164	0	0	0	0	0	0	1663255202163
1496	2164	0	0	0	0	0	0	1663255203183
1496	2164	0	0	0	0	0	0	1663255204203
1495	2164	0	0	0	0	0	0	1663255205223
1495	2162	0	0	0	0	0	0	1663255206243
1495	2159	0	0	0	0	0	0	1663255207263
1495	2157	0	0	0	0	0	0	1663255208283
1495	2152	0	0	0	0	0	0	1663255209303
1495	2148	0	0	0	0	0	0	1663255210323
1495	2143	0	0	0	0	0	0	1663255211343
1495	2140	0	0	0	0	0	0	1663255212363
1495	2138	0	0	0	0	0	0	1663255213383
1495	2137	0	0	0	0	0	0	1663255214403
1495	2137	0	0	0	0	0	0	1663255215423
1495	2137	0	0	0	0	0	0	1663255216443
1495	2137	0	0	0	0	0	0	1663255217463
1495	2137	0	0	0	0	0	0	1663255218483
1495	2137	0	0	0	0	0	0	1663255219503
1495	2136	0	0	0	0	0	0	1663255220523
1495	2136	0	0	0	0	0	0	1663255221543
1495	2136	0	0	0	0	0	0	1663255222563
1495	2136	0	0	0	0	0	0	1663255223583
1494	2136	0	0	0	0	0	0	1663255224603
1495	2136	0	0	0	0	0	0	1663255225623
1494	2136	0	0	0	0	0	0	1663255226643
1493	2136	0	0	0	0	0	0	1663255227663
1492	2136	0	0	0	0	0	0	1663255228683
1489	2136	0	0	0	0	0	0	1663255229703
1486	2136	0	0	0	0	0	0	1663255230723
1483	2136	0	0	0	0	0	0	1663255231743
1480	2135	0	0	0	0	0	0	1663255232763
1477	2130	0	0	0	0	0	0	1663255233783
1475	2126	0	0	0	0	0	0	1663255234803
1473	2121	0	0	0	0	0	0	1663255235823
1473	2116	0	0	0	0	0	0	1663255236843
1472	2113	0	0	0	0	0	0	1663255237863
1470	2111	0	0	0	0	0	0	1663255238883
1469	2110	0	0	0	0	0	0	1663255239903
1469	2110	0	0	0	0	0	0	1663255240923
1468	2109	0	0	0	0	0	0	1663255241943
1468	2109	0	0	0	0	0	0	1663255242963
1468	2108	0	0	0	0	0	0	1663255243983
1468	2108	0	0	0	0	0	0	1663255245003
1468	2108	0	0	0	0	0	0	1663255246023
1468	2108	0	0	0	0	0	0	1663255247043
1468	2124	0	0	0	0	0	0	1663255248063
1468	2118	0	0	0	0	0	0	1663255249083
1468	2114	0	0	0	0	0	0	1663255250103
1468	2112	0	0	0	0	0	0	1663255251123
1468	2110	0	0	0	0	0	0	1663255252143
1468	2109	0	0	0	0	0	0	1663255253163
1468	2108	0	0	0	0	0	0	1663255254183
1468	2108	0	0	0	0	0	0	1663255255203
1468	2108	0	0	0	0	0	0	1663255256223
1468	2108	0	0	0	0	0	0	1663255257243
1468	2108	0	0	0	0	0	0	1663255258263
1468	2107	0	0	0	0	0	0	1663255259283
1468	2106	0	0	0	0	0	0	1663255260303
1468	2104	0	0	0	0	0	0	1663255261323
1468	2100	0	0	0	0	0	0	1663255262343
1468	2095	0	0	0	0	0	0	1663255263363
1467	2090	0	0	0	0	0	0	1663255264383
1467	2086	0	0	0	0	0	0	1663255265403
1467	2084	0	0	0	0	0	0	1663255266423
1467	2083	0	0	0	0	0	0	1663255267443
1467	2082	0	0	0	0	0	0	1663255268463
1467	2081	0	0	0	0	0	0	1663255269483
1467	2081	0	0	0	0	0	0	1663255270503
1467	2081	0	0	0	0	0	0	1663255271523
1467	2081	0	0	0	0	0	0	1663255272543
1467	2081	0	0	0	0	0	0	1663255273563
1467	2081	0	0	0	0	0	0	1663255274583
1467	2081	0	0	0	0	0	0	1663255275603
1467	2081	0	0	0	0	0	0	1663255276623
1467	2080	0	0	0	0	0	0	1663255277643
1467	2080	0	0	0	0	0	0	1663255278663
1467	2080	0	0	0	0	0	0	1663255279683
1467	2080	0	0	0	0	0	0	1663255280703
1467	2080	0	0	0	0	0	0	1663255281723
1467	2080	0	0	0	0	0	0	1663255282743
1467	2080	0	0	0	0	0	0	1663255283763
1467	2080	0	0	0	0	0	0	1663255284783
1467	2080	0	0	0	0	0	0	1663255285803
1467	2080	0	0	0	0	0	0	1663255286823
1467	2080	0	0	0	0	0	0	1663255287843
1467	2080	0	0	0	0	0	0	1663255288863
1467	2079	0	0	0	0	0	0	1663255289883
1467	2078	0	0	0	0	0	0	1663255290903
1467	2076	0	0	0	0	0	0	1663255291923
1467	2071	0	0	0	0	0	0	1663255292943
1467	2066	0	0	0	0	0	0	1663255293963
1467	2062	0	0	0	0	0	0	1663255294983
1467	2058	0	0	0	0	0	0	1663255296003
1467	2056	0	0	0	0	0	0	1663255297023
1467	2054	0	0	0	0	0	0	1663255298043
1467	2054	0	0	0	0	0	0	1663255299063
1467	2053	0	0	0	0	0	0	1663255300083
1467	2053	0	0	0	0	0	0	1663255301103
1467	2053	0	0	0	0	0	0	1663255302123
1467	2053	0	0	0	0	0	0	1663255303143
1467	2053	0	0	0	0	0	0	1663255304163
1467	2053	0	0	0	0	0	0	1663255305183
1467	2053	0	0	0	0	0	0	1663255306203
1467	2053	0	0	0	0	0	0	1663255307223
1467	2053	0	0	0	0	0	0	1663255308243
1467	2052	0	0	0	0	0	0	1663255309263
1467	2052	0	0	0	0	0	0	1663255310283
1467	2052	0	0	0	0	0	0	1663255311303
1468	2052	0	0	0	0	0	0	1663255312323
1468	2052	0	0	0	0	0	0	1663255313343
1468	2052	0	0	0	0	0	0	1663255314363
1467	2052	0	0	0	0	0	0	1663255315383
1467	2052	0	0	0	0	0	0	1663255316403
1467	2052	0	0	0	0	0	0	1663255317423
1467	2052	0	0	0	0	0	0	1663255318443
1467	2052	0	0	0	0	0	0	1663255319463
1467	2052	0	0	0	0	0	0	1663255320483
1467	2052	0	0	0	0	0	0	1663255321503
1467	2052	0	0	0	0	0	0	1663255322523
1466	2051	0	0	0	0	0	0	1663255323543
1466	2051	0	0	0	0	0	0	1663255324563
1466	2050	0	0	0	0	0	0	1663255325583
1464	2048	0	0	0	0	0	0	1663255326603
1461	2048	0	0	0	0	0	0	1663255327623
1461	2044	0	0	0	0	0	0	1663255328643
1461	2040	0	0	0	0	0	0	1663255329663
1457	2034	0	0	0	0	0	0	1663255330683
1452	2031	0	0	0	0	0	0	1663255331703
1447	2028	0	0	0	0	0	0	1663255332723
1444	2027	0	0	0	0	0	0	1663255333743
1442	2026	0	0	0	0	0	0	1663255334763
1441	2025	0	0	0	0	0	0	1663255335783
1440	2025	0	0	0	0	0	0	1663255336803
1440	2025	0	0	0	0	0	0	1663255337823
1440	2025	0	0	0	0	0	0	1663255338843
1440	2024	0	0	0	0	0	0	1663255339863
1440	2024	0	0	0	0	0	0	1663255340883
1440	2024	0	0	0	0	0	0	1663255341903
1440	2024	0	0	0	0	0	0	1663255342923
1440	2024	0	0	0	0	0	0	1663255343943
1440	2024	0	0	0	0	0	0	1663255344963
1440	2024	0	0	0	0	0	0	1663255345983
1440	2024	0	0	0	0	0	0	1663255347003
1440	2024	0	0	0	0	0	0	1663255348023
1440	2024	0	0	0	0	0	0	1663255349043
1440	2024	0	0	0	0	0	0	1663255350063
1440	2024	0	0	0	0	0	0	1663255351083
1440	2024	0	0	0	0	0	0	1663255352103
10864	2039	0	0	0	0	0	0	1663255353123
7094	2033	0	0	0	0	0	0	1663255354143
4832	2030	0	0	0	0	0	0	1663255355163
3475	2027	0	0	0	0	0	0	1663255356183
2661	2026	0	0	0	0	0	0	1663255357203
2172	2025	0	0	0	0	0	0	1663255358223
1879	2024	0	0	0	0	0	0	1663255359243
1703	2024	0	0	0	0	0	0	1663255360263
1598	2024	0	0	0	0	0	0	1663255361283
1535	2024	0	0	0	0	0	0	1663255362303
1497	2024	0	0	0	0	0	0	1663255363323
1474	2024	0	0	0	0	0	0	1663255364343
1460	2024	0	0	0	0	0	0	1663255365363
1452	2023	0	0	0	0	0	0	1663255366383
1447	2020	0	0	0	0	0	0	1663255367403
1444	2017	0	0	0	0	0	0	1663255368423
1442	2013	0	0	0	0	0	0	1663255369443
1441	2011	0	0	0	0	0	0	1663255370463
1440	2006	0	0	0	0	0	0	1663255371483
1440	2003	0	0	0	0	0	0	1663255372503
1440	2000	0	0	0	0	0	0	1663255373523
1440	1998	0	0	0	0	0	0	1663255374543
1440	1997	0	0	0	0	0	0	1663255375563
1439	1997	0	0	0	0	0	0	1663255376583
1439	1997	0	0	0	0	0	0	1663255377603
1438	1997	0	0	0	0	0	0	1663255378623
1439	1997	0	0	0	0	0	0	1663255379643
1437	1997	0	0	0	0	0	0	1663255380663
1436	1997	0	0	0	0	0	0	1663255381683
1436	1997	0	0	0	0	0	0	1663255382703
1436	1997	0	0	0	0	0	0	1663255383723
1435	1997	0	0	0	0	0	0	1663255384743
1433	1997	0	0	0	0	0	0	1663255385763
1431	1997	0	0	0	0	0	0	1663255386783
1432	1997	0	0	0	0	0	0	1663255387803
1432	1997	0	0	0	0	0	0	1663255388823
1430	1997	0	0	0	0	0	0	1663255389843
1429	1997	0	0	0	0	0	0	1663255390863
1429	1997	0	0	0	0	0	0	1663255391883
1427	1996	0	0	0	0	0	0	1663255392903
1428	1996	0	0	0	0	0	0	1663255393923
1424	1996	0	0	0	0	0	0	1663255394943
1421	1996	0	0	0	0	0	0	1663255395963
1417	1996	0	0	0	0	0	0	1663255396983
1416	1996	0	0	0	0	0	0	1663255398003
1415	1996	0	0	0	0	0	0	1663255399023
1414	1996	0	0	0	0	0	0	1663255400043
1414	1996	0	0	0	0	0	0	1663255401063
1413	1996	0	0	0	0	0	0	1663255402083
1412	1996	0	0	0	0	0	0	1663255403103
1412	1996	0	0	0	0	0	0	1663255404123
1412	1996	0	0	0	0	0	0	1663255405143
1412	1996	0	0	0	0	0	0	1663255406163
1412	1996	0	0	0	0	0	0	1663255407183
1412	1996	0	0	0	0	0	0	1663255408203
1412	1995	0	0	0	0	0	0	1663255409223
1412	1994	0	0	0	0	0	0	1663255410243
1412	1992	0	0	0	0	0	0	1663255411263
1412	1990	0	0	0	0	0	0	1663255412283
1412	1987	0	0	0	0	0	0	1663255413303
1412	1984	0	0	0	0	0	0	1663255414323
1412	1981	0	0	0	0	0	0	1663255415343
1412	1976	0	0	0	0	0	0	1663255416363
1412	1973	0	0	0	0	0	0	1663255417383
1412	1971	0	0	0	0	0	0	1663255418403
1412	1970	0	0	0	0	0	0	1663255419423
1412	1969	0	0	0	0	0	0	1663255420443
1412	1969	0	0	0	0	0	0	1663255421463
1412	1969	0	0	0	0	0	0	1663255422483
1412	1969	0	0	0	0	0	0	1663255423503
1412	1969	0	0	0	0	0	0	1663255424523
1412	1968	0	0	0	0	0	0	1663255425543
1412	1968	0	0	0	0	0	0	1663255426563
1412	1968	0	0	0	0	0	0	1663255427583
1412	1968	0	0	0	0	0	0	1663255428603
1412	1968	0	0	0	0	0	0	1663255429623
1412	1968	0	0	0	0	0	0	1663255430643
1412	1968	0	0	0	0	0	0	1663255431663
1412	1968	0	0	0	0	0	0	1663255432683
1412	1968	0	0	0	0	0	0	1663255433703
1412	1968	0	0	0	0	0	0	1663255434723
1412	1968	0	0	0	0	0	0	1663255435743
1412	1968	0	0	0	0	0	0	1663255436763
1412	1968	0	0	0	0	0	0	1663255437783
1412	1968	0	0	0	0	0	0	1663255438803
1412	1968	0	0	0	0	0	0	1663255439823
1412	1968	0	0	0	0	0	0	1663255440843
1412	1968	0	0	0	0	0	0	1663255441863
1412	1968	0	0	0	0	0	0	1663255442883
1412	1968	0	0	0	0	0	0	1663255443903
1412	1968	0	0	0	0	0	0	1663255444923
1412	1968	0	0	0	0	0	0	1663255445943
1412	1968	0	0	0	0	0	0	1663255446963
1412	1968	0	0	0	0	0	0	1663255447983
1412	1968	0	0	0	0	0	0	1663255449003
1412	1968	0	0	0	0	0	0	1663255450023
1412	1968	0	0	0	0	0	0	1663255451043
1412	1968	0	0	0	0	0	0	1663255452063
1412	1968	0	0	0	0	0	0	1663255453083
1412	1968	0	0	0	0	0	0	1663255454103
1412	1968	0	0	0	0	0	0	1663255455123
1412	1968	0	0	0	0	0	0	1663255456143
1412	1968	0	0	0	0	0	0	1663255457163
1412	1968	0	0	0	0	0	0	1663255458183
1412	1968	0	0	0	0	0	0	1663255459203
1412	1967	0	0	0	0	0	0	1663255460223
1412	1967	0	0	0	0	0	0	1663255461243
1412	1964	0	0	0	0	0	0	1663255462263
1412	1963	0	0	0	0	0	0	1663255463283
1412	1960	0	0	0	0	0	0	1663255464303
1412	1956	0	0	0	0	0	0	1663255465323
1412	1953	0	0	0	0	0	0	1663255466343
1412	1950	0	0	0	0	0	0	1663255467363
1412	1948	0	0	0	0	0	0	1663255468383
1412	1945	0	0	0	0	0	0	1663255469403
1412	1944	0	0	0	0	0	0	1663255470423
1412	1943	0	0	0	0	0	0	1663255471443
1412	1942	0	0	0	0	0	0	1663255472463
1412	1941	0	0	0	0	0	0	1663255473483
1412	1941	0	0	0	0	0	0	1663255474503
1412	1941	0	0	0	0	0	0	1663255475523
1412	1941	0	0	0	0	0	0	1663255476543
1412	1941	0	0	0	0	0	0	1663255477563
1411	1941	0	0	0	0	0	0	1663255478583
1411	1941	0	0	0	0	0	0	1663255479603
1411	1941	0	0	0	0	0	0	1663255480623
1411	1941	0	0	0	0	0	0	1663255481643
1411	1941	0	0	0	0	0	0	1663255482663
1412	1941	0	0	0	0	0	0	1663255483683
1412	1941	0	0	0	0	0	0	1663255484703
1412	1941	0	0	0	0	0	0	1663255485723
1412	1941	0	0	0	0	0	0	1663255486743
1412	1941	0	0	0	0	0	0	1663255487763
1412	1941	0	0	0	0	0	0	1663255488783
1412	1941	0	0	0	0	0	0	1663255489803
1412	1941	0	0	0	0	0	0	1663255490823
1412	1941	0	0	0	0	0	0	1663255491843
1412	1941	0	0	0	0	0	0	1663255492863
1412	1941	0	0	0	0	0	0	1663255493883
1412	1941	0	0	0	0	0	0	1663255494903
1412	1941	0	0	0	0	0	0	1663255495923
1412	1941	0	0	0	0	0	0	1663255496943
1412	1941	0	0	0	0	0	0	1663255497963
1412	1941	0	0	0	0	0	0	1663255498983
1412	1941	0	0	0	0	0	0	1663255500003
1412	1941	0	0	0	0	0	0	1663255501023
1412	1941	0	0	0	0	0	0	1663255502043
1412	1941	0	0	0	0	0	0	1663255503063
1412	1941	0	0	0	0	0	0	1663255504083
1412	1941	0	0	0	0	0	0	1663255505103
1412	1941	0	0	0	0	0	0	1663255506123
1412	1941	0	0	0	0	0	0	1663255507143
1412	1941	0	0	0	0	0	0	1663255508163
1412	1941	0	0	0	0	0	0	1663255509183
1412	1941	0	0	0	0	0	0	1663255510203
1412	1941	0	0	0	0	0	0	1663255511223
1412	1941	0	0	0	0	0	0	1663255512243
1412	1940	0	0	0	0	0	0	1663255513263
1412	1940	0	0	0	0	0	0	1663255514283
1412	1939	0	0	0	0	0	0	1663255515303
1412	1940	0	0	0	0	0	0	1663255516323
1412	1940	0	0	0	0	0	0	1663255517343
1412	1940	0	0	0	0	0	0	1663255518363
1412	1940	0	0	0	0	0	0	1663255519383
1412	1939	0	0	0	0	0	0	1663255520403
1412	1937	0	0	0	0	0	0	1663255521423
1412	1934	0	0	0	0	0	0	1663255522443
1412	1932	0	0	0	0	0	0	1663255523463
1412	1929	0	0	0	0	0	0	1663255524483
1412	1925	0	0	0	0	0	0	1663255525503
1412	1923	0	0	0	0	0	0	1663255526523
1412	1921	0	0	0	0	0	0	1663255527543
1412	1918	0	0	0	0	0	0	1663255528563
1412	1916	0	0	0	0	0	0	1663255529583
1412	1915	0	0	0	0	0	0	1663255530603
1412	1914	0	0	0	0	0	0	1663255531623
1412	1914	0	0	0	0	0	0	1663255532643
1412	1914	0	0	0	0	0	0	1663255533663
1412	1913	0	0	0	0	0	0	1663255534683
1412	1913	0	0	0	0	0	0	1663255535703
1412	1913	0	0	0	0	0	0	1663255536723
1412	1913	0	0	0	0	0	0	1663255537743
1412	1913	0	0	0	0	0	0	1663255538763
1412	1913	0	0	0	0	0	0	1663255539783
1412	1913	0	0	0	0	0	0	1663255540803
1412	1913	0	0	0	0	0	0	1663255541823
1412	1913	0	0	0	0	0	0	1663255542843
1412	1913	0	0	0	0	0	0	1663255543863
1412	1913	0	0	0	0	0	0	1663255544883
1412	1913	0	0	0	0	0	0	1663255545903
1412	1913	0	0	0	0	0	0	1663255546923
1412	1913	0	0	0	0	0	0	1663255547943
1412	1913	0	0	0	0	0	0	1663255548963
1412	1913	0	0	0	0	0	0	1663255549983
1412	1913	0	0	0	0	0	0	1663255551003
1412	1913	0	0	0	0	0	0	1663255552023
1412	1913	0	0	0	0	0	0	1663255553043
1412	1913	0	0	0	0	0	0	1663255554063
1412	1913	0	0	0	0	0	0	1663255555083
1412	1913	0	0	0	0	0	0	1663255556103
1412	1913	0	0	0	0	0	0	1663255557123
1412	1913	0	0	0	0	0	0	1663255558143
1412	1913	0	0	0	0	0	0	1663255559163
1412	1913	0	0	0	0	0	0	1663255560183
1412	1913	0	0	0	0	0	0	1663255561203
1411	1913	0	0	0	0	0	0	1663255562223
1411	1913	0	0	0	0	0	0	1663255563243
1412	1913	0	0	0	0	0	0	1663255564263
1412	1913	0	0	0	0	0	0	1663255565283
1412	1913	0	0	0	0	0	0	1663255566303
1412	1913	0	0	0	0	0	0	1663255567323
1412	1913	0	0	0	0	0	0	1663255568343
1412	1913	0	0	0	0	0	0	1663255569363
1412	1912	0	0	0	0	0	0	1663255570383
1412	1912	0	0	0	0	0	0	1663255571403
1412	1912	0	0	0	0	0	0	1663255572423
1412	1912	0	0	0	0	0	0	1663255573443
1412	1912	0	0	0	0	0	0	1663255574463
1412	1912	0	0	0	0	0	0	1663255575483
1412	1912	0	0	0	0	0	0	1663255576503
1412	1912	0	0	0	0	0	0	1663255577523
1412	1912	0	0	0	0	0	0	1663255578543
1412	1912	0	0	0	0	0	0	1663255579563
1412	1912	0	0	0	0	0	0	1663255580583
1412	1912	0	0	0	0	0	0	1663255581603
1412	1912	0	0	0	0	0	0	1663255582623
1412	1912	0	0	0	0	0	0	1663255583643
1412	1912	0	0	0	0	0	0	1663255584663
1412	1912	0	0	0	0	0	0	1663255585683
1412	1912	0	0	0	0	0	0	1663255586703
1412	1912	0	0	0	0	0	0	1663255587723
1412	1912	0	0	0	0	0	0	1663255588743
1412	1911	0	0	0	0	0	0	1663255589763
1412	1911	0	0	0	0	0	0	1663255590783
1412	1910	0	0	0	0	0	0	1663255591803
1412	1909	0	0	0	0	0	0	1663255592823
1412	1908	0	0	0	0	0	0	1663255593843
1412	1906	0	0	0	0	0	0	1663255594863
1412	1905	0	0	0	0	0	0	1663255595883
1412	1901	0	0	0	0	0	0	1663255596903
1412	1899	0	0	0	0	0	0	1663255597923
1412	1897	0	0	0	0	0	0	1663255598943
1412	1894	0	0	0	0	0	0	1663255599963
1412	1892	0	0	0	0	0	0	1663255600983
1412	1891	0	0	0	0	0	0	1663255602003
1412	1890	0	0	0	0	0	0	1663255603023
1412	1888	0	0	0	0	0	0	1663255604043
1412	1887	0	0	0	0	0	0	1663255605063
1412	1886	0	0	0	0	0	0	1663255606083
1412	1885	0	0	0	0	0	0	1663255607103
1412	1885	0	0	0	0	0	0	1663255608123
1412	1885	0	0	0	0	0	0	1663255609143
1412	1885	0	0	0	0	0	0	1663255610163
1412	1885	0	0	0	0	0	0	1663255611183
1412	1885	0	0	0	0	0	0	1663255612203
1412	1885	0	0	0	0	0	0	1663255613223
1412	1885	0	0	0	0	0	0	1663255614243
1412	1885	0	0	0	0	0	0	1663255615263
1412	1885	0	0	0	0	0	0	1663255616283
1412	1885	0	0	0	0	0	0	1663255617303
1412	1885	0	0	0	0	0	0	1663255618323
1412	1885	0	0	0	0	0	0	1663255619343
1412	1885	0	0	0	0	0	0	1663255620363
1412	1885	0	0	0	0	0	0	1663255621383
1412	1885	0	0	0	0	0	0	1663255622403
1412	1885	0	0	0	0	0	0	1663255623423
1412	1885	0	0	0	0	0	0	1663255624443
1412	1885	0	0	0	0	0	0	1663255625463
1412	1885	0	0	0	0	0	0	1663255626483
1412	1885	0	0	0	0	0	0	1663255627503
1412	1885	0	0	0	0	0	0	1663255628523
1412	1885	0	0	0	0	0	0	1663255629543
1412	1885	0	0	0	0	0	0	1663255630563
1412	1885	0	0	0	0	0	0	1663255631583
1412	1885	0	0	0	0	0	0	1663255632603
1412	1885	0	0	0	0	0	0	1663255633623
1412	1885	0	0	0	0	0	0	1663255634643
1412	1885	0	0	0	0	0	0	1663255635663
1411	1885	0	0	0	0	0	0	1663255636683
1411	1885	0	0	0	0	0	0	1663255637703
1412	1899	0	0	0	0	0	0	1663255638723
1412	1893	0	0	0	0	0	0	1663255639743
1412	1890	0	0	0	0	0	0	1663255640763
1412	1888	0	0	0	0	0	0	1663255641783
1412	1887	0	0	0	0	0	0	1663255642803
1412	1886	0	0	0	0	0	0	1663255643823
1412	1886	0	0	0	0	0	0	1663255644843
1412	1885	0	0	0	0	0	0	1663255645863
1412	1885	0	0	0	0	0	0	1663255646883
1412	1885	0	0	0	0	0	0	1663255647903
1412	1885	0	0	0	0	0	0	1663255648923
1412	1885	0	0	0	0	0	0	1663255649943
1412	1885	0	0	0	0	0	0	1663255650963
1412	1885	0	0	0	0	0	0	1663255651983
1412	1885	0	0	0	0	0	0	1663255653003
1412	1885	0	0	0	0	0	0	1663255654023
1412	1885	0	0	0	0	0	0	1663255655043
1412	1885	0	0	0	0	0	0	1663255656063
1412	1885	0	0	0	0	0	0	1663255657083
1412	1885	0	0	0	0	0	0	1663255658103
1412	1885	0	0	0	0	0	0	1663255659123
1412	1885	0	0	0	0	0	0	1663255660143
1412	1885	0	0	0	0	0	0	1663255661163
1412	1885	0	0	0	0	0	0	1663255662183
1412	1885	0	0	0	0	0	0	1663255663203
1412	1885	0	0	0	0	0	0	1663255664223
1412	1885	0	0	0	0	0	0	1663255665243
1412	1885	0	0	0	0	0	0	1663255666263
1412	1885	0	0	0	0	0	0	1663255667283
1412	1885	0	0	0	0	0	0	1663255668303
1412	1885	0	0	0	0	0	0	1663255669323
1412	1885	0	0	0	0	0	0	1663255670343
1412	1884	0	0	0	0	0	0	1663255671363
1412	1884	0	0	0	0	0	0	1663255672383
1412	1884	0	0	0	0	0	0	1663255673403
1412	1884	0	0	0	0	0	0	1663255674423
1412	1884	0	0	0	0	0	0	1663255675443
1412	1883	0	0	0	0	0	0	1663255676463
1412	1882	0	0	0	0	0	0	1663255677483
1412	1882	0	0	0	0	0	0	1663255678503
1412	1881	0	0	0	0	0	0	1663255679523
1412	1879	0	0	0	0	0	0	1663255680543
1412	1875	0	0	0	0	0	0	1663255681563
1412	1872	0	0	0	0	0	0	1663255682583
1412	1870	0	0	0	0	0	0	1663255683603
1412	1869	0	0	0	0	0	0	1663255684623
1412	1868	0	0	0	0	0	0	1663255685643
1412	1866	0	0	0	0	0	0	1663255686663
1412	1866	0	0	0	0	0	0	1663255687683
1412	1864	0	0	0	0	0	0	1663255688703
1412	1862	0	0	0	0	0	0	1663255689723
1412	1861	0	0	0	0	0	0	1663255690743
1412	1860	0	0	0	0	0	0	1663255691763
1412	1859	0	0	0	0	0	0	1663255692783
1412	1859	0	0	0	0	0	0	1663255693803
1412	1858	0	0	0	0	0	0	1663255694823
1412	1857	0	0	0	0	0	0	1663255695843
1412	1857	0	0	0	0	0	0	1663255696863
1412	1857	0	0	0	0	0	0	1663255697883
1412	1857	0	0	0	0	0	0	1663255698903
1412	1857	0	0	0	0	0	0	1663255699923
1412	1857	0	0	0	0	0	0	1663255700943
1412	1857	0	0	0	0	0	0	1663255701963
1412	1857	0	0	0	0	0	0	1663255702983
1412	1857	0	0	0	0	0	0	1663255704003
1412	1857	0	0	0	0	0	0	1663255705023
1412	1857	0	0	0	0	0	0	1663255706043
1412	1857	0	0	0	0	0	0	1663255707063
1412	1857	0	0	0	0	0	0	1663255708083
1412	1857	0	0	0	0	0	0	1663255709103
1412	1857	0	0	0	0	0	0	1663255710123
1412	1857	0	0	0	0	0	0	1663255711143
1412	1857	0	0	0	0	0	0	1663255712163
1412	1857	0	0	0	0	0	0	1663255713183
1412	1857	0	0	0	0	0	0	1663255714203
1411	1857	0	0	0	0	0	0	1663255715223
1411	1857	0	0	0	0	0	0	1663255716243
1411	1857	0	0	0	0	0	0	1663255717263
1411	1857	0	0	0	0	0	0	1663255718283
1411	1857	0	0	0	0	0	0	1663255719303
1411	1857	0	0	0	0	0	0	1663255720323
1411	1857	0	0	0	0	0	0	1663255721343
1411	1857	0	0	0	0	0	0	1663255722363
1411	1857	0	0	0	0	0	0	1663255723383
1411	1857	0	0	0	0	0	0	1663255724403
1411	1857	0	0	0	0	0	0	1663255725423
1411	1857	0	0	0	0	0	0	1663255726443
1411	1857	0	0	0	0	0	0	1663255727463
1411	1857	0	0	0	0	0	0	1663255728483
1411	1857	0	0	0	0	0	0	1663255729503
1411	1857	0	0	0	0	0	0	1663255730523
1410	1857	0	0	0	0	0	0	1663255731543
1410	1857	0	0	0	0	0	0	1663255732563
1410	1857	0	0	0	0	0	0	1663255733583
1410	1857	0	0	0	0	0	0	1663255734603
1410	1857	0	0	0	0	0	0	1663255735623
1410	1857	0	0	0	0	0	0	1663255736643
1410	1857	0	0	0	0	0	0	1663255737663
1409	1857	0	0	0	0	0	0	1663255738683
1409	1857	0	0	0	0	0	0	1663255739703
1410	1857	0	0	0	0	0	0	1663255740723
1410	1857	0	0	0	0	0	0	1663255741743
1410	1857	0	0	0	0	0	0	1663255742763
1409	1857	0	0	0	0	0	0	1663255743783
1409	1857	0	0	0	0	0	0	1663255744803
1410	1857	0	0	0	0	0	0	1663255745823
1410	1857	0	0	0	0	0	0	1663255746843
1411	1857	0	0	0	0	0	0	1663255747863
1410	1857	0	0	0	0	0	0	1663255748883
1410	1857	0	0	0	0	0	0	1663255749903
1410	1857	0	0	0	0	0	0	1663255750923
1410	1857	0	0	0	0	0	0	1663255751943
1411	1857	0	0	0	0	0	0	1663255752963
1411	1857	0	0	0	0	0	0	1663255753983
1411	1857	0	0	0	0	0	0	1663255755003
1411	1857	0	0	0	0	0	0	1663255756023
1411	1857	0	0	0	0	0	0	1663255757043
1411	1857	0	0	0	0	0	0	1663255758063
1411	1857	0	0	0	0	0	0	1663255759083
1411	1857	0	0	0	0	0	0	1663255760103
1411	1857	0	0	0	0	0	0	1663255761123
1410	1857	0	0	0	0	0	0	1663255762143
1411	1857	0	0	0	0	0	0	1663255763163
1411	1857	0	0	0	0	0	0	1663255764183
1411	1857	0	0	0	0	0	0	1663255765203
1410	1857	0	0	0	0	0	0	1663255766223
1410	1857	0	0	0	0	0	0	1663255767243
1410	1857	0	0	0	0	0	0	1663255768263
1410	1857	0	0	0	0	0	0	1663255769283
1410	1857	0	0	0	0	0	0	1663255770303
1411	1857	0	0	0	0	0	0	1663255771323
1411	1857	0	0	0	0	0	0	1663255772343
1411	1857	0	0	0	0	0	0	1663255773363
1411	1857	0	0	0	0	0	0	1663255774383
1410	1857	0	0	0	0	0	0	1663255775403
1408	1857	0	0	0	0	0	0	1663255776423
1406	1857	0	0	0	0	0	0	1663255777443
1407	1857	0	0	0	0	0	0	1663255778463
1406	1857	0	0	0	0	0	0	1663255779483
1407	1857	0	0	0	0	0	0	1663255780503
1408	1857	0	0	0	0	0	0	1663255781523
1408	1857	0	0	0	0	0	0	1663255782543
1408	1857	0	0	0	0	0	0	1663255783563
1406	1857	0	0	0	0	0	0	1663255784583
1406	1857	0	0	0	0	0	0	1663255785603
1407	1857	0	0	0	0	0	0	1663255786623
1406	1857	0	0	0	0	0	0	1663255787643
1405	1857	0	0	0	0	0	0	1663255788663
1405	1857	0	0	0	0	0	0	1663255789683
1406	1857	0	0	0	0	0	0	1663255790703
1407	1857	0	0	0	0	0	0	1663255791723
1407	1857	0	0	0	0	0	0	1663255792743
1406	1857	0	0	0	0	0	0	1663255793763
1405	1857	0	0	0	0	0	0	1663255794783
1403	1857	0	0	0	0	0	0	1663255795803
1402	1857	0	0	0	0	0	0	1663255796823
1403	1856	0	0	0	0	0	0	1663255797843
1404	1856	0	0	0	0	0	0	1663255798863
1404	1855	0	0	0	0	0	0	1663255799883
1403	1856	0	0	0	0	0	0	1663255800903
1404	1855	0	0	0	0	0	0	1663255801923
1403	1855	0	0	0	0	0	0	1663255802943
1403	1855	0	0	0	0	0	0	1663255803963
1403	1855	0	0	0	0	0	0	1663255804983
1404	1855	0	0	0	0	0	0	1663255806003
1405	1855	0	0	0	0	0	0	1663255807023
1407	1854	0	0	0	0	0	0	1663255808043
1406	1853	0	0	0	0	0	0	1663255809063
1406	1853	0	0	0	0	0	0	1663255810083
1406	1851	0	0	0	0	0	0	1663255811103
1404	1849	0	0	0	0	0	0	1663255812123
1405	1847	0	0	0	0	0	0	1663255813143
1405	1845	0	0	0	0	0	0	1663255814163
1405	1844	0	0	0	0	0	0	1663255815183
1406	1844	0	0	0	0	0	0	1663255816203
1405	1841	0	0	0	0	0	0	1663255817223
1404	1839	0	0	0	0	0	0	1663255818243
1404	1836	0	0	0	0	0	0	1663255819263
1403	1835	0	0	0	0	0	0	1663255820283
1405	1833	0	0	0	0	0	0	1663255821303
1406	1832	0	0	0	0	0	0	1663255822323
1407	1832	0	0	0	0	0	0	1663255823343
1407	1832	0	0	0	0	0	0	1663255824363
1407	1831	0	0	0	0	0	0	1663255825383
1408	1830	0	0	0	0	0	0	1663255826403
1409	1830	0	0	0	0	0	0	1663255827423
1410	1829	0	0	0	0	0	0	1663255828443
1411	1829	0	0	0	0	0	0	1663255829463
1411	1829	0	0	0	0	0	0	1663255830483
1411	1829	0	0	0	0	0	0	1663255831503
1411	1829	0	0	0	0	0	0	1663255832523
1411	1829	0	0	0	0	0	0	1663255833543
1411	1829	0	0	0	0	0	0	1663255834563
1411	1829	0	0	0	0	0	0	1663255835583
1411	1829	0	0	0	0	0	0	1663255836603
1411	1829	0	0	0	0	0	0	1663255837623
1411	1829	0	0	0	0	0	0	1663255838643
1411	1829	0	0	0	0	0	0	1663255839663
1411	1829	0	0	0	0	0	0	1663255840683
1411	1829	0	0	0	0	0	0	1663255841703
1411	1829	0	0	0	0	0	0	1663255842723
1411	1829	0	0	0	0	0	0	1663255843743
1411	1829	0	0	0	0	0	0	1663255844763
1411	1829	0	0	0	0	0	0	1663255845783
1411	1829	0	0	0	0	0	0	1663255846803
1411	1829	0	0	0	0	0	0	1663255847823
1412	1829	0	0	0	0	0	0	1663255848843
1412	1829	0	0	0	0	0	0	1663255849863
1412	1829	0	0	0	0	0	0	1663255850883
1412	1829	0	0	0	0	0	0	1663255851903
1412	1829	0	0	0	0	0	0	1663255852923
1412	1829	0	0	0	0	0	0	1663255853943
1411	1829	0	0	0	0	0	0	1663255854963
1411	1829	0	0	0	0	0	0	1663255855983
1411	1829	0	0	0	0	0	0	1663255857003
1411	1829	0	0	0	0	0	0	1663255858023
1411	1829	0	0	0	0	0	0	1663255859043
1411	1829	0	0	0	0	0	0	1663255860063
1411	1829	0	0	0	0	0	0	1663255861083
1412	1829	0	0	0	0	0	0	1663255862103
1412	1829	0	0	0	0	0	0	1663255863123
1412	1829	0	0	0	0	0	0	1663255864143
1412	1829	0	0	0	0	0	0	1663255865163
1411	1829	0	0	0	0	0	0	1663255866183
1411	1829	0	0	0	0	0	0	1663255867203
1411	1829	0	0	0	0	0	0	1663255868223
1411	1829	0	0	0	0	0	0	1663255869243
1411	1829	0	0	0	0	0	0	1663255870263
1411	1829	0	0	0	0	0	0	1663255871283
1410	1829	0	0	0	0	0	0	1663255872303
1410	1829	0	0	0	0	0	0	1663255873323
1410	1829	0	0	0	0	0	0	1663255874343
1411	1829	0	0	0	0	0	0	1663255875363
1411	1829	0	0	0	0	0	0	1663255876383
1411	1829	0	0	0	0	0	0	1663255877403
1411	1829	0	0	0	0	0	0	1663255878423
1411	1829	0	0	0	0	0	0	1663255879443
1411	1829	0	0	0	0	0	0	1663255880463
1411	1829	0	0	0	0	0	0	1663255881483
1411	1829	0	0	0	0	0	0	1663255882503
1411	1829	0	0	0	0	0	0	1663255883523
1411	1829	0	0	0	0	0	0	1663255884543
1411	1829	0	0	0	0	0	0	1663255885563
1411	1829	0	0	0	0	0	0	1663255886583
1411	1829	0	0	0	0	0	0	1663255887603
1411	1829	0	0	0	0	0	0	1663255888623
1411	1829	0	0	0	0	0	0	1663255889643
1411	1829	0	0	0	0	0	0	1663255890663
1411	1829	0	0	0	0	0	0	1663255891683
1411	1829	0	0	0	0	0	0	1663255892703
1411	1829	0	0	0	0	0	0	1663255893723
1411	1829	0	0	0	0	0	0	1663255894743
1411	1829	0	0	0	0	0	0	1663255895763
1411	1829	0	0	0	0	0	0	1663255896783
1412	1829	0	0	0	0	0	0	1663255897803
1412	1829	0	0	0	0	0	0	1663255898823
1412	1829	0	0	0	0	0	0	1663255899843
1412	1829	0	0	0	0	0	0	1663255900863
1412	1829	0	0	0	0	0	0	1663255901883
1412	1829	0	0	0	0	0	0	1663255902903
1412	1829	0	0	0	0	0	0	1663255903923
1411	1829	0	0	0	0	0	0	1663255904943
1411	1829	0	0	0	0	0	0	1663255905963
1411	1829	0	0	0	0	0	0	1663255906983
1411	1829	0	0	0	0	0	0	1663255908003
1411	1829	0	0	0	0	0	0	1663255909023
1412	1829	0	0	0	0	0	0	1663255910043
1412	1829	0	0	0	0	0	0	1663255911063
1411	1829	0	0	0	0	0	0	1663255912083
1411	1829	0	0	0	0	0	0	1663255913103
1411	1829	0	0	0	0	0	0	1663255914123
1411	1829	0	0	0	0	0	0	1663255915143
1411	1829	0	0	0	0	0	0	1663255916163
1411	1829	0	0	0	0	0	0	1663255917183
1411	1829	0	0	0	0	0	0	1663255918203
1411	1829	0	0	0	0	0	0	1663255919223
1411	1829	0	0	0	0	0	0	1663255920243
1411	1829	0	0	0	0	0	0	1663255921263
1411	1829	0	0	0	0	0	0	1663255922283
1411	1829	0	0	0	0	0	0	1663255923303
1412	1829	0	0	0	0	0	0	1663255924323
1412	1829	0	0	0	0	0	0	1663255925343
1412	1829	0	0	0	0	0	0	1663255926363
1411	1829	0	0	0	0	0	0	1663255927383
1411	1829	0	0	0	0	0	0	1663255928403
1411	1829	0	0	0	0	0	0	1663255929423
1411	1829	0	0	0	0	0	0	1663255930443
1411	1829	0	0	0	0	0	0	1663255931463
1411	1829	0	0	0	0	0	0	1663255932483
1411	1829	0	0	0	0	0	0	1663255933503
1410	1829	0	0	0	0	0	0	1663255934523
1411	1829	0	0	0	0	0	0	1663255935543
1411	1829	0	0	0	0	0	0	1663255936563
1411	1829	0	0	0	0	0	0	1663255937583
1411	1827	0	0	0	0	0	0	1663255938603
1411	1826	0	0	0	0	0	0	1663255939623
1411	1825	0	0	0	0	0	0	1663255940643
1411	1823	0	0	0	0	0	0	1663255941663
1411	1823	0	0	0	0	0	0	1663255942683
1411	1822	0	0	0	0	0	0	1663255943703
1411	1820	0	0	0	0	0	0	1663255944723
1411	1820	0	0	0	0	0	0	1663255945743
1411	1817	0	0	0	0	0	0	1663255946763
1411	1815	0	0	0	0	0	0	1663255947783
1411	1812	0	0	0	0	0	0	1663255948803
1411	1811	0	0	0	0	0	0	1663255949823
1411	1809	0	0	0	0	0	0	1663255950843
1411	1808	0	0	0	0	0	0	1663255951863
1411	1808	0	0	0	0	0	0	1663255952883
1411	1807	0	0	0	0	0	0	1663255953903
1411	1806	0	0	0	0	0	0	1663255954923
1411	1805	0	0	0	0	0	0	1663255955943
1411	1804	0	0	0	0	0	0	1663255956963
1411	1803	0	0	0	0	0	0	1663255957983
1411	1803	0	0	0	0	0	0	1663255959003
1411	1803	0	0	0	0	0	0	1663255960023
1411	1803	0	0	0	0	0	0	1663255961043
1411	1803	0	0	0	0	0	0	1663255962063
1411	1802	0	0	0	0	0	0	1663255963083
1411	1802	0	0	0	0	0	0	1663255964103
1411	1801	0	0	0	0	0	0	1663255965123
1411	1801	0	0	0	0	0	0	1663255966143
1411	1801	0	0	0	0	0	0	1663255967163
1411	1801	0	0	0	0	0	0	1663255968183
1411	1801	0	0	0	0	0	0	1663255969203
1411	1801	0	0	0	0	0	0	1663255970223
1411	1801	0	0	0	0	0	0	1663255971243
1411	1801	0	0	0	0	0	0	1663255972263
1411	1801	0	0	0	0	0	0	1663255973283
1411	1801	0	0	0	0	0	0	1663255974303
1411	1801	0	0	0	0	0	0	1663255975323
1411	1801	0	0	0	0	0	0	1663255976343
1411	1801	0	0	0	0	0	0	1663255977363
1411	1801	0	0	0	0	0	0	1663255978383
1412	1801	0	0	0	0	0	0	1663255979403
1412	1801	0	0	0	0	0	0	1663255980423
1412	1801	0	0	0	0	0	0	1663255981443
1412	1801	0	0	0	0	0	0	1663255982463
1412	1801	0	0	0	0	0	0	1663255983483
1412	1801	0	0	0	0	0	0	1663255984503
1412	1801	0	0	0	0	0	0	1663255985523
1412	1801	0	0	0	0	0	0	1663255986543
1412	1801	0	0	0	0	0	0	1663255987563
1412	1801	0	0	0	0	0	0	1663255988583
1412	1801	0	0	0	0	0	0	1663255989603
1412	1801	0	0	0	0	0	0	1663255990623
1412	1801	0	0	0	0	0	0	1663255991643
1412	1801	0	0	0	0	0	0	1663255992663
1412	1801	0	0	0	0	0	0	1663255993683
1412	1801	0	0	0	0	0	0	1663255994703
1412	1801	0	0	0	0	0	0	1663255995723
1412	1801	0	0	0	0	0	0	1663255996743
1412	1801	0	0	0	0	0	0	1663255997763
1412	1801	0	0	0	0	0	0	1663255998783
1412	1801	0	0	0	0	0	0	1663255999803
1412	1801	0	0	0	0	0	0	1663256000823
1412	1801	0	0	0	0	0	0	1663256001843
1412	1801	0	0	0	0	0	0	1663256002863
1412	1801	0	0	0	0	0	0	1663256003883
1412	1801	0	0	0	0	0	0	1663256004903
1412	1801	0	0	0	0	0	0	1663256005923
1412	1801	0	0	0	0	0	0	1663256006943
1412	1801	0	0	0	0	0	0	1663256007963
1412	1801	0	0	0	0	0	0	1663256008983
1412	1801	0	0	0	0	0	0	1663256010003
1412	1801	0	0	0	0	0	0	1663256011023
1412	1801	0	0	0	0	0	0	1663256012043
1412	1801	0	0	0	0	0	0	1663256013063
1412	1801	0	0	0	0	0	0	1663256014083
1412	1801	0	0	0	0	0	0	1663256015103
1412	1801	0	0	0	0	0	0	1663256016123
1412	1801	0	0	0	0	0	0	1663256017143
1412	1801	0	0	0	0	0	0	1663256018163
1412	1801	0	0	0	0	0	0	1663256019183
1412	1801	0	0	0	0	0	0	1663256020203
1412	1801	0	0	0	0	0	0	1663256021223
1412	1801	0	0	0	0	0	0	1663256022243
1412	1801	0	0	0	0	0	0	1663256023263
1412	1801	0	0	0	0	0	0	1663256024283
1412	1801	0	0	0	0	0	0	1663256025303
1412	1801	0	0	0	0	0	0	1663256026323
1412	1801	0	0	0	0	0	0	1663256027343
1412	1801	0	0	0	0	0	0	1663256028363
1412	1801	0	0	0	0	0	0	1663256029383
1412	1801	0	0	0	0	0	0	1663256030403
1412	1801	0	0	0	0	0	0	1663256031423
1412	1801	0	0	0	0	0	0	1663256032443
1412	1801	0	0	0	0	0	0	1663256033463
1412	1801	0	0	0	0	0	0	1663256034483
1412	1801	0	0	0	0	0	0	1663256035503
1412	1801	0	0	0	0	0	0	1663256036523
1412	1801	0	0	0	0	0	0	1663256037543
1412	1801	0	0	0	0	0	0	1663256038563
1412	1801	0	0	0	0	0	0	1663256039583
1412	1801	0	0	0	0	0	0	1663256040603
1412	1801	0	0	0	0	0	0	1663256041623
1412	1801	0	0	0	0	0	0	1663256042643
1412	1801	0	0	0	0	0	0	1663256043663
1412	1801	0	0	0	0	0	0	1663256044683
1412	1801	0	0	0	0	0	0	1663256045703
1412	1801	0	0	0	0	0	0	1663256046723
1412	1801	0	0	0	0	0	0	1663256047743
1412	1801	0	0	0	0	0	0	1663256048763
1412	1801	0	0	0	0	0	0	1663256049783
1412	1801	0	0	0	0	0	0	1663256050803
1412	1801	0	0	0	0	0	0	1663256051823
1412	1801	0	0	0	0	0	0	1663256052843
1412	1801	0	0	0	0	0	0	1663256053863
1412	1801	0	0	0	0	0	0	1663256054883
1412	1801	0	0	0	0	0	0	1663256055903
1412	1801	0	0	0	0	0	0	1663256056923
1412	1801	0	0	0	0	0	0	1663256057943
1412	1801	0	0	0	0	0	0	1663256058963
1412	1801	0	0	0	0	0	0	1663256059983
1412	1801	0	0	0	0	0	0	1663256061003
1412	1801	0	0	0	0	0	0	1663256062023
1412	1801	0	0	0	0	0	0	1663256063043
1412	1801	0	0	0	0	0	0	1663256064063
1412	1801	0	0	0	0	0	0	1663256065083
1412	1801	0	0	0	0	0	0	1663256066103
1412	1801	0	0	0	0	0	0	1663256067123
1412	1801	0	0	0	0	0	0	1663256068143
1412	1801	0	0	0	0	0	0	1663256069163
1412	1801	0	0	0	0	0	0	1663256070183
1412	1801	0	0	0	0	0	0	1663256071203
1412	1801	0	0	0	0	0	0	1663256072223
1412	1801	0	0	0	0	0	0	1663256073243
1412	1801	0	0	0	0	0	0	1663256074263
1412	1801	0	0	0	0	0	0	1663256075283
1412	1801	0	0	0	0	0	0	1663256076303
1412	1801	0	0	0	0	0	0	1663256077323
1412	1801	0	0	0	0	0	0	1663256078343
1412	1801	0	0	0	0	0	0	1663256079363
1412	1801	0	0	0	0	0	0	1663256080383
1412	1801	0	0	0	0	0	0	1663256081403
1412	1801	0	0	0	0	0	0	1663256082423
1412	1801	0	0	0	0	0	0	1663256083443
1412	1801	0	0	0	0	0	0	1663256084463
1412	1801	0	0	0	0	0	0	1663256085483
1412	1801	0	0	0	0	0	0	1663256086503
1412	1801	0	0	0	0	0	0	1663256087523
1412	1801	0	0	0	0	0	0	1663256088543
1412	1801	0	0	0	0	0	0	1663256089563
1412	1801	0	0	0	0	0	0	1663256090583
1412	1801	0	0	0	0	0	0	1663256091603
1412	1801	0	0	0	0	0	0	1663256092623
1412	1801	0	0	0	0	0	0	1663256093643
1412	1801	0	0	0	0	0	0	1663256094663
1412	1801	0	0	0	0	0	0	1663256095683
1412	1801	0	0	0	0	0	0	1663256096703
1412	1801	0	0	0	0	0	0	1663256097723
1412	1801	0	0	0	0	0	0	1663256098743
1412	1801	0	0	0	0	0	0	1663256099763
1412	1801	0	0	0	0	0	0	1663256100783
1412	1801	0	0	0	0	0	0	1663256101803
1412	1801	0	0	0	0	0	0	1663256102823
1412	1801	0	0	0	0	0	0	1663256103843
1412	1801	0	0	0	0	0	0	1663256104863
1412	1801	0	0	0	0	0	0	1663256105883
1412	1801	0	0	0	0	0	0	1663256106903
1412	1801	0	0	0	0	0	0	1663256107923
1412	1801	0	0	0	0	0	0	1663256108943
1412	1801	0	0	0	0	0	0	1663256109963
1412	1801	0	0	0	0	0	0	1663256110983
1412	1801	0	0	0	0	0	0	1663256112003
1412	1801	0	0	0	0	0	0	1663256113023
1412	1801	0	0	0	0	0	0	1663256114043
1412	1801	0	0	0	0	0	0	1663256115063
1412	1801	0	0	0	0	0	0	1663256116083
1412	1801	0	0	0	0	0	0	1663256117103
1412	1801	0	0	0	0	0	0	1663256118123
1412	1801	0	0	0	0	0	0	1663256119143
1412	1801	0	0	0	0	0	0	1663256120163
1412	1801	0	0	0	0	0	0	1663256121183
1412	1801	0	0	0	0	0	0	1663256122203
1412	1800	0	0	0	0	0	0	1663256123223
1412	1799	0	0	0	0	0	0	1663256124243
1412	1799	0	0	0	0	0	0	1663256125263
1412	1799	0	0	0	0	0	0	1663256126283
1412	1800	0	0	0	0	0	0	1663256127303
1412	1800	0	0	0	0	0	0	1663256128323
1412	1799	0	0	0	0	0	0	1663256129343
1412	1798	0	0	0	0	0	0	1663256130363
1412	1798	0	0	0	0	0	0	1663256131383
1412	1798	0	0	0	0	0	0	1663256132403
1412	1798	0	0	0	0	0	0	1663256133423
1412	1798	0	0	0	0	0	0	1663256134443
1412	1797	0	0	0	0	0	0	1663256135463
1412	1797	0	0	0	0	0	0	1663256136483
1412	1796	0	0	0	0	0	0	1663256137503
1412	1795	0	0	0	0	0	0	1663256138523
1412	1794	0	0	0	0	0	0	1663256139543
