2896	867	0	0	0	0	0	0	1659650481253
2879	863	0	0	0	0	0	0	1659650482273
2861	857	0	0	0	0	0	0	1659650483293
2840	846	0	0	0	0	0	0	1659650484313
2827	839	0	0	0	0	0	0	1659650485333
2810	835	0	0	0	0	0	0	1659650486353
2797	827	0	0	0	0	0	0	1659650487373
2789	817	0	0	0	0	0	0	1659650488393
2774	811	0	0	0	0	0	0	1659650489413
2765	807	0	0	0	0	0	0	1659650490433
2759	805	0	0	0	0	0	0	1659650491453
2751	803	0	0	0	0	0	0	1659650492473
2740	800	0	0	0	0	0	0	1659650493493
2733	790	0	0	0	0	0	0	1659650494513
2729	783	0	0	0	0	0	0	1659650495533
2725	779	0	0	0	0	0	0	1659650496553
2716	777	0	0	0	0	0	0	1659650497573
2708	776	0	0	0	0	0	0	1659650498593
2703	775	0	0	0	0	0	0	1659650499613
2700	774	0	0	0	0	0	0	1659650500633
2698	774	0	0	0	0	0	0	1659650501653
2695	774	0	0	0	0	0	0	1659650502673
2685	774	0	0	0	0	0	0	1659650503693
2678	774	0	0	0	0	0	0	1659650504713
2674	772	0	0	0	0	0	0	1659650505733
2671	766	0	0	0	0	0	0	1659650506753
2670	759	0	0	0	0	0	0	1659650507773
2669	754	0	0	0	0	0	0	1659650508793
2668	751	0	0	0	0	0	0	1659650509813
2664	749	0	0	0	0	0	0	1659650510833
2656	748	0	0	0	0	0	0	1659650511853
2649	747	0	0	0	0	0	0	1659650512873
2645	746	0	0	0	0	0	0	1659650513893
2642	746	0	0	0	0	0	0	1659650514913
2641	746	0	0	0	0	0	0	1659650515933
2640	746	0	0	0	0	0	0	1659650516953
2640	746	0	0	0	0	0	0	1659650517973
2639	746	0	0	0	0	0	0	1659650518993
2639	746	0	0	0	0	0	0	1659650520013
2634	746	0	0	0	0	0	0	1659650521033
2627	746	0	0	0	0	0	0	1659650522053
2621	746	0	0	0	0	0	0	1659650523073
2617	746	0	0	0	0	0	0	1659650524093
2615	746	0	0	0	0	0	0	1659650525113
2614	746	0	0	0	0	0	0	1659650526133
2613	746	0	0	0	0	0	0	1659650527153
2612	746	0	0	0	0	0	0	1659650528173
2612	746	0	0	0	0	0	0	1659650529193
2612	746	0	0	0	0	0	0	1659650530213
2611	746	0	0	0	0	0	0	1659650531233
2607	746	0	0	0	0	0	0	1659650532253
2601	746	0	0	0	0	0	0	1659650533273
2594	746	0	0	0	0	0	0	1659650534293
2589	745	0	0	0	0	0	0	1659650535313
2587	743	0	0	0	0	0	0	1659650536333
2585	741	0	0	0	0	0	0	1659650537353
2585	738	0	0	0	0	0	0	1659650538373
2584	735	0	0	0	0	0	0	1659650539393
2584	732	0	0	0	0	0	0	1659650540413
2584	729	0	0	0	0	0	0	1659650541433
2584	726	0	0	0	0	0	0	1659650542453
2584	724	0	0	0	0	0	0	1659650543473
2583	722	0	0	0	0	0	0	1659650544493
2583	721	0	0	0	0	0	0	1659650545513
2581	720	0	0	0	0	0	0	1659650546533
2576	719	0	0	0	0	0	0	1659650547553
2568	719	0	0	0	0	0	0	1659650548573
2563	719	0	0	0	0	0	0	1659650549593
2560	719	0	0	0	0	0	0	1659650550613
2558	719	0	0	0	0	0	0	1659650551633
2556	719	0	0	0	0	0	0	1659650552653
2556	719	0	0	0	0	0	0	1659650553673
2556	719	0	0	0	0	0	0	1659650554693
2556	719	0	0	0	0	0	0	1659650555713
2556	719	0	0	0	0	0	0	1659650556733
2555	719	0	0	0	0	0	0	1659650557753
2555	719	0	0	0	0	0	0	1659650558773
2555	719	0	0	0	0	0	0	1659650559793
2555	719	0	0	0	0	0	0	1659650560813
2554	719	0	0	0	0	0	0	1659650561833
2552	719	0	0	0	0	0	0	1659650562853
2546	719	0	0	0	0	0	0	1659650563873
2539	719	0	0	0	0	0	0	1659650564893
2534	719	0	0	0	0	0	0	1659650565913
2531	719	0	0	0	0	0	0	1659650566933
2529	719	0	0	0	0	0	0	1659650567953
2528	719	0	0	0	0	0	0	1659650568973
2528	719	0	0	0	0	0	0	1659650569993
2528	719	0	0	0	0	0	0	1659650571013
2527	10431	0	0	0	0	0	0	1659650572033
2527	6546	0	0	0	0	0	0	1659650573053
2527	4215	0	0	0	0	0	0	1659650574073
2527	2816	0	0	0	0	0	0	1659650575093
2527	1977	0	0	0	0	0	0	1659650576113
2527	1474	0	0	0	0	0	0	1659650577133
2527	1172	0	0	0	0	0	0	1659650578153
2527	990	0	0	0	0	0	0	1659650579173
2526	881	0	0	0	0	0	0	1659650580193
2522	816	0	0	0	0	0	0	1659650581213
2516	777	0	0	0	0	0	0	1659650582233
2510	753	0	0	0	0	0	0	1659650583253
2505	739	0	0	0	0	0	0	1659650584273
2502	731	0	0	0	0	0	0	1659650585293
2501	726	0	0	0	0	0	0	1659650586313
2500	723	0	0	0	0	0	0	1659650587333
2500	721	0	0	0	0	0	0	1659650588353
2500	720	0	0	0	0	0	0	1659650589373
2500	719	0	0	0	0	0	0	1659650590393
2499	719	0	0	0	0	0	0	1659650591413
2499	719	0	0	0	0	0	0	1659650592433
2499	719	0	0	0	0	0	0	1659650593453
2499	719	0	0	0	0	0	0	1659650594473
2498	718	0	0	0	0	0	0	1659650595493
2498	718	0	0	0	0	0	0	1659650596513
2498	716	0	0	0	0	0	0	1659650597533
2498	715	0	0	0	0	0	0	1659650598553
2498	714	0	0	0	0	0	0	1659650599573
2496	714	0	0	0	0	0	0	1659650600593
2493	714	0	0	0	0	0	0	1659650601613
2485	713	0	0	0	0	0	0	1659650602633
2479	711	0	0	0	0	0	0	1659650603653
2475	709	0	0	0	0	0	0	1659650604673
2473	707	0	0	0	0	0	0	1659650605693
2472	705	0	0	0	0	0	0	1659650606713
2471	703	0	0	0	0	0	0	1659650607733
2471	701	0	0	0	0	0	0	1659650608753
2471	698	0	0	0	0	0	0	1659650609773
2471	698	0	0	0	0	0	0	1659650610793
2471	696	0	0	0	0	0	0	1659650611813
2471	695	0	0	0	0	0	0	1659650612833
2471	694	0	0	0	0	0	0	1659650613853
2471	693	0	0	0	0	0	0	1659650614873
2470	692	0	0	0	0	0	0	1659650615893
2470	692	0	0	0	0	0	0	1659650616913
2470	692	0	0	0	0	0	0	1659650617933
2470	691	0	0	0	0	0	0	1659650618953
2470	691	0	0	0	0	0	0	1659650619973
2470	691	0	0	0	0	0	0	1659650620993
2470	691	0	0	0	0	0	0	1659650622013
2468	691	0	0	0	0	0	0	1659650623033
2463	691	0	0	0	0	0	0	1659650624053
2456	691	0	0	0	0	0	0	1659650625073
2451	691	0	0	0	0	0	0	1659650626093
2448	691	0	0	0	0	0	0	1659650627113
2446	691	0	0	0	0	0	0	1659650628133
2445	691	0	0	0	0	0	0	1659650629153
2444	691	0	0	0	0	0	0	1659650630173
2444	691	0	0	0	0	0	0	1659650631193
2444	691	0	0	0	0	0	0	1659650632213
2443	691	0	0	0	0	0	0	1659650633233
2443	691	0	0	0	0	0	0	1659650634253
2443	691	0	0	0	0	0	0	1659650635273
2443	691	0	0	0	0	0	0	1659650636293
2443	691	0	0	0	0	0	0	1659650637313
2443	691	0	0	0	0	0	0	1659650638333
2443	691	0	0	0	0	0	0	1659650639353
2443	691	0	0	0	0	0	0	1659650640373
2442	691	0	0	0	0	0	0	1659650641393
2442	691	0	0	0	0	0	0	1659650642413
2443	691	0	0	0	0	0	0	1659650643433
2443	691	0	0	0	0	0	0	1659650644453
2442	691	0	0	0	0	0	0	1659650645473
2440	691	0	0	0	0	0	0	1659650646493
2437	691	0	0	0	0	0	0	1659650647513
2434	691	0	0	0	0	0	0	1659650648533
2447	691	0	0	0	0	0	0	1659650649553
2435	691	0	0	0	0	0	0	1659650650573
2427	691	0	0	0	0	0	0	1659650651593
2422	691	0	0	0	0	0	0	1659650652613
2419	691	0	0	0	0	0	0	1659650653633
2417	691	0	0	0	0	0	0	1659650654653
2416	691	0	0	0	0	0	0	1659650655673
2415	691	0	0	0	0	0	0	1659650656693
2415	691	0	0	0	0	0	0	1659650657713
2415	691	0	0	0	0	0	0	1659650658733
2415	691	0	0	0	0	0	0	1659650659753
2414	691	0	0	0	0	0	0	1659650660773
2414	691	0	0	0	0	0	0	1659650661793
2414	691	0	0	0	0	0	0	1659650662813
2414	691	0	0	0	0	0	0	1659650663833
2414	691	0	0	0	0	0	0	1659650664853
2414	691	0	0	0	0	0	0	1659650665873
2414	691	0	0	0	0	0	0	1659650666893
2414	691	0	0	0	0	0	0	1659650667913
2414	691	0	0	0	0	0	0	1659650668933
2414	691	0	0	0	0	0	0	1659650669953
2414	691	0	0	0	0	0	0	1659650670973
2413	691	0	0	0	0	0	0	1659650671993
2413	691	0	0	0	0	0	0	1659650673013
2409	691	0	0	0	0	0	0	1659650674033
2404	691	0	0	0	0	0	0	1659650675053
2398	691	0	0	0	0	0	0	1659650676073
2394	691	0	0	0	0	0	0	1659650677093
2391	691	0	0	0	0	0	0	1659650678113
2389	691	0	0	0	0	0	0	1659650679133
2388	691	0	0	0	0	0	0	1659650680153
2387	691	0	0	0	0	0	0	1659650681173
2387	691	0	0	0	0	0	0	1659650682193
2386	691	0	0	0	0	0	0	1659650683213
2386	691	0	0	0	0	0	0	1659650684233
2386	691	0	0	0	0	0	0	1659650685253
2386	691	0	0	0	0	0	0	1659650686273
2386	691	0	0	0	0	0	0	1659650687293
2386	691	0	0	0	0	0	0	1659650688313
2386	691	0	0	0	0	0	0	1659650689333
2386	691	0	0	0	0	0	0	1659650690353
2386	691	0	0	0	0	0	0	1659650691373
2386	691	0	0	0	0	0	0	1659650692393
2386	691	0	0	0	0	0	0	1659650693413
2386	691	0	0	0	0	0	0	1659650694433
2386	691	0	0	0	0	0	0	1659650695453
2386	691	0	0	0	0	0	0	1659650696473
2386	691	0	0	0	0	0	0	1659650697493
2386	691	0	0	0	0	0	0	1659650698513
2386	691	0	0	0	0	0	0	1659650699533
2385	691	0	0	0	0	0	0	1659650700553
2381	691	0	0	0	0	0	0	1659650701573
2376	691	0	0	0	0	0	0	1659650702593
2370	691	0	0	0	0	0	0	1659650703613
2366	691	0	0	0	0	0	0	1659650704633
2363	691	0	0	0	0	0	0	1659650705653
2361	691	0	0	0	0	0	0	1659650706673
2360	691	0	0	0	0	0	0	1659650707693
2359	690	0	0	0	0	0	0	1659650708713
2359	689	0	0	0	0	0	0	1659650709733
2358	683	0	0	0	0	0	0	1659650710753
2358	677	0	0	0	0	0	0	1659650711773
2358	673	0	0	0	0	0	0	1659650712793
2355	669	0	0	0	0	0	0	1659650713813
2346	666	0	0	0	0	0	0	1659650714833
2340	665	0	0	0	0	0	0	1659650715853
2336	664	0	0	0	0	0	0	1659650716873
2334	663	0	0	0	0	0	0	1659650717893
2332	663	0	0	0	0	0	0	1659650718913
2331	663	0	0	0	0	0	0	1659650719933
2331	663	0	0	0	0	0	0	1659650720953
2331	663	0	0	0	0	0	0	1659650721973
2331	663	0	0	0	0	0	0	1659650722993
2330	663	0	0	0	0	0	0	1659650724013
2330	663	0	0	0	0	0	0	1659650725033
2330	663	0	0	0	0	0	0	1659650726053
2330	663	0	0	0	0	0	0	1659650727073
2330	663	0	0	0	0	0	0	1659650728093
2330	663	0	0	0	0	0	0	1659650729113
2330	663	0	0	0	0	0	0	1659650730133
2330	663	0	0	0	0	0	0	1659650731153
2329	663	0	0	0	0	0	0	1659650732173
2324	663	0	0	0	0	0	0	1659650733193
2319	663	0	0	0	0	0	0	1659650734213
2313	663	0	0	0	0	0	0	1659650735233
2310	663	0	0	0	0	0	0	1659650736253
2307	663	0	0	0	0	0	0	1659650737273
2305	663	0	0	0	0	0	0	1659650738293
2304	663	0	0	0	0	0	0	1659650739313
2303	663	0	0	0	0	0	0	1659650740333
2303	663	0	0	0	0	0	0	1659650741353
2302	663	0	0	0	0	0	0	1659650742373
2302	663	0	0	0	0	0	0	1659650743393
2302	663	0	0	0	0	0	0	1659650744413
2302	663	0	0	0	0	0	0	1659650745433
2302	663	0	0	0	0	0	0	1659650746453
2302	663	0	0	0	0	0	0	1659650747473
2302	663	0	0	0	0	0	0	1659650748493
2302	663	0	0	0	0	0	0	1659650749513
2302	663	0	0	0	0	0	0	1659650750533
2302	663	0	0	0	0	0	0	1659650751553
2302	663	0	0	0	0	0	0	1659650752573
2302	663	0	0	0	0	0	0	1659650753593
2302	663	0	0	0	0	0	0	1659650754613
2302	663	0	0	0	0	0	0	1659650755633
2302	663	0	0	0	0	0	0	1659650756653
2302	10397	0	0	0	0	0	0	1659650757673
2302	6503	0	0	0	0	0	0	1659650758693
2302	4167	0	0	0	0	0	0	1659650759713
2302	2765	0	0	0	0	0	0	1659650760733
2302	1924	0	0	0	0	0	0	1659650761753
2302	1419	0	0	0	0	0	0	1659650762773
2300	1116	0	0	0	0	0	0	1659650763793
2298	935	0	0	0	0	0	0	1659650764813
2294	826	0	0	0	0	0	0	1659650765833
2292	761	0	0	0	0	0	0	1659650766853
2288	722	0	0	0	0	0	0	1659650767873
2284	698	0	0	0	0	0	0	1659650768893
2280	684	0	0	0	0	0	0	1659650769913
2277	675	0	0	0	0	0	0	1659650770933
2276	670	0	0	0	0	0	0	1659650771953
2275	667	0	0	0	0	0	0	1659650772973
2274	665	0	0	0	0	0	0	1659650773993
2274	664	0	0	0	0	0	0	1659650775013
2274	663	0	0	0	0	0	0	1659650776033
2274	663	0	0	0	0	0	0	1659650777053
2274	663	0	0	0	0	0	0	1659650778073
2274	663	0	0	0	0	0	0	1659650779093
2274	663	0	0	0	0	0	0	1659650780113
2274	663	0	0	0	0	0	0	1659650781133
2274	663	0	0	0	0	0	0	1659650782153
2274	663	0	0	0	0	0	0	1659650783173
2274	663	0	0	0	0	0	0	1659650784193
2274	663	0	0	0	0	0	0	1659650785213
2274	663	0	0	0	0	0	0	1659650786233
2274	663	0	0	0	0	0	0	1659650787253
2274	663	0	0	0	0	0	0	1659650788273
2274	663	0	0	0	0	0	0	1659650789293
2274	663	0	0	0	0	0	0	1659650790313
2274	663	0	0	0	0	0	0	1659650791333
2274	663	0	0	0	0	0	0	1659650792353
2274	663	0	0	0	0	0	0	1659650793373
2274	663	0	0	0	0	0	0	1659650794393
2274	663	0	0	0	0	0	0	1659650795413
2273	663	0	0	0	0	0	0	1659650796433
2273	663	0	0	0	0	0	0	1659650797453
2271	663	0	0	0	0	0	0	1659650798473
2270	663	0	0	0	0	0	0	1659650799493
2268	663	0	0	0	0	0	0	1659650800513
2264	663	0	0	0	0	0	0	1659650801533
2260	663	0	0	0	0	0	0	1659650802553
2255	663	0	0	0	0	0	0	1659650803573
2252	663	0	0	0	0	0	0	1659650804593
2250	663	0	0	0	0	0	0	1659650805613
2248	663	0	0	0	0	0	0	1659650806633
2247	663	0	0	0	0	0	0	1659650807653
2246	663	0	0	0	0	0	0	1659650808673
2246	663	0	0	0	0	0	0	1659650809693
2246	663	0	0	0	0	0	0	1659650810713
2246	663	0	0	0	0	0	0	1659650811733
2246	663	0	0	0	0	0	0	1659650812753
2246	662	0	0	0	0	0	0	1659650813773
2246	662	0	0	0	0	0	0	1659650814793
2246	662	0	0	0	0	0	0	1659650815813
2246	662	0	0	0	0	0	0	1659650816833
2246	662	0	0	0	0	0	0	1659650817853
2246	662	0	0	0	0	0	0	1659650818873
2246	662	0	0	0	0	0	0	1659650819893
2246	662	0	0	0	0	0	0	1659650820913
2246	661	0	0	0	0	0	0	1659650821933
2246	662	0	0	0	0	0	0	1659650822953
2246	662	0	0	0	0	0	0	1659650823973
2246	662	0	0	0	0	0	0	1659650824993
2246	662	0	0	0	0	0	0	1659650826013
2246	662	0	0	0	0	0	0	1659650827033
2246	661	0	0	0	0	0	0	1659650828053
2246	660	0	0	0	0	0	0	1659650829073
2246	660	0	0	0	0	0	0	1659650830093
2246	660	0	0	0	0	0	0	1659650831113
2246	659	0	0	0	0	0	0	1659650832133
2246	660	0	0	0	0	0	0	1659650833153
2246	660	0	0	0	0	0	0	1659650834173
2245	660	0	0	0	0	0	0	1659650835193
2244	660	0	0	0	0	0	0	1659650836213
2243	660	0	0	0	0	0	0	1659650837233
2242	660	0	0	0	0	0	0	1659650838253
2240	660	0	0	0	0	0	0	1659650839273
2235	659	0	0	0	0	0	0	1659650840293
2232	658	0	0	0	0	0	0	1659650841313
2229	658	0	0	0	0	0	0	1659650842333
2225	658	0	0	0	0	0	0	1659650843353
2223	658	0	0	0	0	0	0	1659650844373
2221	658	0	0	0	0	0	0	1659650845393
2220	657	0	0	0	0	0	0	1659650846413
2219	657	0	0	0	0	0	0	1659650847433
2219	656	0	0	0	0	0	0	1659650848453
2219	655	0	0	0	0	0	0	1659650849473
2218	652	0	0	0	0	0	0	1659650850493
2218	651	0	0	0	0	0	0	1659650851513
2218	650	0	0	0	0	0	0	1659650852533
2218	650	0	0	0	0	0	0	1659650853553
2218	648	0	0	0	0	0	0	1659650854573
2218	649	0	0	0	0	0	0	1659650855593
2218	650	0	0	0	0	0	0	1659650856613
2218	648	0	0	0	0	0	0	1659650857633
2218	650	0	0	0	0	0	0	1659650858653
2218	650	0	0	0	0	0	0	1659650859673
2218	649	0	0	0	0	0	0	1659650860693
2218	649	0	0	0	0	0	0	1659650861713
2218	648	0	0	0	0	0	0	1659650862733
2218	647	0	0	0	0	0	0	1659650863753
2218	645	0	0	0	0	0	0	1659650864773
2218	645	0	0	0	0	0	0	1659650865793
2218	644	0	0	0	0	0	0	1659650866813
2218	644	0	0	0	0	0	0	1659650867833
2218	645	0	0	0	0	0	0	1659650868853
2218	644	0	0	0	0	0	0	1659650869873
2218	643	0	0	0	0	0	0	1659650870893
2218	643	0	0	0	0	0	0	1659650871913
2218	643	0	0	0	0	0	0	1659650872933
2218	642	0	0	0	0	0	0	1659650873953
2218	642	0	0	0	0	0	0	1659650874973
2218	642	0	0	0	0	0	0	1659650875993
2218	641	0	0	0	0	0	0	1659650877013
2218	640	0	0	0	0	0	0	1659650878033
2218	640	0	0	0	0	0	0	1659650879053
2218	641	0	0	0	0	0	0	1659650880073
2218	640	0	0	0	0	0	0	1659650881093
2217	638	0	0	0	0	0	0	1659650882113
2214	637	0	0	0	0	0	0	1659650883133
2212	637	0	0	0	0	0	0	1659650884153
2211	636	0	0	0	0	0	0	1659650885173
2209	636	0	0	0	0	0	0	1659650886193
2207	636	0	0	0	0	0	0	1659650887213
2206	636	0	0	0	0	0	0	1659650888233
2202	636	0	0	0	0	0	0	1659650889253
2199	636	0	0	0	0	0	0	1659650890273
2196	636	0	0	0	0	0	0	1659650891293
2194	636	0	0	0	0	0	0	1659650892313
2192	636	0	0	0	0	0	0	1659650893333
2191	636	0	0	0	0	0	0	1659650894353
2191	636	0	0	0	0	0	0	1659650895373
2191	636	0	0	0	0	0	0	1659650896393
2191	636	0	0	0	0	0	0	1659650897413
2191	636	0	0	0	0	0	0	1659650898433
2190	636	0	0	0	0	0	0	1659650899453
2190	636	0	0	0	0	0	0	1659650900473
2190	636	0	0	0	0	0	0	1659650901493
2190	636	0	0	0	0	0	0	1659650902513
2190	636	0	0	0	0	0	0	1659650903533
2190	636	0	0	0	0	0	0	1659650904553
2190	636	0	0	0	0	0	0	1659650905573
2190	636	0	0	0	0	0	0	1659650906593
2190	636	0	0	0	0	0	0	1659650907613
2190	636	0	0	0	0	0	0	1659650908633
2190	636	0	0	0	0	0	0	1659650909653
2190	636	0	0	0	0	0	0	1659650910673
2190	635	0	0	0	0	0	0	1659650911693
2190	635	0	0	0	0	0	0	1659650912713
2190	635	0	0	0	0	0	0	1659650913733
2190	635	0	0	0	0	0	0	1659650914753
2190	635	0	0	0	0	0	0	1659650915773
2190	635	0	0	0	0	0	0	1659650916793
2190	635	0	0	0	0	0	0	1659650917813
2190	635	0	0	0	0	0	0	1659650918833
2190	635	0	0	0	0	0	0	1659650919853
2190	635	0	0	0	0	0	0	1659650920873
2190	635	0	0	0	0	0	0	1659650921893
2190	635	0	0	0	0	0	0	1659650922913
2190	635	0	0	0	0	0	0	1659650923933
2190	635	0	0	0	0	0	0	1659650924953
2190	635	0	0	0	0	0	0	1659650925973
2190	635	0	0	0	0	0	0	1659650926993
2190	635	0	0	0	0	0	0	1659650928013
2190	635	0	0	0	0	0	0	1659650929033
2190	635	0	0	0	0	0	0	1659650930053
2190	635	0	0	0	0	0	0	1659650931073
2190	635	0	0	0	0	0	0	1659650932093
2190	635	0	0	0	0	0	0	1659650933113
2190	635	0	0	0	0	0	0	1659650934133
2189	635	0	0	0	0	0	0	1659650935153
2189	635	0	0	0	0	0	0	1659650936173
2188	635	0	0	0	0	0	0	1659650937193
2186	635	0	0	0	0	0	0	1659650938213
2185	635	0	0	0	0	0	0	1659650939233
2183	635	0	0	0	0	0	0	1659650940253
2194	635	0	0	0	0	0	0	1659650941273
2185	635	0	0	0	0	0	0	1659650942293
2179	635	0	0	0	0	0	0	1659650943313
2174	635	0	0	0	0	0	0	1659650944333
2170	635	0	0	0	0	0	0	1659650945353
2167	635	0	0	0	0	0	0	1659650946373
2165	635	0	0	0	0	0	0	1659650947393
2164	635	0	0	0	0	0	0	1659650948413
2164	635	0	0	0	0	0	0	1659650949433
2163	635	0	0	0	0	0	0	1659650950453
2163	635	0	0	0	0	0	0	1659650951473
2163	635	0	0	0	0	0	0	1659650952493
2162	635	0	0	0	0	0	0	1659650953513
2162	635	0	0	0	0	0	0	1659650954533
2162	635	0	0	0	0	0	0	1659650955553
2162	635	0	0	0	0	0	0	1659650956573
2162	635	0	0	0	0	0	0	1659650957593
2162	635	0	0	0	0	0	0	1659650958613
2162	635	0	0	0	0	0	0	1659650959633
2162	635	0	0	0	0	0	0	1659650960653
2162	635	0	0	0	0	0	0	1659650961673
2162	635	0	0	0	0	0	0	1659650962693
2162	635	0	0	0	0	0	0	1659650963713
2162	635	0	0	0	0	0	0	1659650964733
2162	635	0	0	0	0	0	0	1659650965753
2162	635	0	0	0	0	0	0	1659650966773
2162	635	0	0	0	0	0	0	1659650967793
2162	635	0	0	0	0	0	0	1659650968813
2162	635	0	0	0	0	0	0	1659650969833
2162	635	0	0	0	0	0	0	1659650970853
2162	635	0	0	0	0	0	0	1659650971873
2162	635	0	0	0	0	0	0	1659650972893
2162	635	0	0	0	0	0	0	1659650973913
2162	635	0	0	0	0	0	0	1659650974933
2162	635	0	0	0	0	0	0	1659650975953
2162	635	0	0	0	0	0	0	1659650976973
2162	635	0	0	0	0	0	0	1659650977993
2162	635	0	0	0	0	0	0	1659650979013
2162	635	0	0	0	0	0	0	1659650980033
2162	635	0	0	0	0	0	0	1659650981053
2162	635	0	0	0	0	0	0	1659650982073
2162	635	0	0	0	0	0	0	1659650983093
2162	635	0	0	0	0	0	0	1659650984113
2162	635	0	0	0	0	0	0	1659650985133
2162	635	0	0	0	0	0	0	1659650986153
2162	635	0	0	0	0	0	0	1659650987173
2162	635	0	0	0	0	0	0	1659650988193
2162	635	0	0	0	0	0	0	1659650989213
2162	635	0	0	0	0	0	0	1659650990233
2162	635	0	0	0	0	0	0	1659650991253
2162	635	0	0	0	0	0	0	1659650992273
2162	635	0	0	0	0	0	0	1659650993293
2161	635	0	0	0	0	0	0	1659650994313
2161	635	0	0	0	0	0	0	1659650995333
2159	635	0	0	0	0	0	0	1659650996353
2159	635	0	0	0	0	0	0	1659650997373
2157	635	0	0	0	0	0	0	1659650998393
2153	635	0	0	0	0	0	0	1659650999413
2152	635	0	0	0	0	0	0	1659651000433
2150	635	0	0	0	0	0	0	1659651001453
2148	635	0	0	0	0	0	0	1659651002473
2145	635	0	0	0	0	0	0	1659651003493
2142	635	0	0	0	0	0	0	1659651004513
2140	635	0	0	0	0	0	0	1659651005533
2139	635	0	0	0	0	0	0	1659651006553
2138	635	0	0	0	0	0	0	1659651007573
2137	635	0	0	0	0	0	0	1659651008593
2136	635	0	0	0	0	0	0	1659651009613
2135	635	0	0	0	0	0	0	1659651010633
2135	635	0	0	0	0	0	0	1659651011653
2135	635	0	0	0	0	0	0	1659651012673
2135	635	0	0	0	0	0	0	1659651013693
2135	635	0	0	0	0	0	0	1659651014713
2135	635	0	0	0	0	0	0	1659651015733
2135	635	0	0	0	0	0	0	1659651016753
2135	635	0	0	0	0	0	0	1659651017773
2134	635	0	0	0	0	0	0	1659651018793
2134	635	0	0	0	0	0	0	1659651019813
2134	635	0	0	0	0	0	0	1659651020833
2134	635	0	0	0	0	0	0	1659651021853
2134	635	0	0	0	0	0	0	1659651022873
2134	635	0	0	0	0	0	0	1659651023893
2134	635	0	0	0	0	0	0	1659651024913
2134	635	0	0	0	0	0	0	1659651025933
2134	635	0	0	0	0	0	0	1659651026953
2134	635	0	0	0	0	0	0	1659651027973
2134	635	0	0	0	0	0	0	1659651028993
2134	635	0	0	0	0	0	0	1659651030013
2134	635	0	0	0	0	0	0	1659651031033
2134	635	0	0	0	0	0	0	1659651032053
2134	635	0	0	0	0	0	0	1659651033073
2134	635	0	0	0	0	0	0	1659651034093
2134	635	0	0	0	0	0	0	1659651035113
2134	635	0	0	0	0	0	0	1659651036133
2134	635	0	0	0	0	0	0	1659651037153
2134	635	0	0	0	0	0	0	1659651038173
2134	635	0	0	0	0	0	0	1659651039193
2134	635	0	0	0	0	0	0	1659651040213
2134	635	0	0	0	0	0	0	1659651041233
2134	635	0	0	0	0	0	0	1659651042253
2134	635	0	0	0	0	0	0	1659651043273
2134	635	0	0	0	0	0	0	1659651044293
2134	635	0	0	0	0	0	0	1659651045313
2134	635	0	0	0	0	0	0	1659651046333
2134	635	0	0	0	0	0	0	1659651047353
2134	635	0	0	0	0	0	0	1659651048373
2134	635	0	0	0	0	0	0	1659651049393
2134	635	0	0	0	0	0	0	1659651050413
2134	635	0	0	0	0	0	0	1659651051433
2134	635	0	0	0	0	0	0	1659651052453
2134	635	0	0	0	0	0	0	1659651053473
2134	635	0	0	0	0	0	0	1659651054493
2134	635	0	0	0	0	0	0	1659651055513
2134	635	0	0	0	0	0	0	1659651056533
2134	635	0	0	0	0	0	0	1659651057553
2134	635	0	0	0	0	0	0	1659651058573
2134	635	0	0	0	0	0	0	1659651059593
2134	635	0	0	0	0	0	0	1659651060613
2134	635	0	0	0	0	0	0	1659651061633
2133	635	0	0	0	0	0	0	1659651062653
2133	635	0	0	0	0	0	0	1659651063673
2133	635	0	0	0	0	0	0	1659651064693
2133	635	0	0	0	0	0	0	1659651065713
2133	635	0	0	0	0	0	0	1659651066733
2133	635	0	0	0	0	0	0	1659651067753
2131	635	0	0	0	0	0	0	1659651068773
2130	635	0	0	0	0	0	0	1659651069793
2130	635	0	0	0	0	0	0	1659651070813
2128	635	0	0	0	0	0	0	1659651071833
2128	635	0	0	0	0	0	0	1659651072853
2125	635	0	0	0	0	0	0	1659651073873
2125	635	0	0	0	0	0	0	1659651074893
2121	635	0	0	0	0	0	0	1659651075913
2118	635	0	0	0	0	0	0	1659651076933
2114	635	0	0	0	0	0	0	1659651077953
2112	635	0	0	0	0	0	0	1659651078973
2110	635	0	0	0	0	0	0	1659651079993
2109	635	0	0	0	0	0	0	1659651081013
2108	635	0	0	0	0	0	0	1659651082033
2107	635	0	0	0	0	0	0	1659651083053
2107	635	0	0	0	0	0	0	1659651084073
2107	635	0	0	0	0	0	0	1659651085093
2106	635	0	0	0	0	0	0	1659651086113
2106	635	0	0	0	0	0	0	1659651087133
2106	635	0	0	0	0	0	0	1659651088153
2106	635	0	0	0	0	0	0	1659651089173
2106	635	0	0	0	0	0	0	1659651090193
2106	635	0	0	0	0	0	0	1659651091213
2106	635	0	0	0	0	0	0	1659651092233
2106	635	0	0	0	0	0	0	1659651093253
2106	635	0	0	0	0	0	0	1659651094273
2106	635	0	0	0	0	0	0	1659651095293
2106	635	0	0	0	0	0	0	1659651096313
2106	635	0	0	0	0	0	0	1659651097333
2106	635	0	0	0	0	0	0	1659651098353
2106	635	0	0	0	0	0	0	1659651099373
2106	635	0	0	0	0	0	0	1659651100393
2106	635	0	0	0	0	0	0	1659651101413
2106	635	0	0	0	0	0	0	1659651102433
2106	635	0	0	0	0	0	0	1659651103453
2106	635	0	0	0	0	0	0	1659651104473
2106	635	0	0	0	0	0	0	1659651105493
2106	635	0	0	0	0	0	0	1659651106513
2106	635	0	0	0	0	0	0	1659651107533
2106	635	0	0	0	0	0	0	1659651108553
2106	635	0	0	0	0	0	0	1659651109573
2106	635	0	0	0	0	0	0	1659651110593
2106	635	0	0	0	0	0	0	1659651111613
2106	635	0	0	0	0	0	0	1659651112633
2106	635	0	0	0	0	0	0	1659651113653
2106	635	0	0	0	0	0	0	1659651114673
2106	635	0	0	0	0	0	0	1659651115693
2106	635	0	0	0	0	0	0	1659651116713
2106	635	0	0	0	0	0	0	1659651117733
2106	635	0	0	0	0	0	0	1659651118753
2106	635	0	0	0	0	0	0	1659651119773
2106	635	0	0	0	0	0	0	1659651120793
2106	635	0	0	0	0	0	0	1659651121813
2106	635	0	0	0	0	0	0	1659651122833
2106	635	0	0	0	0	0	0	1659651123853
2106	635	0	0	0	0	0	0	1659651124873
2106	635	0	0	0	0	0	0	1659651125893
2106	635	0	0	0	0	0	0	1659651126913
2106	635	0	0	0	0	0	0	1659651127933
2106	635	0	0	0	0	0	0	1659651128953
2106	635	0	0	0	0	0	0	1659651129973
2106	635	0	0	0	0	0	0	1659651130993
2106	635	0	0	0	0	0	0	1659651132013
2106	635	0	0	0	0	0	0	1659651133033
2106	635	0	0	0	0	0	0	1659651134053
2106	635	0	0	0	0	0	0	1659651135073
2106	635	0	0	0	0	0	0	1659651136093
2106	635	0	0	0	0	0	0	1659651137113
2106	635	0	0	0	0	0	0	1659651138133
2106	635	0	0	0	0	0	0	1659651139153
2106	635	0	0	0	0	0	0	1659651140173
2106	635	0	0	0	0	0	0	1659651141193
2106	635	0	0	0	0	0	0	1659651142213
2106	635	0	0	0	0	0	0	1659651143233
2106	635	0	0	0	0	0	0	1659651144253
2106	635	0	0	0	0	0	0	1659651145273
2106	635	0	0	0	0	0	0	1659651146293
2106	635	0	0	0	0	0	0	1659651147313
2106	635	0	0	0	0	0	0	1659651148333
2106	635	0	0	0	0	0	0	1659651149353
2106	635	0	0	0	0	0	0	1659651150373
2106	635	0	0	0	0	0	0	1659651151393
2106	635	0	0	0	0	0	0	1659651152413
2106	635	0	0	0	0	0	0	1659651153433
2106	635	0	0	0	0	0	0	1659651154453
2106	635	0	0	0	0	0	0	1659651155473
2105	635	0	0	0	0	0	0	1659651156493
2105	635	0	0	0	0	0	0	1659651157513
2104	635	0	0	0	0	0	0	1659651158533
2105	635	0	0	0	0	0	0	1659651159553
2104	635	0	0	0	0	0	0	1659651160573
2103	635	0	0	0	0	0	0	1659651161593
2103	635	0	0	0	0	0	0	1659651162613
2101	635	0	0	0	0	0	0	1659651163633
2099	635	0	0	0	0	0	0	1659651164653
2098	635	0	0	0	0	0	0	1659651165673
2095	635	0	0	0	0	0	0	1659651166693
2091	635	0	0	0	0	0	0	1659651167713
2088	635	0	0	0	0	0	0	1659651168733
2085	635	0	0	0	0	0	0	1659651169753
2083	635	0	0	0	0	0	0	1659651170773
2081	635	0	0	0	0	0	0	1659651171793
2080	635	0	0	0	0	0	0	1659651172813
2080	635	0	0	0	0	0	0	1659651173833
2079	635	0	0	0	0	0	0	1659651174853
2079	635	0	0	0	0	0	0	1659651175873
2079	635	0	0	0	0	0	0	1659651176893
2079	635	0	0	0	0	0	0	1659651177913
2079	635	0	0	0	0	0	0	1659651178933
2079	635	0	0	0	0	0	0	1659651179953
2079	635	0	0	0	0	0	0	1659651180973
2079	635	0	0	0	0	0	0	1659651181993
2079	635	0	0	0	0	0	0	1659651183013
2079	635	0	0	0	0	0	0	1659651184033
2079	635	0	0	0	0	0	0	1659651185053
2079	635	0	0	0	0	0	0	1659651186073
2079	635	0	0	0	0	0	0	1659651187093
2079	635	0	0	0	0	0	0	1659651188113
2079	635	0	0	0	0	0	0	1659651189133
2079	635	0	0	0	0	0	0	1659651190153
2079	635	0	0	0	0	0	0	1659651191173
2079	635	0	0	0	0	0	0	1659651192193
2079	635	0	0	0	0	0	0	1659651193213
2079	635	0	0	0	0	0	0	1659651194233
2079	635	0	0	0	0	0	0	1659651195253
2079	635	0	0	0	0	0	0	1659651196273
2078	635	0	0	0	0	0	0	1659651197293
2078	635	0	0	0	0	0	0	1659651198313
2078	635	0	0	0	0	0	0	1659651199333
2078	635	0	0	0	0	0	0	1659651200353
2078	635	0	0	0	0	0	0	1659651201373
2078	635	0	0	0	0	0	0	1659651202393
2078	635	0	0	0	0	0	0	1659651203413
2078	635	0	0	0	0	0	0	1659651204433
2078	635	0	0	0	0	0	0	1659651205453
2078	635	0	0	0	0	0	0	1659651206473
2078	635	0	0	0	0	0	0	1659651207493
2078	635	0	0	0	0	0	0	1659651208513
2078	635	0	0	0	0	0	0	1659651209533
2078	635	0	0	0	0	0	0	1659651210553
2078	635	0	0	0	0	0	0	1659651211573
2078	635	0	0	0	0	0	0	1659651212593
2078	635	0	0	0	0	0	0	1659651213613
2078	635	0	0	0	0	0	0	1659651214633
2078	635	0	0	0	0	0	0	1659651215653
2078	635	0	0	0	0	0	0	1659651216673
2078	635	0	0	0	0	0	0	1659651217693
2078	635	0	0	0	0	0	0	1659651218713
2078	635	0	0	0	0	0	0	1659651219733
2078	635	0	0	0	0	0	0	1659651220753
2078	635	0	0	0	0	0	0	1659651221773
2078	635	0	0	0	0	0	0	1659651222793
2078	635	0	0	0	0	0	0	1659651223813
2078	635	0	0	0	0	0	0	1659651224833
2078	635	0	0	0	0	0	0	1659651225853
2078	635	0	0	0	0	0	0	1659651226873
2078	635	0	0	0	0	0	0	1659651227893
2078	635	0	0	0	0	0	0	1659651228913
2078	635	0	0	0	0	0	0	1659651229933
2078	635	0	0	0	0	0	0	1659651230953
2078	635	0	0	0	0	0	0	1659651231973
2078	635	0	0	0	0	0	0	1659651232993
2078	635	0	0	0	0	0	0	1659651234013
2078	635	0	0	0	0	0	0	1659651235033
2078	635	0	0	0	0	0	0	1659651236053
2078	635	0	0	0	0	0	0	1659651237073
2078	635	0	0	0	0	0	0	1659651238093
2078	635	0	0	0	0	0	0	1659651239113
2078	635	0	0	0	0	0	0	1659651240133
2078	635	0	0	0	0	0	0	1659651241153
2078	635	0	0	0	0	0	0	1659651242173
2078	635	0	0	0	0	0	0	1659651243193
2078	635	0	0	0	0	0	0	1659651244213
2078	635	0	0	0	0	0	0	1659651245233
2078	635	0	0	0	0	0	0	1659651246253
2077	635	0	0	0	0	0	0	1659651247273
2077	635	0	0	0	0	0	0	1659651248293
2077	635	0	0	0	0	0	0	1659651249313
2077	635	0	0	0	0	0	0	1659651250333
2076	635	0	0	0	0	0	0	1659651251353
2075	635	0	0	0	0	0	0	1659651252373
2073	635	0	0	0	0	0	0	1659651253393
2072	635	0	0	0	0	0	0	1659651254413
2070	635	0	0	0	0	0	0	1659651255433
2068	635	0	0	0	0	0	0	1659651256453
2065	635	0	0	0	0	0	0	1659651257473
2062	635	0	0	0	0	0	0	1659651258493
2059	635	0	0	0	0	0	0	1659651259513
2058	635	0	0	0	0	0	0	1659651260533
2056	635	0	0	0	0	0	0	1659651261553
2056	635	0	0	0	0	0	0	1659651262573
2055	635	0	0	0	0	0	0	1659651263593
2054	635	0	0	0	0	0	0	1659651264613
2053	635	0	0	0	0	0	0	1659651265633
2052	635	0	0	0	0	0	0	1659651266653
2052	635	0	0	0	0	0	0	1659651267673
2052	635	0	0	0	0	0	0	1659651268693
2051	635	0	0	0	0	0	0	1659651269713
2051	635	0	0	0	0	0	0	1659651270733
2051	635	0	0	0	0	0	0	1659651271753
2051	635	0	0	0	0	0	0	1659651272773
2051	635	0	0	0	0	0	0	1659651273793
2051	635	0	0	0	0	0	0	1659651274813
2051	635	0	0	0	0	0	0	1659651275833
2051	635	0	0	0	0	0	0	1659651276853
2051	635	0	0	0	0	0	0	1659651277873
2050	635	0	0	0	0	0	0	1659651278893
2050	635	0	0	0	0	0	0	1659651279913
2050	635	0	0	0	0	0	0	1659651280933
2050	643	0	0	0	0	0	0	1659651281953
2050	651	0	0	0	0	0	0	1659651282973
2050	656	0	0	0	0	0	0	1659651283993
2050	659	0	0	0	0	0	0	1659651285013
2050	660	0	0	0	0	0	0	1659651286033
2050	661	0	0	0	0	0	0	1659651287053
2050	662	0	0	0	0	0	0	1659651288073
2050	662	0	0	0	0	0	0	1659651289093
2050	662	0	0	0	0	0	0	1659651290113
2050	662	0	0	0	0	0	0	1659651291133
2050	662	0	0	0	0	0	0	1659651292153
2050	662	0	0	0	0	0	0	1659651293173
2050	662	0	0	0	0	0	0	1659651294193
2050	662	0	0	0	0	0	0	1659651295213
2050	662	0	0	0	0	0	0	1659651296233
2050	662	0	0	0	0	0	0	1659651297253
2050	662	0	0	0	0	0	0	1659651298273
2050	662	0	0	0	0	0	0	1659651299293
2050	662	0	0	0	0	0	0	1659651300313
2050	662	0	0	0	0	0	0	1659651301333
2050	662	0	0	0	0	0	0	1659651302353
2050	662	0	0	0	0	0	0	1659651303373
2050	662	0	0	0	0	0	0	1659651304393
2050	662	0	0	0	0	0	0	1659651305413
2050	662	0	0	0	0	0	0	1659651306433
2050	662	0	0	0	0	0	0	1659651307453
2050	662	0	0	0	0	0	0	1659651308473
2050	662	0	0	0	0	0	0	1659651309493
2050	662	0	0	0	0	0	0	1659651310513
2050	662	0	0	0	0	0	0	1659651311533
2050	662	0	0	0	0	0	0	1659651312553
2050	662	0	0	0	0	0	0	1659651313573
2050	662	0	0	0	0	0	0	1659651314593
2050	662	0	0	0	0	0	0	1659651315613
2050	662	0	0	0	0	0	0	1659651316633
2050	662	0	0	0	0	0	0	1659651317653
2050	662	0	0	0	0	0	0	1659651318673
2050	662	0	0	0	0	0	0	1659651319693
2050	662	0	0	0	0	0	0	1659651320713
2050	662	0	0	0	0	0	0	1659651321733
2050	662	0	0	0	0	0	0	1659651322753
2050	662	0	0	0	0	0	0	1659651323773
2050	662	0	0	0	0	0	0	1659651324793
2050	662	0	0	0	0	0	0	1659651325813
2050	662	0	0	0	0	0	0	1659651326833
2050	662	0	0	0	0	0	0	1659651327853
2050	662	0	0	0	0	0	0	1659651328873
2050	662	0	0	0	0	0	0	1659651329893
2050	662	0	0	0	0	0	0	1659651330913
2050	662	0	0	0	0	0	0	1659651331933
2050	662	0	0	0	0	0	0	1659651332953
2050	662	0	0	0	0	0	0	1659651333973
2050	662	0	0	0	0	0	0	1659651334993
2050	662	0	0	0	0	0	0	1659651336013
2050	662	0	0	0	0	0	0	1659651337033
2050	662	0	0	0	0	0	0	1659651338053
2050	662	0	0	0	0	0	0	1659651339073
2050	662	0	0	0	0	0	0	1659651340093
2050	662	0	0	0	0	0	0	1659651341113
2050	662	0	0	0	0	0	0	1659651342133
2050	662	0	0	0	0	0	0	1659651343153
2050	662	0	0	0	0	0	0	1659651344173
2050	662	0	0	0	0	0	0	1659651345193
2050	662	0	0	0	0	0	0	1659651346213
2050	662	0	0	0	0	0	0	1659651347233
2050	662	0	0	0	0	0	0	1659651348253
2050	662	0	0	0	0	0	0	1659651349273
2049	662	0	0	0	0	0	0	1659651350293
2049	662	0	0	0	0	0	0	1659651351313
2048	662	0	0	0	0	0	0	1659651352333
2048	662	0	0	0	0	0	0	1659651353353
2047	662	0	0	0	0	0	0	1659651354373
2045	662	0	0	0	0	0	0	1659651355393
2045	662	0	0	0	0	0	0	1659651356413
2044	662	0	0	0	0	0	0	1659651357433
2044	662	0	0	0	0	0	0	1659651358453
2044	662	0	0	0	0	0	0	1659651359473
2043	662	0	0	0	0	0	0	1659651360493
2041	662	0	0	0	0	0	0	1659651361513
2041	662	0	0	0	0	0	0	1659651362533
2040	662	0	0	0	0	0	0	1659651363553
2039	662	0	0	0	0	0	0	1659651364573
2039	662	0	0	0	0	0	0	1659651365593
2038	662	0	0	0	0	0	0	1659651366613
2038	662	0	0	0	0	0	0	1659651367633
2037	662	0	0	0	0	0	0	1659651368653
2036	662	0	0	0	0	0	0	1659651369673
2034	662	0	0	0	0	0	0	1659651370693
2032	662	0	0	0	0	0	0	1659651371713
2032	662	0	0	0	0	0	0	1659651372733
2030	662	0	0	0	0	0	0	1659651373753
2027	662	0	0	0	0	0	0	1659651374773
2026	662	0	0	0	0	0	0	1659651375793
2025	662	0	0	0	0	0	0	1659651376813
2024	662	0	0	0	0	0	0	1659651377833
2024	662	0	0	0	0	0	0	1659651378853
2024	662	0	0	0	0	0	0	1659651379873
2023	662	0	0	0	0	0	0	1659651380893
2023	662	0	0	0	0	0	0	1659651381913
2023	662	0	0	0	0	0	0	1659651382933
2023	662	0	0	0	0	0	0	1659651383953
2023	662	0	0	0	0	0	0	1659651384973
2023	662	0	0	0	0	0	0	1659651385993
2023	662	0	0	0	0	0	0	1659651387013
2023	662	0	0	0	0	0	0	1659651388033
2023	662	0	0	0	0	0	0	1659651389053
2023	662	0	0	0	0	0	0	1659651390073
2023	662	0	0	0	0	0	0	1659651391093
2023	662	0	0	0	0	0	0	1659651392113
2023	662	0	0	0	0	0	0	1659651393133
2023	662	0	0	0	0	0	0	1659651394153
2023	662	0	0	0	0	0	0	1659651395173
2023	662	0	0	0	0	0	0	1659651396193
2023	662	0	0	0	0	0	0	1659651397213
2023	662	0	0	0	0	0	0	1659651398233
2023	662	0	0	0	0	0	0	1659651399253
2023	662	0	0	0	0	0	0	1659651400273
2023	662	0	0	0	0	0	0	1659651401293
2023	662	0	0	0	0	0	0	1659651402313
2023	662	0	0	0	0	0	0	1659651403333
2023	662	0	0	0	0	0	0	1659651404353
2023	662	0	0	0	0	0	0	1659651405373
2023	662	0	0	0	0	0	0	1659651406393
2023	662	0	0	0	0	0	0	1659651407413
2023	662	0	0	0	0	0	0	1659651408433
2023	662	0	0	0	0	0	0	1659651409453
2023	662	0	0	0	0	0	0	1659651410473
2023	662	0	0	0	0	0	0	1659651411493
2023	662	0	0	0	0	0	0	1659651412513
2023	662	0	0	0	0	0	0	1659651413533
2023	662	0	0	0	0	0	0	1659651414553
2023	662	0	0	0	0	0	0	1659651415573
2023	662	0	0	0	0	0	0	1659651416593
2023	662	0	0	0	0	0	0	1659651417613
2023	662	0	0	0	0	0	0	1659651418633
2023	662	0	0	0	0	0	0	1659651419653
2023	662	0	0	0	0	0	0	1659651420673
2023	662	0	0	0	0	0	0	1659651421693
2023	662	0	0	0	0	0	0	1659651422713
2023	662	0	0	0	0	0	0	1659651423733
2023	662	0	0	0	0	0	0	1659651424753
2023	662	0	0	0	0	0	0	1659651425773
2023	662	0	0	0	0	0	0	1659651426793
2023	662	0	0	0	0	0	0	1659651427813
2023	662	0	0	0	0	0	0	1659651428833
2023	662	0	0	0	0	0	0	1659651429853
2023	662	0	0	0	0	0	0	1659651430873
2023	662	0	0	0	0	0	0	1659651431893
2023	662	0	0	0	0	0	0	1659651432913
2023	662	0	0	0	0	0	0	1659651433933
2023	662	0	0	0	0	0	0	1659651434953
2023	662	0	0	0	0	0	0	1659651435973
2023	662	0	0	0	0	0	0	1659651436993
2023	662	0	0	0	0	0	0	1659651438013
2023	662	0	0	0	0	0	0	1659651439033
2023	662	0	0	0	0	0	0	1659651440053
2023	662	0	0	0	0	0	0	1659651441073
2023	662	0	0	0	0	0	0	1659651442093
2023	662	0	0	0	0	0	0	1659651443113
2023	662	0	0	0	0	0	0	1659651444133
2023	662	0	0	0	0	0	0	1659651445153
2023	662	0	0	0	0	0	0	1659651446173
2023	662	0	0	0	0	0	0	1659651447193
2023	662	0	0	0	0	0	0	1659651448213
2023	662	0	0	0	0	0	0	1659651449233
2023	662	0	0	0	0	0	0	1659651450253
2022	662	0	0	0	0	0	0	1659651451273
2022	662	0	0	0	0	0	0	1659651452293
2022	662	0	0	0	0	0	0	1659651453313
2022	662	0	0	0	0	0	0	1659651454333
2022	662	0	0	0	0	0	0	1659651455353
2022	662	0	0	0	0	0	0	1659651456373
2023	662	0	0	0	0	0	0	1659651457393
2023	662	0	0	0	0	0	0	1659651458413
2023	662	0	0	0	0	0	0	1659651459433
2023	662	0	0	0	0	0	0	1659651460453
2023	662	0	0	0	0	0	0	1659651461473
2023	662	0	0	0	0	0	0	1659651462493
2023	662	0	0	0	0	0	0	1659651463513
2023	662	0	0	0	0	0	0	1659651464533
2023	662	0	0	0	0	0	0	1659651465553
2023	662	0	0	0	0	0	0	1659651466573
2023	662	0	0	0	0	0	0	1659651467593
2023	662	0	0	0	0	0	0	1659651468613
2022	662	0	0	0	0	0	0	1659651469633
2022	662	0	0	0	0	0	0	1659651470653
2022	662	0	0	0	0	0	0	1659651471673
2022	662	0	0	0	0	0	0	1659651472693
2022	662	0	0	0	0	0	0	1659651473713
2022	662	0	0	0	0	0	0	1659651474733
2022	662	0	0	0	0	0	0	1659651475753
2022	662	0	0	0	0	0	0	1659651476773
2022	662	0	0	0	0	0	0	1659651477793
2022	662	0	0	0	0	0	0	1659651478813
2022	662	0	0	0	0	0	0	1659651479833
2022	662	0	0	0	0	0	0	1659651480853
2022	662	0	0	0	0	0	0	1659651481873
2022	662	0	0	0	0	0	0	1659651482893
2022	662	0	0	0	0	0	0	1659651483913
2022	662	0	0	0	0	0	0	1659651484933
2022	662	0	0	0	0	0	0	1659651485953
2022	662	0	0	0	0	0	0	1659651486973
2022	662	0	0	0	0	0	0	1659651487993
2022	662	0	0	0	0	0	0	1659651489013
2022	662	0	0	0	0	0	0	1659651490033
2022	662	0	0	0	0	0	0	1659651491053
2022	662	0	0	0	0	0	0	1659651492073
2022	662	0	0	0	0	0	0	1659651493093
2022	662	0	0	0	0	0	0	1659651494113
2022	662	0	0	0	0	0	0	1659651495133
2022	662	0	0	0	0	0	0	1659651496153
2022	662	0	0	0	0	0	0	1659651497173
2022	662	0	0	0	0	0	0	1659651498193
2022	662	0	0	0	0	0	0	1659651499213
2022	662	0	0	0	0	0	0	1659651500233
2022	662	0	0	0	0	0	0	1659651501253
2022	662	0	0	0	0	0	0	1659651502273
2022	662	0	0	0	0	0	0	1659651503293
2022	662	0	0	0	0	0	0	1659651504313
2022	662	0	0	0	0	0	0	1659651505333
2022	662	0	0	0	0	0	0	1659651506353
2022	662	0	0	0	0	0	0	1659651507373
2022	662	0	0	0	0	0	0	1659651508393
2022	662	0	0	0	0	0	0	1659651509413
2022	662	0	0	0	0	0	0	1659651510433
2021	662	0	0	0	0	0	0	1659651511453
2021	662	0	0	0	0	0	0	1659651512473
2021	662	0	0	0	0	0	0	1659651513493
2022	662	0	0	0	0	0	0	1659651514513
2021	662	0	0	0	0	0	0	1659651515533
2021	662	0	0	0	0	0	0	1659651516553
2020	662	0	0	0	0	0	0	1659651517573
2020	662	0	0	0	0	0	0	1659651518593
2020	662	0	0	0	0	0	0	1659651519613
2020	662	0	0	0	0	0	0	1659651520633
2020	662	0	0	0	0	0	0	1659651521653
2020	662	0	0	0	0	0	0	1659651522673
2020	662	0	0	0	0	0	0	1659651523693
2019	662	0	0	0	0	0	0	1659651524713
2020	662	0	0	0	0	0	0	1659651525733
2017	662	0	0	0	0	0	0	1659651526753
2016	662	0	0	0	0	0	0	1659651527773
2015	662	0	0	0	0	0	0	1659651528793
2016	662	0	0	0	0	0	0	1659651529813
2015	662	0	0	0	0	0	0	1659651530833
2013	662	0	0	0	0	0	0	1659651531853
2013	662	0	0	0	0	0	0	1659651532873
2012	662	0	0	0	0	0	0	1659651533893
2011	662	0	0	0	0	0	0	1659651534913
2011	662	0	0	0	0	0	0	1659651535933
2011	662	0	0	0	0	0	0	1659651536953
2007	662	0	0	0	0	0	0	1659651537973
2005	662	0	0	0	0	0	0	1659651538993
2005	662	0	0	0	0	0	0	1659651540013
2003	662	0	0	0	0	0	0	1659651541033
2002	662	0	0	0	0	0	0	1659651542053
2001	662	0	0	0	0	0	0	1659651543073
2001	662	0	0	0	0	0	0	1659651544093
1999	662	0	0	0	0	0	0	1659651545113
1999	662	0	0	0	0	0	0	1659651546133
1999	662	0	0	0	0	0	0	1659651547153
1999	662	0	0	0	0	0	0	1659651548173
1998	662	0	0	0	0	0	0	1659651549193
1998	662	0	0	0	0	0	0	1659651550213
1999	662	0	0	0	0	0	0	1659651551233
1998	662	0	0	0	0	0	0	1659651552253
1997	662	0	0	0	0	0	0	1659651553273
1996	662	0	0	0	0	0	0	1659651554293
1996	662	0	0	0	0	0	0	1659651555313
1996	662	0	0	0	0	0	0	1659651556333
1996	662	0	0	0	0	0	0	1659651557353
1995	662	0	0	0	0	0	0	1659651558373
1995	662	0	0	0	0	0	0	1659651559393
1995	662	0	0	0	0	0	0	1659651560413
1995	662	0	0	0	0	0	0	1659651561433
1995	662	0	0	0	0	0	0	1659651562453
1995	662	0	0	0	0	0	0	1659651563473
1995	662	0	0	0	0	0	0	1659651564493
1995	662	0	0	0	0	0	0	1659651565513
1995	662	0	0	0	0	0	0	1659651566533
1995	662	0	0	0	0	0	0	1659651567553
1995	662	0	0	0	0	0	0	1659651568573
1995	662	0	0	0	0	0	0	1659651569593
1995	662	0	0	0	0	0	0	1659651570613
1995	662	0	0	0	0	0	0	1659651571633
1995	662	0	0	0	0	0	0	1659651572653
1995	662	0	0	0	0	0	0	1659651573673
1995	662	0	0	0	0	0	0	1659651574693
1995	662	0	0	0	0	0	0	1659651575713
1995	662	0	0	0	0	0	0	1659651576733
1995	662	0	0	0	0	0	0	1659651577753
1995	662	0	0	0	0	0	0	1659651578773
1995	662	0	0	0	0	0	0	1659651579793
1995	662	0	0	0	0	0	0	1659651580813
1995	662	0	0	0	0	0	0	1659651581833
1995	662	0	0	0	0	0	0	1659651582853
1995	662	0	0	0	0	0	0	1659651583873
1995	662	0	0	0	0	0	0	1659651584893
1995	662	0	0	0	0	0	0	1659651585913
1995	662	0	0	0	0	0	0	1659651586933
1995	662	0	0	0	0	0	0	1659651587953
1995	662	0	0	0	0	0	0	1659651588973
1995	662	0	0	0	0	0	0	1659651589993
1995	662	0	0	0	0	0	0	1659651591013
1995	662	0	0	0	0	0	0	1659651592033
1995	662	0	0	0	0	0	0	1659651593053
1995	662	0	0	0	0	0	0	1659651594073
1994	662	0	0	0	0	0	0	1659651595093
1994	662	0	0	0	0	0	0	1659651596113
1994	662	0	0	0	0	0	0	1659651597133
1994	662	0	0	0	0	0	0	1659651598153
1994	662	0	0	0	0	0	0	1659651599173
1994	662	0	0	0	0	0	0	1659651600193
1994	662	0	0	0	0	0	0	1659651601213
1994	662	0	0	0	0	0	0	1659651602233
1994	662	0	0	0	0	0	0	1659651603253
1994	662	0	0	0	0	0	0	1659651604273
1994	662	0	0	0	0	0	0	1659651605293
1994	662	0	0	0	0	0	0	1659651606313
1994	662	0	0	0	0	0	0	1659651607333
1994	662	0	0	0	0	0	0	1659651608353
1994	662	0	0	0	0	0	0	1659651609373
1994	662	0	0	0	0	0	0	1659651610393
1994	662	0	0	0	0	0	0	1659651611413
1994	662	0	0	0	0	0	0	1659651612433
1994	662	0	0	0	0	0	0	1659651613453
1994	662	0	0	0	0	0	0	1659651614473
1994	662	0	0	0	0	0	0	1659651615493
1994	662	0	0	0	0	0	0	1659651616513
1994	662	0	0	0	0	0	0	1659651617533
1994	662	0	0	0	0	0	0	1659651618553
1994	662	0	0	0	0	0	0	1659651619573
1994	662	0	0	0	0	0	0	1659651620593
1994	662	0	0	0	0	0	0	1659651621613
1994	662	0	0	0	0	0	0	1659651622633
1994	662	0	0	0	0	0	0	1659651623653
1994	662	0	0	0	0	0	0	1659651624673
1994	662	0	0	0	0	0	0	1659651625693
1994	662	0	0	0	0	0	0	1659651626713
1994	662	0	0	0	0	0	0	1659651627733
1994	662	0	0	0	0	0	0	1659651628753
1994	662	0	0	0	0	0	0	1659651629773
1994	662	0	0	0	0	0	0	1659651630793
1994	662	0	0	0	0	0	0	1659651631813
1994	662	0	0	0	0	0	0	1659651632833
1994	662	0	0	0	0	0	0	1659651633853
1994	662	0	0	0	0	0	0	1659651634873
1994	662	0	0	0	0	0	0	1659651635893
1994	662	0	0	0	0	0	0	1659651636913
1994	662	0	0	0	0	0	0	1659651637933
1994	662	0	0	0	0	0	0	1659651638953
1994	662	0	0	0	0	0	0	1659651639973
1994	662	0	0	0	0	0	0	1659651640993
1994	662	0	0	0	0	0	0	1659651642013
1994	662	0	0	0	0	0	0	1659651643033
1994	662	0	0	0	0	0	0	1659651644053
1994	662	0	0	0	0	0	0	1659651645073
1994	662	0	0	0	0	0	0	1659651646093
1994	662	0	0	0	0	0	0	1659651647113
1994	662	0	0	0	0	0	0	1659651648133
1994	662	0	0	0	0	0	0	1659651649153
1994	662	0	0	0	0	0	0	1659651650173
1994	662	0	0	0	0	0	0	1659651651193
1994	662	0	0	0	0	0	0	1659651652213
1994	662	0	0	0	0	0	0	1659651653233
1994	662	0	0	0	0	0	0	1659651654253
1994	662	0	0	0	0	0	0	1659651655273
1994	662	0	0	0	0	0	0	1659651656293
1994	662	0	0	0	0	0	0	1659651657313
1994	662	0	0	0	0	0	0	1659651658333
1994	662	0	0	0	0	0	0	1659651659353
1994	662	0	0	0	0	0	0	1659651660373
1994	662	0	0	0	0	0	0	1659651661393
1994	662	0	0	0	0	0	0	1659651662413
1994	662	0	0	0	0	0	0	1659651663433
1994	662	0	0	0	0	0	0	1659651664453
1994	662	0	0	0	0	0	0	1659651665473
1994	662	0	0	0	0	0	0	1659651666493
1994	662	0	0	0	0	0	0	1659651667513
1994	662	0	0	0	0	0	0	1659651668533
1994	662	0	0	0	0	0	0	1659651669553
1994	662	0	0	0	0	0	0	1659651670573
1994	662	0	0	0	0	0	0	1659651671593
1994	662	0	0	0	0	0	0	1659651672613
1994	662	0	0	0	0	0	0	1659651673633
1994	662	0	0	0	0	0	0	1659651674653
1994	662	0	0	0	0	0	0	1659651675673
1994	662	0	0	0	0	0	0	1659651676693
1994	662	0	0	0	0	0	0	1659651677713
1994	662	0	0	0	0	0	0	1659651678733
1994	662	0	0	0	0	0	0	1659651679753
